100.09 5.164682e-12
101.94999999999999 7.980566e-12
104.09 1.116997e-11
106.02000000000001 1.59231e-11
107.99 2.301923e-11
110.0 3.819906e-11
114.13 6.966851e-11
117.87 1.18312e-10
120.89000000000001 5.012891e-10
125.14000000000001 7.85332e-10
126.88 9.507562e-10
128.05 1.061838e-09
131.04 1.386985e-09
131.95 1.710144e-09
134.09 2.009315e-09
136.9 2.924188e-09
140.09 3.698496e-09
143.02 1.054444e-08
147.03 2.890922e-08
151.15 3.724172e-08
155.02 4.809022e-08
159.0 6.209608e-08
161.95999999999998 7.413255e-08
166.11 9.44177e-08
169.98 1.169578e-07
173.14 1.374225e-07
177.17 1.679066e-07
180.05 1.936725e-07
182.14000000000001 2.13315e-07
185.95000000000002 2.559014e-07
191.16 3.184653e-07
193.82 3.639585e-07
197.88 4.276097e-07
202.02 5.02388e-07
204.83 5.650142e-07
210.09 6.501339e-07
215.97000000000003 8.376246e-07
219.99 9.638604e-07
223.04999999999998 1.054486e-06
227.19 1.208008e-06
229.82 1.959127e-06
234.1 3.342328e-06
240.1 4.721055e-06
246.26 5.012434e-06
252.0 5.970743e-06
257.27 5.470896e-06
260.25 6.699668e-06
263.87 7.534487e-06
268.78 8.185617e-06
273.78 8.811068e-06
278.87 9.463164e-06
284.05 1.02338e-05
290.0 1.061777e-05
296.07 1.166952e-05
300.88 1.213521e-05
307.89 1.34602e-05
317.98 1.545394e-05
327.64 1.718068e-05
338.37 1.883941e-05
347.85 2.041909e-05
356.78000000000003 2.218376e-05
365.93 2.426908e-05
375.31 2.582587e-05
384.94 2.667227e-05
394.82000000000005 2.965161e-05
404.94 3.20672e-05
414.38000000000005 3.37322e-05
422.08000000000004 3.483668e-05
429.93 3.622809e-05
440.96000000000004 3.890888e-05
451.23 4.083553e-05
459.62 4.217318e-05
470.32 4.457073e-05
480.16999999999996 4.764751e-05
490.22999999999996 4.954893e-05
500.49 5.3832e-05
506.29 7.889382e-05
512.15 0.0002773649
520.47 0.0003013296
530.15 0.0003326903
540.0 0.0003304138
550.04 0.0005176618
560.27 0.0006531962
569.37 0.000776327
579.96 0.0007603834
589.38 0.001002408
600.3399999999999 0.00107903
610.09 0.001355314
620.01 0.001599665
630.0799999999999 0.001803136
640.32 0.001866502
650.72 0.002223541
658.26 0.002443681
664.3499999999999 0.002636621
675.1400000000001 0.002723095
684.53 0.00276091
695.6600000000001 0.003724338
705.34 0.003606159
716.8 0.004498233
726.7700000000001 0.004786774
735.18 0.005070462
745.41 0.00590263
755.7800000000001 0.006442399
764.53 0.006983185
775.1700000000001 0.007763201
784.14 0.00855165
795.0500000000001 0.009058213
804.26 0.009617132
815.45 0.01009349
824.8900000000001 0.01129918
834.44 0.009333532
844.1 0.01221934
855.8499999999999 0.01276553
865.76 0.01396436
875.7800000000001 0.01520726
885.9200000000001 0.0168282
894.12 0.0179907
904.47 0.01819863
914.95 0.02870998
925.54 0.214309
934.1099999999999 0.471022
944.9200000000001 0.863065
955.86 1.145634
964.71 1.273616
975.88 0.2084651
984.91 1.002406
994.0200000000001 1.076576
1005.5300000000001 1.570499
1014.84 1.570493
1024.23 0.7999045
1036.0900000000001 1.196843
1045.6699999999998 2.089534
1055.3500000000001 2.000128
1065.11 1.599685
1074.97 1.896888
1084.91 1.559648
1094.95 2.032578
1105.09 1.901211
1115.31 1.845195
1125.6299999999999 1.592334
1136.05 2.065631
1143.9199999999998 1.905715
1154.5 2.000144
1165.19 2.032535
1175.97 1.288362
1184.1200000000001 2.009362
1195.08 1.629502
1206.1299999999999 1.166949
1214.49 0.8975213
1225.73 1.621931
1234.23 2.138213
1245.6499999999999 2.238872
1254.2800000000002 2.153023
1265.89 2.032545
1274.6599999999999 2.360707
1286.46 2.415651
1295.3799999999999 1.927657
1304.36 2.000118
1316.42 2.415645
1325.55 2.285797
1334.74 2.104022
1343.99 2.371534
1356.42 2.328305
1365.8300000000002 2.118532
1375.2900000000002 2.15805
1384.83 2.162908
1394.43 1.714156
1404.0900000000001 1.82406
1413.8300000000002 2.018555
1423.6299999999999 2.032541
1433.49 2.084641
1443.43 2.167937
1446.76 2.167936
1453.44 2.113643
1463.51 1.954538
1473.6499999999999 1.995521
1483.87 2.00934
1494.1599999999999 2.018568
1504.51 1.87952
1511.46 1.667357
1518.43 1.766254
1525.44 1.782533
1536.02 1.531283
1546.66 1.577837
1553.8 1.534827
1564.5700000000002 1.633175
1575.4199999999998 1.754037
1586.34 1.811565
1593.66 1.83246
1604.71 1.840986
1615.8300000000002 1.841006
1623.29 1.778463
1634.54 1.905699
1645.8700000000001 1.927683
1653.47 1.849396
1664.93 1.968117
1672.61 1.832464
1676.4699999999998 2.013964
1684.2099999999998 2.037297
1695.8799999999999 1.927696
1703.71 1.875192
1715.5200000000002 1.774398
1723.44 1.77032
1735.3799999999999 1.879537
1743.3899999999999 1.836676
1755.48 1.918869
1763.58 1.828251
1775.81 1.799082
1784.0 1.849408
1796.37 1.941122
1804.6599999999999 1.959019
1812.9899999999998 1.770329
1825.56 1.845192
1833.99 1.782522
1846.7 1.633175
1855.22 1.64077
1863.78 1.686772
1876.7 1.819853
1885.3700000000001 1.644558
1894.07 1.55259
1902.81 1.694492
1916.0 1.599673
1924.84 1.5526
1933.7299999999998 1.644575
1947.1299999999999 1.70236
1956.1200000000001 1.559643
1965.1499999999999 1.7181
1974.2199999999998 1.786597
1983.3300000000002 1.675093
1997.08 1.640767
2006.3 1.710224
2015.5600000000002 1.671289
2024.86 1.749984
2034.2099999999998 1.621918
2043.6000000000001 1.679023
2053.03 1.614593
2067.2599999999998 1.63317
2072.03 1.749971
2076.81 1.603448
2086.39 1.686758
2096.02 1.596002
2105.7000000000003 1.640765
2115.42 1.655954
2125.1800000000003 1.682823
2134.99 1.618257
2144.84 1.59235
2154.74 1.663559
2164.69 1.644568
2174.68 1.629509
2184.72 1.588673
2194.8 1.648373
2204.93 1.621913
2215.11 1.577831
2225.34 1.534818
2235.61 1.581351
2245.93 1.559375
2256.29 1.509181
2266.71 1.540244
2277.17 1.553819
2282.42 1.571451
2292.96 1.482996
2303.54 1.509996
2314.17 1.458042
2324.85 1.209492
2335.5899999999997 1.384911
2346.3700000000003 1.378002
2357.2000000000003 1.422494
2362.63 1.370812
2373.54 1.376503
2384.49 1.33227
2395.5 1.372169
2406.55 1.331119
2417.6600000000003 1.342853
2423.2400000000002 1.377051
2434.42 1.329674
2445.66 1.369457
2456.95 1.362532
2462.61 1.346695
2473.98 1.31847
2485.4 1.333149
2496.87 1.21529
2502.63 1.338402
2514.18 1.254265
2519.9700000000003 1.301043
2525.78 1.262383
2537.44 1.261808
2543.2900000000004 1.235641
2555.0299999999997 1.278484
2566.82 1.263264
2572.7400000000002 1.298344
2584.61 1.288816
2596.54 1.279344
2602.53 1.252807
2614.5400000000004 1.240729
2626.6099999999997 1.257391
2632.6699999999996 1.265798
2644.82 1.306644
2657.03 1.309031
2663.15 1.241207
2675.44 1.272433
2687.79 1.265967
2693.99 1.225507
2706.42 1.230557
2712.66 1.205027
2725.18 1.207212
2737.76 1.231873
2744.07 1.149366
2756.74 1.156743
2763.09 1.169854
2775.8500000000004 1.199247
2782.25 1.171651
2795.09 1.055789
2807.9900000000002 1.097382
2814.4599999999996 1.180991
2827.46 1.188551
2833.9700000000003 1.142642
2847.0499999999997 1.139423
2853.62 1.126082
2866.79 1.162359
2873.3999999999996 1.151413
2886.66 1.148158
2893.3199999999997 1.137332
2906.67 1.163201
2926.82 1.141051
2947.11 1.119312
2967.5299999999997 1.120986
2988.1000000000004 1.11236
3008.8199999999997 1.103786
3029.67 1.102867
3050.6699999999996 1.091839
3071.82 1.083399
3093.11 1.072556
3107.39 1.064555
3128.93 1.049047
3150.62 1.045725
3172.4599999999996 1.035224
3187.1 1.004106
3209.19 1.014825
3231.44 0.9908328
3246.35 1.001703
3268.86 1.0031
3291.51 0.9929977
3306.71 0.9855569
3321.9700000000003 1.019556
3329.63 1.023947
3337.3 1.002643
3345.0 0.9817604
3352.71 1.002015
3360.44 0.9743952
3368.18 0.9763353
3375.95 0.9385548
3383.73 0.9535038
3391.5299999999997 0.9844328
3399.35 1.009365
3407.1800000000003 0.9526112
3415.04 0.9633264
3422.9100000000003 0.9968591
3430.8 0.9874073
3438.71 0.9916376
3446.6400000000003 0.9467054
3454.58 0.9595683
3462.5499999999997 0.9266821
3470.53 0.9457846
3478.53 0.9218293
3486.5499999999997 0.9215272
3494.59 0.9383498
3502.6400000000003 0.9423799
3510.72 0.9163887
3518.81 0.9203231
3526.92 0.9221276
3535.05 0.9411331
3543.2000000000003 0.9517139
3551.37 0.9579805
3559.55 0.9423574
3567.7599999999998 0.9398685
3575.99 0.8890367
3584.23 0.8745382
3592.49 0.8702274
3600.77 0.9109224
3609.0699999999997 0.898119
3617.39 0.9082094
3625.7299999999996 0.9398058
3634.0899999999997 0.9373201
3642.47 0.9413236
3650.86 0.9111547
3650.9599999999996 0.6669032
3653.6400000000003 1.025212
3656.32 1.046862
3658.99 0.8967751
3661.67 0.8486428
3664.35 0.9457582
3667.03 0.7841899
3669.7000000000003 0.8116773
3672.38 0.9495036
3675.06 0.6708498
3677.74 1.082919
3680.41 1.142993
3683.09 0.7715081
3685.77 1.126955
3688.45 0.9784909
3691.12 0.8566611
3693.7999999999997 0.8851886
3696.4799999999996 0.9262101
3699.1600000000003 0.8834092
3701.83 0.8325141
3704.5099999999998 0.9113162
3707.19 0.9086697
3709.87 0.7401829
3712.5399999999995 0.885746
3715.2200000000003 0.9166882
3717.9 1.161168
3720.58 1.655824
3723.25 2.83849
3725.9300000000003 4.469896
3728.61 5.018214
3731.29 4.336941
3733.96 2.336558
3736.64 1.414631
3739.3199999999997 1.263995
3741.9999999999995 0.9890177
3744.67 1.02044
3747.35 0.926184
3750.0299999999997 1.027274
3752.71 1.09369
3755.3799999999997 0.8775659
3758.06 1.123388
3760.7400000000002 0.9951914
3763.42 1.066356
3766.09 1.045509
3768.77 1.126346
3771.4500000000003 0.9656454
3774.13 0.8880894
3776.8 1.117096
3779.48 1.112902
3782.16 1.251759
3784.8399999999997 1.110729
3787.51 1.10064
3790.19 1.18012
3792.87 1.148416
3795.5499999999997 1.138159
3798.22 1.100667
3800.8999999999996 1.07249
3803.58 1.183985
3806.26 1.128039
3808.93 1.271121
3811.61 1.175074
3814.29 1.148158
3816.9700000000003 1.22525
3819.6400000000003 1.13077
3822.32 1.10559
3825.0 1.118476
3827.68 0.9975642
3830.3500000000004 1.009655
3833.03 1.048547
3835.71 1.097748
3838.39 0.776566
3841.06 1.058722
3843.74 0.9858323
3846.4199999999996 1.156976
3849.1 1.20893
3851.77 1.176174
3854.45 1.248071
3857.1299999999997 1.328134
3859.8100000000004 1.297297
3862.48 1.323348
3865.1600000000003 1.35779
3867.84 1.352145
3870.52 1.318989
3873.19 1.311153
3875.8700000000003 1.185234
3878.55 1.100502
3881.23 1.093365
3883.9 1.050854
3886.58 1.206817
3889.2599999999998 1.241422
3891.94 1.16936
3894.61 1.132031
3897.29 1.225036
3899.97 1.216217
3902.6499999999996 1.186276
3905.3199999999997 1.371493
3908.0 1.339123
3910.6800000000003 1.137644
3913.36 1.415576
3916.0299999999997 1.310868
3918.71 1.341158
3921.3900000000003 1.367962
3924.07 1.214899
3926.7400000000002 1.180813
3929.42 1.307543
3932.1 1.212011
3934.7799999999997 1.146271
3937.4500000000003 1.080726
3940.13 1.171547
3942.81 1.292768
3945.49 1.271848
3948.16 1.175401
3950.8399999999997 1.201269
3953.52 1.311339
3956.2000000000003 1.368639
3958.87 1.193646
3961.5499999999997 1.15638
3964.2300000000005 1.080302
3966.9100000000003 1.126343
3969.58 1.101413
3972.26 1.103189
3974.94 1.219649
3977.62 1.085307
3980.2900000000004 1.150005
3982.9700000000003 1.159025
3985.65 1.225564
3988.33 1.259354
3991.0 1.287779
3993.68 1.30468
3996.36 1.341591
3999.04 1.272418
4001.71 1.174098
4004.39 1.26264
4007.0699999999997 1.178477
4009.7500000000005 1.289103
4012.42 1.345596
4015.1 1.322899
4017.78 1.291126
4020.46 1.316452
4023.1299999999997 1.253227
4025.8100000000004 1.232972
4028.4900000000002 1.196886
4031.17 1.333599
4033.84 1.238318
4036.52 1.311666
4039.2 1.265257
4041.88 1.192665
4044.55 1.271418
4047.23 1.241111
4049.91 1.17358
4052.5899999999997 1.298124
4055.2599999999998 1.330402
4057.94 1.344305
4060.62 1.28045
4063.3 1.289863
4065.97 1.463061
4068.6499999999996 1.400929
4071.3300000000004 1.465635
4074.01 1.338944
4076.68 1.412868
4079.36 1.24008
4082.04 1.229674
4084.72 1.308082
4087.3900000000003 1.262953
4090.07 1.128855
4092.75 1.197496
4095.43 1.280353
4098.1 1.211336
4100.78 1.296866
4103.46 1.333844
4106.139999999999 1.232019
4108.81 1.163924
4111.49 1.210493
4114.17 1.202976
4116.85 1.187469
4119.5199999999995 1.238264
4122.2 1.223462
4124.88 1.293622
4127.56 1.326409
4130.23 1.255384
4132.91 1.246605
4135.59 1.285306
4138.27 1.329746
4140.9400000000005 1.18084
4143.62 1.348375
4146.3 1.23354
4148.98 1.312884
4151.65 1.343045
4154.33 1.291806
4157.01 1.291899
4159.69 1.219091
4162.36 1.240556
4165.04 1.212799
4167.719999999999 1.266559
4170.400000000001 1.227515
4173.07 1.236785
4175.75 1.275744
4178.43 1.264849
4181.11 1.235682
4183.780000000001 1.236894
4186.46 1.335433
4189.14 1.268498
4191.82 1.221587
4194.49 1.263564
4197.17 1.237543
4199.85 1.171884
4202.53 1.215265
4205.2 1.229052
4207.88 1.260211
4210.5599999999995 1.245003
4213.24 1.203151
4215.91 1.250079
4218.59 1.183728
4221.2699999999995 1.279025
4223.95 1.102887
4226.62 1.256794
4229.299999999999 1.227301
4231.9800000000005 1.150993
4234.66 1.215618
4237.33 1.207062
4240.01 1.258177
4242.6900000000005 1.220381
4245.37 1.300702
4248.04 1.175264
4250.72 1.238303
4253.4 1.208728
4256.08 1.218589
4258.75 1.161685
4261.43 1.153097
4264.11 1.215253
4266.79 1.169807
4269.46 1.201175
4272.139999999999 1.204728
4274.82 1.24092
4277.5 1.245069
4280.17 1.263102
4282.85 1.249833
4285.53 1.212744
4288.21 1.17522
4290.88 1.202409
4293.56 1.203018
4296.24 1.090707
4298.92 1.110837
4301.59 1.06294
4304.27 1.086611
4306.95 1.145417
4309.63 1.224273
4312.3 1.188301
4314.98 1.203846
4317.66 1.235642
4320.34 1.183888
4323.01 1.181939
4325.69 1.11906
4328.37 1.138268
4331.05 1.117796
4333.719999999999 1.216558
4336.400000000001 1.376645
4339.08 1.63195
4341.76 1.680784
4344.43 1.494262
4347.110000000001 1.278593
4349.79 1.205255
4352.47 1.128187
4355.14 1.166012
4357.82 1.151509
4360.5 1.134402
4363.18 1.253425
4365.85 1.240949
4368.53 1.229377
4371.21 1.140343
4373.889999999999 1.161043
4376.5599999999995 1.127377
4379.24 1.187743
4381.92 1.092674
4384.6 1.159863
4387.2699999999995 1.152162
4389.95 1.119372
4392.63 1.227422
4395.31 1.137507
4397.9800000000005 1.140916
4400.66 1.148036
4403.34 1.182573
4406.0199999999995 1.116792
4408.6900000000005 1.14641
4411.37 1.042251
4414.05 1.16468
4416.73 1.282958
4419.4 1.204878
4422.08 1.153395
4424.76 1.261092
4427.4400000000005 1.213542
4430.11 1.162539
4432.79 1.183714
4435.47 1.206571
4438.150000000001 1.229848
4440.82 1.176851
4443.5 1.25374
4446.18 1.244351
4448.86 1.250007
4451.530000000001 1.212855
4454.21 1.219243
4456.89 1.204048
4459.57 1.154627
4462.24 1.208649
4464.92 1.16924
4467.599999999999 1.184567
4470.28 1.150354
4472.95 1.232321
4475.63 1.225171
4478.3099999999995 1.198879
4480.990000000001 1.255514
4483.66 1.173663
4486.34 1.149135
4489.02 1.161045
4491.69 1.256266
4494.37 1.267348
4497.05 1.332136
4499.7300000000005 1.229768
4502.4 1.279531
4505.08 1.284101
4507.76 1.326615
4510.44 1.281033
4513.110000000001 1.236732
4515.79 1.177936
4518.47 1.192179
4521.15 1.193507
4523.82 1.140049
4526.5 1.125057
4529.18 1.150247
4531.86 1.194593
4534.53 1.238794
4537.21 1.277576
4539.889999999999 1.169483
4542.570000000001 1.16369
4545.24 1.242741
4547.92 1.173107
4550.6 1.172631
4553.28 1.184567
4555.950000000001 1.192846
4558.63 1.238684
4561.31 1.248965
4563.99 1.246644
4566.66 1.221592
4569.34 1.158565
4572.0199999999995 1.169212
4574.7 1.236456
4577.37 1.262574
4580.05 1.209436
4582.73 1.198948
4585.41 1.125638
4588.08 1.150182
4590.76 1.178547
4593.44 1.202516
4596.12 1.155917
4598.79 1.259345
4601.469999999999 1.253185
4604.150000000001 1.169877
4606.83 1.269719
4609.5 1.250541
4612.18 1.19157
4614.86 1.300135
4617.54 1.240417
4620.21 1.304682
4622.89 1.299838
4625.57 1.276598
4628.25 1.309588
4630.92 1.259657
4633.6 1.218253
4636.28 1.17997
4638.96 1.1748
4641.63 1.245441
4644.3099999999995 1.236513
4646.99 1.276205
4649.67 1.25462
4652.34 1.193185
4655.02 1.268894
4657.7 1.201363
4660.38 1.174556
4663.05 1.184558
4665.7300000000005 1.186035
4668.41 1.274414
4671.09 1.218699
4673.76 1.19035
4676.44 1.168874
4679.12 1.216312
4681.8 1.25576
4684.47 1.275393
4687.15 1.18651
4689.83 1.203886
4692.509999999999 1.2297
4695.18 1.200416
4697.86 1.236242
4700.54 1.11929
4703.22 1.236307
4705.889999999999 1.116878
4708.570000000001 1.12423
4711.25 1.124513
4713.93 1.142107
4716.6 1.146044
4719.28 1.172944
4721.96 1.15003
4724.64 1.105873
4727.31 1.086409
4729.99 1.126508
4732.67 1.104205
4735.349999999999 1.15555
4738.02 1.204621
4740.7 1.13188
4743.38 1.197917
4746.0599999999995 1.120144
4748.73 1.242144
4751.41 1.153192
4754.09 1.109944
4756.77 1.175166
4759.44 1.17129
4762.12 1.092526
4764.8 1.13211
4767.4800000000005 1.116291
4770.150000000001 1.10783
4772.83 1.078296
4775.51 1.173824
4778.19 1.177676
4780.86 1.184327
4783.54 1.07428
4786.22 1.156379
4788.9 1.145837
4791.57 1.122033
4794.25 1.200808
4796.929999999999 1.193318
4799.610000000001 1.150287
4802.28 1.133035
4804.96 1.104098
4807.64 1.129424
4810.32 1.195772
4812.99 1.084334
4815.67 1.113106
4818.35 1.224845
4821.03 1.148442
4823.7 1.141282
4826.38 1.199004
4829.06 1.051082
4831.74 1.15456
4834.41 1.084686
4837.09 1.031047
4839.7699999999995 1.114936
4842.45 1.110919
4845.12 1.050555
4847.8 1.169959
4850.48 1.052493
4853.16 1.243293
4855.83 1.527091
4858.51 2.192487
4861.1900000000005 2.750441
4863.87 2.743519
4866.54 2.022646
4869.22 1.449901
4871.900000000001 1.122844
4874.58 1.08608
4877.25 1.082489
4879.93 1.022866
4882.61 1.076301
4885.29 1.079623
4887.96 1.029678
4890.64 1.122425
4893.32 1.083287
4896.0 1.070507
4898.67 1.166745
4901.349999999999 1.153748
4904.03 1.131147
4906.71 1.03913
4909.38 1.021117
4912.0599999999995 1.120268
4914.74 1.119616
4917.42 1.101098
4920.09 1.076954
4922.77 1.011322
4925.45 1.096174
4928.13 1.071958
4930.8 1.09056
4933.4800000000005 1.12663
4936.16 1.1218
4938.84 1.117783
4941.51 1.067567
4944.19 1.101954
4946.87 1.152309
4949.55 1.223161
4952.22 1.190146
4954.9 1.419649
4957.58 1.625575
4960.26 1.703711
4962.93 1.504979
4965.61 1.307068
4968.29 1.098101
4970.97 1.115843
4973.639999999999 1.051857
4976.320000000001 1.090112
4979.0 1.113864
4981.68 1.109264
4984.35 1.139614
4987.03 1.109456
4989.71 1.064417
4992.39 1.168831
4995.06 1.094983
4997.74 1.204972
5000.42 1.454783
5003.1 2.074596
5005.77 2.730097
5008.45 2.870499
5011.13 2.221515
5013.8099999999995 1.643344
5016.48 1.317501
5019.16 1.127498
5021.839999999999 1.100339
5024.52 1.125746
5027.1900000000005 1.057378
5029.87 1.13633
5032.55 1.050607
5035.2300000000005 1.137888
5037.9 1.184882
5040.58 1.07546
5043.26 1.087764
5045.94 1.077615
5048.61 1.097764
5051.290000000001 1.077536
5053.97 1.200128
5056.650000000001 1.141496
5059.320000000001 1.092175
5062.0 1.055139
5064.68 1.194172
5067.36 1.077208
5070.03 1.070266
5072.71 1.063902
5075.389999999999 1.067496
5078.07 1.081061
5080.740000000001 1.013819
5083.419999999999 1.052155
5086.1 1.142772
5088.780000000001 1.021141
5091.45 1.102498
5094.13 1.05286
5096.81 1.079868
5099.49 1.109779
5102.16 1.130782
5104.84 1.074009
5107.5199999999995 1.014658
5110.200000000001 1.082472
5112.870000000001 1.028009
5115.55 1.073995
5118.2300000000005 1.020871
5120.91 1.060767
5123.58 1.076737
5126.26 1.015161
5128.94 0.9965207
5131.62 1.070113
5134.29 1.114802
5136.969999999999 1.081307
5139.65 1.066804
5142.330000000001 1.03955
5145.0 1.029664
5147.68 1.046416
5150.360000000001 1.061785
5153.04 1.060251
5155.71 1.066956
5158.39 1.054406
5161.07 1.154927
5163.75 1.075607
5166.42 1.061651
5169.099999999999 1.033664
5171.780000000001 0.9278241
5174.46 0.9899132
5177.13 1.04266
5179.81 0.9466134
5182.49 0.968209
5185.17 1.011822
5187.84 1.059033
5190.5199999999995 1.037693
5193.2 1.039361
5195.88 1.135731
5198.549999999999 1.085242
5201.2300000000005 1.124907
5203.910000000001 1.157803
5206.59 0.9998432
5209.26 1.012367
5211.9400000000005 1.137035
5214.62 1.009299
5217.3 1.054079
5219.97 1.073535
5222.65 1.089148
5225.33 1.082133
5228.009999999999 1.069435
5230.679999999999 0.9722669
5233.360000000001 1.066873
5236.04 1.061758
5238.72 1.016434
5241.39 1.027425
5244.07 1.102049
5246.75 1.021115
5249.43 0.9875256
5252.099999999999 1.033516
5254.78 0.94797
5257.46 1.012352
5260.139999999999 0.9836186
5262.81 1.027466
5265.490000000001 0.946464
5268.17 1.034504
5270.85 1.021819
5273.52 1.036921
5276.2 0.9626615
5278.88 1.043241
5281.5599999999995 0.9732816
5284.23 1.05183
5286.91 1.017006
5289.589999999999 1.05975
5292.27 1.034775
5294.9400000000005 1.105333
5297.62 1.089473
5300.3 1.044855
5302.9800000000005 1.067726
5305.65 1.07032
5308.33 1.048451
5311.01 0.9465582
5313.69 1.104855
5316.36 1.086924
5319.040000000001 1.013411
5321.719999999999 1.0405
5324.400000000001 1.061852
5327.070000000001 1.02497
5329.75 1.001948
5332.43 1.031249
5335.11 0.9725898
5337.78 1.090465
5340.46 1.005692
5343.139999999999 0.9709491
5345.82 0.9773242
5348.49 1.053051
5351.169999999999 0.9763492
5353.85 1.050118
5356.530000000001 1.098032
5359.2 1.121815
5361.88 1.115696
5364.56 1.067401
5367.24 1.00607
5369.91 1.021754
5372.59 0.9889383
5375.2699999999995 1.091114
5377.95 1.053699
5380.620000000001 1.063496
5383.3 1.075664
5385.9800000000005 1.093922
5388.66 1.041897
5391.33 0.9734334
5394.01 0.9850721
5396.69 0.9987994
5399.37 1.037827
5402.04 0.9699607
5404.719999999999 1.044123
5407.4 1.083069
5410.080000000001 1.066057
5412.749999999999 1.097451
5415.43 1.029418
5418.110000000001 1.106118
5420.79 0.9721421
5423.46 1.068882
5426.14 1.023707
5428.82 1.073872
5431.5 1.082132
5434.17 0.9977025
5436.849999999999 0.9911357
5439.53 1.020979
5442.209999999999 1.011116
5444.88 1.091645
5447.56 1.030503
5450.24 1.003167
5452.92 1.040689
5455.59 1.051979
5458.2699999999995 0.9977015
5460.95 0.996154
5463.63 1.08471
5466.299999999999 0.9571275
5468.98 1.019746
5471.660000000001 0.9888693
5474.34 1.022661
5477.01 1.052101
5479.6900000000005 1.04042
5482.37 0.9710033
5485.05 1.061567
5487.72 1.044857
5490.4 0.9693764
5493.08 0.9927627
5495.759999999999 0.9737158
5498.429999999999 0.9753868
5501.110000000001 1.040745
5503.79 1.035644
5506.47 1.023027
5509.14 1.030206
5511.82 0.9767697
5514.5 0.996751
5517.17 0.9984358
5519.849999999999 1.004322
5522.53 1.018037
5525.21 1.115939
5527.879999999999 1.036461
5530.5599999999995 1.015148
5533.240000000001 1.152106
5535.92 1.094695
5538.59 0.9770292
5541.27 1.007185
5543.95 1.062803
5546.63 1.056413
5549.3 1.088431
5551.98 1.044111
5554.66 1.057526
5557.339999999999 1.096744
5560.009999999999 1.043745
5562.6900000000005 1.063686
5565.37 1.021102
5568.05 0.9950418
5570.72 1.035185
5573.4 0.9797821
5576.08 1.008364
5578.76 1.00097
5581.429999999999 1.001122
5584.11 0.9856426
5586.79 0.954861
5589.469999999999 0.9161436
5592.14 0.9201887
5594.820000000001 0.9588774
5597.5 0.9664868
5600.18 1.011565
5602.85 1.021918
5605.53 1.004485
5608.21 1.01531
5610.889999999999 1.015539
5613.5599999999995 1.000226
5616.24 0.9571272
5618.919999999999 0.9605179
5621.6 0.9749373
5624.27 0.9870813
5626.95 1.02425
5629.63 0.9429096
5632.31 0.9955164
5634.9800000000005 1.044315
5637.66 1.029582
5640.34 1.065041
5643.0199999999995 1.030529
5645.69 1.012761
5648.37 0.9466139
5651.049999999999 0.954956
5653.7300000000005 1.081564
5656.400000000001 1.076778
5659.08 0.9886811
5661.76 0.9918411
5664.44 1.034233
5667.11 1.005327
5669.79 0.9818032
5672.469999999999 0.994961
5675.15 1.045194
5677.82 1.082258
5680.500000000001 1.051802
5683.18 1.063671
5685.860000000001 1.04339
5688.530000000001 1.003984
5691.21 1.022758
5693.89 1.011932
5696.57 0.997375
5699.24 0.9751704
5701.92 0.9744506
5704.599999999999 1.070332
5707.28 1.013599
5709.950000000001 0.976527
5712.629999999999 1.0034
5715.31 1.023069
5717.99 1.06074
5720.66 1.020385
5723.34 0.9988689
5726.02 1.028034
5728.7 1.289579
5731.37 1.352053
5734.05 1.53021
5736.73 1.150899
5739.410000000001 0.9847859
5742.080000000001 0.8790981
5744.76 0.8244413
5747.4400000000005 0.9462875
5750.12 0.9089267
5752.79 1.060811
5755.47 0.9161587
5758.15 1.071092
5760.83 1.051258
5763.5 1.077619
5766.179999999999 0.9675457
5768.86 1.048139
5771.539999999999 1.010764
5774.21 1.035334
5776.89 1.020004
5779.570000000001 1.105671
5782.25 0.9923013
5784.92 1.056741
5787.6 0.9644254
5790.28 0.9271462
5792.96 0.9063491
5795.63 1.081756
5798.3099999999995 1.037314
5800.990000000001 0.9458938
5803.67 0.9107038
5806.34 0.976527
5809.02 1.029188
5811.7 0.9887478
5814.38 1.089838
5817.05 1.093816
5819.73 0.9794019
5822.41 0.9463415
5825.09 1.048531
5827.759999999999 1.032472
5830.4400000000005 1.023084
5833.120000000001 0.9687114
5835.8 1.082757
5838.47 1.009763
5841.150000000001 1.008066
5843.83 1.002259
5846.51 0.9586177
5849.18 0.8969503
5851.86 1.02326
5854.54 0.8453587
5857.219999999999 0.9674217
5859.889999999999 1.02478
5862.570000000001 0.9740978
5865.25 0.9683586
5867.93 1.037977
5870.6 0.9849919
5873.28 1.237354
5875.96 1.16951
5878.64 1.18823
5881.3099999999995 1.127798
5883.99 0.9556347
5886.67 0.890356
5889.349999999999 0.8720009
5892.02 0.9733931
5894.700000000001 0.932044
5897.38 0.8515989
5900.06 0.8996341
5902.7300000000005 0.8126261
5905.41 0.9096607
5908.09 1.017195
5910.7699999999995 1.046021
5913.44 0.9672885
5916.12 0.9810705
5918.799999999999 0.9121832
5921.4800000000005 0.9467612
5924.150000000001 1.010712
5926.83 0.9286933
5929.51 0.9787364
5932.1900000000005 0.9643967
5934.86 0.9799184
5937.54 0.9840956
5940.22 1.028794
5942.9 0.9159671
5945.57 0.9430467
5948.250000000001 0.9407397
5950.929999999999 0.9737033
5953.610000000001 0.9841212
5956.280000000001 0.9485951
5958.96 0.9214628
5961.64 0.9805133
5964.32 0.953734
5966.99 0.9236204
5969.67 0.9604642
5972.349999999999 0.9224387
5975.03 0.976687
5977.7 0.991666
5980.379999999999 0.9895897
5983.06 0.9112606
5985.740000000001 0.9358543
5988.41 0.955432
5991.09 0.9311352
5993.77 0.9533549
5996.45 0.9096454
5999.12 0.9082911
6001.8 0.9594603
6004.48 0.9416612
6007.16 0.9903883
6009.830000000001 0.9942977
6012.51 0.8906552
6015.1900000000005 0.9438453
6017.87 0.9123586
6020.54 0.9938771
6023.22 0.9794425
6025.9 0.9254503
6028.58 0.9750455
6031.25 0.937471
6033.929999999999 0.9250441
6036.61 0.9279193
6039.290000000001 0.9657125
6041.959999999999 0.9248549
6044.64 0.9723476
6047.320000000001 0.9895074
6050.0 0.9785049
6052.67 0.9388548
6055.35 0.8956336
6058.03 0.9083983
6060.71 0.9173915
6063.38 0.92126
6066.0599999999995 1.010535
6068.740000000001 0.944727
6071.419999999999 0.9647221
6074.09 0.9725383
6076.77 0.9948803
6079.45 0.8900438
6082.13 1.004103
6084.8 0.8976285
6087.48 0.9797138
6090.16 0.9421903
6092.84 0.946924
6095.509999999999 0.8794641
6098.19 0.960464
6100.870000000001 1.029431
6103.55 0.9445771
6106.22 0.9467498
6108.900000000001 0.9474681
6111.58 0.9004487
6114.26 1.022512
6116.93 0.9686176
6119.61 0.8835466
6122.29 0.9987049
6124.969999999999 0.8710783
6127.639999999999 1.072545
6130.320000000001 1.312371
6133.0 1.435655
6135.68 1.15361
6138.35 0.5851156
6141.03 0.5484607
6143.71 0.8541762
6146.39 0.9263854
6149.0599999999995 1.000945
6151.74 0.9928045
6154.42 0.9725231
6157.099999999999 1.004469
6159.7699999999995 1.046091
6162.450000000001 0.8614073
6165.13 0.98674
6167.81 0.7390979
6170.4800000000005 0.9101767
6173.16 0.9167418
6175.84 1.010968
6178.5199999999995 0.8292282
6181.19 0.905266
6183.87 0.9743415
6186.549999999999 0.9774339
6189.23 0.9393136
6191.900000000001 0.9399806
6194.58 0.9965757
6197.26 0.936452
6199.9400000000005 0.9452146
6202.61 0.9477808
6205.29 1.012638
6207.97 1.029947
6210.65 0.9425964
6213.32 0.9785071
6216.0 0.9192514
6218.679999999999 1.074713
6221.360000000001 0.9203487
6224.030000000001 0.9523253
6226.71 0.8939785
6229.39 0.8071981
6232.07 0.8894191
6234.74 0.8430943
6237.42 0.8171018
6240.099999999999 0.912427
6242.78 0.826922
6245.45 0.8147012
6248.129999999999 0.9099454
6250.81 0.8904371
6253.490000000001 0.9008412
6256.16 0.8853649
6258.84 0.8626011
6261.52 0.8709975
6264.2 0.8503635
6266.87 0.8818921
6269.55 0.8047435
6272.23 0.7935511
6274.91 0.9086686
6277.58 0.9580906
6280.259999999999 0.8153247
6282.9400000000005 0.7944871
6285.62 0.8413422
6288.29 0.9349476
6290.97 1.009544
6293.65 0.9560137
6296.33 1.08623
6299.0 1.255179
6301.679999999999 1.241382
6304.36 1.177473
6307.040000000001 1.080586
6309.709999999999 0.9230369
6312.39 0.8869107
6315.070000000001 0.8923092
6317.75 0.9052637
6320.42 0.9334418
6323.1 0.9825487
6325.78 1.012569
6328.46 0.9184088
6331.13 0.9423002
6333.8099999999995 0.8618142
6336.49 0.8549763
6339.169999999999 0.9320016
6341.84 0.9323294
6344.52 0.9057263
6347.2 0.8588698
6349.88 0.9100524
6352.55 0.8234784
6355.23 0.9863337
6357.91 1.055396
6360.59 1.070304
6363.259999999999 0.925438
6365.94 1.041654
6368.620000000001 0.8933672
6371.3 1.008024
6373.97 0.8419682
6376.650000000001 0.9549291
6379.33 0.9997899
6382.01 0.8191218
6384.68 0.9058219
6387.36 0.8358902
6390.04 0.8777124
6392.719999999999 0.8613515
6395.389999999999 0.9719411
6398.07 0.9776109
6400.749999999999 0.9116944
6403.43 0.9469779
6406.1 0.8730743
6408.78 0.9155343
6411.46 0.7792528
6414.14 0.8827853
6416.8099999999995 0.8536483
6419.49 0.9062281
6422.17 0.8051226
6424.849999999999 0.8361059
6427.5199999999995 0.8668748
6430.200000000001 0.8560079
6432.88 0.885038
6435.56 0.8007538
6438.2300000000005 0.8229356
6440.91 0.8890947
6443.59 0.8311008
6446.2699999999995 0.9030117
6448.94 0.8748379
6451.62 0.9065944
6454.299999999999 0.9098089
6456.98 0.8952522
6459.650000000001 0.8826789
6462.329999999999 0.8422117
6465.01 0.8718114
6467.6900000000005 0.9014652
6470.36 0.9093219
6473.04 0.8991333
6475.72 0.8434862
6478.4 0.8490882
6481.07 0.8921749
6483.75 0.939559
6486.429999999999 0.8905998
6489.110000000001 0.9150717
6491.780000000001 0.8846187
6494.46 0.876153
6497.14 0.8536876
6499.82 0.9240249
6502.49 0.8673902
6505.17 0.9022126
6507.849999999999 0.8189188
6510.53 0.8345595
6513.2 0.8990933
6515.879999999999 0.8906548
6518.5599999999995 0.9228182
6521.240000000001 0.9200501
6523.910000000001 0.8852426
6526.59 0.9158462
6529.27 0.9083572
6531.95 0.9748146
6534.62 0.8526715
6537.3 0.8589518
6539.98 0.9263589
6542.65 1.262587
6545.33 1.507826
6548.009999999999 1.814139
6550.6900000000005 1.812916
6553.360000000001 1.894993
6556.04 2.901294
6558.72 5.379605
6561.4 8.169518
6564.07 8.931386
6566.75 7.213148
6569.43 4.410067
6572.11 2.153957
6574.78 1.593156
6577.460000000001 1.612418
6580.14 2.532712
6582.820000000001 3.343531
6585.490000000001 3.661518
6588.17 2.718971
6590.85 1.925919
6593.53 1.168303
6596.2 1.064053
6598.88 0.9983127
6601.5599999999995 0.8546514
6604.24 0.9327889
6606.91 0.8991481
6609.589999999999 0.9677899
6612.27 0.8053401
6614.950000000001 0.8284689
6617.62 0.8532418
6620.3 0.9018335
6622.9800000000005 1.038846
6625.66 0.9420678
6628.33 0.8602417
6631.01 0.9653751
6633.69 0.935869
6636.37 0.9185992
6639.040000000001 0.9258182
6641.72 1.019231
6644.400000000001 1.080845
6647.08 1.041653
6649.75 1.006928
6658.8 0.8609459
6674.15 0.8491559
6689.53 0.8472305
6704.95 0.847258
6720.41 0.8414522
6735.900000000001 0.8512198
6751.43 0.8357003
6766.990000000001 0.8493065
6782.589999999999 0.8532535
6798.23 0.8377089
6813.900000000001 0.843541
6829.610000000001 0.8494136
6845.35 0.8358489
6861.13 0.8263128
6876.95 0.8168715
6892.8 0.8094106
6908.69 0.8206971
6924.62 0.8207239
6940.58 0.8379246
6956.58 0.8457106
6972.620000000001 0.8437834
6988.69 0.8341528
7004.8 0.8322681
7020.95 0.8303694
7037.13 0.8380888
7053.35 0.8536894
7069.62 0.8041045
7085.91 0.8285653
7102.24 0.794949
7118.62 0.7822645
7135.03 0.7751166
7151.4800000000005 0.7877315
7167.96 0.7877594
7184.49 0.7716281
7201.05 0.7488924
7217.65 0.793293
7234.29 0.7969827
7250.96 0.7752794
7267.679999999999 0.7824822
7284.429999999999 0.7807065
7301.22 0.7807326
7318.05 0.7879776
7334.929999999999 0.8082161
7351.839999999999 0.8026796
7368.780000000001 0.7971879
7385.77 0.8347783
7402.8 0.8233537
7419.860000000001 0.8120824
7436.96 0.8215119
7454.110000000001 0.8084067
7471.290000000001 0.806574
7488.51 0.8178208
7505.78 0.823519
7523.08 0.829244
7540.42 0.8254592
7557.81 0.8198136
7575.23 0.8198425
7592.69 0.8160977
7610.19 0.8049208
7627.74 0.7884374
7645.32 0.7957638
7662.9400000000005 0.7976228
7680.61 0.7794974
7698.32 0.7777204
7716.06 0.7741795
7733.849999999999 0.7671115
7751.679999999999 0.7618475
7769.549999999999 0.7707071
7787.460000000001 0.74972
7805.410000000001 0.7566799
7823.400000000001 0.7815057
7841.44 0.7549967
7859.5199999999995 0.770828
7877.63 0.7744111
7895.79 0.7798099
7914.0 0.765606
7932.240000000001 0.7499234
7950.5199999999995 0.729508
7968.849999999999 0.7448106
7987.22 0.7448382
8005.63 0.7414471
8024.09 0.7675322
8042.589999999999 0.7693226
8061.13 0.7658087
8079.71 0.7381359
8098.34 0.7230231
8117.0 0.7501823
8135.71 0.7519466
8154.47 0.736548
8173.27 0.7082908
8192.11 0.7181803
8211.0 0.7400207
8229.92 0.7198771
8248.89 0.7573177
8267.91 0.7538574
8286.97 0.7367248
8306.07 0.7350566
8325.22 0.741894
8344.41 0.7233633
8363.65 0.7368338
8382.93 0.728423
8402.26 0.7420015
8421.619999999999 0.7102586
8441.03 0.7369432
8460.49 0.7285311
8480.0 0.7136228
8499.55 0.7387178
8519.14 0.7302951
8538.78 0.7252889
8558.46 0.6722485
8578.19 0.7320587
8597.970000000001 0.7154263
8617.789999999999 0.713799
8637.65 0.7304578
8657.56 0.6960013
8677.52 0.6495659
8697.53 0.6556008
8717.57 0.7205424
8737.67 0.7123209
8757.81 0.6694134
8778.0 0.7140163
8798.24 0.7173401
8818.52 0.7010344
8838.85 0.719048
8859.23 0.7010866
8879.65 0.6649488
8900.12 0.6915233
8920.630000000001 0.6931519
8941.2 0.6915786
8961.81 0.6821238
8982.47 0.6635509
9003.18 0.6590064
9023.93 0.5860105
9044.73 0.7193199
9065.59 0.739505
9086.48 0.691768
9107.43 0.6917955
9128.42 0.6280507
9149.47 0.6823527
9170.56 0.6855283
9191.7 0.6777141
9212.89 0.6840081
9234.12 0.6209825
9255.41 0.6502713
9276.75 0.7064999
9298.13 0.6563491
9319.57 0.6810102
9341.05 0.6779047
9362.59 0.6701705
9384.17 0.6748378
9405.8 0.662548
9427.48 0.6764531
9449.210000000001 0.6687345
9471.0 0.6765063
9492.83 0.6749746
9514.71 0.6626837
9536.65 0.6566328
9558.630000000001 0.6213628
9580.67 0.6536753
9602.75 0.6643246
9624.890000000001 0.6643518
9647.08 0.6598072
9669.32 0.6583146
9691.6 0.6629143
9713.95 0.658369
9736.34 0.6538658
9758.78 0.6508951
9781.28 0.6449522
9803.82 0.6539474
9826.43 0.6494706
9849.08 0.6510042
9871.79 0.6480328
9894.539999999999 0.6465682
9917.35 0.6436371
9940.210000000001 0.6466351
9963.13 0.6451713
9986.1 0.642226
10032.19 0.6305597
10078.49 0.6191109
10125.02 0.6350508
10171.75 0.6307362
10218.7 0.6307903
10265.86 0.6308448
10289.539999999999 0.6279687
10504.990000000002 0.6081907
10700.289999999999 0.5862007
10899.220000000001 0.554687
11101.859999999999 0.5358445
11308.26 0.5248564
11492.0 0.5224556
11705.650000000001 0.5093777
11895.849999999999 0.4943606
12089.15 0.4853389
12313.91 0.4764809
12513.99 0.4645568
12688.07 0.4539888
12894.25 0.4426342
13103.76 0.4355533
13286.050000000001 0.4236836
13501.93 0.4169139
13689.75 0.4083542
13912.199999999999 0.3972307
14105.730000000001 0.3819822
14301.960000000001 0.3741416
14500.92 0.3732871
14702.65 0.3639537
14907.189999999999 0.3656354
15114.57 0.3647946
15289.59 0.3673178
15502.29 0.3664767
15717.95 0.3581339
15899.939999999999 0.3443783
16084.06 0.3451789
16307.81 0.3435917
16496.649999999998 0.3373242
16687.68 0.3350044
16880.9 0.3288861
17115.739999999998 0.3236227
17313.93 0.3119156
17514.42 0.3055263
17717.23 0.2951487
17881.16 0.287104
18088.219999999998 0.2748136
18297.67 0.26856
18509.54 0.2612476
18680.81 0.2506396
18897.13 0.2449282
19115.95 0.2415641
19292.82 0.2344421
19516.22 0.2264926
19696.81 0.2208221
19879.05 0.215301
20109.25 0.211855
20295.3 0.2051403
20483.1 0.2023185
20720.29 0.1977197
20912.0 0.1932158
21105.5 0.190123
21300.8 0.1862295
21497.88 0.1824041
21696.8 0.1770321
21897.570000000003 0.1746039
22100.170000000002 0.1706292
22304.67 0.1663559
22511.04 0.1618928
22719.34 0.1567379
22876.81 0.14168
23088.5 0.1396587
23302.149999999998 0.1235196
23517.739999999998 0.1154168
23680.77 0.1161698
23899.870000000003 0.1070061
24121.030000000002 0.1029431
24288.210000000003 0.1018959
24512.960000000003 0.09530296
24682.86 0.09385964
24819.0 0.09597177
24913.15 0.08298534
25007.399999999998 0.08212662
25101.550000000003 0.07990728
25195.8 0.08351302
25290.050000000003 0.08125703
25384.2 0.0877428
25478.44 0.08503514
25572.69 0.08598879
25666.84 0.08406518
25761.090000000004 0.08830172
25855.239999999998 0.08492252
25949.49 0.09031078
26043.739999999998 0.08924723
26137.890000000003 0.08602266
26232.14 0.08228801
26326.38 0.08142122
26420.530000000002 0.08296229
26514.78 0.08086638
26608.93 0.07759162
26703.18 0.07679802
26797.43 0.07161999
26891.579999999998 0.07284904
26985.83 0.06768457
27080.07 0.06728849
27174.22 0.06391063
27268.469999999998 0.06584374
27362.62 0.06554801
27456.870000000003 0.06435016
27551.12 0.06190968
27645.27 0.06470014
27739.52 0.0659753
27833.760000000002 0.06806852
27927.909999999996 0.06973031
28022.16 0.07214906
28116.31 0.06795727
28210.56 0.0703299
28304.809999999998 0.0683683
28398.96 0.06803457
28493.2 0.06685441
28587.449999999997 0.06470423
28681.600000000002 0.06012446
28775.85 0.06187578
28870.0 0.06441121
28964.249999999996 0.06503522
29058.5 0.05813571
29152.65 0.05845179
29246.89 0.05860104
29341.14 0.05729601
29435.289999999997 0.05653091
29529.54 0.05580514
29623.69 0.057996
29717.94 0.05705317
29812.19 0.05761614
29906.34 0.05646577
30000.58 0.05248021
30094.829999999998 0.05301876
30188.98 0.05084553
30283.23 0.05510786
30377.38 0.0549505
30471.629999999997 0.05416911
30565.88 0.04758839
30660.03 0.05006684
30754.27 0.04595782
30848.52 0.0513868
30942.67 0.04575162
31036.920000000002 0.05079941
31131.07 0.04493089
31225.32 0.04958527
31319.57 0.04556846
31413.72 0.05184937
31507.960000000003 0.05045213
31602.21 0.06159362
31696.36 0.0577274
31790.61 0.06663191
31884.760000000002 0.06874545
31979.01 0.07101768
32073.260000000002 0.07367791
32167.41 0.08502966
32261.66 0.08905595
32355.9 0.1079096
32450.05 0.1246483
32544.300000000003 0.1420462
32638.449999999997 0.1413544
32732.7 0.1496566
32826.939999999995 0.1337617
32921.09 0.1354615
33015.340000000004 0.1179482
33109.59 0.1029093
33203.74 0.08621126
33297.99 0.08100204
33392.14 0.07630966
33486.39 0.07999273
33580.64 0.08085957
33674.79 0.07895767
33769.03 0.07176653
33863.28 0.07085355
33957.43 0.0627345
34051.68 0.06414939
34145.83 0.06812415
34240.08 0.0715237
34334.33 0.07067176
34428.48 0.07095392
34522.72 0.0687536
34616.97 0.06800883
34711.12 0.06159498
34805.37 0.06390791
34899.520000000004 0.05670726
34993.77 0.05674252
35088.020000000004 0.05246797
35182.17 0.05499253
35276.41 0.05215327
35370.659999999996 0.05356409
35464.81 0.04985931
35559.06 0.05028934
35653.21 0.04397993
35747.46 0.04457953
35841.71 0.04562273
35935.86 0.04656554
36030.1 0.04487935
36124.35 0.04181214
36218.5 0.03620545
36312.75 0.04073503
36406.9 0.03792015
36501.15 0.0407608
36595.4 0.04066176
36689.55 0.04516421
36783.8 0.03828776
36878.04 0.04195187
36972.19 0.03454772
37066.439999999995 0.03934725
37160.59 0.03756065
37254.84 0.04178093
37349.090000000004 0.0435404
37443.240000000005 0.04523611
37537.479999999996 0.04268578
37631.73 0.0429191
37725.88 0.03819282
37820.13 0.04167649
37914.28 0.0358256
38008.53 0.04168869
38102.78 0.03821045
38196.93 0.04099955
38291.18 0.03555835
38385.43 0.03715502
38479.57 0.03282217
38573.82 0.03483395
38667.97 0.03204079
38762.22 0.03575642
38856.47 0.03352351
38950.619999999995 0.03628276
39044.86 0.03043054
39139.11 0.03518395
39233.26 0.03678741
39327.51 0.03887381
39421.659999999996 0.03543355
39515.91 0.03460333
39610.159999999996 0.03348145
39704.31 0.03540642
39798.55 0.03232838
39892.8 0.03645777
39986.950000000004 0.03565875
40081.2 0.04059802
40175.35 0.04315107
40269.6 0.04946047
40363.85 0.04586419
40458.0 0.04600122
40552.24 0.04036876
40646.490000000005 0.0375064
40740.65 0.02693736
40834.89 0.02437074
40929.04 0.0223793
41023.29 0.02712865
41117.54 0.02967085
41211.69 0.03485429
41305.94 0.03187391
41400.18000000001 0.03275841
41494.33 0.03214389
41588.58 0.03399696
41682.73 0.0324681
41776.98 0.03165551
41871.219999999994 0.02875654
41965.380000000005 0.03078053
42059.63 0.0283387
42153.869999999995 0.03251694
42248.03 0.02976038
42342.27 0.03223884
42436.420000000006 0.02798736
42530.67 0.03244639
42624.92 0.02964779
42719.07 0.03064351
42813.32 0.02723309
42907.56 0.0272114
43001.71 0.02687361
43095.96 0.02901835
43190.11 0.0253936
43284.36 0.0260149
43378.61 0.02744608
43472.76 0.03070998
43567.01 0.02784626
43661.25 0.02596607
43755.4 0.02113805
43849.65 0.02769027
43943.8 0.02543837
44038.05 0.03130552
44132.3 0.03007918
44226.450000000004 0.02942803
44320.700000000004 0.02248511
44414.939999999995 0.02539767
44509.100000000006 0.02104172
44603.34 0.02760887
44697.490000000005 0.02483334
44791.740000000005 0.02765635
44885.99 0.02136595
44980.14000000001 0.0246
45074.39 0.02302774
45168.63 0.02778388
45262.78 0.0257341
45357.03 0.02789918
45451.18000000001 0.02448741
45545.43 0.02798057
45639.68 0.02266689
45733.82 0.02144599
45828.08 0.01454919
45922.32 0.02104715
46016.48 0.02119094
46110.72 0.02807553
46204.869999999995 0.02560794
46299.12 0.02680985
46393.37 0.02184888
46487.52 0.02509379
46581.770000000004 0.02392578
46676.01 0.02471124
46770.16 0.02262349
46864.420000000006 0.02453488
46958.56 0.01767473
47052.810000000005 0.01665187
47147.06 0.01727453
47241.21 0.02208221
47335.46 0.02093727
47429.7 0.02316612
47523.850000000006 0.0269211
47618.1 0.02557538
47712.25 0.01797453
47806.49999999999 0.0212642
47900.75 0.01936365
47994.899999999994 0.02534612
48089.14 0.02031597
48183.39 0.02306437
48278.52 0.01975027
48761.299999999996 0.02227485
49248.909999999996 0.02482655
49741.4 0.02740268
50238.810000000005 0.03000458
50741.2 0.0326336
51248.61 0.03528706
51761.100000000006 0.03796897
51950.9 0.03896199
52252.58 0.05038836
52554.270000000004 0.0517897
52855.95 0.04656013
53157.63 0.04393788
53459.32000000001 0.04866688
53761.0 0.03345976
54062.68 0.03421672
54364.369999999995 0.03269736
54666.05 0.03493299
54967.740000000005 0.03747384
55269.42 0.03795813
55571.11 0.04003504
55872.799999999996 0.05067865
56174.47 0.05645359
56476.15 0.0502785
56777.85 0.06865861
57079.54 0.07070568
57381.21 0.06541237
57682.9 0.06422942
57984.590000000004 0.06362574
58286.27 0.05928474
58587.95 0.06134807
58889.64 0.06287692
59191.32 0.0649796
59493.0 0.06527669
59794.69 0.07983403
60096.369999999995 0.09606944
60398.05 0.1020275
60699.740000000005 0.09980407
61001.42 0.1202136
61303.1 0.1582844
61604.78999999999 0.1962954
61906.48 0.3267157
62208.16 0.3404036
62509.84 0.3069914
62811.52 0.2654126
63113.21000000001 0.2027391
63414.89 0.1690555
63716.57 0.1418428
64018.27 0.1281604
64319.94 0.1104613
64621.62 0.1024792
64923.32 0.09281097
65225.0 0.0875556
65526.68 0.08932729
65828.37 0.0813371
66130.05 0.09626886
66431.74 0.09194004
66733.42 0.09364931
67035.09999999999 0.09099585
67336.79000000001 0.08876432
67638.47 0.09183286
67940.16 0.09016565
68241.84 0.08873581
68543.51999999999 0.09632853
68845.21 0.09894264
69146.89 0.1043621
69448.56999999999 0.1199166
69750.26 0.1657319
70051.94 0.1653386
70353.64 0.1266695
70655.31 0.1213274
70956.98999999999 0.1270005
71258.69 0.1259791
71560.36 0.1220993
71862.05 0.1272529
72163.74 0.1307324
72465.42 0.1482593
72767.09999999999 0.1482322
73068.78 0.1560731
73350.72 0.14343
73370.47 0.1725283
73672.16 0.1810205
73955.28 0.1824177
73973.84 0.1991306
74559.86 0.228948
75164.42 0.2666742
75769.0 0.3129602
76373.56 0.3135842
76978.14 0.2955012
77582.70999999999 0.2842145
78187.27 0.2723854
78791.86 0.2462713
79396.42 0.2091556
80000.99 0.178972
80605.56 0.1545674
81210.12999999999 0.1348835
81814.71 0.1266763
82419.27 0.1238126
83023.84999999999 0.1249942
83628.40999999999 0.127337
84232.99 0.1280532
84837.55 0.13837
85442.12999999999 0.1472283
86046.70000000001 0.1468078
86651.26000000001 0.1342785
87255.83 0.1110215
87860.4 0.08861102
88464.97 0.07185334
89069.55 0.06164109
89674.12 0.0628715
90278.69 0.05521639
90883.26000000001 0.04638378
91487.83 0.03897284
92092.4 0.04335048
92696.95999999999 0.04191118
93301.54000000001 0.03980171
93906.11 0.03868526
94510.67 0.03752267
95115.26 0.03235686
95719.83 0.03788895
96324.39 0.03941373
96928.97 0.03907051
97533.5 0.03656358
98138.12000000001 0.03469423
98742.64 0.03346925
99347.28 0.03243554
99951.81000000001 0.03349502
100556.42000000001 0.03349638
101160.97 0.02983364
101765.5 0.03391012
102370.11 0.03282217
102974.64 0.03259698
103579.28 0.03186035
104183.8 0.03630719
104788.33 0.04138618
105392.96 0.04440182
105997.48999999999 0.04464194
106602.11 0.04306832
107206.64 0.04402877
107811.27 0.04404233
108415.8 0.04537585
109020.32999999999 0.04929226
109624.95999999999 0.05682934
110229.49 0.06560768
110834.11 0.07077894
111438.64 0.1054203
112043.26999999999 0.1581622
112647.79000000001 0.1662745
113252.31999999999 0.1384513
113856.95999999999 0.1105779
114461.48000000001 0.09256679
115066.1 0.07995748
115670.62999999999 0.07273103
116275.27 0.06683538
116879.79000000001 0.06446276
117484.31999999999 0.06365152
118088.96 0.06381159
118693.48000000001 0.06657901
119298.09999999999 0.06982392
119902.63 0.0699148
120507.17000000001 0.06960007
121111.79 0.06756116
121716.32 0.06552088
122320.95 0.07002739
122925.48 0.07302541
123530.09999999999 0.07331979
124134.64 0.07470077
124739.15999999999 0.07838522
125343.79 0.08328786
125948.32 0.08834242
126552.95000000001 0.0936588
127157.47 0.1075718
127762.0 0.1636835
128366.62999999999 0.1679567
128971.16 0.08170474
129575.79000000001 0.06271686
130180.31000000001 0.05894695
130784.93999999999 0.05698942
131389.47 0.0565404
131994.02 0.05588245
132598.64 0.05654718
133203.16 0.0553439
133807.78 0.05594893
134412.31 0.05599777
135016.94 0.05751035
135621.44999999998 0.05643188
136226.0 0.05585398
136830.63 0.05389645
137435.16 0.05726074
138039.77 0.05197555
138644.31 0.05027712
139248.94 0.05044262
139853.47 0.04956764
140457.97999999998 0.04758977
141062.63 0.04726419
141582.84 0.05195248
142475.56 0.05478771
143368.38 0.05342572
144261.11000000002 0.04968702
145153.83 0.04795196
146046.56 0.04699965
146939.38 0.04817987
147832.11 0.04853665
148724.83000000002 0.04853936
149617.66 0.05045889
150510.38 0.0475762
151403.09 0.04769558
152295.83 0.04640684
153188.66 0.04811611
154081.38 0.04822329
154974.09 0.06079731
155866.91999999998 0.05041685
156759.66 0.05493829
157652.38 0.0514397
158545.19 0.05388966
159437.92 0.05386253
160330.63999999998 0.05238658
161223.38 0.05320459
162116.2 0.05603033
163008.91 0.05805433
163901.63999999998 0.06598346
164794.37 0.07031227
165687.19 0.06373021
166579.92 0.06354842
167472.66 0.0662385
168365.48 0.06499181
169258.19 0.06710807
170150.91999999998 0.07298064
171043.72999999998 0.07058903
171936.45 0.06515461
172829.19 0.06697919
173721.91 0.06964756
174614.73 0.06696833
175507.44999999998 0.06226512
176400.19 0.06242925
177292.99999999997 0.05938512
178185.73 0.06152442
179078.44999999998 0.06211453
179971.27 0.06169536
180864.0 0.05934985
181756.73 0.05869598
182649.45 0.06097501
183542.27000000002 0.06090041
184435.0 0.06144303
185327.72 0.06085971
186220.55 0.0710801
187113.28000000003 0.09511577
188005.98 0.07799317
188898.72 0.06211046
189791.55 0.05939598
190684.27 0.06005256
191576.99999999997 0.06163702
192469.81000000003 0.06143219
193362.55000000002 0.05991689
194255.27 0.06206299
195148.0 0.06374784
196040.81 0.06350773
196933.55000000002 0.06339377
197826.27000000002 0.06238042
198719.09 0.06315774
200132.81 0.05773418
201841.52000000002 0.06871289
203551.22 0.06515461
205261.91 0.06205621
206973.44999999998 0.06939659
208685.88 0.07109909
210399.28 0.06453194
212113.56 0.0689408
213828.81 0.0738407
215545.05 0.06824079
217262.13999999998 0.06490771
218980.22 0.07070568
220699.17 0.07306068
222419.08 0.0703489
224139.97999999998 0.06760863
225861.77 0.07019289
227584.52 0.07385427
229308.23 0.07380816
231032.83000000002 0.07030821
232758.52000000002 0.07090373
234484.95 0.07330623
236212.44999999998 0.0747157
237940.94999999998 0.07289926
239670.34000000003 0.07129985
241400.66999999998 0.07272018
243131.98 0.07377152
244864.16999999998 0.07377152
246597.44 0.07259402
248331.59 0.07158609
250066.8 0.07276496
251802.88 0.07414457
253539.95 0.07294266
255277.98 0.07439418
257016.98 0.0734568
258756.95 0.07598002
260497.93999999997 0.07722128
262239.87 0.0739655
263982.75 0.07614959
265726.62 0.07537363
267471.47 0.07478759
269217.41000000003 0.07483508
270964.19 0.07518507
272711.97000000003 0.07702457
274460.78 0.07846661
276210.63 0.07641547
277961.31 0.07636935
279713.06 0.0757399
281465.81 0.07694725
283219.63 0.07717651
284974.38 0.07777206
286730.06 0.07530174
288486.88 0.0801908
290244.59 0.07807048
292003.34 0.07666372
293763.08999999997 0.07419748
295523.81 0.07885865
297285.59 0.07724162
299048.38 0.07760247
300812.09 0.07662439
302576.91000000003 0.07862125
304342.81 0.0772891
306109.63 0.07591763
307877.5 0.07948945
309646.28 0.0817495
311416.25 0.07921543
313187.13 0.07882338
314959.09 0.08072529
316732.0 0.07792533
318506.02999999997 0.08074157
320281.09 0.07942977
322057.06 0.0799317
323834.16 0.08029255
325612.31 0.07998869
327391.53 0.08479635
329171.75 0.07986658
330952.97000000003 0.08591959
332735.22 0.08582191
334518.56 0.1014699
336303.02999999997 0.0875434
338088.38 0.08668334
339874.91 0.08676338
