100.05999999999999 7.693688e-14
101.92 1.247824e-13
104.06 1.832675e-13
105.99000000000001 2.729631e-13
107.96 4.122129e-13
109.97 6.93671e-13
114.1 1.364878e-12
118.11 2.483825e-12
121.14 1.148424e-11
125.10000000000001 1.884237e-11
127.14 2.32315e-11
128.01999999999998 2.624943e-11
131.0 3.508392e-11
131.91 4.416586e-11
134.05 5.286421e-11
136.86 7.981628e-11
140.05 1.02821e-10
142.98 3.405068e-10
146.98 1.096845e-09
151.1 1.429458e-09
154.98 1.871285e-09
158.95 2.44997e-09
161.91 2.951852e-09
166.06 3.820452e-09
169.93 4.787814e-09
173.09 5.67728e-09
177.11999999999998 7.016652e-09
180.0 8.168212e-09
182.07999999999998 9.039781e-09
185.89999999999998 1.096772e-08
191.1 1.384079e-08
194.21 1.596273e-08
197.82000000000002 1.888584e-08
201.95999999999998 2.244636e-08
204.76999999999998 2.535928e-08
210.02 2.945333e-08
215.91 3.855849e-08
219.92000000000002 4.478544e-08
222.98 4.921849e-08
227.13 5.690031e-08
229.76 9.486183e-08
234.03 1.698669e-07
240.03 2.399615e-07
246.19 2.565193e-07
251.92 3.07715e-07
257.2 2.858504e-07
260.18 3.484466e-07
263.8 3.936623e-07
268.7 4.286714e-07
273.7 4.646478e-07
278.79 5.036406e-07
283.96999999999997 5.446533e-07
289.90999999999997 5.677448e-07
295.99 6.28255e-07
300.79 6.655021e-07
307.8 7.398104e-07
317.88 8.553156e-07
328.29999999999995 9.596585e-07
338.27000000000004 1.062092e-06
347.75 1.16447e-06
356.66999999999996 1.265173e-06
365.82000000000005 1.380803e-06
375.21 1.47949e-06
384.83000000000004 1.542204e-06
394.7 1.710545e-06
404.83 1.849795e-06
414.26 1.945901e-06
421.96 2.014291e-06
429.79999999999995 2.099588e-06
440.83 2.239402e-06
451.09999999999997 2.334174e-06
459.48 2.41068e-06
470.19 2.518351e-06
480.03 2.649317e-06
490.08000000000004 2.698576e-06
500.35 2.858348e-06
506.14 2.958871e-06
512.0 4.286733e-06
520.32 4.540849e-06
529.99 4.832132e-06
539.85 4.865427e-06
549.88 6.355204e-06
560.11 7.483948e-06
570.52 8.672079e-06
579.7900000000001 8.592603e-06
590.5699999999999 1.084236e-05
600.16 1.180668e-05
609.92 1.396751e-05
619.83 1.648654e-05
629.9000000000001 1.85407e-05
640.13 1.910462e-05
650.53 2.265353e-05
658.07 2.529979e-05
665.69 2.704704e-05
674.95 2.774145e-05
684.3399999999999 2.845281e-05
695.4599999999999 3.855847e-05
705.1300000000001 3.829474e-05
716.59 4.668017e-05
726.56 5.013349e-05
734.97 5.347188e-05
745.19 6.29686e-05
755.56 6.952509e-05
764.31 7.588265e-05
774.9399999999999 8.514174e-05
785.72 9.443258e-05
794.8199999999999 0.0001009537
805.8800000000001 0.0001079252
815.2099999999999 0.0001145818
824.65 0.0001294566
834.1999999999999 0.0001054727
845.8000000000001 0.0001416205
855.6 0.0001489781
865.51 0.0001644864
875.5300000000001 0.0001811837
885.6700000000001 0.0002032936
895.9200000000001 0.0002193498
904.21 0.0002198521
914.68 0.0003759481
925.27 0.00305591
935.99 0.006936488
944.65 0.01383973
955.59 0.02070763
964.4300000000001 0.02218847
975.5999999999999 0.003077015
984.6199999999999 0.01675457
996.02 0.01977602
1005.24 0.03251813
1014.5400000000001 0.03274367
1023.93 0.01442586
1035.79 0.02143521
1045.3700000000001 0.04635838
1055.04 0.04603916
1064.8 0.0342871
1074.66 0.04316467
1084.6 0.03222051
1094.64 0.04711172
1104.76 0.04509624
1114.99 0.04237701
1125.3 0.03750938
1135.72 0.0520147
1146.22 0.04689577
1154.17 0.05153852
1164.8500000000001 0.05347245
1175.63 0.03444493
1183.78 0.05334908
1194.73 0.03405108
1205.78 0.02244576
1214.1399999999999 0.01774724
1225.3799999999999 0.03794303
1233.87 0.06083356
1245.29 0.06669889
1253.92 0.06253784
1265.52 0.05334942
1274.29 0.07114407
1286.09 0.07484059
1295.0 0.05446675
1303.9799999999998 0.05560659
1316.04 0.07364141
1325.1599999999999 0.06936583
1334.35 0.05958211
1343.6000000000001 0.07518603
1356.03 0.07296655
1365.43 0.06369805
1374.9 0.06778529
1384.43 0.06904244
1394.02 0.05809311
1403.6899999999998 0.06139338
1413.4199999999998 0.0635507
1426.49 0.06624089
1436.3799999999999 0.06669957
1443.0100000000002 0.07097949
1446.3400000000001 0.07196435
1456.36 0.06968352
1466.46 0.06355057
1476.62 0.06458754
1483.44 0.06608735
1493.72 0.06747535
1504.08 0.06253705
1511.0199999999998 0.05459227
1517.9899999999998 0.05944594
1525.0 0.05836464
1535.57 0.04955997
1546.21 0.05446724
1553.35 0.05213502
1564.12 0.05409161
1574.96 0.05796267
1585.88 0.06153516
1593.1999999999998 0.0623902
1604.24 0.06239065
1615.3600000000001 0.06355103
1626.56 0.06013646
1634.07 0.06518133
1645.3899999999999 0.06608763
1656.8 0.06167648
1664.45 0.06778577
1672.13 0.06153485
1675.98 0.06793897
1683.72 0.07130781
1695.3899999999999 0.06701059
1703.22 0.06443426
1715.02 0.05985951
1726.91 0.05985899
1734.88 0.0645874
1746.91 0.06311467
1754.9699999999998 0.06762791
1763.07 0.06253754
1775.29 0.06296793
1783.49 0.06518161
1795.85 0.0698472
1804.1399999999999 0.07049243
1816.6399999999999 0.06282672
1825.03 0.06593424
1833.45 0.063115
1846.16 0.05769636
1854.6799999999998 0.05664358
1863.24 0.05890249
1876.16 0.06624041
1884.8200000000002 0.05944566
1893.52 0.05612179
1906.64 0.06181888
1915.4399999999998 0.05782679
1924.29 0.05690356
1933.1699999999998 0.06069175
1946.57 0.06239015
1955.55 0.05743043
1969.1100000000001 0.06458703
1978.2 0.06731639
1982.76 0.06282585
1996.5 0.06125212
2005.72 0.06458664
2014.98 0.06196531
2024.28 0.0663932
2033.62 0.06111067
2043.01 0.06399219
2057.17 0.06111044
2066.66 0.06181832
2076.2 0.06669913
2085.79 0.06503397
2095.41 0.06111087
2105.09 0.06267874
2114.8 0.06355078
2124.56 0.06473421
2134.37 0.06111053
2144.22 0.06139369
2154.12 0.06458711
2164.06 0.06326221
2174.0499999999997 0.06282623
2184.09 0.06097474
2194.17 0.0639926
2204.2999999999997 0.06267842
2214.4700000000003 0.06027258
2224.69 0.05809265
2234.96 0.06139356
2245.28 0.05958165
2255.64 0.05716389
2266.05 0.05917435
2276.5099999999998 0.06041426
2287.02 0.06167678
2297.5699999999997 0.05836487
2302.87 0.05836482
2313.5 0.05560897
2324.1800000000003 0.04296828
2334.91 0.05237851
2345.69 0.05201827
2356.51 0.0545965
2367.39 0.05154281
2372.85 0.0523807
2383.8 0.05002386
2394.8 0.05298835
2405.86 0.05083772
2416.96 0.05202247
2422.5299999999997 0.05397521
2433.7200000000003 0.05178437
2444.95 0.05460146
2456.23 0.05397715
2467.57 0.05372948
2473.2599999999998 0.05202566
2484.68 0.0538547
2496.14 0.05003015
2507.67 0.05498363
2513.45 0.0504935
2519.24 0.05275238
2525.0499999999997 0.05061084
2536.7000000000003 0.05119759
2542.55 0.04980231
2554.29 0.05251133
2566.08 0.0516729
2577.92 0.0542334
2583.86 0.05373708
2595.79 0.05349047
2607.77 0.05191368
2613.78 0.05155664
2625.85 0.05275837
2637.9700000000003 0.05361624
2644.05 0.05627312
2656.2599999999998 0.05679592
2662.3799999999997 0.05288198
2674.67 0.05499356
2687.01 0.05449063
2693.2099999999996 0.05288355
2705.6400000000003 0.0536202
2718.13 0.05203936
2724.39 0.05216016
2736.9700000000003 0.05399369
2743.28 0.04913018
2755.94 0.04958539
2762.29 0.05074062
2775.0399999999995 0.05252471
2787.85 0.05144773
2794.28 0.0451202
2807.1800000000003 0.04757464
2813.6499999999996 0.05228504
2826.6400000000003 0.05313541
2833.1499999999996 0.05086168
2846.23 0.05039563
2852.79 0.04981935
2865.96 0.05252969
2872.56 0.05204854
2885.82 0.05192954
2892.48 0.05157203
2912.5299999999997 0.05387987
2932.71 0.05265495
2953.04 0.05181409
2966.67 0.05229443
2987.24 0.05205507
3007.94 0.05229653
3028.79 0.05229788
3049.79 0.05193844
3070.93 0.05182086
3092.22 0.05170236
3106.4900000000002 0.05146578
3128.0200000000004 0.0508782
3149.7000000000003 0.05087944
3171.54 0.05041379
3193.5200000000004 0.04881603
3208.26 0.04972426
3230.5 0.04848203
3252.89 0.04949839
3267.91 0.05007222
3290.56 0.04961445
3313.37 0.04950175
3321.0099999999998 0.04984455
3328.66 0.05042294
3336.3399999999997 0.05065562
3344.03 0.04837605
3351.7400000000002 0.04996141
3359.46 0.04826561
3367.21 0.04860077
3374.97 0.0465205
3382.75 0.04716821
3390.5499999999997 0.04950547
3398.36 0.04984941
3406.2 0.04793589
3414.05 0.04849158
3421.92 0.04950731
3429.81 0.04928021
3437.71 0.04985176
3445.64 0.04673901
3453.58 0.04950911
3461.54 0.04674031
3469.52 0.04750011
3477.52 0.04652618
3485.54 0.04706516
3493.5699999999997 0.04750135
3501.63 0.04761087
3509.7 0.04663494
3517.79 0.04610151
3525.9 0.04706739
3534.03 0.04816406
3542.17 0.04917325
3550.34 0.04951403
3558.52 0.0482765
3566.73 0.04906092
3574.9500000000003 0.04599851
3583.19 0.04474486
3591.45 0.04362678
3599.73 0.04696279
3608.0299999999997 0.04600016
3616.34 0.04653313
3624.6800000000003 0.04783702
3633.04 0.05020763
3641.41 0.04872774
3649.8 0.04750918
3658.22 0.04963405
3666.65 0.04906688
3674.51 0.06254877
3677.2500000000005 0.04902379
3679.9900000000002 0.04172368
3682.73 0.06019893
3685.4700000000003 0.04867833
3688.21 0.04729394
3690.9500000000003 0.05067755
3693.68 0.04239985
3696.42 0.05065909
3699.1600000000003 0.05019591
3701.9 0.04426147
3704.6400000000003 0.03856145
3707.38 0.03787632
3710.12 0.04458923
3712.86 0.04804929
3715.6 0.04266862
3718.34 0.06744062
3721.08 0.1273167
3723.8100000000004 0.240989
3726.55 0.3907958
3729.29 0.4165411
3732.03 0.3244644
3734.77 0.1692616
3737.51 0.071625
3740.25 0.06246376
3742.99 0.03578755
3745.73 0.04169814
3748.47 0.04763817
3751.21 0.0437019
3753.94 0.04451518
3756.68 0.04121135
3759.42 0.05358859
3762.16 0.05258412
3764.9 0.04902945
3767.64 0.04309673
3770.3799999999997 0.04291949
3773.12 0.04558515
3775.8599999999997 0.05407027
3778.6 0.04772989
3781.33 0.05842124
3784.0699999999997 0.0587213
3786.81 0.05132379
3789.5499999999997 0.0431149
3792.29 0.04247507
3795.0299999999997 0.04980514
3797.77 0.0485674
3800.51 0.0482905
3803.2500000000005 0.04491193
3805.9900000000002 0.05606671
3808.73 0.05769622
3811.46 0.05393574
3814.2 0.0520225
3816.9399999999996 0.05329474
3819.68 0.05200886
3822.42 0.05236951
3825.1600000000003 0.04868576
3827.9 0.04489612
3830.6400000000003 0.04374274
3833.38 0.049937
3836.12 0.05331777
3838.86 0.05188468
3841.5899999999997 0.04937097
3844.3300000000004 0.05298108
3847.07 0.04585818
3849.8100000000004 0.05166007
3852.55 0.05986493
3855.29 0.05194935
3858.03 0.05702819
3860.77 0.06122374
3863.51 0.06489838
3866.25 0.07445021
3868.98 0.08276248
3871.7200000000003 0.07519226
3874.46 0.06393038
3877.2000000000003 0.06108799
3879.94 0.05773036
3882.68 0.05867023
3885.42 0.06616677
3888.16 0.06932616
3890.9 0.06875993
3893.64 0.05752639
3896.3799999999997 0.05161405
3899.11 0.04914903
3901.85 0.05249698
3904.59 0.05388529
3907.33 0.05710188
3910.0699999999997 0.055816
3912.81 0.05267467
3915.5499999999997 0.05528202
3918.29 0.04840374
3921.0299999999997 0.05307094
3923.77 0.05640302
3926.5099999999998 0.05600383
3929.24 0.0463412
3931.98 0.04559209
3934.72 0.04618828
3937.46 0.04854651
3940.2 0.05294703
3942.9399999999996 0.05468809
3945.68 0.05703952
3948.42 0.05989883
3951.1600000000003 0.05407198
3953.9 0.05612728
3956.6400000000003 0.05738479
3959.37 0.05649384
3962.1099999999997 0.04618942
3964.85 0.04800749
3967.5899999999997 0.05629615
3970.3300000000004 0.05626669
3973.07 0.05901559
3975.8100000000004 0.04975414
3978.55 0.04972864
3981.29 0.05381775
3984.03 0.0549541
3986.7599999999998 0.05784936
3989.5000000000005 0.05847216
3992.2400000000002 0.05804748
3994.98 0.05469325
3997.7200000000003 0.05289099
4000.46 0.06103131
4003.2000000000003 0.05701688
4005.94 0.05897592
4008.68 0.06634789
4011.42 0.06128032
4014.16 0.05759997
4016.8900000000003 0.06646136
4019.63 0.0688847
4022.37 0.06806932
4025.11 0.06988681
4027.85 0.0694508
4030.59 0.06535143
4033.33 0.06605351
4036.0699999999997 0.06026686
4038.81 0.05705645
4041.5499999999997 0.06113309
4044.29 0.06879948
4047.02 0.06688034
4049.76 0.06224308
4052.5 0.06275264
4055.24 0.06311498
4057.98 0.06094638
4060.72 0.06280351
4063.46 0.05842105
4066.2 0.06410006
4068.9399999999996 0.06505126
4071.68 0.06906562
4074.41 0.06814867
4077.15 0.06453624
4079.89 0.06060109
4082.6299999999997 0.06023868
4085.37 0.0572321
4088.1099999999997 0.06003479
4090.85 0.05786054
4093.5899999999997 0.05635213
4096.33 0.05838705
4099.070000000001 0.06987533
4101.81 0.07833438
4104.54 0.08008997
4107.28 0.07340304
4110.0199999999995 0.06764468
4112.759999999999 0.05884581
4115.5 0.0543886
4118.24 0.05433365
4120.9800000000005 0.05816628
4123.72 0.05967802
4126.46 0.05938357
4129.2 0.05935523
4131.9400000000005 0.06483607
4134.67 0.06227709
4137.41 0.06100875
4140.150000000001 0.05770775
4142.89 0.05950826
4145.63 0.05888541
4148.37 0.05903258
4151.11 0.06424732
4153.85 0.06288273
4156.59 0.0563187
4159.33 0.05443604
4162.07 0.06329599
4164.8 0.06196567
4167.54 0.06280362
4170.28 0.0591176
4173.02 0.05770205
4175.76 0.06087279
4178.5 0.05835313
4181.24 0.06071984
4183.98 0.06372637
4186.72 0.0663422
4189.46 0.06558347
4192.1900000000005 0.06028406
4194.93 0.06304711
4197.67 0.05748694
4200.41 0.05408514
4203.15 0.05898167
4205.89 0.06591766
4208.63 0.05911185
4211.37 0.06348291
4214.11 0.05557302
4216.849999999999 0.05990445
4219.59 0.06396412
4222.32 0.05794561
4225.0599999999995 0.06006319
4227.8 0.05532912
4230.54 0.05804179
4233.28 0.05767373
4236.0199999999995 0.06492114
4238.759999999999 0.06324514
4241.5 0.05861355
4244.24 0.06244672
4246.9800000000005 0.06205602
4249.72 0.0586078
4252.45 0.0553954
4255.19 0.06209021
4257.929999999999 0.06015941
4260.67 0.05886277
4263.41 0.0570339
4266.150000000001 0.05737361
4268.89 0.06205043
4271.63 0.05187627
4274.37 0.05672805
4277.11 0.05641606
4279.85 0.05949674
4282.58 0.05937809
4285.320000000001 0.05680183
4288.06 0.05715285
4290.8 0.05927044
4293.54 0.06039716
4296.28 0.05162435
4299.02 0.05290904
4301.76 0.0569489
4304.5 0.0540533
4307.24 0.05509226
4309.97 0.05185945
4312.71 0.05207742
4315.45 0.0566546
4318.1900000000005 0.05822864
4320.93 0.06309797
4323.67 0.06412845
4326.41 0.05545698
4329.15 0.05387895
4331.89 0.05387722
4334.63 0.06317146
4337.37 0.08327167
4340.1 0.1026703
4342.84 0.1097252
4345.58 0.08954552
4348.32 0.06992079
4351.0599999999995 0.0608558
4353.8 0.0584947
4356.54 0.05720372
4359.28 0.05933263
4362.0199999999995 0.06853909
4364.759999999999 0.06489271
4367.5 0.06555514
4370.23 0.05864769
4372.97 0.05788328
4375.71 0.05894207
4378.45 0.060216
4381.19 0.054995
4383.929999999999 0.05573217
4386.67 0.05624173
4389.41 0.05539579
4392.150000000001 0.05391119
4394.89 0.05427523
4397.62 0.0567226
4400.36 0.05815509
4403.099999999999 0.05874957
4405.84 0.05912891
4408.58 0.05741327
4411.320000000001 0.06292244
4414.06 0.06233921
4416.8 0.05923072
4419.54 0.05770194
4422.28 0.06259959
4425.02 0.05940616
4427.75 0.05962157
4430.490000000001 0.0558087
4433.2300000000005 0.05350876
4435.97 0.0579625
4438.71 0.06039151
4441.45 0.05880044
4444.1900000000005 0.05914581
4446.93 0.0571131
4449.67 0.0584833
4452.41 0.06021019
4455.15 0.05761696
4457.88 0.05895344
4460.62 0.05951962
4463.36 0.05861933
4466.1 0.06184102
4468.84 0.06312628
4471.58 0.06306963
4474.32 0.06556657
4477.0599999999995 0.06856176
4479.8 0.0641227
4482.54 0.06368669
4485.27 0.06061244
4488.01 0.05812111
4490.75 0.057
4493.49 0.05843247
4496.23 0.06158055
4498.97 0.0629564
4501.71 0.06248077
4504.45 0.06055564
4507.19 0.06239012
4509.929999999999 0.06511354
4512.67 0.06678948
4515.4 0.06374922
4518.14 0.06200527
4520.88 0.06321693
4523.62 0.06066897
4526.36 0.05422044
4529.099999999999 0.05697161
4531.84 0.06006307
4534.58 0.06115016
4537.320000000001 0.05970064
4540.06 0.05964966
4542.8 0.06109347
4545.53 0.05932148
4548.2699999999995 0.05825698
4551.01 0.06017641
4553.75 0.06040852
4556.490000000001 0.06229961
4559.2300000000005 0.06290543
4561.97 0.06259965
4564.71 0.0637377
4567.45 0.06421329
4570.1900000000005 0.06161439
4572.93 0.06203335
4575.66 0.06109369
4578.400000000001 0.06216946
4581.14 0.06092944
4583.88 0.0588741
4586.62 0.06155788
4589.36 0.06271292
4592.1 0.06201079
4594.84 0.06227689
4597.58 0.06181257
4600.32 0.0618352
4603.05 0.06433808
4605.79 0.06451924
4608.53 0.06297914
4611.27 0.06449087
4614.01 0.06232795
4616.75 0.06340371
4619.49 0.06359052
4622.23 0.06340365
4624.97 0.06419065
4627.71 0.06392451
4630.45 0.0597742
4633.18 0.06069169
4635.92 0.06391905
4638.66 0.06400395
4641.4 0.0624865
4644.14 0.0640039
4646.88 0.06333576
4649.62 0.06216934
4652.36 0.06029518
4655.099999999999 0.05965534
4657.84 0.05942318
4660.58 0.06028945
4663.31 0.06030101
4666.05 0.06137112
4668.79 0.06041986
4671.53 0.06252046
4674.2699999999995 0.0615409
4677.01 0.06052171
4679.75 0.06212404
4682.490000000001 0.06523247
4685.2300000000005 0.06484743
4687.97 0.06175027
4690.7 0.06057279
4693.44 0.06386243
4696.179999999999 0.06232232
4698.92 0.0615466
4701.66 0.06034055
4704.400000000001 0.0600914
4707.14 0.05928737
4709.88 0.05962707
4712.62 0.06060657
4715.36 0.06146153
4718.1 0.05928161
4720.83 0.06122959
4723.570000000001 0.06241294
4726.31 0.0625488
4729.05 0.06310933
4731.79 0.06566288
4734.53 0.06310928
4737.27 0.06436622
4740.01 0.06369809
4742.75 0.06203907
4745.49 0.06418495
4748.23 0.06279774
4750.96 0.06483632
4753.7 0.06265073
4756.4400000000005 0.06177876
4759.18 0.06113891
4761.92 0.06070292
4764.66 0.06014234
4767.4 0.05963841
4770.14 0.05890231
4772.88 0.06045369
4775.62 0.06184087
4778.35 0.06218649
4781.09 0.06246957
4783.83 0.06181274
4786.57 0.06094643
4789.31 0.06433797
4792.05 0.06155788
4794.79 0.06064626
4797.53 0.06091236
4800.2699999999995 0.0636924
4803.01 0.06244107
4805.75 0.06214095
4808.48 0.06478537
4811.22 0.06202791
4813.96 0.061088
4816.7 0.06082184
4819.44 0.06239022
4822.179999999999 0.06218635
4824.92 0.06167109
4827.66 0.06102559
4830.400000000001 0.06234483
4833.14 0.06252032
4835.88 0.06111045
4838.61 0.0596159
4841.349999999999 0.06002354
4844.09 0.0613258
4846.83 0.06055572
4849.570000000001 0.05687537
4852.31 0.06152955
4855.05 0.0734878
4857.79 0.1196052
4860.53 0.1829182
4863.27 0.2042866
4866.01 0.1625007
4868.74 0.1012377
4871.4800000000005 0.06942821
4874.22 0.06250914
4876.96 0.05797382
4879.7 0.0625544
4882.4400000000005 0.05971769
4885.18 0.05543262
4887.92 0.06064056
4890.66 0.06009697
4893.4 0.05937787
4896.13 0.06218648
4898.87 0.06329055
4901.610000000001 0.06160324
4904.35 0.06134277
4907.09 0.06228265
4909.83 0.05838712
4912.57 0.06044809
4915.31 0.0583248
4918.05 0.05803601
4920.79 0.06121239
4923.53 0.05883432
4926.26 0.05902705
4929.0 0.05784931
4931.74 0.05753787
4934.48 0.05403474
4937.22 0.05857398
4939.96 0.06249211
4942.7 0.06085574
4945.44 0.06125773
4948.179999999999 0.0628544
4950.92 0.06976208
4953.66 0.07749641
4956.39 0.117669
4959.13 0.1525473
4961.87 0.1558482
4964.61 0.1155173
4967.349999999999 0.07941034
4970.09 0.06608185
4972.83 0.06086706
4975.570000000001 0.05957044
4978.31 0.05753773
4981.05 0.05961569
4983.78 0.0626168
4986.5199999999995 0.05995561
4989.26 0.06279228
4992.0 0.06207883
4994.74 0.06223168
4997.4800000000005 0.06797865
5000.219999999999 0.08934155
5002.96 0.1607853
5005.7 0.2904009
5008.44 0.3612896
5011.179999999999 0.2945453
5013.910000000001 0.166912
5016.650000000001 0.09251247
5019.39 0.07219129
5022.13 0.06360193
5024.87 0.05891371
5027.610000000001 0.05718676
5030.35 0.05823422
5033.09 0.05782654
5035.83 0.05916275
5038.57 0.06334699
5041.31 0.05927595
5044.04 0.05679052
5046.78 0.05897039
5049.5199999999995 0.06184669
5052.259999999999 0.06068596
5054.999999999999 0.05595981
5057.74 0.05957047
5060.4800000000005 0.05621626
5063.22 0.0590099
5065.96 0.05916841
5068.700000000001 0.05984783
5071.4400000000005 0.06295062
5074.17 0.06221477
5076.91 0.05683579
5079.65 0.05688106
5082.39 0.05773601
5085.13 0.05843809
5087.87 0.05881175
5090.61 0.05987055
5093.349999999999 0.05773593
5096.09 0.06100858
5098.83 0.0555526
5101.56 0.05942905
5104.3 0.06181276
5107.040000000001 0.06072562
5109.780000000001 0.05752087
5112.52 0.05391298
5115.26 0.05966675
5118.0 0.05975731
5120.740000000001 0.06079911
5123.4800000000005 0.05937225
5126.22 0.05450853
5128.96 0.06168233
5131.69 0.05724348
5134.429999999999 0.05847779
5137.17 0.05537892
5139.91 0.05854569
5142.65 0.05870422
5145.389999999999 0.05814931
5148.129999999999 0.05803038
5150.87 0.05906086
5153.61 0.05823418
5156.349999999999 0.05409237
5159.089999999999 0.06128598
5161.820000000001 0.05869863
5164.56 0.0589987
5167.3 0.05642923
5170.04 0.05227439
5172.78 0.05002824
5175.52 0.05045401
5178.26 0.0552605
5181.0 0.05567154
5183.74 0.05676203
5186.48 0.05483239
5189.21 0.0554656
5191.95 0.05572717
5194.69 0.06068032
5197.429999999999 0.06320557
5200.169999999999 0.06611019
5202.91 0.06146728
5205.650000000001 0.05945723
5208.39 0.05721503
5211.13 0.05635382
5213.870000000001 0.05713572
5216.610000000001 0.05810958
5219.34 0.05706797
5222.08 0.05919687
5224.82 0.05693769
5227.56 0.05460264
5230.3 0.0542697
5233.04 0.0572264
5235.78 0.05916846
5238.5199999999995 0.05625022
5241.26 0.05710743
5244.0 0.05866447
5246.74 0.05984216
5249.47 0.05851178
5252.21 0.05683013
5254.950000000001 0.05772471
5257.6900000000005 0.05670552
5260.43 0.06064062
5263.17 0.05693763
5265.910000000001 0.05161584
5268.650000000001 0.05568457
5271.39 0.05484091
5274.13 0.05751508
5276.86 0.05678486
5279.599999999999 0.06194298
5282.34 0.05749824
5285.08 0.06145034
5287.82 0.06161452
5290.5599999999995 0.05749818
5293.299999999999 0.06415675
5296.04 0.06111053
5298.78 0.05930433
5301.5199999999995 0.05895891
5304.259999999999 0.06013094
5306.990000000001 0.0571359
5309.7300000000005 0.06294516
5312.47 0.06081054
5315.21 0.05970642
5317.95 0.05914585
5320.6900000000005 0.05733398
5323.43 0.05786618
5326.17 0.0575944
5328.91 0.0574698
5331.65 0.05924201
5334.39 0.05773022
5337.12 0.05868164
5339.86 0.05845514
5342.599999999999 0.06132578
5345.339999999999 0.05929309
5348.08 0.06106529
5350.82 0.06352826
5353.56 0.06472859
5356.3 0.06092367
5359.040000000001 0.06182392
5361.780000000001 0.05941187
5364.52 0.06075941
5367.25 0.05525269
5369.99 0.05445205
5372.73 0.05925346
5375.47 0.05777564
5378.21 0.05955351
5380.95 0.06128042
5383.69 0.06027821
5386.429999999999 0.06196548
5389.17 0.058857
5391.91 0.0599724
5394.64 0.06104839
5397.38 0.05570678
5400.120000000001 0.05887978
5402.860000000001 0.05675649
5405.6 0.05810404
5408.34 0.05645013
5411.08 0.05598072
5413.820000000001 0.05910616
5416.56 0.05634816
5419.3 0.06024986
5422.04 0.06143886
5424.7699999999995 0.05676787
5427.51 0.05925916
5430.25 0.05998954
5432.99 0.05403812
5435.73 0.05692066
5438.469999999999 0.0550867
5441.21 0.06095767
5443.95 0.06137097
5446.69 0.06185223
5449.429999999999 0.05979122
5452.169999999999 0.05878902
5454.900000000001 0.05514455
5457.64 0.05800783
5460.38 0.0574133
5463.12 0.05882312
5465.860000000001 0.05991023
5468.6 0.05881176
5471.34 0.05693195
5474.08 0.05966669
5476.82 0.05771327
5479.56 0.05386079
5482.29 0.05774174
5485.03 0.05876091
5487.7699999999995 0.0573397
5490.509999999999 0.05839849
5493.249999999999 0.05694898
5495.99 0.05878913
5498.73 0.05947422
5501.47 0.05565061
5504.210000000001 0.05876642
5506.950000000001 0.06004036
5509.6900000000005 0.06113312
5512.42 0.06305276
5515.16 0.05891943
5517.9 0.06039722
5520.64 0.05862497
5523.38 0.05809271
5526.12 0.06064062
5528.86 0.05552437
5531.599999999999 0.056847
5534.34 0.05376683
5537.08 0.0577812
5539.82 0.0571074
5542.55 0.05908931
5545.290000000001 0.05851742
5548.030000000001 0.05880051
5550.77 0.05989326
5553.51 0.0603462
5556.25 0.05772465
5558.990000000001 0.06236185
5561.7300000000005 0.05816626
5564.47 0.06250336
5567.21 0.05986483
5569.94 0.05953662
5572.68 0.05754922
5575.42 0.05559522
5578.16 0.05957053
5580.9 0.05547458
5583.639999999999 0.05920812
5586.38 0.05919678
5589.12 0.05795677
5591.86 0.05713576
5594.599999999999 0.05552997
5597.339999999999 0.05557865
5600.070000000001 0.05686412
5602.81 0.0597744
5605.55 0.05905531
5608.29 0.05758315
5611.03 0.0580361
5613.77 0.05863059
5616.51 0.05754346
5619.25 0.05949118
5621.99 0.05947417
5624.73 0.05733956
5627.47 0.05638661
5630.2 0.05617334
5632.94 0.05816071
5635.679999999999 0.06018204
5638.419999999999 0.05889108
5641.16 0.05682441
5643.9 0.05992153
5646.64 0.05758874
5649.38 0.05542866
5652.120000000001 0.05480241
5654.860000000001 0.05479561
5657.6 0.05624563
5660.33 0.05495373
5663.07 0.05739067
5665.81 0.05655776
5668.55 0.05532228
5671.29 0.05557422
5674.03 0.0608954
5676.7699999999995 0.05767367
5679.51 0.05809265
5682.25 0.05689227
5684.99 0.05639116
5687.72 0.05641512
5690.460000000001 0.05800784
5693.200000000001 0.05961018
5695.9400000000005 0.05795684
5698.68 0.0564728
5701.42 0.06002346
5704.160000000001 0.05848335
5706.900000000001 0.05411733
5709.64 0.05381609
5712.38 0.05436812
5715.12 0.05397743
5717.849999999999 0.05555901
5720.59 0.05870994
5723.33 0.05833621
5726.07 0.05820031
5728.8099999999995 0.05951389
5731.549999999999 0.06133705
5734.29 0.05912882
5737.03 0.06124642
5739.7699999999995 0.0586192
5742.509999999999 0.06035177
5745.249999999999 0.05738484
5747.9800000000005 0.05571528
5750.72 0.05646152
5753.46 0.05716983
5756.2 0.05815501
5758.9400000000005 0.05784357
5761.68 0.05732264
5764.42 0.05852865
5767.16 0.06001774
5769.9 0.06328473
5772.64 0.06352251
5775.37 0.05984237
5778.11 0.05780401
5780.849999999999 0.05688107
5783.589999999999 0.05621803
5786.33 0.05439653
5789.07 0.0546094
5791.8099999999995 0.05501648
5794.55 0.05600167
5797.290000000001 0.05930998
5800.030000000001 0.05754907
5802.77 0.06182389
5805.5 0.06171651
5808.24 0.05966115
5810.9800000000005 0.05911758
5813.72 0.05826259
5816.46 0.05870987
5819.2 0.05763406
5821.94 0.05790583
5824.68 0.06148422
5827.42 0.05962705
5830.16 0.06268453
5832.9 0.06158042
5835.63 0.05881753
5838.370000000001 0.05715851
5841.110000000001 0.0588458
5843.85 0.05788322
5846.59 0.05987625
5849.33 0.05788885
5852.070000000001 0.06090105
5854.81 0.05732261
5857.55 0.05692059
5860.29 0.05576947
5863.0199999999995 0.05135267
5865.76 0.0562226
5868.5 0.05153609
5871.24 0.06045947
5873.98 0.07272348
5876.719999999999 0.0732387
5879.46 0.06893552
5882.2 0.06216934
5884.94 0.05937227
5887.679999999999 0.05490375
5890.419999999999 0.05809827
5893.150000000001 0.05348047
5895.89 0.05215835
5898.63 0.05106387
5901.37 0.05525886
5904.110000000001 0.05303933
5906.85 0.05733963
5909.59 0.05690931
5912.33 0.05313779
5915.07 0.05794543
5917.81 0.05451364
5920.55 0.05512059
5923.28 0.0577021
5926.0199999999995 0.05471025
5928.759999999999 0.05780964
5931.5 0.0532845
5934.24 0.05365648
5936.98 0.05665453
5939.72 0.05283262
5942.460000000001 0.05407939
5945.200000000001 0.05909481
5947.9400000000005 0.05967799
5950.68 0.05507076
5953.41 0.05677351
5956.15 0.05698866
5958.89 0.05724342
5961.63 0.05181973
5964.37 0.05766805
5967.11 0.05544454
5969.849999999999 0.06022159
5972.59 0.05617661
5975.33 0.05761702
5978.07 0.05560641
5980.799999999999 0.0551236
5983.540000000001 0.05697734
5986.280000000001 0.05328056
5989.02 0.05793419
5991.76 0.05848906
5994.5 0.05729435
5997.240000000001 0.05528826
5999.9800000000005 0.05745285
6002.72 0.05806433
6005.46 0.05532841
6008.2 0.05778119
6010.93 0.05233106
6013.67 0.05914024
6016.41 0.05606119
6019.15 0.05810972
6021.889999999999 0.05256767
6024.63 0.05551136
6027.37 0.05764536
6030.11 0.05946287
6032.849999999999 0.05368926
6035.589999999999 0.05514269
6038.33 0.05390552
6041.06 0.05603518
6043.8 0.05687542
6046.54 0.05548649
6049.280000000001 0.05475324
6052.02 0.05791718
6054.76 0.05753781
6057.5 0.05448028
6060.24 0.05727165
6062.9800000000005 0.05828514
6065.72 0.05693189
6068.45 0.05771909
6071.19 0.05205928
6073.929999999999 0.0570849
6076.669999999999 0.05522433
6079.41 0.05463546
6082.15 0.053832
6084.889999999999 0.05252009
6087.63 0.05614718
6090.370000000001 0.05519934
6093.110000000001 0.05487376
6095.85 0.05597443
6098.58 0.0537579
6101.32 0.0559661
6104.06 0.05753786
6106.8 0.05805876
6109.54 0.05475776
6112.28 0.05623837
6115.0199999999995 0.05623835
6117.76 0.05672245
6120.5 0.05578422
6123.24 0.05513023
6125.98 0.0534333
6128.710000000001 0.0526538
6131.450000000001 0.05323754
6134.1900000000005 0.05495993
6136.93 0.05271716
6139.67 0.05334281
6142.410000000001 0.05411169
6145.150000000001 0.0515128
6147.89 0.05206823
6150.63 0.05429227
6153.37 0.05318305
6156.110000000001 0.05172393
6158.84 0.0526419
6161.58 0.05446281
6164.32 0.05354554
6167.0599999999995 0.05112668
6169.8 0.05165098
6172.54 0.05314122
6175.28 0.05495306
6178.0199999999995 0.05510252
6180.759999999999 0.05519763
6183.5 0.05392874
6186.2300000000005 0.05390455
6188.97 0.05395606
6191.71 0.05510148
6194.45 0.05685273
6197.1900000000005 0.05501765
6199.93 0.05381727
6202.67 0.05379801
6205.41 0.05270408
6208.15 0.05248155
6210.89 0.05082708
6213.63 0.05347974
6216.36 0.05093084
6219.099999999999 0.05225857
6221.839999999999 0.05419498
6224.58 0.05329979
6227.32 0.05020093
6230.0599999999995 0.04895583
6232.799999999999 0.05453181
6235.540000000001 0.05541337
6238.280000000001 0.05446723
6241.02 0.05424469
6243.76 0.05210839
6246.49 0.05005434
6249.2300000000005 0.0538513
6251.97 0.05240066
6254.71 0.04973892
6257.45 0.05258635
6260.19 0.05303873
6262.93 0.05082995
6265.67 0.05457652
6268.41 0.05271821
6271.15 0.05818887
6273.879999999999 0.05390852
6276.620000000001 0.05548198
6279.360000000001 0.05366332
6282.1 0.05312427
6284.84 0.05520393
6287.580000000001 0.05106835
6290.320000000001 0.05036511
6293.06 0.05520728
6295.8 0.06741239
6298.54 0.07494289
6301.280000000001 0.083368
6304.01 0.08149976
6306.75 0.06399263
6309.49 0.06264504
6312.23 0.05719812
6314.969999999999 0.05440331
6317.71 0.05618345
6320.45 0.05494967
6323.19 0.05364172
6325.929999999999 0.05724333
6328.669999999999 0.05538447
6331.41 0.0506255
6334.14 0.05603122
6336.88 0.05372108
6339.62 0.05115332
6342.360000000001 0.05502445
6345.1 0.05688668
6347.84 0.05333486
6350.58 0.05575594
6353.32 0.05711878
6356.06 0.05397802
6358.8 0.05550903
6361.53 0.05703398
6364.2699999999995 0.05401495
6367.009999999999 0.05571695
6369.75 0.05908925
6372.49 0.05884577
6375.23 0.05716979
6377.969999999999 0.0574925
6380.710000000001 0.06239016
6383.450000000001 0.06009701
6386.1900000000005 0.05965535
6388.93 0.05885699
6391.66 0.05797953
6394.4 0.05369164
6397.14 0.05368653
6399.88 0.05330093
6402.62 0.05291419
6405.36 0.05696595
6408.099999999999 0.0592081
6410.84 0.05838143
6413.58 0.0568753
6416.32 0.05787747
6419.0599999999995 0.05472312
6421.790000000001 0.05968947
6424.530000000001 0.05984234
6427.27 0.05849474
6430.01 0.0537805
6432.75 0.05197825
6435.490000000001 0.05325559
6438.2300000000005 0.04898072
6440.97 0.05486132
6443.71 0.05451479
6446.45 0.05381947
6449.1900000000005 0.05307829
6451.92 0.05112956
6454.66 0.05371767
6457.4 0.05437729
6460.139999999999 0.05236271
6462.88 0.05271827
6465.62 0.0569716
6468.36 0.05303929
6471.099999999999 0.0528813
6473.839999999999 0.05536862
6476.58 0.05546599
6479.31 0.05341139
6482.05 0.05143078
6484.79 0.05822297
6487.530000000001 0.05626672
6490.27 0.05477474
6493.01 0.05503632
6495.75 0.05006219
6498.49 0.05212542
6501.2300000000005 0.05485791
6503.97 0.05377021
6506.71 0.05516024
6509.44 0.05567563
6512.179999999999 0.05438297
6514.919999999999 0.05134696
6517.66 0.05383711
6520.4 0.05051008
6523.139999999999 0.0561574
6525.879999999999 0.05170304
6528.620000000001 0.0534209
6531.360000000001 0.05530182
6534.1 0.0593043
6536.84 0.05894758
6539.57 0.05769643
6542.31 0.06267336
6545.05 0.07811945
6547.79 0.09490742
6550.53 0.1002694
6553.2699999999995 0.09205368
6556.01 0.1238291
6558.75 0.2619605
6561.49 0.5055588
6564.23 0.6218628
6566.959999999999 0.4902668
6569.700000000001 0.2601548
6572.4400000000005 0.1196054
6575.18 0.07694739
6577.92 0.0863294
6580.660000000001 0.1347399
6583.400000000001 0.1782981
6586.14 0.1778451
6588.88 0.1338169
6591.62 0.08731447
6594.360000000001 0.0664498
6597.09 0.05645587
6599.83 0.05492483
6602.57 0.05277493
6605.3099999999995 0.05497236
6608.05 0.06015936
6610.79 0.05516144
6613.53 0.05846071
6616.2699999999995 0.05615737
6619.009999999999 0.05447516
6621.75 0.05818322
6624.49 0.05677901
6627.22 0.05687542
6629.96 0.05150211
6632.7 0.05557764
6635.4400000000005 0.05475154
6638.18 0.05366554
6640.92 0.05144147
6643.66 0.05379234
6646.4 0.05484207
6649.14 0.05422998
6651.88 0.0539044
6654.61 0.05562525
6657.349999999999 0.05493956
6660.089999999999 0.0533989
6662.83 0.05555726
6665.57 0.0543484
6668.3099999999995 0.05459355
6671.049999999999 0.0545522
6673.789999999999 0.05435005
6676.530000000001 0.05795676
6679.27 0.05699986
6682.01 0.0583644
6684.74 0.05279025
6687.4800000000005 0.05160347
6690.22 0.05304105
6692.96 0.05479628
6695.7 0.05358061
6698.44 0.04977513
6701.18 0.05167927
6703.92 0.05273636
6706.66 0.05664882
6709.4 0.06429823
6712.139999999999 0.08535537
6714.87 0.1354988
6717.610000000001 0.1656663
6720.35 0.1416308
6723.09 0.09620404
6725.830000000001 0.08363424
6728.570000000001 0.1102063
6731.31 0.1279794
6734.05 0.1224079
6736.79 0.0892962
6739.530000000001 0.06489275
6742.27 0.05344463
6745.0 0.05737934
6747.74 0.05366162
6750.48 0.05799648
6753.219999999999 0.05535907
6755.96 0.05093869
6758.7 0.05487267
6761.44 0.05427928
6764.179999999999 0.05244362
6766.919999999999 0.05405503
6769.66 0.05153314
6772.39 0.05332984
6775.13 0.05338872
6777.87 0.05522774
6780.610000000001 0.05130505
6783.35 0.05596264
6786.09 0.05377651
6788.83 0.05195897
6791.57 0.04919758
6794.31 0.04692481
6797.05 0.05095222
6799.79 0.05287617
6802.5199999999995 0.05133057
6811.92 0.05315323
6827.63 0.05313151
6843.360000000001 0.05360158
6859.14 0.052481
6874.95 0.05258019
6890.8 0.05148058
6906.69 0.05229585
6922.610000000001 0.0525155
6938.57 0.05359292
6954.5599999999995 0.05357109
6970.59 0.05391981
6986.66 0.05147147
7002.77 0.05362695
7018.910000000001 0.05348153
7035.09 0.05309092
7051.3099999999995 0.05493385
7067.57 0.05100997
7083.86 0.05253767
7100.19 0.04980678
7116.5599999999995 0.04990013
7132.96 0.04942175
7149.400000000001 0.0494003
7165.89 0.0498362
7182.4 0.04868077
7198.96 0.04766151
7215.549999999999 0.04775102
7232.19 0.05009503
7248.860000000001 0.04984311
7265.57 0.05157221
7282.32 0.05026037
7299.11 0.04875656
7315.93 0.05103217
7332.8 0.05124497
7349.7 0.05326692
7366.639999999999 0.05275566
7383.63 0.05346559
7400.65 0.05282977
7417.709999999999 0.05232247
7434.8099999999995 0.05426119
7451.950000000001 0.05251672
7469.13 0.05165371
7486.34 0.05356764
7503.6 0.05184526
7520.900000000001 0.05351883
7538.240000000001 0.05312646
7555.62 0.05371702
7573.03 0.05344582
7590.49 0.05354434
7607.98 0.05218106
7625.530000000001 0.05096982
7643.1 0.05129934
7660.719999999999 0.05022354
7678.38 0.04816268
7696.08 0.04937492
7713.82 0.04867451
7731.61 0.04898862
7749.43 0.04907876
7767.29 0.0483823
7785.2 0.0480267
7803.15 0.04855949
7821.129999999999 0.04955272
7839.16 0.04773743
7857.24 0.04893878
7875.349999999999 0.04971004
7893.5 0.04957185
7911.700000000001 0.04875534
7929.94 0.04795244
7948.22 0.04738066
7966.54 0.04812744
7984.91 0.04899766
8003.31 0.04774925
8021.76 0.04917605
8040.25 0.04995013
8058.79 0.04924062
8077.36 0.04820681
8095.99 0.049419
8114.65 0.04905432
8133.35 0.04994105
8152.110000000001 0.0486676
8170.9 0.04508413
8189.73 0.04718481
8208.609999999999 0.04619389
8227.539999999999 0.04801362
8246.5 0.0494473
8265.51 0.0474158
8284.57 0.0469571
8303.66 0.04704094
8322.800000000001 0.04800184
8341.99 0.04634787
8361.220000000001 0.04850742
8380.5 0.04781658
8399.82 0.04691973
8419.18 0.04776738
8438.59 0.04807304
8458.04 0.04609701
8477.54 0.0435961
8497.08 0.04701318
8516.67 0.04634338
8536.3 0.0458944
8555.98 0.04135513
8575.7 0.04691303
8595.47 0.04624492
8615.289999999999 0.045481
8635.15 0.04683764
8655.05 0.04585245
8675.01 0.03963948
8695.0 0.0448633
8715.05 0.0458836
8735.14 0.04638922
8755.27 0.04427738
8775.460000000001 0.044972
8795.69 0.04684951
8815.960000000001 0.04153973
8836.29 0.04594357
8856.65 0.04518381
8877.07 0.04118525
8897.54 0.04461691
8918.04 0.04531636
8938.61 0.04425969
8959.21 0.04423543
8979.859999999999 0.0430056
9000.57 0.03839496
9021.31 0.03953934
9042.11 0.04547587
9062.96 0.04661561
9083.85 0.04469794
9104.79 0.04467186
9125.77 0.04283402
9146.81 0.04135571
9167.9 0.04357972
9189.03 0.04416004
9210.22 0.04433837
9231.45 0.04310465
9252.73 0.04239061
9274.06 0.04405701
9295.44 0.04175986
9316.86 0.04350107
9338.34 0.04357576
9359.87 0.04354966
9381.44 0.04342409
9403.07 0.04260587
9424.75 0.04367253
9446.47 0.04304748
9468.25 0.04382094
9490.08 0.04379483
9511.960000000001 0.04277172
9533.880000000001 0.0427457
9555.86 0.04089082
9577.89 0.04269356
9599.97 0.04356101
9622.1 0.04333397
9644.279999999999 0.04291046
9666.51 0.04278477
9688.79 0.0432536
9711.13 0.04263361
9733.52 0.04231363
9755.95 0.04209289
9778.449999999999 0.04226041
9800.99 0.04184651
9823.58 0.04220718
9846.22 0.04237543
9868.92 0.04215347
9891.67 0.04203003
9914.47 0.04190659
9937.33 0.04216986
9960.24 0.04224006
9983.2 0.04201866
10029.269999999999 0.04186753
10075.58 0.04114444
10122.08 0.04233918
10168.8 0.04199204
10215.74 0.04232442
10286.550000000001 0.04253277
10310.26 0.04240655
10501.94 0.04083755
10697.19 0.03900595
10896.07 0.03733611
11098.64 0.03516643
11304.970000000001 0.03516646
11488.66 0.03541054
11702.269999999999 0.03484427
11892.41 0.03335288
12113.5 0.03327592
12310.33 0.03289483
12510.36 0.03192493
12713.630000000001 0.03127044
12890.5 0.03077045
13099.95 0.03034807
13312.81 0.02945286
13498.01 0.02884872
13685.789999999999 0.02838783
13908.16 0.02723505
14101.64 0.02577087
14297.820000000002 0.02530034
14496.720000000001 0.02547585
14698.39 0.02461127
14902.869999999999 0.02506875
15110.189999999999 0.02530033
15285.150000000001 0.02571196
15497.79 0.02565249
15713.38 0.02495325
15895.34 0.02383045
16116.470000000001 0.02366624
16303.09 0.0236119
16491.86 0.02339563
16682.829999999998 0.0235032
16914.91 0.02339563
17110.780000000002 0.02323426
17308.9 0.02249705
17509.34 0.02193479
17712.09 0.02114097
17917.190000000002 0.0203766
18082.96 0.01941463
18292.36 0.01892938
18504.18 0.01832865
18718.45 0.01750369
18891.64 0.01710506
19110.4 0.01687066
19287.23 0.01641091
19510.55 0.01581752
19691.09 0.01528019
19919.11 0.01482948
20103.399999999998 0.01459226
20289.43 0.01416193
20477.170000000002 0.01400001
20714.27 0.01368122
20905.94 0.01343153
21099.39 0.01324751
21294.61 0.01297573
21491.65 0.01273906
21690.5 0.01233479
21891.21 0.01213775
22093.78 0.01183369
22298.19 0.01153814
22504.53 0.01130145
22712.74 0.01101893
22922.91 0.009934079
23081.79 0.009865565
23295.379999999997 0.008692383
23510.94 0.008130708
23673.890000000003 0.008262641
23892.96 0.007658496
24114.019999999997 0.007381054
24281.18 0.007296691
24505.84 0.006825604
24675.72 0.006685186
24904.02 0.005690367
25076.670000000002 0.005664318
25308.71 0.005729433
25484.13 0.005729432
25719.940000000002 0.005836445
25898.210000000003 0.00574302
26077.74 0.00571641
26319.02 0.005586408
26501.47 0.005535167
26685.15 0.005434159
26870.14 0.00535959
27118.75 0.005298212
27306.750000000004 0.005201501
27496.010000000002 0.005118388
27686.59 0.005013412
27878.52 0.004955997
28071.75 0.00486552
28331.51 0.004798762
28527.879999999997 0.004722043
28725.649999999998 0.004635864
28924.75 0.004572278
29125.260000000002 0.004499127
29327.13 0.004417028
29530.44 0.004346419
29666.73 0.004286799
29872.390000000003 0.00420855
30079.440000000002 0.004150798
30287.929999999997 0.004075039
30497.89 0.00403767
30709.28 0.003991466
30922.16 0.003936714
31064.88 0.00390059
31280.230000000003 0.003855973
31497.039999999997 0.00381181
31715.35 0.003776875
31935.21 0.003759493
32082.609999999997 0.003759491
32305.01 0.003794313
32528.920000000002 0.003927656
32679.06 0.004346422
32905.6 0.005560705
33133.67 0.005509747
33286.64 0.004198867
33517.35 0.003690867
33672.049999999996 0.003460422
33905.47 0.003816566
34061.96 0.003733221
34298.090000000004 0.003607466
34535.82 0.003480804
34695.22 0.003409463
34935.73 0.003302622
35096.97 0.003231053
35340.28 0.003130834
35503.39 0.003070307
35667.25 0.003009497
35914.51 0.00291777
36080.27 0.002864943
36330.35 0.002787373
36498.07 0.002735339
36666.52 0.002683644
36920.66 0.002617739
37091.11 0.002573518
37262.3 0.002529127
37520.62 0.00246775
37693.79 0.002430212
37867.77 0.002392557
38130.28 0.00233571
38306.26 0.002303721
38483.06 0.002271788
38660.72 0.00223974
38928.69 0.002192291
39108.36 0.002165397
39288.9 0.002138446
39470.24 0.002111268
39743.82 0.002072086
39927.299999999996 0.002049494
40111.58 0.002026847
40296.71 0.002004028
40482.74 0.00198138
40669.59 0.001962639
40857.299999999996 0.00194384
41140.53 0.001915474
41330.42 0.001897411
41521.17 0.001882125
41712.86 0.001866723
41905.38 0.001851267
42098.8 0.001835752
42293.1 0.001823465
42488.35 0.001811235
42684.45 0.001798949
42881.46 0.001786605
43079.43 0.0017763
43278.26 0.001767014
43478.009999999995 0.001757672
43678.72 0.001748273
43880.32 0.001739836
44082.850000000006 0.001733268
44286.310000000005 0.001726644
44490.759999999995 0.00172002
44696.10999999999 0.001713451
44902.4 0.001709488
45109.700000000004 0.001705467
45317.9 0.001701391
45527.06 0.001697371
45737.240000000005 0.001695219
45948.34 0.001693747
46054.25 0.001692955
46266.81 0.001691483
46480.4 0.001689954
46694.93 0.001690804
46910.45 0.001691766
47127.020000000004 0.001692728
47344.53 0.001693747
47453.659999999996 0.001694597
47672.67999999999 0.001698051
47892.770000000004 0.001701561
48113.81 0.001705015
48335.88 0.001708526
48447.3 0.001711186
48670.96 0.001717244
48895.590000000004 0.001723247
49121.27 0.001729361
49348.04 0.00173559
49461.79 0.00173995
49690.079999999994 0.00174867
49919.42 0.001757389
50149.88 0.001766165
50265.48 0.001770582
50497.48 0.001781452
50730.55 0.001793003
50847.54 0.001798835
50964.74 0.001804611
51082.219999999994 0.001810442
51199.969999999994 0.001816274
51317.99 0.001822163
51436.28 0.001829297
51554.9 0.001836601
51673.74 0.001843962
51792.85 0.001851266
51912.24 0.001858626
52031.9 0.001865987
52151.84 0.001873404
52272.049999999996 0.001880765
52392.6 0.001888692
52513.37 0.001897694
52634.41 0.001906641
52755.74 0.0019157
52877.35 0.001924702
52999.229999999996 0.001933762
53121.46 0.001942878
53243.91 0.001951937
53366.64 0.001961053
53489.649999999994 0.001971415
53612.950000000004 0.001982285
53736.53 0.001993157
53860.4 0.002004028
53984.61 0.002014955
54109.049999999996 0.002025883
54233.770000000004 0.002036868
54358.78 0.00204791
54484.09 0.00205912
54609.67 0.00207203
54735.55 0.002084996
54861.78 0.002098018
54988.24 0.002111042
55115.0 0.002124064
55242.04 0.002137143
55369.380000000005 0.002150279
55497.009999999995 0.002163414
55624.99 0.002177684
55753.21 0.002192971
55881.73 0.002208372
56010.54 0.002223715
56139.65 0.002239174
56269.049999999996 0.002254631
56398.76 0.002270144
56528.82 0.002285659
56659.13 0.002301229
56789.73 0.002319064
56920.63 0.002337127
57051.840000000004 0.002355245
57183.35 0.002373364
57315.22 0.002391596
57447.340000000004 0.002409828
57579.76 0.002428059
57712.479999999996 0.002446405
57845.51 0.002465599
57978.85 0.002486831
58112.5 0.002508064
58246.520000000004 0.002529353
58380.780000000006 0.002550642
58515.35 0.002572045
58650.229999999996 0.002593504
58785.420000000006 0.002614964
58920.93 0.00263648
59009.39 0.001634239
59318.01 0.001783491
59626.63 0.002102604
59935.25 0.002495211
60243.88 0.003023821
60552.49 0.003126248
60861.11 0.002920262
61169.74 0.003484316
61478.36 0.00454414
61786.979999999996 0.00629394
62095.6 0.007199305
62404.219999999994 0.006911672
62712.84 0.005977433
63021.469999999994 0.005252349
63330.09 0.00407566
63638.719999999994 0.00381481
63947.329999999994 0.003526102
64255.950000000004 0.003013403
64564.579999999994 0.002633649
64873.19 0.002879099
65181.810000000005 0.002713088
65490.44 0.002570404
65799.06 0.002714785
66107.68000000001 0.002933794
66416.31 0.002674812
66724.92 0.002714843
67033.54 0.002769595
67342.17 0.002742247
67650.79 0.002890366
67959.42 0.002426587
68268.04000000001 0.002475451
68576.66 0.002298398
68885.28 0.00234109
69193.9 0.00251667
69502.52 0.002861773
69811.14 0.002729281
70119.76 0.002538243
70428.39 0.002818911
70737.01 0.002715352
71045.63 0.002725883
71354.26 0.002895292
71662.87 0.002994379
71971.5 0.003278557
72280.11 0.00354105
72588.73000000001 0.003492923
72897.37 0.003793239
73205.98000000001 0.003650271
73514.6 0.003995712
73823.23000000001 0.003946849
74131.85 0.004217325
74440.47 0.004384413
74749.09 0.004850455
75037.51000000001 0.005483645
75057.71 0.005653732
75366.34 0.006091239
75655.97 0.00617787
75674.95 0.006438323
76274.45 0.006358488
76892.92 0.006398124
77511.39 0.005893068
78129.86 0.005334337
78748.35 0.005216508
79366.82 0.004768809
79985.28 0.004208381
80603.77 0.003822284
81222.23999999999 0.003460139
81840.70999999999 0.003226125
82459.18 0.003520383
83077.65 0.003543315
83696.14 0.00354841
84314.59999999999 0.003501132
84933.08 0.00369268
85551.54999999999 0.003958683
86170.03 0.003977764
86788.48999999999 0.003869959
87406.97 0.003381493
88025.45 0.002886912
88643.90999999999 0.002703009
89262.37999999999 0.002705613
89880.85999999999 0.002767273
90499.32999999999 0.002515538
91117.81000000001 0.002142691
91736.28000000001 0.002157696
92354.76000000001 0.002243363
92973.23000000001 0.002422115
93591.70000000001 0.002333277
94210.17000000001 0.002273882
94828.64 0.002032905
95447.12000000001 0.002050231
96065.59000000001 0.002127008
96684.06 0.002053458
97302.54000000001 0.001900696
97921.02 0.001921588
98539.49 0.001853644
99157.97 0.001840734
99776.4 0.001859872
100394.92 0.001802402
101013.35 0.001737119
101631.88999999998 0.001758634
102250.32 0.001733155
102868.84000000001 0.001761635
103487.29000000001 0.001739044
104105.70999999999 0.001773356
104724.24 0.002074294
105342.67 0.002205258
105961.21 0.001870913
106579.64 0.001745555
107198.06999999999 0.001795721
107816.6 0.001757106
108435.03 0.001729588
109053.56 0.00180529
109671.99 0.001962468
110290.52 0.002019768
110908.95 0.00222264
111527.37999999999 0.003032541
112145.92 0.004028552
112764.34 0.003959645
113382.88 0.003279349
114001.31 0.002635517
114619.84 0.002376478
115238.27 0.002110871
115856.7 0.001875726
116475.23 0.001758918
117093.65999999999 0.00180144
117712.19 0.001775224
118330.62 0.00176843
118949.15 0.001764297
119567.58 0.001857777
120186.01000000001 0.00174029
120804.55 0.001678913
121422.98 0.001636221
122041.51 0.001626878
122659.93999999999 0.001631125
123278.38 0.001715603
123896.9 0.001735647
124515.33 0.001844981
125133.86 0.001858457
125752.29999999999 0.00192742
126370.81999999999 0.001980587
126989.26 0.002132444
127607.69 0.002660261
128226.22000000002 0.002907635
128844.65000000001 0.002087713
129463.18 0.001502313
130081.61 0.001378314
130700.04000000001 0.001268018
131318.56 0.001322826
131937.02 0.001339812
132555.55 0.001289816
133173.94999999998 0.001272151
133792.48 0.00126462
134410.94 0.001257316
135029.37 0.001283022
135647.91 0.00127651
136266.31 0.001309181
136884.84 0.00126881
137503.3 0.001251711
138121.81 0.001227081
138740.22999999998 0.001206924
139358.69 0.001202337
139977.19999999998 0.001248144
140595.66 0.001249333
141214.16 0.001250805
141832.59 0.001275208
142451.13 0.001259298
143069.56 0.001212133
143687.98 0.001129467
144306.55 0.001148774
144838.69999999998 0.001085473
145751.95 0.001108064
146665.31 0.001121313
147578.56 0.001113387
148491.81 0.001127712
149405.06 0.001088247
150318.44 0.001172895
151231.69 0.001139885
152144.94 0.001156135
153058.3 0.001101893
153971.55 0.001274699
154884.8 0.002114325
155798.05000000002 0.002748249
156711.41 0.001689331
157624.66999999998 0.001309973
158537.91 0.00131875
159451.27 0.00125256
160364.53000000003 0.001266149
161277.77 0.001284494
162191.13 0.001302613
163104.38999999998 0.001413645
164017.62999999998 0.001490933
164930.89 0.001596983
165844.27000000002 0.001525924
166757.47999999998 0.001505201
167670.74999999997 0.001446882
168584.02000000002 0.001579657
169497.38 0.001633446
170410.63 0.001769676
171323.88999999998 0.00163271
172237.23 0.001535436
173150.48 0.001568446
174063.75 0.001630389
174977.09 0.001520942
175890.34000000003 0.001524395
176803.61000000002 0.001497953
177716.84 0.001508372
178630.19999999998 0.001491895
179543.46999999997 0.001416193
180456.7 0.001330866
181370.06 0.001347513
182283.31 0.001435162
183196.56 0.001346494
184109.92 0.001382674
185023.19 0.001435444
185936.44 0.001518564
186849.69 0.002209051
187763.05000000002 0.002213751
188676.3 0.001565559
189589.55 0.001462679
190502.91999999998 0.001544722
191416.18999999997 0.001442578
192329.41 0.001455545
193242.66999999998 0.001502483
194156.05 0.001414721
195069.28 0.00147372
195982.55000000002 0.00144088
196895.91 0.001348305
197809.13999999998 0.001410361
198722.41 0.001434821
199635.66 0.001530454
200549.02 0.001609496
201462.27 0.001436011
202375.52000000002 0.001433406
203288.88 0.001533681
204735.09 0.001459112
206483.11 0.001518393
208232.13 0.00157156
209982.16 0.001482779
211733.06 0.00153068
213484.86000000002 0.001566804
215237.65999999997 0.001471738
216991.38 0.001465736
218746.06 0.001528132
220501.77000000002 0.001547609
222258.34 0.001493877
224015.94 0.001528472
225774.41 0.001578751
227533.88 0.001568106
229294.34 0.001490763
231055.72 0.001479325
232818.09 0.001512392
234581.44999999998 0.001567257
236345.7 0.001520319
238111.06 0.001479042
239877.22 0.001483175
241644.45 0.001496878
243412.7 0.001527283
245181.84000000003 0.001501124
246951.94999999998 0.001478023
248723.09000000003 0.001480684
250495.13 0.001513411
252268.22999999998 0.001520715
254042.27 0.001493481
255817.38999999998 0.001515449
257593.38 0.001552366
259370.41 0.001583111
261148.40999999997 0.001580733
262927.38 0.00153538
264707.38 0.001527057
266488.41000000003 0.001536229
268270.38 0.001536003
270053.34 0.001520319
271837.34 0.001563293
273622.28 0.001545911
275408.38 0.001514657
277195.33999999997 0.001521281
278983.31 0.001509787
280772.34 0.001550441
282562.41 0.001572863
284353.38 0.001570824
286145.41 0.001556669
287938.47 0.001533228
289732.63 0.001542174
291527.72 0.001550044
293323.77999999997 0.001555367
295120.97000000003 0.001529095
296919.13 0.001559443
298718.31 0.00159251
300518.53 0.00156703
302319.72 0.001548629
304122.03 0.00154342
305925.34 0.001569012
307729.63 0.001573599
309535.03 0.001595624
311341.53 0.001622745
313149.0 0.001572636
314957.5 0.001596077
316766.97000000003 0.001617479
318577.62 0.001593926
320389.22 0.001608477
322201.97 0.001653773
324015.63 0.001666909
325830.47000000003 0.001669797
327646.34 0.001581525
329463.16000000003 0.001619461
331281.13 0.001726361
333100.16 0.002014276
334920.27999999997 0.002115401
336741.44 0.001756087
338563.63 0.001727153
340386.88 0.001582884
342211.22000000003 0.001688425
344036.72000000003 0.001768996
345863.12 0.002026393
347690.75 0.002343355
