100.05999999999999 7.828366e-17
101.92 1.450086e-16
104.05 2.422187e-16
105.99000000000001 4.091037e-16
107.96 6.975959e-16
109.96000000000001 1.365753e-15
114.09 3.394465e-15
118.1 7.695302e-15
121.13000000000001 3.924442e-14
125.10000000000001 8.03978e-14
127.13000000000001 1.109155e-13
128.01 1.317765e-13
130.99 2.072369e-13
131.9 2.699741e-13
134.05 3.580771e-13
136.85 6.160332e-13
140.04000000000002 9.186991e-13
142.97 3.011318e-12
146.98 9.981841e-12
151.1 1.561749e-11
154.97 2.427208e-11
158.95 3.737207e-11
161.9 5.083206e-11
166.05 7.631096e-11
169.92 1.106662e-10
173.08 1.460771e-10
177.11 2.065484e-10
179.99 2.658487e-10
182.07999999999998 3.135424e-10
185.89000000000001 4.323085e-10
191.1 6.339411e-10
194.2 7.954905e-10
197.81 1.057139e-09
201.95000000000002 1.3981e-09
205.23 1.710372e-09
210.02 2.266458e-09
215.9 3.424157e-09
219.91 4.36505e-09
222.97 5.135602e-09
227.12 6.486101e-09
229.75 1.133981e-08
234.01999999999998 2.162793e-08
240.01999999999998 3.460619e-08
246.18 4.181001e-08
251.91000000000003 5.590781e-08
257.19 5.65854e-08
260.16999999999996 7.316028e-08
263.79 8.846383e-08
269.31 1.049477e-07
273.69 1.231258e-07
278.77 1.440907e-07
283.96000000000004 1.68215e-07
289.9 1.92333e-07
295.96999999999997 2.313e-07
300.78000000000003 2.597144e-07
307.79 3.172999e-07
317.87 4.168944e-07
328.28999999999996 5.266449e-07
338.26 6.502655e-07
347.74 7.937638e-07
356.66 9.471305e-07
365.81 1.135206e-06
375.18999999999994 1.32041e-06
384.81 1.50426e-06
394.69 1.823305e-06
404.81000000000006 2.139802e-06
414.24 2.415317e-06
421.94 2.659757e-06
429.78000000000003 2.92889e-06
440.81 3.38896e-06
451.08000000000004 3.789041e-06
460.52000000000004 4.141197e-06
470.17 4.599252e-06
480.01000000000005 5.142978e-06
490.06 5.568209e-06
500.32 6.225463e-06
506.11999999999995 6.812429e-06
511.98 1.012555e-05
520.3 1.104471e-05
529.97 1.220955e-05
539.82 1.28003e-05
549.86 1.662239e-05
560.08 2.023606e-05
570.49 2.379837e-05
579.76 2.472382e-05
590.5400000000001 3.079508e-05
600.14 3.365077e-05
609.89 4.003922e-05
619.8 4.897524e-05
629.87 5.564219e-05
640.1 5.981834e-05
650.51 7.09891e-05
658.04 7.870936e-05
665.66 8.646406e-05
674.92 9.25532e-05
684.3100000000001 9.658577e-05
695.43 0.0001285787
705.1 0.0001290181
716.56 0.0001624892
726.53 0.0001775212
734.94 0.0001922748
745.16 0.0002260954
755.53 0.0002521325
764.28 0.0002781303
774.9100000000001 0.0003166154
785.69 0.000355469
794.79 0.0003866603
805.84 0.0004193215
815.18 0.0004508507
824.61 0.0005146485
834.1600000000001 0.0004435607
845.77 0.0005835107
855.56 0.0006229498
865.47 0.0006947446
875.49 0.0007712218
885.63 0.0008659536
895.88 0.0009436426
904.17 0.0009782186
914.64 0.00158377
925.2299999999999 0.0116392
935.9499999999999 0.02680009
944.61 0.0536634
955.55 0.07831419
964.39 0.09211942
975.5500000000001 0.01522267
984.58 0.08471146
995.98 0.09120133
1005.1999999999999 0.1350301
1014.5 0.132082
1023.89 0.05652425
1035.74 0.09709585
1045.32 0.1912296
1055.0 0.1922625
1064.76 0.1560286
1074.61 0.1898858
1084.55 0.154084
1094.59 0.207969
1104.72 0.2038127
1114.94 0.2001906
1125.26 0.1839114
1135.67 0.2370128
1146.18 0.2192389
1154.1200000000001 0.2374201
1164.8 0.2503827
1175.58 0.1776885
1183.73 0.2507327
1194.68 0.1754946
1205.73 0.1280165
1214.09 0.08293768
1225.32 0.1785322
1233.8200000000002 0.2774421
1245.23 0.3112326
1253.87 0.3023489
1265.47 0.2632625
1274.24 0.3449611
1286.03 0.3669487
1294.94 0.2950786
1303.92 0.2959893
1315.99 0.3732774
1325.11 0.3625232
1334.29 0.326293
1343.54 0.3916279
1355.97 0.3841791
1365.37 0.3481362
1374.84 0.3697988
1384.3700000000001 0.3785664
1393.9599999999998 0.3352171
1403.62 0.3527566
1416.6100000000001 0.3630603
1426.4299999999998 0.3767798
1436.3200000000002 0.3777302
1442.95 0.4016852
1446.28 0.4104389
1456.3000000000002 0.4020649
1466.3999999999999 0.3752524
1476.5600000000002 0.3778682
1483.3799999999999 0.3881435
1493.66 0.3980767
1504.01 0.3809994
1510.95 0.3416368
1517.93 0.3665804
1524.9299999999998 0.3587387
1535.5 0.3159872
1546.15 0.3511861
1553.29 0.334276
1564.05 0.3427109
1574.8899999999999 0.3679127
1585.81 0.3877295
1596.8 0.3992802
1604.17 0.3942587
1615.29 0.3985684
1626.4899999999998 0.3794898
1634.0 0.4060999
1645.3200000000002 0.4152366
1656.7299999999998 0.3854198
1664.38 0.4249408
1672.06 0.3816996
1675.9099999999999 0.4284668
1683.6499999999999 0.4490513
1695.32 0.4244521
1703.1399999999999 0.410372
1714.95 0.3914487
1726.8400000000001 0.3909706
1734.81 0.4192064
1746.8300000000002 0.4110115
1754.9 0.4406725
1762.99 0.4058542
1775.22 0.418522
1783.41 0.4274981
1795.7699999999998 0.4562841
1804.0600000000002 0.4554274
1816.5700000000002 0.4223381
1824.9499999999998 0.4333162
1833.37 0.4187342
1846.08 0.3864717
1854.6000000000001 0.3892252
1863.16 0.4029885
1876.08 0.435893
1884.74 0.4040325
1893.44 0.388552
1906.56 0.4125219
1915.3600000000001 0.3994357
1924.2 0.3930157
1933.0900000000001 0.4049152
1946.4899999999998 0.4239033
1955.47 0.3982709
1969.02 0.4355299
1978.11 0.44862
1982.67 0.4254031
1996.4199999999998 0.414534
2005.6299999999999 0.4269415
2014.89 0.4141578
2024.1899999999998 0.4334589
2033.53 0.412763
2042.92 0.4289822
2057.08 0.4111663
2066.57 0.4137255
2076.1099999999997 0.4409392
2085.7000000000003 0.4365328
2095.32 0.4136701
2105.0 0.4180872
2114.71 0.4225218
2124.47 0.4289558
2134.28 0.4008327
2144.13 0.409713
2154.03 0.4255814
2163.9700000000003 0.4125364
2173.96 0.4091787
2183.9900000000002 0.4030411
2194.0699999999997 0.4214604
2204.2000000000003 0.4103257
2214.38 0.3921879
2224.6 0.3791679
2234.86 0.404707
2245.18 0.3876446
2255.54 0.3736444
2265.95 0.383729
2276.4100000000003 0.3968199
2286.92 0.4084803
2297.48 0.389713
2302.77 0.3926794
2313.4 0.3789738
2324.08 0.306336
2334.81 0.3603998
2345.58 0.3510483
2356.41 0.3801487
2367.29 0.3544422
2372.75 0.3663013
2383.7 0.3439117
2394.7 0.3681637
2405.75 0.3561499
2416.86 0.3657979
2422.4300000000003 0.3868473
2433.61 0.374234
2444.84 0.3969738
2456.13 0.3929713
2467.47 0.3935303
2473.15 0.381323
2484.57 0.3943698
2496.04 0.3754191
2507.56 0.416046
2513.34 0.377966
2519.13 0.3879375
2524.94 0.3733236
2536.59 0.3790575
2542.44 0.3749878
2554.18 0.4014744
2565.9700000000003 0.3956278
2577.81 0.4187182
2583.75 0.4170983
2595.6800000000003 0.4148445
2607.66 0.4031956
2613.67 0.3997959
2625.74 0.4182974
2637.86 0.4306591
2643.94 0.4639439
2656.1400000000003 0.4732736
2662.26 0.4379626
2674.55 0.4582382
2686.8999999999996 0.4600008
2693.09 0.4426737
2705.52 0.4547284
2718.01 0.4379319
2724.28 0.4392878
2736.85 0.4607001
2743.16 0.4099625
2755.8199999999997 0.4192072
2762.1800000000003 0.4352745
2774.92 0.4554438
2787.73 0.4376407
2794.16 0.3626246
2807.06 0.3891666
2813.53 0.4607692
2826.5099999999998 0.4799157
2833.03 0.4650642
2846.11 0.4572998
2852.67 0.4451892
2865.84 0.4822203
2872.44 0.4826009
2885.7 0.4844877
2892.3500000000004 0.4837768
2912.4 0.5208368
2932.59 0.5078716
2952.92 0.5044567
2973.38 0.5162909
2987.11 0.5195332
3007.82 0.5292952
3028.6600000000003 0.5330741
3049.6600000000003 0.5368899
3070.8 0.5419804
3092.08 0.5483982
3113.52 0.55107
3127.89 0.5482157
3149.5699999999997 0.5547204
3171.3999999999996 0.5600213
3193.38 0.5399381
3208.12 0.5586098
3230.3599999999997 0.5435728
3252.75 0.5720199
3267.77 0.5904512
3290.42 0.592031
3313.2299999999996 0.594994
3320.86 0.5996686
3328.52 0.6099579
3336.19 0.6204359
3343.88 0.5903264
3351.5899999999997 0.6046322
3359.32 0.6037784
3367.06 0.5987991
3374.82 0.5632243
3382.6 0.5781869
3390.4 0.6158466
3398.2200000000003 0.6192572
3406.0499999999997 0.6015544
3413.9 0.606283
3421.77 0.6296075
3429.66 0.6215536
3437.5699999999997 0.6293266
3445.49 0.5771365
3453.4300000000003 0.6422224
3461.4 0.5957901
3469.37 0.6086039
3477.3700000000003 0.5893051
3485.39 0.6086288
3493.42 0.6044646
3501.48 0.6114673
3509.55 0.6086872
3517.6400000000003 0.5934713
3525.7500000000005 0.6101123
3533.87 0.6344902
3542.02 0.6492849
3550.1899999999996 0.6538146
3558.3700000000003 0.6389507
3566.57 0.6538429
3570.41 0.5611254
3573.0899999999997 0.5378257
3575.77 0.4626428
3578.44 0.4888241
3581.12 0.6757293
3583.7999999999997 0.6005182
3586.47 0.5675023
3589.1499999999996 0.5406505
3591.83 0.5221897
3594.5 0.5232544
3597.18 0.6591573
3599.85 0.6022695
3602.5299999999997 0.6104355
3605.2099999999996 0.6810853
3607.88 0.5452115
3610.56 0.5240095
3613.24 0.6663313
3615.91 0.6898562
3618.5899999999997 0.5716835
3621.27 0.4959271
3623.94 0.5981438
3626.62 0.5944367
3629.2999999999997 0.587611
3631.97 0.6104923
3634.6499999999996 0.6393697
3637.33 0.669142
3640.0 0.6566141
3642.68 0.5585377
3645.36 0.660737
3648.0299999999997 0.676836
3650.7099999999996 0.6568086
3653.3900000000003 0.6733653
3656.06 0.6239594
3658.74 0.6127425
3661.42 0.7136973
3664.0899999999997 0.7064696
3666.7699999999995 0.7284104
3669.4500000000003 0.7800687
3672.12 0.7739461
3674.7999999999997 0.6005616
3677.48 0.5714723
3680.1499999999996 0.6311195
3682.8300000000004 0.7615541
3685.51 0.6927059
3688.18 0.6126596
3690.86 0.6268668
3693.54 0.6093848
3696.2099999999996 0.6780383
3698.8900000000003 0.7069715
3701.57 0.7316112
3704.24 0.7913569
3706.92 0.749569
3709.6 0.7086902
3712.2699999999995 0.5928568
3714.9500000000003 0.5724519
3717.63 0.6830982
3720.3 0.8970816
3722.98 0.8958213
3725.6600000000003 1.159991
3728.3300000000004 1.384507
3731.01 1.475671
3733.68 1.317243
3736.36 1.060815
3739.04 0.7366887
3741.7099999999996 0.7644372
3744.3900000000003 0.8142356
3747.07 0.6859799
3749.74 0.6783886
3752.42 0.6288813
3755.1 0.5702421
3757.7700000000004 0.6921775
3760.4500000000003 0.7353334
3763.13 0.8517411
3765.8 0.7177836
3768.48 0.7596947
3771.16 0.7503795
3773.8300000000004 0.7338241
3776.51 0.8260384
3779.19 0.9902038
3781.86 0.9192904
3784.54 0.9644176
3787.2200000000003 0.9619265
3789.8900000000003 0.9072634
3792.57 0.8482459
3795.25 0.7922216
3797.92 0.6645433
3800.6 0.7065662
3803.28 0.6485423
3805.9500000000003 0.7147206
3808.63 0.7261868
3811.31 0.8589566
3813.98 0.9142835
3816.66 0.847099
3819.34 0.837448
3822.01 0.8592112
3824.69 0.7691898
3827.37 0.7401281
3830.04 0.5819068
3832.72 0.6868755
3835.4 0.5754998
3838.07 0.5603422
3840.75 0.6816451
3843.43 0.6728196
3846.1 0.7201323
3848.78 0.7574564
3851.46 0.8476426
3854.13 0.9603209
3856.81 0.8882138
3859.49 0.871878
3862.16 0.9930452
3864.84 0.9925259
3867.52 0.9613523
3870.19 1.022399
3872.87 1.004133
3875.54 1.08157
3878.22 0.9270088
3880.9 0.8471823
3883.57 0.7960706
3886.25 0.8249199
3888.93 0.7667838
3891.6 0.7705763
3894.2799999999997 0.7414727
3896.96 0.769315
3899.63 0.8226277
3902.31 0.8747474
3904.99 0.8798643
3907.66 0.9424214
3910.34 1.02486
3913.02 0.9961054
3915.69 0.9832428
3918.37 1.074422
3921.0499999999997 0.9530743
3923.72 0.9182274
3926.4 0.8383728
3929.08 0.9436066
3931.75 0.7369565
3934.43 0.6544171
3937.1099999999997 0.6497171
3939.7799999999997 0.6611868
3942.46 0.6586405
3945.14 0.7561969
3947.81 0.8544984
3950.49 0.9372449
3953.1699999999996 0.9970421
3955.8399999999997 0.9276388
3958.52 0.9189806
3961.2000000000003 0.8004304
3963.87 0.7860987
3966.5499999999997 0.7355984
3969.2300000000005 0.647801
3971.9 0.6243787
3974.58 0.6587101
3977.26 0.68156
3979.93 0.8482889
3982.6099999999997 0.8780609
3985.2900000000004 0.9194543
3987.96 0.9792422
3990.64 1.112697
3993.32 1.121086
3995.99 1.152402
3998.6699999999996 1.086741
4001.3399999999997 1.121273
4004.02 1.11158
4006.7000000000003 1.122248
4009.37 1.116476
4012.0499999999997 1.187405
4014.73 1.214142
4017.3999999999996 1.157424
4020.08 1.189237
4022.76 1.152903
4025.43 1.137971
4028.1099999999997 1.112964
4030.7900000000004 1.156776
4033.46 1.079752
4036.14 1.089512
4038.82 1.165013
4041.49 1.162779
4044.17 1.228254
4046.8500000000004 1.127632
4049.52 1.15471
4052.2000000000003 1.143786
4054.88 1.135897
4057.5499999999997 1.098953
4060.23 1.024062
4062.9100000000003 1.190032
4065.58 1.171911
4068.26 1.103034
4070.94 1.089509
4073.6099999999997 1.11056
4076.29 1.097314
4078.9700000000003 1.081384
4081.6400000000003 1.110644
4084.32 1.106474
4087.0 1.113605
4089.67 1.176945
4092.3500000000004 1.15068
4095.03 1.070462
4097.7 1.025812
4100.38 0.9988336
4103.06 0.9492139
4105.7300000000005 0.9305613
4108.41 0.9370207
4111.09 0.9554652
4113.76 1.043153
4116.4400000000005 1.098167
4119.12 1.175109
4121.79 1.165561
4124.47 1.101887
4127.15 1.078922
4129.82 1.041265
4132.5 1.136975
4135.18 1.104458
4137.85 1.156205
4140.53 1.124206
4143.2 1.124462
4145.88 1.145045
4148.56 1.182215
4151.2300000000005 1.111064
4153.91 1.07845
4156.59 1.122934
4159.26 1.060803
4161.9400000000005 1.15689
4164.62 1.175488
4167.29 1.165297
4169.97 1.12804
4172.65 1.098208
4175.32 1.114098
4178.0 1.117663
4180.68 1.09253
4183.35 1.185197
4186.03 1.113355
4188.71 1.153308
4191.38 1.102449
4194.06 1.13478
4196.74 1.092041
4199.41 1.136907
4202.09 1.136458
4204.7699999999995 1.185836
4207.4400000000005 1.167464
4210.12 1.172035
4212.8 1.219134
4215.47 1.236157
4218.15 1.226995
4220.83 1.116108
4223.5 1.187938
4226.18 1.123452
4228.86 1.119828
4231.53 1.093093
4234.21 1.096475
4236.889999999999 1.197429
4239.56 1.170498
4242.24 1.176062
4244.92 1.180214
4247.59 1.216256
4250.2699999999995 1.13917
4252.95 1.186633
4255.62 1.121705
4258.3 1.218394
4260.98 1.225356
4263.65 1.211375
4266.33 1.156805
4269.009999999999 1.227958
4271.68 1.138207
4274.36 1.103817
4277.03 1.115288
4279.71 1.162834
4282.389999999999 1.16714
4285.06 1.137076
4287.74 1.102909
4290.42 1.108921
4293.09 1.186694
4295.7699999999995 1.10035
4298.45 1.062631
4301.12 1.070634
4303.8 1.128375
4306.48 1.134569
4309.15 1.038469
4311.83 1.021266
4314.509999999999 1.068868
4317.18 1.125286
4319.86 1.169295
4322.54 1.190829
4325.21 1.146067
4327.889999999999 1.100573
4330.570000000001 1.157028
4333.24 1.087037
4335.92 1.092224
4338.6 1.14984
4341.2699999999995 1.172722
4343.95 1.148331
4346.63 1.118626
4349.3 1.095498
4351.98 1.117564
4354.66 1.181375
4357.33 1.215935
4360.01 1.221933
4362.6900000000005 1.242278
4365.36 1.281216
4368.04 1.283549
4370.72 1.248208
4373.389999999999 1.193881
4376.070000000001 1.246797
4378.75 1.242418
4381.42 1.223766
4384.1 1.113452
4386.78 1.093858
4389.45 1.1246
4392.13 1.15626
4394.81 1.180605
4397.4800000000005 1.208201
4400.16 1.169503
4402.84 1.159936
4405.51 1.250393
4408.1900000000005 1.268026
4410.87 1.257297
4413.54 1.260252
4416.22 1.247972
4418.889999999999 1.227655
4421.570000000001 1.258196
4424.25 1.283493
4426.92 1.284224
4429.6 1.339056
4432.28 1.29882
4434.95 1.235277
4437.63 1.238226
4440.31 1.214659
4442.9800000000005 1.272714
4445.66 1.343069
4448.34 1.321839
4451.01 1.309732
4453.6900000000005 1.282963
4456.37 1.245454
4459.04 1.249471
4461.72 1.27976
4464.4 1.273003
4467.070000000001 1.273902
4469.75 1.239009
4472.43 1.281436
4475.1 1.303144
4477.78 1.331644
4480.46 1.386406
4483.13 1.373138
4485.81 1.338384
4488.49 1.330131
4491.16 1.31092
4493.84 1.301674
4496.5199999999995 1.32553
4499.1900000000005 1.318905
4501.87 1.340719
4504.55 1.40267
4507.22 1.411763
4509.9 1.402811
4512.58 1.42043
4515.25 1.407848
4517.93 1.389777
4520.61 1.382825
4523.28 1.366061
4525.96 1.340453
4528.64 1.316215
4531.31 1.285928
4533.99 1.267369
4536.67 1.267269
4539.34 1.319771
4542.0199999999995 1.397692
4544.7 1.34315
4547.37 1.3211
4550.05 1.348103
4552.72 1.291985
4555.4 1.252714
4558.08 1.353081
4560.75 1.388802
4563.43 1.409945
4566.11 1.405188
4568.78 1.408129
4571.46 1.410784
4574.139999999999 1.410362
4576.81 1.364035
4579.49 1.427565
4582.17 1.463784
4584.84 1.494974
4587.5199999999995 1.395526
4590.2 1.377288
4592.87 1.388508
4595.55 1.325057
4598.23 1.364324
4600.9 1.360566
4603.58 1.366857
4606.26 1.403929
4608.93 1.396549
4611.61 1.40449
4614.29 1.456371
4616.96 1.47092
4619.639999999999 1.423369
4622.32 1.414697
4624.99 1.412883
4627.67 1.378982
4630.349999999999 1.391356
4633.0199999999995 1.403653
4635.7 1.415538
4638.38 1.428541
4641.05 1.36553
4643.73 1.354228
4646.41 1.335906
4649.08 1.364607
4651.76 1.348383
4654.4400000000005 1.339137
4657.11 1.375235
4659.79 1.41316
4662.47 1.421269
4665.139999999999 1.338595
4667.82 1.325042
4670.5 1.318229
4673.17 1.327813
4675.849999999999 1.382995
4678.53 1.398753
4681.2 1.429104
4683.88 1.364017
4686.56 1.397872
4689.23 1.445746
4691.91 1.382323
4694.58 1.359294
4697.26 1.364872
4699.9400000000005 1.370869
4702.61 1.313242
4705.29 1.366564
4707.97 1.394014
4710.639999999999 1.346204
4713.32 1.342734
4716.0 1.343683
4718.67 1.403653
4721.35 1.417356
4724.03 1.434416
4726.7 1.4154
4729.38 1.374983
4732.06 1.4119
4734.73 1.372817
4737.41 1.380255
4740.09 1.388797
4742.759999999999 1.420994
4745.4400000000005 1.353837
4748.12 1.392601
4750.79 1.451341
4753.47 1.420433
4756.150000000001 1.39179
4758.820000000001 1.38606
4761.5 1.375514
4764.18 1.393244
4766.85 1.392535
4769.53 1.354508
4772.21 1.368785
4774.88 1.39501
4777.56 1.425886
4780.24 1.422108
4782.91 1.404212
4785.59 1.398756
4788.27 1.344997
4790.9400000000005 1.317142
4793.62 1.416516
4796.3 1.373651
4798.97 1.414001
4801.65 1.382911
4804.33 1.386335
4807.0 1.426587
4809.68 1.383834
4812.36 1.392055
4815.03 1.379193
4817.71 1.413859
4820.39 1.496227
4823.06 1.431761
4825.74 1.397161
4828.42 1.425884
4831.09 1.403092
4833.77 1.396266
4836.4400000000005 1.393501
4839.12 1.350831
4841.8 1.33195
4844.47 1.345715
4847.15 1.333126
4849.83 1.352647
4852.5 1.313773
4855.18 1.331266
4857.86 1.414697
4860.53 1.522524
4863.21 1.541262
4865.89 1.483502
4868.56 1.363265
4871.24 1.278529
4873.92 1.21582
4876.59 1.22683
4879.27 1.262405
4881.95 1.302903
4884.62 1.30885
4887.3 1.299367
4889.98 1.278555
4892.65 1.266644
4895.33 1.289927
4898.01 1.365261
4900.68 1.370942
4903.36 1.401833
4906.04 1.415256
4908.71 1.440433
4911.39 1.379429
4914.07 1.362016
4916.74 1.367879
4919.42 1.32728
4922.099999999999 1.317866
4924.7699999999995 1.302836
4927.45 1.397553
4930.13 1.397831
4932.8 1.398436
4935.48 1.37473
4938.16 1.345024
4940.83 1.336721
4943.51 1.389092
4946.19 1.435394
4948.86 1.418896
4951.54 1.525597
4954.219999999999 1.510212
4956.89 1.584335
4959.57 1.525457
4962.25 1.52126
4964.92 1.498748
4967.599999999999 1.481126
4970.2699999999995 1.420016
4972.95 1.405749
4975.63 1.423788
4978.3 1.394941
4980.98 1.359082
4983.66 1.323055
4986.33 1.344652
4989.01 1.356355
4991.69 1.414558
4994.36 1.451761
4997.04 1.476372
4999.72 1.518884
5002.39 1.63636
5005.070000000001 1.847948
5007.75 1.93507
5010.42 1.796486
5013.1 1.594963
5015.78 1.45777
5018.45 1.335393
5021.13 1.301003
5023.8099999999995 1.330047
5026.48 1.289257
5029.16 1.322273
5031.839999999999 1.352409
5034.51 1.393178
5037.1900000000005 1.420572
5039.87 1.420571
5042.54 1.383305
5045.22 1.398896
5047.9 1.331753
5050.57 1.358915
5053.25 1.36943
5055.929999999999 1.383469
5058.599999999999 1.416938
5061.280000000001 1.444486
5063.959999999999 1.4298
5066.63 1.388982
5069.31 1.342635
5071.99 1.384811
5074.66 1.386059
5077.34 1.341838
5080.0199999999995 1.329026
5082.69 1.309521
5085.37 1.350242
5088.049999999999 1.389216
5090.719999999999 1.388576
5093.400000000001 1.360395
5096.08 1.391411
5098.75 1.36332
5101.43 1.323923
5104.11 1.337375
5106.78 1.331658
5109.46 1.306736
5112.13 1.322696
5114.8099999999995 1.346929
5117.49 1.372212
5120.16 1.382998
5122.839999999999 1.372186
5125.52 1.367877
5128.1900000000005 1.338932
5130.87 1.306975
5133.55 1.237972
5136.22 1.35872
5138.9 1.345559
5141.58 1.291072
5144.25 1.287551
5146.929999999999 1.299381
5149.61 1.258418
5152.28 1.332834
5154.959999999999 1.358145
5157.64 1.315881
5160.31 1.331226
5162.99 1.358662
5165.67 1.311308
5168.34 1.190762
5171.0199999999995 1.114292
5173.7 1.097019
5176.37 1.124139
5179.049999999999 1.234463
5181.73 1.248614
5184.400000000001 1.196972
5187.079999999999 1.206535
5189.76 1.253733
5192.43 1.357726
5195.11 1.279102
5197.79 1.298847
5200.46 1.390031
5203.14 1.370996
5205.82 1.361513
5208.49 1.323939
5211.17 1.298233
5213.849999999999 1.266234
5216.52 1.321841
5219.200000000001 1.386127
5221.88 1.369092
5224.55 1.318723
5227.2300000000005 1.30489
5229.91 1.316202
5232.58 1.356341
5235.26 1.369415
5237.94 1.405606
5240.61 1.366844
5243.290000000001 1.436794
5245.959999999999 1.412744
5248.64 1.357698
5251.320000000001 1.356382
5253.99 1.386382
5256.67 1.380731
5259.35 1.321182
5262.0199999999995 1.369321
5264.7 1.342664
5267.38 1.261355
5270.049999999999 1.256533
5272.73 1.271384
5275.410000000001 1.261424
5278.080000000001 1.324443
5280.76 1.362257
5283.4400000000005 1.364394
5286.110000000001 1.407289
5288.79 1.467841
5291.47 1.443226
5294.14 1.430643
5296.82 1.417356
5299.5 1.374127
5302.17 1.445607
5304.849999999999 1.439732
5307.530000000001 1.469937
5310.200000000001 1.530914
5312.88 1.563217
5315.56 1.563075
5318.2300000000005 1.462249
5320.91 1.432879
5323.59 1.469517
5326.26 1.421553
5328.94 1.338608
5331.62 1.358856
5334.290000000001 1.363348
5336.969999999999 1.402112
5339.650000000001 1.410921
5342.320000000001 1.425189
5345.0 1.440291
5347.68 1.397817
5350.35 1.431901
5353.03 1.451199
5355.71 1.482243
5358.38 1.479729
5361.0599999999995 1.501544
5363.74 1.47511
5366.410000000001 1.446585
5369.09 1.453856
5371.77 1.447421
5374.4400000000005 1.419594
5377.12 1.399734
5379.8 1.428262
5382.47 1.445746
5385.15 1.427144
5387.82 1.469802
5390.5 1.438334
5393.179999999999 1.428962
5395.849999999999 1.423512
5398.530000000001 1.388282
5401.21 1.355207
5403.88 1.320947
5406.56 1.28148
5409.24 1.335152
5411.91 1.349378
5414.59 1.353726
5417.2699999999995 1.416795
5419.94 1.347141
5422.62 1.464205
5425.299999999999 1.397342
5427.969999999999 1.42477
5430.650000000001 1.44127
5433.33 1.343193
5436.0 1.401135
5438.68 1.399036
5441.36 1.423648
5444.03 1.428825
5446.71 1.435117
5449.389999999999 1.409103
5452.0599999999995 1.426867
5454.74 1.387498
5457.419999999999 1.420711
5460.089999999999 1.417777
5462.77 1.391078
5465.45 1.430779
5468.12 1.432181
5470.8 1.424069
5473.48 1.388895
5476.15 1.426867
5478.83 1.348103
5481.51 1.364282
5484.179999999999 1.402673
5486.86 1.392756
5489.540000000001 1.430779
5492.21 1.412742
5494.89 1.474273
5497.570000000001 1.408683
5500.24 1.398477
5502.92 1.400574
5505.6 1.384098
5508.2699999999995 1.401554
5510.95 1.417635
5513.63 1.384238
5516.299999999999 1.437215
5518.98 1.44001
5521.660000000001 1.45721
5524.33 1.451759
5527.01 1.391707
5529.68 1.37139
5532.36 1.410504
5535.04 1.406307
5537.71 1.440014
5540.389999999999 1.435257
5543.07 1.419453
5545.74 1.433161
5548.419999999999 1.388422
5551.1 1.428263
5553.77 1.46113
5556.45 1.444766
5559.13 1.459868
5561.8 1.447985
5564.4800000000005 1.483924
5567.16 1.44924
5569.83 1.437636
5572.51 1.466023
5575.19 1.438471
5577.86 1.390703
5580.540000000001 1.439452
5583.22 1.436933
5585.89 1.431622
5588.570000000001 1.36406
5591.25 1.370897
5593.92 1.36546
5596.6 1.368227
5599.28 1.338816
5601.95 1.347629
5604.63 1.41344
5607.3099999999995 1.436513
5609.98 1.476932
5612.660000000001 1.499306
5615.34 1.476509
5618.01 1.364481
5620.6900000000005 1.425327
5623.37 1.416375
5626.04 1.359992
5628.72 1.352214
5631.4 1.423927
5634.07 1.429524
5636.75 1.474413
5639.429999999999 1.444624
5642.099999999999 1.367893
5644.780000000001 1.404769
5647.46 1.403788
5650.13 1.473995
5652.81 1.378785
5655.49 1.42085
5658.16 1.410225
5660.84 1.338593
5663.51 1.333506
5666.19 1.387555
5668.87 1.396378
5671.540000000001 1.374914
5674.22 1.448542
5676.900000000001 1.483083
5679.570000000001 1.463089
5682.25 1.414839
5684.93 1.449799
5687.6 1.45232
5690.28 1.384632
5692.96 1.408544
5695.63 1.446167
5698.3099999999995 1.449801
5700.99 1.433717
5703.660000000001 1.47945
5706.34 1.313072
5709.02 1.358367
5711.6900000000005 1.34563
5714.37 1.403791
5717.05 1.36982
5719.72 1.3835
5722.4 1.449381
5725.08 1.431619
5727.75 1.44295
5730.429999999999 1.467841
5733.110000000001 1.479726
5735.780000000001 1.389724
5738.46 1.409804
5741.14 1.464762
5743.81 1.443928
5746.49 1.460708
5749.17 1.449799
5751.84 1.425748
5754.5199999999995 1.481546
5757.2 1.479027
5759.87 1.420294
5762.549999999999 1.372185
5765.2300000000005 1.390377
5767.900000000001 1.412462
5770.58 1.399035
5773.26 1.44868
5775.93 1.51595
5778.61 1.414698
5781.29 1.425884
5783.96 1.342482
5786.639999999999 1.2898
5789.32 1.332774
5791.99 1.358607
5794.669999999999 1.346369
5797.35 1.373903
5800.02 1.397373
5802.7 1.418893
5805.37 1.45246
5808.05 1.459031
5810.73 1.52336
5813.4 1.458893
5816.08 1.436656
5818.759999999999 1.4491
5821.429999999999 1.428546
5824.11 1.44141
5826.789999999999 1.404768
5829.46 1.456935
5832.14 1.398896
5834.82 1.433857
5837.49 1.506581
5840.17 1.446025
5842.85 1.477489
5845.5199999999995 1.477213
5848.2 1.416097
5850.88 1.443926
5853.549999999999 1.400156
5856.2300000000005 1.351292
5858.910000000001 1.354884
5861.58 1.392045
5864.26 1.3821
5866.9400000000005 1.398265
5869.61 1.381668
5872.29 1.396686
5874.97 1.433716
5877.639999999999 1.438335
5880.32 1.41316
5883.0 1.401551
5885.669999999999 1.305969
5888.35 1.207738
5891.030000000001 1.156035
5893.7 1.146892
5896.38 1.149785
5899.06 1.17381
5901.73 1.250351
5904.41 1.316945
5907.09 1.363527
5909.759999999999 1.35567
5912.44 1.372296
5915.120000000001 1.42085
5917.790000000001 1.364844
5920.47 1.360465
5923.150000000001 1.432457
5925.820000000001 1.449802
5928.5 1.428124
5931.18 1.417074
5933.85 1.437075
5936.53 1.430221
5939.2 1.446447
5941.88 1.439872
5944.5599999999995 1.452037
5947.23 1.441412
5949.910000000001 1.385471
5952.59 1.359808
5955.26 1.380774
5957.9400000000005 1.438054
5960.62 1.437912
5963.29 1.44267
5965.97 1.407147
5968.65 1.382001
5971.32 1.412603
5974.0 1.430222
5976.679999999999 1.424207
5979.35 1.419176
5982.030000000001 1.39031
5984.71 1.433157
5987.38 1.480849
5990.06 1.485042
5992.74 1.440569
5995.41 1.38957
5998.09 1.428684
6000.7699999999995 1.405467
6003.44 1.400436
6006.120000000001 1.409804
6008.799999999999 1.413159
6011.47 1.412742
6014.150000000001 1.379094
6016.83 1.378057
6019.5 1.381053
6022.18 1.377751
6024.86 1.341361
6027.53 1.413022
6030.21 1.437913
6032.889999999999 1.41218
6035.5599999999995 1.395233
6038.240000000001 1.44029
6040.92 1.407285
6043.59 1.397121
6046.27 1.421271
6048.95 1.511191
6051.62 1.397988
6054.3 1.418195
6056.98 1.429101
6059.65 1.449382
6062.33 1.454834
6065.009999999999 1.413997
6067.679999999999 1.409525
6070.360000000001 1.482944
6073.04 1.414557
6075.71 1.446445
6078.39 1.389567
6081.06 1.388885
6083.74 1.43246
6086.42 1.475112
6089.09 1.405891
6091.7699999999995 1.374102
6094.45 1.354493
6097.12 1.365712
6099.799999999999 1.361753
6102.4800000000005 1.356256
6105.150000000001 1.398227
6107.83 1.400574
6110.51 1.414978
6113.18 1.412883
6115.86 1.467282
6118.54 1.416236
6121.21 1.462808
6123.889999999999 1.434557
6126.57 1.398209
6129.240000000001 1.437915
6131.919999999999 1.437354
6134.6 1.407705
6137.27 1.325282
6139.95 1.328846
6142.63 1.447701
6145.3 1.381599
6147.98 1.406168
6150.66 1.395986
6153.33 1.418476
6156.009999999999 1.411063
6158.69 1.393874
6161.360000000001 1.360845
6164.04 1.322567
6166.72 1.257047
6169.39 1.318653
6172.07 1.32507
6174.75 1.327488
6177.42 1.308346
6180.099999999999 1.324483
6182.78 1.393538
6185.45 1.426587
6188.129999999999 1.392379
6190.8099999999995 1.382826
6193.4800000000005 1.340427
6196.16 1.364787
6198.84 1.392489
6201.51 1.355251
6204.1900000000005 1.391553
6206.87 1.432178
6209.54 1.388786
6212.22 1.382463
6214.889999999999 1.379935
6217.57 1.376969
6220.250000000001 1.328664
6222.919999999999 1.349882
6225.6 1.364242
6228.280000000001 1.318986
6230.95 1.298809
6233.63 1.297283
6236.31 1.355542
6238.98 1.341295
6241.66 1.333979
6244.34 1.299589
6247.009999999999 1.309298
6249.69 1.338216
6252.370000000001 1.290345
6255.039999999999 1.255442
6257.72 1.226786
6260.400000000001 1.302148
6263.07 1.346203
6265.75 1.300765
6268.43 1.346214
6271.099999999999 1.352384
6273.78 1.339251
6276.46 1.330118
6279.13 1.374536
6281.8099999999995 1.392952
6284.490000000001 1.333236
6287.160000000001 1.358551
6289.84 1.386506
6292.52 1.406027
6295.1900000000005 1.350944
6297.87 1.474413
6300.55 1.425885
6303.22 1.423091
6305.9 1.45973
6308.58 1.340676
6311.250000000001 1.357768
6313.929999999999 1.287269
6316.610000000001 1.318552
6319.280000000001 1.396576
6321.96 1.300611
6324.64 1.398894
6327.31 1.377752
6329.99 1.314609
6332.67 1.314244
6335.34 1.359292
6338.0199999999995 1.327447
6340.7 1.348199
6343.370000000001 1.35753
6346.05 1.289059
6348.7300000000005 1.291911
6351.400000000001 1.333812
6354.08 1.305925
6356.75 1.379557
6359.43 1.437634
6362.11 1.352955
6364.78 1.357363
6367.46 1.342972
6370.139999999999 1.36129
6372.8099999999995 1.358244
6375.490000000001 1.396183
6378.17 1.426865
6380.84 1.386633
6383.52 1.321351
6386.2 1.301169
6388.87 1.306472
6391.55 1.364494
6394.23 1.394196
6396.9 1.380368
6399.58 1.367808
6402.259999999999 1.464903
6404.929999999999 1.382242
6407.610000000001 1.347656
6410.29 1.322985
6412.96 1.313842
6415.64 1.313323
6418.32 1.339446
6420.99 1.387066
6423.67 1.421691
6426.349999999999 1.389469
6429.0199999999995 1.40533
6431.7 1.384827
6434.379999999999 1.310091
6437.049999999999 1.344511
6439.7300000000005 1.389778
6442.41 1.355234
6445.08 1.355237
6447.76 1.389051
6450.44 1.385077
6453.11 1.352817
6455.79 1.322203
6458.469999999999 1.372882
6461.139999999999 1.388492
6463.82 1.386939
6466.499999999999 1.369596
6469.17 1.358341
6471.85 1.375387
6474.53 1.378476
6477.2 1.393764
6479.88 1.377807
6482.56 1.359443
6485.23 1.403931
6487.91 1.322804
6490.59 1.292918
6493.259999999999 1.247232
6495.94 1.266138
6498.610000000001 1.29755
6501.29 1.2925
6503.97 1.341488
6506.64 1.30734
6509.32 1.361725
6512.0 1.381302
6514.67 1.420994
6517.349999999999 1.44183
6520.03 1.343194
6522.7 1.40589
6525.379999999999 1.369976
6528.06 1.410083
6530.7300000000005 1.381515
6533.41 1.368773
6536.09 1.388966
6538.76 1.41554
6541.44 1.458611
6544.12 1.620553
6546.79 1.786136
6549.469999999999 1.901928
6552.15 1.911855
6554.82 1.853403
6557.500000000001 1.919269
6560.18 2.454463
6562.85 3.23454
6565.530000000001 3.438574
6568.21 2.934979
6570.88 2.232949
6573.56 1.756626
6576.24 1.706978
6578.91 1.975909
6581.59 2.461039
6584.2699999999995 2.866454
6586.94 2.905477
6589.620000000001 2.509286
6592.3 1.938845
6594.97 1.543779
6597.650000000001 1.406727
6600.33 1.378085
6603.0 1.383961
6605.68 1.343544
6608.36 1.344354
6611.03 1.333113
6613.71 1.345432
6616.389999999999 1.356185
6619.0599999999995 1.345097
6621.740000000001 1.39428
6624.42 1.350786
6627.09 1.362355
6629.77 1.381876
6632.44 1.351699
6635.12 1.348873
6637.8 1.318203
6640.47 1.283523
6643.15 1.319575
6645.83 1.352536
6656.58 1.370592
6671.92 1.336008
6687.3 1.332637
6702.719999999999 1.332342
6718.17 1.344371
6733.66 1.334804
6749.18 1.328372
6764.74 1.349655
6780.33 1.349348
6795.97 1.345936
6811.629999999999 1.342538
6827.33 1.34223
6843.07 1.351222
6858.849999999999 1.332369
6874.66 1.329001
6890.500000000001 1.301439
6906.39 1.325337
6922.31 1.325031
6938.2699999999995 1.349333
6954.26 1.342831
6970.3 1.354925
6986.360000000001 1.293647
7002.469999999999 1.351179
7018.61 1.341561
7034.79 1.332008
7051.01 1.375317
7067.259999999999 1.304066
7083.549999999999 1.337211
7099.879999999999 1.285562
7116.249999999999 1.282304
7132.650000000001 1.282
7149.1 1.290569
7165.58 1.293225
7182.1 1.263479
7198.65 1.220296
7215.240000000001 1.220004
7231.88 1.289003
7248.55 1.282767
7265.26 1.324456
7282.01 1.282138
7298.789999999999 1.232604
7315.620000000001 1.290389
7332.490000000001 1.299002
7349.39 1.363023
7366.33 1.334734
7383.3099999999995 1.349853
7400.330000000001 1.334062
7417.39 1.318456
7434.490000000001 1.370745
7451.63 1.326931
7468.81 1.305376
7486.0199999999995 1.360283
7503.28 1.319828
7520.58 1.347125
7537.91 1.353
7555.29 1.365164
7572.71 1.355418
7590.16 1.358187
7607.660000000001 1.323883
7625.2 1.311408
7642.78 1.326245
7660.39 1.301704
7678.049999999999 1.277607
7695.75 1.292069
7713.49 1.285787
7731.280000000001 1.282485
7749.099999999999 1.279199
7766.960000000001 1.27593
7784.870000000001 1.255186
7802.81 1.284081
7820.8 1.295618
7838.83 1.265787
7856.9 1.294933
7875.01 1.312597
7893.16 1.300207
7911.36 1.282027
7929.6 1.261186
7947.88 1.234979
7966.2 1.251818
7984.56 1.280629
8002.97 1.248267
8021.42 1.285842
8039.91 1.300373
8058.44 1.28513
8077.02 1.264237
8095.639999999999 1.278515
8114.3 1.275229
8133.01 1.298568
8151.76 1.265731
8170.55 1.170104
8189.38 1.230548
8208.26 1.210536
8227.18 1.278964
8246.15 1.290428
8265.16 1.246264
8284.21 1.223164
8303.310000000001 1.23698
8322.45 1.265426
8341.64 1.219302
8360.86 1.285258
8380.140000000001 1.264335
8399.46 1.232365
8418.82 1.266516
8438.23 1.283772
8457.68 1.225637
8477.18 1.175531
8496.72 1.262137
8516.3 1.247331
8535.94 1.232686
8555.61 1.070843
8575.33 1.260659
8595.11 1.240125
8614.92 1.219934
8634.779999999999 1.259523
8654.68 1.239023
8674.63 1.002191
8694.63 1.204535
8714.67 1.232227
8734.76 1.260546
8754.9 1.203446
8775.08 1.214213
8795.31 1.265203
8815.59 1.124683
8835.91 1.229972
8856.279999999999 1.223945
8876.69 1.108237
8897.15 1.20641
8917.66 1.222814
8938.22 1.191867
8958.83 1.199753
8979.48 1.166692
9000.18 1.0276
9020.93 1.068282
9041.72 1.240364
9062.57 1.265942
9083.46 1.233888
9104.39 1.20265
9125.38 1.216186
9146.42 1.103733
9167.5 1.152725
9188.64 1.212227
9209.82 1.214632
9231.05 1.175726
9252.33 1.159226
9273.66 1.19132
9295.04 1.150499
9316.46 1.209893
9337.94 1.209501
9359.47 1.209094
9381.04 1.205921
9402.67 1.183531
9424.35 1.210688
9446.07 1.196438
9467.84 1.215487
9489.67 1.212285
9511.55 1.187026
9533.470000000001 1.178455
9555.449999999999 1.119872
9577.48 1.174957
9599.55 1.201921
9621.68 1.196006
9643.87 1.187361
9666.1 1.18697
9688.38 1.197542
9710.710000000001 1.183433
9733.1 1.174888
9755.53 1.169085
9778.019999999999 1.171377
9800.56 1.160246
9823.16 1.170567
9845.81 1.17286
9868.5 1.164387
9891.25 1.16398
9914.05 1.158232
9936.9 1.163169
9959.82 1.165435
9982.78 1.159671
10028.85 1.142961
10075.14 1.121298
10121.65 1.151898
10168.37 1.145784
10215.300000000001 1.147603
10286.109999999999 1.148989
10309.820000000002 1.143297
10501.49 1.112909
10696.730000000001 1.075121
10895.59 1.031475
11098.17 1.005672
11304.5 0.9896035
11488.179999999998 0.9873246
11701.76 0.96485
11891.890000000001 0.9363921
12112.98 0.9235534
12309.810000000001 0.9108699
12509.83 0.8921854
12713.099999999999 0.8738929
12889.949999999999 0.8579376
13099.400000000001 0.8461759
13312.24 0.8250034
13497.44 0.8118147
13685.19 0.8006842
13907.57 0.7770642
14101.03 0.7506883
14297.2 0.7403816
14496.09 0.7438085
14697.76 0.7252078
14902.22 0.7319069
15109.539999999999 0.7352906
15284.5 0.7438075
15497.13 0.7420874
15712.72 0.7285499
15894.65 0.7054332
16115.77 0.7103284
16302.380000000001 0.7086924
16491.16 0.6989725
16682.12 0.6973646
16914.18 0.6862184
17110.04 0.6767927
17308.170000000002 0.6508227
17508.59 0.6359991
17711.34 0.6144066
17916.41 0.5935552
18082.2 0.5668446
18291.58 0.5552096
18503.37 0.5400777
18717.64 0.5169605
18890.84 0.5063601
19109.59 0.4994097
19286.399999999998 0.4858026
19509.73 0.4671468
19690.26 0.4554695
19918.24 0.4440723
20102.55 0.4369819
20288.55 0.4240879
20523.48 0.4202004
20713.39 0.4106346
20905.04 0.4022155
21098.48 0.3966917
21293.71 0.3885664
21490.719999999998 0.3814624
21689.579999999998 0.3693655
21890.28 0.3651424
22092.82 0.3560102
22297.25 0.3471017
22503.55 0.3410184
22711.78 0.3350469
22921.94 0.3051055
23080.81 0.304938
23294.39 0.2720037
23509.91 0.2587741
23672.89 0.263459
23891.92 0.2455164
24113.000000000004 0.2390415
24280.13 0.2383843
24504.800000000003 0.2242177
24674.649999999998 0.2220641
24847.14 0.2027232
24941.36 0.1905284
25035.48 0.1992549
25129.69 0.1822915
25223.91 0.1818439
25318.03 0.1928919
25412.25 0.1987514
25506.36 0.1927101
25600.58 0.1866826
25694.8 0.1892138
25788.920000000002 0.1944861
25883.129999999997 0.1847388
25977.350000000002 0.1933533
26071.469999999998 0.1947658
26165.68 0.193745
26259.800000000003 0.1936611
26354.02 0.1895775
26448.239999999998 0.1754948
26542.36 0.1755087
26636.570000000003 0.1743761
26730.79 0.1775226
26824.910000000003 0.1729216
26919.12 0.181816
27013.24 0.1765717
27107.46 0.1687821
27201.68 0.1666144
27295.8 0.1654817
27390.01 0.15972
27484.23 0.1597899
27578.35 0.1498467
27672.56 0.148728
27766.68 0.1449661
27860.9 0.1507138
27955.109999999997 0.1336594
28049.23 0.1277704
28143.449999999997 0.127934
28237.670000000002 0.1266041
28331.789999999997 0.1257817
28426.0 0.1146247
28520.120000000003 0.1158708
28614.34 0.109807
28708.550000000003 0.1111537
28802.67 0.1129634
28896.890000000003 0.1094741
28991.11 0.1116404
29085.230000000003 0.104606
29179.44 0.1051361
29273.56 0.09973655
29367.78 0.1024761
29461.99 0.1007337
29556.11 0.09757871
29650.33 0.09617182
29744.55 0.09795345
29838.66 0.09342665
29932.88 0.09311615
30027.0 0.09594807
30121.22 0.09897714
30215.43 0.09482231
30309.55 0.09158902
30403.77 0.09320704
30497.99 0.09230082
30592.100000000002 0.09628094
30686.32 0.09490201
30780.44 0.09000454
30874.66 0.09054574
30968.870000000003 0.08568747
31062.989999999998 0.08987449
31157.210000000003 0.08786206
31251.42 0.08541756
31345.54 0.09289102
31439.76 0.09093314
31533.88 0.08712088
31628.090000000004 0.08770548
31722.31 0.08583848
31816.430000000004 0.08248495
31910.65 0.09311054
32004.86 0.08850261
32098.98 0.09238756
32193.2 0.09467685
32287.32 0.1019601
32381.53 0.1076925
32475.75 0.1102307
32569.87 0.1146023
32664.09 0.1221625
32758.3 0.1316484
32852.420000000006 0.1283186
32946.64 0.1209235
33040.759999999995 0.1103524
33134.97 0.09661657
33229.19 0.09152047
33323.31 0.08706356
33417.520000000004 0.08811941
33511.74 0.08566508
33605.86 0.0845407
33700.08 0.08936124
33794.19 0.08311847
33888.41 0.09025068
33982.63 0.09121283
34076.75 0.08927452
34170.96 0.08467917
34265.18 0.08275206
34359.3 0.08425261
34453.520000000004 0.08570421
34547.63 0.08485259
34641.85 0.08258423
34736.07 0.0854595
34830.19 0.08263037
34924.4 0.08267936
35018.62 0.07996907
35112.74 0.08577137
35206.95 0.08484139
35301.079999999994 0.08996398
35395.29 0.08565109
35489.51 0.09054573
35583.63 0.08966609
35677.840000000004 0.09173867
35772.06 0.09121703
35866.18 0.09131631
35960.39 0.08902283
36054.51 0.09331334
36148.729999999996 0.09362939
36242.95 0.09422933
36337.07 0.09072893
36431.28 0.09451324
36525.5 0.09359024
36619.62 0.0920505
36713.83 0.09144361
36807.95 0.09389653
36902.17 0.09547818
36996.380000000005 0.09652847
37090.51 0.09680811
37184.72 0.09621658
37278.94 0.1017531
37373.06 0.09663051
37467.27 0.09799406
37561.39 0.09458874
37655.61 0.0991324
37749.82 0.09145758
37843.939999999995 0.08848162
37938.16 0.09874502
38032.38 0.1012693
38126.5 0.09850026
38220.71 0.09857022
38314.83 0.09983865
38409.049999999996 0.09810171
38503.270000000004 0.09675497
38597.380000000005 0.09887371
38691.6 0.1033432
38785.82 0.1009378
38879.94 0.09803596
38974.15 0.1069513
39068.27 0.1052102
39162.49 0.1054591
39256.700000000004 0.1021685
39350.82 0.1022272
39445.04 0.1062213
39539.25 0.1002093
39633.37 0.09892264
39727.59 0.104311
39821.71 0.1014664
39915.93 0.09806675
40010.14 0.09854506
40104.259999999995 0.1030034
40198.479999999996 0.1071233
40292.700000000004 0.1075065
40386.810000000005 0.108905
40481.03 0.1095916
40575.15 0.1076365
40669.37 0.1079694
40763.58 0.1060647
40857.700000000004 0.1072827
40951.92 0.105122
41046.04 0.1056829
41140.25 0.1058101
41234.469999999994 0.1043767
41328.59 0.1022552
41422.8 0.1040103
41517.020000000004 0.1038075
41611.14000000001 0.1052801
41705.36 0.1054773
41799.47 0.1026244
41893.69 0.09736473
41987.909999999996 0.1021559
42082.03 0.1028845
42176.24 0.1000638
42270.46 0.09210367
42364.58 0.0933553
42458.79 0.08251014
42552.909999999996 0.07956494
42647.130000000005 0.07760986
42741.350000000006 0.08841726
42835.47 0.09309797
42929.68 0.08998077
43023.9 0.09910024
43118.020000000004 0.09506422
43212.24 0.09539705
43306.45 0.09472441
43400.57 0.09981905
43494.78999999999 0.09600819
43588.899999999994 0.0942028
43683.12 0.09948901
43777.33 0.091652
43871.46000000001 0.09353708
43965.67 0.08793201
44059.79 0.09152331
44154.01 0.09002412
44248.229999999996 0.08918362
44342.34 0.08695029
44436.56 0.08437429
44530.78 0.07985299
44624.89 0.08281221
44719.11 0.08278702
44813.33 0.08075503
44907.450000000004 0.07275573
45001.66 0.06973364
45095.78999999999 0.06677443
45190.0 0.0595723
45284.22 0.05997226
45378.33 0.0572914
45472.549999999996 0.05942267
45566.67 0.05821577
45660.89 0.05402314
45755.100000000006 0.05721867
45849.219999999994 0.05162616
45943.44 0.05153805
46037.66 0.05599919
46131.770000000004 0.05630408
46225.99 0.06305592
46320.21 0.06950147
46414.33 0.07568275
46508.54 0.08285974
46602.66 0.08260382
46696.88 0.07987397
46791.090000000004 0.07369133
46885.21 0.0738941
46979.43000000001 0.07487863
47073.549999999996 0.0850805
47167.76 0.08126548
47261.98 0.08249613
47356.100000000006 0.084819
47450.32 0.08165424
47544.53 0.07587296
47638.65 0.07474019
47732.869999999995 0.07283265
47827.08 0.08114523
47921.21 0.07176001
48015.420000000006 0.07450663
48109.54 0.06988188
48204.729999999996 0.06988047
48686.77 0.07549675
49173.64 0.08116897
49665.38 0.08689852
50162.03 0.09268544
50663.65 0.09853106
50780.01 0.09988617
51074.34 0.1015308
51368.67 0.1095678
51663.0 0.1138737
51957.329999999994 0.1161924
52251.75 0.1201879
52546.090000000004 0.1204927
52840.41 0.1188006
53134.740000000005 0.1231261
53429.07 0.1249986
53723.49 0.1208829
54017.82 0.116812
54312.15 0.117335
54606.479999999996 0.1173014
54900.81 0.1214661
55195.23 0.1197026
55489.560000000005 0.1151016
55783.89 0.1205613
56078.219999999994 0.1255902
56372.549999999996 0.1249609
56666.98 0.1179363
56961.310000000005 0.111453
57255.64000000001 0.1042592
57549.96 0.09210368
57844.29 0.08158154
58138.72 0.07664211
58433.05 0.0711251
58727.38 0.07085521
59021.71 0.06704295
59316.04 0.06210494
59610.46 0.06385864
59904.78999999999 0.07036574
60199.119999999995 0.07420875
60493.45 0.07411506
60787.78 0.07388709
61082.21000000001 0.07968936
61376.53 0.097306
61670.87 0.1221247
61965.19 0.1472875
62259.520000000004 0.1489238
62553.95 0.1352383
62848.27 0.116584
63142.61 0.1049067
63436.93 0.09683192
63731.26 0.09026746
64025.689999999995 0.08565527
64320.009999999995 0.08138015
64614.34 0.07849091
64908.68 0.07672181
65203.0 0.07521427
65497.43 0.07568695
65791.76000000001 0.07591769
66086.09000000001 0.07976068
66380.41 0.08120257
66674.75 0.08122351
66969.17 0.08147244
67263.5 0.07965163
67557.83 0.07861256
67852.16 0.07694977
68146.49 0.07859438
68440.92 0.07897475
68735.23999999999 0.07996489
69029.56999999999 0.08349184
69323.9 0.08758378
69618.23 0.1005043
69912.65000000001 0.1078295
70206.98999999999 0.09539705
70501.31 0.09223233
70795.64 0.09313713
71089.97 0.09553553
71384.4 0.09530617
71678.72 0.09355809
71973.06 0.09381958
72267.39 0.09323082
72561.71 0.09680394
72856.14 0.103367
73150.47 0.1105775
73444.79 0.115682
73739.12 0.1158289
74327.78 0.1282123
74916.54 0.1455115
75505.19 0.1650203
76093.84999999999 0.1876756
76682.61 0.1851024
77271.27 0.1713413
77860.02 0.1689919
78448.68 0.1640693
79037.34 0.1547974
79626.09 0.1441969
80214.75 0.1338706
80803.41 0.1242155
81392.15999999999 0.1164022
81980.81999999999 0.1129326
82569.48 0.1118809
83158.23999999999 0.1122962
83746.89 0.1092867
84335.65 0.107961
84924.31 0.107547
85512.97 0.1103384
86101.72 0.1082868
86690.38 0.0995855
87279.04000000001 0.08953606
87867.79 0.08174235
88456.45 0.07356545
89045.1 0.06836452
89633.86 0.06721497
90222.52 0.06371599
90811.27 0.05993171
91399.93000000001 0.05676136
91988.59000000001 0.05644391
92577.34 0.05494054
93166.0 0.05373086
93754.65999999999 0.05310436
94343.41 0.0527883
94932.06999999999 0.05251419
95520.72 0.05237575
96109.48999999999 0.05207506
96698.15 0.05386511
97286.90000000001 0.05119543
97875.56 0.04943893
98464.22 0.04943753
99052.96999999999 0.04852994
99641.62999999999 0.04795375
100230.29 0.04774398
100819.04 0.04736221
101407.7 0.04694126
101996.35 0.04724613
102585.11 0.04768526
103173.77 0.04719718
103762.53 0.04728948
104351.18 0.04950747
104939.84 0.05220792
105528.6 0.05100244
106117.26000000001 0.0499382
106705.91 0.05038152
107294.66 0.05098706
107883.33 0.05015915
108471.99 0.05051856
109060.73 0.05229743
109649.40000000001 0.05480769
110238.15000000001 0.05768436
110826.81 0.0608491
111415.46999999999 0.07261868
112004.22 0.09344341
112592.88 0.09951418
113181.54 0.09094851
113770.28 0.08173396
114358.95 0.07457236
114947.59999999999 0.06992803
115536.35999999999 0.06667796
116125.01999999999 0.06464597
116713.78000000001 0.06285032
117302.43 0.06303353
117891.09 0.06418447
118479.84999999999 0.06593815
119068.51 0.06779814
119657.17 0.07055173
120245.90999999999 0.0709601
120834.58 0.07148592
121423.24 0.07225508
122011.98 0.07385075
122600.65000000001 0.07717353
123189.4 0.07878597
123778.06 0.07971035
124366.72 0.08195492
124955.47 0.08433793
125544.13 0.08669575
126132.79000000001 0.08836974
126721.55 0.09049822
127310.2 0.09878417
127898.85 0.1112166
128487.61 0.1061332
129076.27 0.08293385
129664.92000000001 0.07751476
130253.68000000001 0.07581281
130842.34 0.07539046
131431.09 0.07595687
132019.75 0.07533733
132608.41 0.07575827
133197.17 0.07547858
133785.83000000002 0.07458354
134374.48 0.0749905
134963.23 0.07503666
135551.91 0.0741542
136140.55000000002 0.07460872
136729.31 0.07323122
137317.97 0.07229703
137906.73 0.07217956
138495.38 0.07110554
139084.05 0.06982313
139672.80000000002 0.06715485
140261.44999999998 0.06378032
140850.11 0.06231891
141883.38 0.07401157
142707.58000000002 0.07723366
143531.77000000002 0.07730499
144355.97 0.0718691
145180.08 0.07069578
146004.27 0.07020772
146828.47 0.06941757
147652.56 0.07002732
148476.77 0.07023289
149300.94999999998 0.06996579
150125.06 0.06859108
150949.27 0.06858548
151773.47 0.06810721
152597.58 0.06744013
153421.77 0.06711289
154245.97 0.06819671
155070.06 0.07372208
155894.27000000002 0.07610649
156718.47 0.06763452
157542.66 0.06632555
158366.77 0.06637309
159190.98 0.06531304
160015.15999999997 0.06519418
160839.28 0.06582489
161663.45 0.06638708
162487.66 0.06658287
163311.77 0.06843725
164135.95 0.07027205
164960.16999999998 0.0700315
165784.25 0.06839949
166608.47 0.0680135
167432.65999999997 0.06836173
168256.75 0.06910432
169080.94999999998 0.06969308
169905.16 0.07373048
170729.34 0.07293195
171553.45 0.07025107
172377.67 0.07024268
173201.84000000003 0.06980216
174025.97 0.06942177
174850.16999999998 0.06841487
175674.36000000002 0.06705135
176498.47 0.06705415
177322.66 0.06720658
178146.86 0.06757438
178970.95 0.06837292
179795.16 0.06831558
180619.34 0.06724714
181443.44 0.06759536
182267.66 0.06703596
183091.86000000002 0.06805547
183916.06 0.06867358
184740.15999999997 0.06837011
185564.36000000002 0.06920781
186388.55 0.07152088
187212.66 0.0788615
188036.86 0.07295013
188861.05000000002 0.07065383
189685.16 0.07204951
190509.37000000002 0.07448285
191333.55000000002 0.07385354
192157.65999999997 0.0740773
192981.84 0.0743556
193806.05 0.07473738
194630.16 0.07558067
195454.34 0.07614005
196278.56000000003 0.07629108
197102.75 0.07716094
197926.84000000003 0.07764202
198751.05000000002 0.07924047
200399.34 0.07941669
202047.72999999998 0.08072007
203696.06 0.0835254
205344.34 0.08392537
206992.73 0.08455469
208641.05 0.08740757
210289.44 0.08814458
211937.73 0.08848162
213586.05000000002 0.0900451
215234.44999999998 0.09082265
216882.75 0.09207429
218531.05 0.09296791
220179.44 0.09443631
221827.73 0.09533555
223476.13 0.09669626
225124.43999999997 0.09689343
226772.72999999998 0.09871007
228421.13999999998 0.1003952
230069.44 0.1011644
231717.73 0.1012805
233366.13 0.1023643
235014.44 0.1040494
236662.83 0.1046788
238311.12 0.1057822
239959.44 0.106831
241607.83 0.1082099
243256.13 0.1098168
244904.44 0.109393
246552.84000000003 0.1102419
248201.14 0.111081
249849.52 0.1110097
251497.81 0.111639
253146.13 0.1134164
254794.52 0.1131731
256442.81 0.1142178
258091.13 0.1187992
259739.52000000002 0.1191502
261387.81000000003 0.1179209
263036.22000000003 0.1180426
264684.5 0.1183027
266332.84 0.1195446
267981.22 0.1198257
269629.5 0.1192005
271277.81 0.1202158
272926.22000000003 0.1208829
274574.53 0.1230631
276222.91000000003 0.1225471
277871.22 0.1234002
279519.52999999997 0.1244378
281167.91 0.1245861
282816.22 0.1251483
284464.5 0.1249511
286112.91000000003 0.1256769
287761.19 0.1257748
289409.58999999997 0.1272949
291057.91 0.1284137
292706.22 0.128478
294354.62 0.128713
296002.91 0.1292416
297651.22000000003 0.1288472
299299.63 0.1308303
300947.91000000003 0.1313351
302596.31 0.1313085
304244.58999999997 0.131247
305892.91 0.1309058
307541.28 0.1340594
309189.63 0.1326986
310837.91000000003 0.1314652
312486.31 0.131405
314134.58999999997 0.1334706
315783.0 0.1350593
317431.31 0.1351935
319079.63 0.1349446
320728.0 0.13516
322376.31 0.136778
324024.59 0.138059
325673.03 0.13974
327321.31 0.1351851
328969.69 0.1408825
330617.97 0.1443507
332266.31 0.1395707
333914.66000000003 0.1408546
335562.97000000003 0.1396099
337211.28 0.1398756
338859.69 0.1425607
340507.97000000003 0.1411482
