100.05999999999999 3.785815e-10
101.92 5.54707e-10
104.05 7.397116e-10
105.99000000000001 1.00663e-09
107.96 1.389422e-09
109.96000000000001 2.201765e-09
114.09 3.711558e-09
118.1 5.839522e-09
121.13000000000001 2.270941e-08
125.10000000000001 3.326906e-08
127.13000000000001 3.917204e-08
128.01 4.304236e-08
130.99 5.380442e-08
131.9 6.527395e-08
134.04 7.492964e-08
136.85 1.043462e-07
140.04000000000002 1.268665e-07
142.97 3.525416e-07
146.98 9.226204e-07
151.09 1.126874e-06
154.97 1.385737e-06
158.94 1.696425e-06
161.9 1.95589e-06
166.05 2.383266e-06
169.92 2.831151e-06
173.08 3.227334e-06
177.11 3.790076e-06
179.99 4.270842e-06
182.07000000000002 4.617812e-06
185.89000000000001 5.360876e-06
191.09 6.412513e-06
194.2 7.159183e-06
197.81 8.160086e-06
201.95000000000002 9.321525e-06
205.23 1.024084e-05
210.01 1.140547e-05
215.9 1.41522e-05
219.91 1.587253e-05
222.97 1.700248e-05
227.10999999999999 1.906967e-05
229.74 3.028533e-05
234.01999999999998 5.432469e-05
240.01999999999998 7.306492e-05
246.18 7.558295e-05
251.91000000000003 8.652963e-05
257.18 7.761411e-05
260.16 9.285251e-05
263.78 0.0001020065
269.31 0.0001079777
274.31 0.0001137992
278.77 0.0001196527
283.95 0.0001257984
289.9 0.0001271717
295.96999999999997 0.0001368095
300.78000000000003 0.0001408933
307.78 0.0001512038
317.87 0.0001667547
328.28000000000003 0.0001789008
338.26 0.0001897348
347.72999999999996 0.0001998459
356.65000000000003 0.0002100316
365.8 0.0002207314
375.18 0.0002293091
384.81 0.0002311835
394.68 0.0002468911
404.8 0.0002570599
414.23 0.0002639896
421.93 0.0002680489
429.78000000000003 0.0002721717
440.8 0.0002814142
451.07 0.0002856648
460.52000000000004 0.0002893302
470.16 0.000293727
480.0 0.0003002437
490.06 0.0003006069
500.32 0.0003072588
506.11 0.0003084932
511.96999999999997 0.0003288242
520.29 0.0003315578
529.96 0.0003327434
539.82 0.0003285859
549.85 0.0003366448
560.07 0.0003496912
570.49 0.0003599048
579.76 0.0003570598
590.53 0.0003683407
600.13 0.0003654025
609.88 0.0003453895
619.79 0.0003916051
629.86 0.0003947802
640.1 0.0003998277
650.5 0.0004096028
658.03 0.0004130642
665.65 0.0004242738
674.91 0.0004267918
684.3000000000001 0.0004185511
695.4200000000001 0.0004573272
705.09 0.0004423516
716.55 0.0004810754
726.52 0.0004883555
734.9300000000001 0.0004958179
745.15 0.0005198116
755.52 0.000533758
764.27 0.0005271314
774.9 0.0005720181
785.68 0.0005887067
794.78 0.0006059649
805.83 0.0006236178
815.1600000000001 0.0006360261
824.6 0.000673001
834.15 0.0005923148
845.76 0.0006950034
855.5500000000001 0.0007087797
865.4599999999999 0.0007447889
875.48 0.0007826211
885.62 0.0008299507
895.87 0.0008640864
904.16 0.000869277
914.63 0.001255001
925.2199999999999 0.007229907
935.93 0.01579899
944.59 0.03035243
955.53 0.04331709
964.37 0.0496853
975.54 0.008446669
984.57 0.04387761
995.97 0.04652376
1005.18 0.06748868
1014.48 0.06438462
1023.87 0.02718438
1035.73 0.04557573
1045.31 0.08856661
1054.98 0.0880639
1064.74 0.07052135
1074.6 0.08429942
1084.54 0.06719555
1094.57 0.08909478
1104.7 0.09106497
1114.9199999999998 0.09095926
1125.24 0.08478793
1135.65 0.1053961
1146.1599999999999 0.09578748
1154.1 0.1034939
1164.78 0.1079905
1175.56 0.07795577
1183.71 0.1005658
1194.66 0.06425517
1205.72 0.04691937
1214.07 0.02991868
1225.31 0.06286121
1233.8 0.1013828
1245.22 0.1211692
1253.85 0.121329
1265.4499999999998 0.09917291
1274.22 0.1472199
1286.01 0.1634375
1294.93 0.1358053
1303.9 0.1237311
1315.97 0.1643812
1325.09 0.1645869
1334.27 0.14519
1343.52 0.1792674
1355.96 0.1733268
1365.35 0.1546694
1374.82 0.1690196
1384.3500000000001 0.1719688
1393.9399999999998 0.1614204
1403.6100000000001 0.1649999
1416.5900000000001 0.1628606
1426.4099999999999 0.1715313
1436.3000000000002 0.1658923
1442.93 0.1792681
1446.26 0.1880754
1456.28 0.1831652
1466.3799999999999 0.168388
1476.54 0.1658777
1483.36 0.1735588
1493.6399999999999 0.1811061
1503.99 0.1763584
1510.93 0.1577847
1517.91 0.171282
1524.9099999999999 0.1582505
1535.4799999999998 0.1389339
1546.13 0.1645471
1553.26 0.1520224
1564.03 0.149744
1574.87 0.161735
1585.79 0.1730808
1596.78 0.1805986
1604.15 0.1735053
1615.27 0.1740825
1626.47 0.1622552
1633.9699999999998 0.1732999
1645.3000000000002 0.1783346
1656.7 0.159829
1664.35 0.1799962
1672.03 0.1488946
1675.8899999999999 0.1793363
1683.6200000000001 0.1924261
1695.2900000000002 0.1797495
1703.12 0.1722852
1714.93 0.166591
1726.81 0.1655903
1734.78 0.1776772
1746.81 0.1749862
1754.8700000000001 0.1899281
1762.97 0.1694999
1775.19 0.180531
1783.3899999999999 0.1824487
1795.7500000000002 0.1974596
1804.0400000000002 0.1936715
1816.5400000000002 0.1850985
1824.9299999999998 0.1849182
1833.35 0.1788698
1846.06 0.1655351
1854.5800000000002 0.1707751
1863.14 0.1753857
1876.05 0.1863484
1884.71 0.1773746
1893.41 0.1747545
1906.54 0.1781275
1915.3400000000001 0.1775392
1924.18 0.1765372
1933.06 0.1775673
1946.46 0.1869224
1955.44 0.1795559
1969.0 0.1934118
1978.0900000000001 0.1958813
1982.6499999999999 0.1886916
1996.39 0.1832457
2005.6 0.1860182
2014.86 0.1803378
2024.16 0.1860321
2033.5 0.1828499
2042.8899999999999 0.1899276
2057.05 0.1777727
2066.55 0.1792114
2076.0899999999997 0.1935749
2085.67 0.1960457
2095.29 0.1878564
2104.97 0.1867717
2114.68 0.1887204
2124.44 0.1915607
2134.25 0.1757014
2144.1 0.1858947
2154.0 0.1908591
2163.94 0.1833148
2173.93 0.1826694
2183.96 0.1824506
2194.04 0.1916842
2204.17 0.1858111
2214.35 0.1755905
2224.5699999999997 0.1725722
2234.83 0.1863887
2245.15 0.1765379
2255.51 0.1700206
2265.92 0.1738215
2276.38 0.1801739
2286.89 0.1867578
2297.4500000000003 0.1777719
2302.7400000000002 0.1783076
2313.37 0.1720926
2324.05 0.1436662
2334.7799999999997 0.1629272
2345.55 0.1558089
2356.3799999999997 0.1722573
2367.2599999999998 0.1573297
2372.71 0.1640946
2383.66 0.1502246
2394.67 0.1623108
2405.7200000000003 0.1573852
2416.83 0.1620216
2422.4 0.1737387
2433.58 0.1688551
2444.81 0.1791173
2456.1 0.1769072
2467.43 0.1763597
2473.12 0.1708849
2484.54 0.1739164
2496.0 0.1644235
2507.5199999999995 0.1864707
2513.3 0.165165
2519.1000000000004 0.1687445
2524.9100000000003 0.1635177
2536.56 0.1671807
2542.41 0.1665359
2554.14 0.1807774
2565.9300000000003 0.1761124
2577.78 0.1868263
2583.72 0.1852634
2595.65 0.1821481
2607.63 0.1774563
2613.64 0.1751509
2625.7000000000003 0.1853866
2637.82 0.1944133
2643.9 0.2133325
2656.1099999999997 0.2216729
2662.23 0.1995444
2674.5200000000004 0.2087899
2686.8599999999997 0.2120157
2693.05 0.2003133
2705.49 0.2091055
2717.9700000000003 0.1968144
2724.24 0.194715
2736.81 0.2056225
2743.12 0.1800496
2755.7799999999997 0.1862373
2762.1400000000003 0.1951678
2774.89 0.203756
2787.69 0.1908886
2794.12 0.1531602
2807.02 0.1647524
2813.4900000000002 0.20425
2826.48 0.2176938
2832.9900000000002 0.2114396
2846.07 0.2031794
2852.63 0.1928627
2865.8 0.2167336
2872.4 0.2224833
2885.66 0.2207953
2892.31 0.2240478
2912.36 0.2485365
2932.5499999999997 0.2384797
2952.88 0.2357896
2973.3399999999997 0.2407572
2987.07 0.242279
3007.77 0.2462595
3028.6200000000003 0.2485777
3049.62 0.2515126
3070.76 0.2556558
3092.04 0.2574798
3113.47 0.2641492
3127.84 0.2597721
3149.5299999999997 0.2616371
3171.3599999999997 0.2671935
3193.34 0.2540638
3208.08 0.2646696
3230.3199999999997 0.2522385
3252.7099999999996 0.2773042
3267.7200000000003 0.2915597
3290.3700000000003 0.2909833
3313.18 0.2877446
3320.8199999999997 0.2840542
3328.4700000000003 0.2915998
3336.15 0.2959074
3343.84 0.2822019
3351.5499999999997 0.287703
3359.27 0.2926295
3367.02 0.2868928
3374.78 0.257686
3382.56 0.2713223
3390.36 0.2964001
3398.1699999999996 0.2939453
3406.0 0.2888427
3413.86 0.2891024
3421.73 0.3016133
3429.61 0.2970608
3437.52 0.3000778
3445.44 0.2603889
3453.39 0.3062094
3461.3500000000004 0.2788675
3469.33 0.2894725
3477.3199999999997 0.2751515
3485.34 0.2874285
3493.3799999999997 0.280857
3501.43 0.2900212
3509.5 0.2940286
3517.5899999999997 0.2775516
3525.7 0.284644
3533.83 0.3049752
3541.97 0.3142093
3550.14 0.3148946
3558.3199999999997 0.3041808
3566.5200000000004 0.311945
3574.75 0.2729133
3582.99 0.2703896
3591.2500000000005 0.2605809
3599.53 0.3068269
3607.8199999999997 0.2869773
3616.14 0.2929576
3624.48 0.2983768
3632.8300000000004 0.327873
3641.2099999999996 0.3218641
3649.6 0.3003387
3651.3 0.2959766
3653.98 0.2427459
3656.66 0.2302748
3659.33 0.3531716
3662.0099999999998 0.3166781
3664.69 0.2278053
3667.36 0.3583299
3670.04 0.211041
3672.72 0.2087769
3675.39 0.3328535
3678.07 0.272283
3680.75 0.3005713
3683.42 0.2838762
3686.1 0.246395
3688.77 0.2479187
3691.45 0.214279
3694.13 0.228766
3696.8 0.2923413
3699.48 0.3240456
3702.16 0.2730237
3704.83 0.3165281
3707.5099999999998 0.2500035
3710.19 0.2212478
3712.86 0.2259542
3715.54 0.3180091
3718.22 0.3382716
3720.89 0.3095861
3723.5699999999997 0.7411339
3726.25 0.9317045
3728.92 1.060572
3731.6 0.8553454
3734.2799999999997 0.4894284
3736.95 0.337573
3739.63 0.2688945
3742.31 0.3563669
3744.98 0.301231
3747.66 0.219492
3750.3399999999997 0.2686745
3753.0099999999998 0.3398091
3755.69 0.3469973
3758.37 0.362952
3761.04 0.2911061
3763.72 0.3288195
3766.3999999999996 0.1877319
3769.0699999999997 0.2685382
3771.75 0.3101477
3774.42 0.3446388
3777.1 0.3690993
3779.7799999999997 0.3883877
3782.45 0.3959894
3785.13 0.3971
3787.81 0.4191046
3790.48 0.4217539
3793.16 0.4098312
3795.8399999999997 0.3504268
3798.5099999999998 0.30285
3801.19 0.3477796
3803.87 0.3465168
3806.54 0.32229
3809.22 0.3909399
3811.8999999999996 0.4080881
3814.5699999999997 0.3764668
3817.25 0.4159772
3819.9300000000003 0.3567786
3822.6 0.354914
3825.2799999999997 0.3556542
3827.96 0.3071292
3830.6299999999997 0.2478636
3833.31 0.2625837
3835.9900000000002 0.2270646
3838.66 0.2222499
3841.3399999999997 0.2449821
3844.0200000000004 0.3531154
3846.69 0.3463394
3849.37 0.3682207
3852.05 0.3881813
3854.72 0.4037539
3857.4 0.4264994
3860.0699999999997 0.4519636
3862.75 0.4054275
3865.4300000000003 0.4354442
3868.1 0.4445689
3870.7799999999997 0.4654898
3873.46 0.4694401
3876.1299999999997 0.3951113
3878.81 0.3713217
3881.4900000000002 0.3832567
3884.16 0.3287243
3886.8399999999997 0.3135641
3889.52 0.371952
3892.1899999999996 0.4091185
3894.8700000000003 0.3970861
3897.55 0.4070865
3900.22 0.3880732
3902.9 0.4381473
3905.5800000000004 0.4061124
3908.25 0.4466401
3910.9300000000003 0.4486698
3913.61 0.4875351
3916.2799999999997 0.4177201
3918.96 0.4769723
3921.6400000000003 0.5020911
3924.31 0.4702643
3926.9900000000002 0.4341548
3929.67 0.3915838
3932.3399999999997 0.3591667
3935.02 0.3481223
3937.7000000000003 0.3886067
3940.3700000000003 0.3901033
3943.05 0.4380098
3945.73 0.4768203
3948.4 0.4599474
3951.08 0.4507685
3953.7499999999995 0.4949182
3956.4300000000003 0.4277211
3959.11 0.4506312
3961.7799999999997 0.3722141
3964.46 0.3472584
3967.1400000000003 0.3175011
3969.81 0.2889663
3972.4900000000002 0.3122197
3975.17 0.3342932
3977.84 0.3748343
3980.52 0.4185291
3983.2000000000003 0.4243864
3985.8700000000003 0.4570256
3988.55 0.4922967
3991.23 0.4805249
3993.9 0.4997607
3996.58 0.4686311
3999.26 0.4994434
4001.9300000000003 0.5151946
4004.61 0.5085811
4007.29 0.5046017
4009.96 0.4987728
4012.64 0.4992932
4015.32 0.5188283
4017.9900000000002 0.5796606
4020.67 0.5492993
4023.35 0.5450042
4026.02 0.5654201
4028.7000000000003 0.5018723
4031.38 0.4822531
4034.05 0.5602753
4036.73 0.4776991
4039.4 0.5251004
4042.08 0.5563241
4044.76 0.5484073
4047.4300000000003 0.5525111
4050.11 0.5554186
4052.79 0.4812522
4055.46 0.5067302
4058.14 0.5373093
4060.82 0.5298863
4063.4900000000002 0.5313286
4066.17 0.524523
4068.85 0.51876
4071.52 0.5300251
4074.2 0.4909797
4076.88 0.5118731
4079.55 0.522068
4082.23 0.525881
4084.91 0.4838037
4087.58 0.4954802
4090.26 0.4545965
4092.94 0.4845856
4095.61 0.4809104
4098.29 0.4197773
4100.97 0.3906509
4103.64 0.4563119
4106.32 0.4360207
4109.0 0.4655846
4111.67 0.4836267
4114.35 0.5035597
4117.03 0.4927483
4119.7 0.4992115
4122.38 0.5376516
4125.05 0.5196127
4127.73 0.5136029
4130.41 0.540999
4133.08 0.5212452
4135.76 0.5515498
4138.44 0.5201871
4141.11 0.491406
4143.79 0.5279391
4146.47 0.5204202
4149.14 0.5608795
4151.82 0.5433319
4154.5 0.5203241
4157.17 0.5383116
4159.85 0.520805
4162.53 0.5702067
4165.2 0.585519
4167.88 0.5237272
4170.5599999999995 0.5337961
4173.23 0.4958369
4175.91 0.5393942
4178.59 0.5956829
4181.26 0.5261699
4183.94 0.5322466
4186.62 0.578136
4189.29 0.5506584
4191.97 0.5548418
4194.65 0.4962193
4197.32 0.5154277
4200.0 0.5613995
4202.679999999999 0.5490651
4205.35 0.4906234
4208.03 0.5429473
4210.71 0.5700553
4213.38 0.5930092
4216.0599999999995 0.6018707
4218.73 0.5660519
4221.41 0.5450333
4224.09 0.5329047
4226.76 0.5264996
4229.44 0.4873169
4232.12 0.5050137
4234.79 0.5334825
4237.47 0.5510282
4240.15 0.5477349
4242.82 0.5549118
4245.5 0.5354297
4248.179999999999 0.5252217
4250.849999999999 0.5619632
4253.53 0.5562827
4256.21 0.5482698
4258.88 0.5698105
4261.5599999999995 0.5313
4264.240000000001 0.520022
4266.91 0.5367472
4269.59 0.5527841
4272.27 0.5567617
4274.94 0.5185008
4277.62 0.5360055
4280.3 0.5549234
4282.97 0.5328234
4285.65 0.5679161
4288.33 0.5425898
4291.0 0.4976064
4293.68 0.4878238
4296.360000000001 0.4619489
4299.03 0.5178147
4301.71 0.4903756
4304.38 0.4411253
4307.0599999999995 0.4436215
4309.740000000001 0.487618
4312.41 0.5144404
4315.09 0.4904174
4317.77 0.531958
4320.44 0.5300528
4323.12 0.5273629
4325.8 0.4763271
4328.47 0.495302
4331.150000000001 0.5163326
4333.83 0.4917198
4336.5 0.5182952
4339.18 0.5149057
4341.860000000001 0.5072086
4344.53 0.4870979
4347.21 0.4610033
4349.89 0.4582176
4352.5599999999995 0.4734335
4355.24 0.5305591
4357.92 0.5922394
4360.59 0.6241656
4363.27 0.5857374
4365.95 0.5691088
4368.62 0.5750373
4371.3 0.5967674
4373.9800000000005 0.5661729
4376.650000000001 0.5842839
4379.33 0.573486
4382.01 0.5759134
4384.68 0.5508639
4387.360000000001 0.5299964
4390.03 0.5632943
4392.71 0.5968229
4395.39 0.5755026
4398.0599999999995 0.5446087
4400.74 0.5495193
4403.42 0.5580792
4406.09 0.5639664
4408.77 0.5613315
4411.45 0.559547
4414.12 0.5640897
4416.8 0.5740079
4419.4800000000005 0.6118853
4422.150000000001 0.5675607
4424.83 0.5711816
4427.51 0.5670788
4430.18 0.5680544
4432.860000000001 0.565982
4435.54 0.5587237
4438.21 0.5807583
4440.89 0.5695352
4443.57 0.5790691
4446.24 0.5849974
4448.92 0.5703857
4451.6 0.5633057
4454.27 0.5528123
4456.95 0.5565704
4459.63 0.5345505
4462.3 0.5654064
4464.9800000000005 0.5562686
4467.66 0.5661317
4470.33 0.5927621
4473.01 0.5773
4475.69 0.5693145
4478.36 0.5801268
4481.04 0.5823073
4483.71 0.5713337
4486.39 0.5813751
4489.07 0.6096768
4491.74 0.6128751
4494.42 0.5799895
4497.1 0.6056433
4499.77 0.5887294
4502.45 0.611365
4505.13 0.611858
4507.8 0.6242345
4510.4800000000005 0.6522342
4513.16 0.6323268
4515.83 0.6296534
4518.51 0.6261541
4521.19 0.611707
4523.86 0.5963296
4526.54 0.5818824
4529.22 0.5671884
4531.89 0.57383
4534.57 0.5626893
4537.25 0.5554722
4539.92 0.6027637
4542.6 0.6207485
4545.28 0.588055
4547.95 0.5849835
4550.63 0.5823349
4553.3099999999995 0.5870396
4555.9800000000005 0.5778221
4558.66 0.5897706
4561.34 0.5956964
4564.01 0.6042314
4566.69 0.5880282
4569.36 0.5665732
4572.04 0.5821435
4574.72 0.6167284
4577.39 0.6094453
4580.07 0.60087
4582.75 0.5732937
4585.42 0.6072365
4588.1 0.6036823
4590.78 0.6193761
4593.45 0.5810603
4596.13 0.6456216
4598.8099999999995 0.628266
4601.48 0.6100213
4604.16 0.644277
4606.84 0.6668715
4609.51 0.6660914
4612.19 0.650382
4614.87 0.6170847
4617.54 0.6400386
4620.22 0.6525357
4622.9 0.6535364
4625.57 0.6510002
4628.25 0.6851323
4630.929999999999 0.644948
4633.6 0.6278833
4636.28 0.6288016
4638.96 0.6259745
4641.63 0.6263878
4644.3099999999995 0.5872874
4646.99 0.615397
4649.66 0.6353326
4652.34 0.6487078
4655.01 0.6328366
4657.69 0.6342899
4660.37 0.6449898
4663.04 0.6018861
4665.72 0.6621395
4668.4 0.6245209
4671.07 0.6345239
4673.75 0.6115709
4676.429999999999 0.5851744
4679.1 0.6179922
4681.78 0.6396401
4684.46 0.6512729
4687.13 0.607552
4689.8099999999995 0.6390501
4692.490000000001 0.6355233
4695.16 0.6133824
4697.84 0.6387482
4700.52 0.6094707
4703.19 0.5661062
4705.87 0.6042308
4708.55 0.5980701
4711.22 0.6000747
4713.9 0.5980983
4716.58 0.5984816
4719.25 0.6037651
4721.929999999999 0.6189238
4724.610000000001 0.6127905
4727.28 0.6377611
4729.96 0.6080445
4732.64 0.6061915
4735.3099999999995 0.6168941
4737.990000000001 0.6157819
4740.67 0.5788631
4743.34 0.6410535
4746.02 0.6371563
4748.69 0.6599181
4751.37 0.6442773
4754.05 0.5806747
4756.72 0.6297221
4759.4 0.5810184
4762.08 0.6204737
4764.75 0.6092806
4767.429999999999 0.5902513
4770.110000000001 0.6526861
4772.78 0.6222315
4775.46 0.6258387
4778.14 0.6314899
4780.8099999999995 0.6323285
4783.490000000001 0.6489688
4786.17 0.5989894
4788.84 0.6084298
4791.52 0.6277591
4794.2 0.6393508
4796.87 0.6004314
4799.55 0.5771219
4802.2300000000005 0.5985502
4804.9 0.6405461
4807.58 0.5891396
4810.26 0.6044906
4812.93 0.5934619
4815.610000000001 0.6263322
4818.29 0.6504082
4820.96 0.6343861
4823.64 0.5896882
4826.32 0.5313402
4828.99 0.5696865
4831.67 0.5994288
4834.34 0.5683977
4837.02 0.5857927
4839.7 0.6169205
4842.37 0.5944229
4845.05 0.5982771
4847.7300000000005 0.5468433
4850.400000000001 0.5275283
4853.08 0.5592873
4855.76 0.6230529
4858.43 0.6263882
4861.110000000001 0.6724013
4863.79 0.6690391
4866.46 0.5648854
4869.14 0.5187746
4871.82 0.5145758
4874.49 0.5195298
4877.17 0.4893608
4879.85 0.5227111
4882.52 0.5711959
4885.2 0.5864919
4887.88 0.5514389
4890.55 0.5788924
4893.2300000000005 0.5705504
4895.91 0.582636
4898.58 0.6015151
4901.26 0.6319022
4903.94 0.6089903
4906.610000000001 0.5974542
4909.29 0.638693
4911.97 0.6091274
4914.64 0.5775339
4917.32 0.5633888
4919.99 0.585478
4922.67 0.5559126
4925.35 0.5842828
4928.02 0.5738304
4930.7 0.6343446
4933.38 0.6119268
4936.05 0.6180883
4938.7300000000005 0.5991825
4941.41 0.6122284
4944.08 0.6120106
4946.76 0.6279927
4949.44 0.6209538
4952.11 0.6446895
4954.79 0.6576806
4957.47 0.7097848
4960.14 0.7310101
4962.82 0.6637445
4965.5 0.6361132
4968.17 0.6106934
4970.85 0.5918013
4973.53 0.5867519
4976.2 0.6193226
4978.88 0.591472
4981.5599999999995 0.5931997
4984.2300000000005 0.5890581
4986.91 0.6121877
4989.59 0.5485167
4992.26 0.6195832
4994.94 0.6364705
4997.62 0.6020485
5000.289999999999 0.6875476
5002.97 0.8652089
5005.650000000001 1.005527
5008.320000000001 1.025724
5011.0 0.8218291
5013.67 0.674035
5016.35 0.5846128
5019.03 0.5922399
5021.7 0.5986756
5024.38 0.5943671
5027.0599999999995 0.6032837
5029.7300000000005 0.5758745
5032.410000000001 0.6130524
5035.09 0.6113368
5037.76 0.5890585
5040.4400000000005 0.595835
5043.12 0.5776975
5045.79 0.6273347
5048.47 0.6179363
5051.15 0.5870127
5053.82 0.5840098
5056.5 0.6049717
5059.179999999999 0.6105271
5061.85 0.612614
5064.530000000001 0.560851
5067.21 0.5829928
5069.88 0.5491629
5072.56 0.5993055
5075.24 0.5953673
5077.91 0.5881389
5080.59 0.5556102
5083.2699999999995 0.5926921
5085.94 0.5535118
5088.620000000001 0.5624559
5091.299999999999 0.5859971
5093.97 0.6687386
5096.650000000001 0.5869445
5099.320000000001 0.5619497
5102.0 0.61699
5104.68 0.5893588
5107.35 0.5963434
5110.03 0.5754348
5112.71 0.5935706
5115.38 0.611407
5118.0599999999995 0.5970698
5120.740000000001 0.6039833
5123.410000000001 0.5987305
5126.09 0.5730612
5128.77 0.570591
5131.4400000000005 0.5798666
5134.12 0.608525
5136.8 0.6002105
5139.47 0.5642541
5142.15 0.5861491
5144.83 0.5544298
5147.5 0.5642129
5150.179999999999 0.5896336
5152.860000000001 0.5973019
5155.530000000001 0.5866024
5158.21 0.57789
5160.89 0.54982
5163.56 0.545349
5166.24 0.5642669
5168.92 0.4649811
5171.59 0.5048363
5174.2699999999995 0.5368972
5176.95 0.5573653
5179.62 0.5469128
5182.299999999999 0.5410129
5184.9800000000005 0.5692735
5187.650000000001 0.5285977
5190.33 0.5614542
5193.0 0.6020918
5195.68 0.5865472
5198.36 0.6415738
5201.03 0.6365131
5203.71 0.602036
5206.389999999999 0.6060275
5209.0599999999995 0.602709
5211.740000000001 0.6442222
5214.419999999999 0.5572286
5217.09 0.6018995
5219.77 0.5499581
5222.45 0.6167145
5225.12 0.5800174
5227.8 0.5855592
5230.48 0.5615912
5233.15 0.6136704
5235.83 0.5967402
5238.509999999999 0.6044084
5241.179999999999 0.6271013
5243.860000000001 0.6309694
5246.54 0.5860659
5249.21 0.6547316
5251.89 0.5743367
5254.57 0.6261256
5257.24 0.6069066
5259.92 0.6246722
5262.599999999999 0.5865185
5265.2699999999995 0.5619078
5267.95 0.530751
5270.629999999999 0.5863538
5273.299999999999 0.5456918
5275.9800000000005 0.5453756
5278.650000000001 0.5729935
5281.33 0.5940927
5284.01 0.5687804
5286.68 0.5969607
5289.36 0.6597936
5292.04 0.637746
5294.71 0.6306
5297.389999999999 0.6042036
5300.07 0.6249599
5302.74 0.6621676
5305.419999999999 0.6612065
5308.1 0.6514513
5310.77 0.6082377
5313.45 0.6030099
5316.13 0.5644722
5318.8 0.6030107
5321.48 0.5977966
5324.16 0.5953812
5326.83 0.58047
5329.509999999999 0.5746113
5332.19 0.5998124
5334.860000000001 0.5933934
5337.539999999999 0.6073861
5340.22 0.6170435
5342.89 0.6013504
5345.57 0.6029685
5348.25 0.5938994
5350.92 0.6490655
5353.599999999999 0.6160427
5356.28 0.6367167
5358.95 0.6268678
5361.629999999999 0.6285408
5364.299999999999 0.6305179
5366.9800000000005 0.6290354
5369.660000000001 0.6165364
5372.33 0.6020917
5375.01 0.5803188
5377.6900000000005 0.5980979
5380.36 0.5787692
5383.04 0.5999095
5385.72 0.6436315
5388.389999999999 0.6169768
5391.07 0.5843658
5393.750000000001 0.6228745
5396.419999999999 0.5859579
5399.1 0.6385699
5401.780000000001 0.5976176
5404.45 0.5629782
5407.13 0.5832544
5409.81 0.5830478
5412.48 0.5688362
5415.16 0.5925146
5417.84 0.5850645
5420.509999999999 0.6127374
5423.19 0.6293779
5425.870000000001 0.5619889
5428.539999999999 0.5764914
5431.22 0.5961775
5433.900000000001 0.5847488
5436.57 0.627211
5439.25 0.6176205
5441.93 0.6369636
5444.6 0.6207491
5447.28 0.5997445
5449.96 0.6151364
5452.63 0.5871921
5455.3099999999995 0.5999776
5457.9800000000005 0.618829
5460.660000000001 0.5866295
5463.34 0.5980294
5466.01 0.5912948
5468.6900000000005 0.6146439
5471.37 0.6310512
5474.04 0.5957259
5476.72 0.5757639
5479.4 0.6230804
5482.07 0.5854366
5484.750000000001 0.5985924
5487.429999999999 0.6497364
5490.1 0.6577637
5492.780000000001 0.6430697
5495.46 0.6490093
5498.13 0.6077985
5500.81 0.6281707
5503.49 0.5942974
5506.16 0.6148364
5508.84 0.6300502
5511.5199999999995 0.6335065
5514.19 0.6167707
5516.870000000001 0.6225045
5519.55 0.6374027
5522.22 0.6528656
5524.900000000001 0.6074959
5527.58 0.6033107
5530.25 0.5847777
5532.93 0.6099514
5535.61 0.6210083
5538.28 0.6471722
5540.96 0.608703
5543.63 0.5891821
5546.3099999999995 0.616208
5548.990000000001 0.671015
5551.660000000001 0.6426865
5554.34 0.6208313
5557.02 0.6245484
5559.6900000000005 0.6332752
5562.37 0.6348521
5565.05 0.6056435
5567.72 0.6214218
5570.4 0.628212
5573.08 0.6014178
5575.75 0.5840371
5578.429999999999 0.611749
5581.110000000001 0.6480627
5583.780000000001 0.5940521
5586.46 0.6205566
5589.14 0.5979193
5591.81 0.5773557
5594.49 0.6032978
5597.17 0.5861894
5599.84 0.6000883
5602.5199999999995 0.6568572
5605.2 0.6087847
5607.870000000001 0.5786178
5610.549999999999 0.5999366
5613.2300000000005 0.6227781
5615.900000000001 0.5868767
5618.58 0.62057
5621.26 0.6472667
5623.93 0.6238633
5626.61 0.5736095
5629.28 0.5789339
5631.96 0.6200905
5634.639999999999 0.6216949
5637.3099999999995 0.5955339
5639.990000000001 0.6188556
5642.67 0.6230531
5645.34 0.6243578
5648.02 0.6292684
5650.7 0.6101844
5653.37 0.6220117
5656.05 0.6489691
5658.73 0.6203502
5661.4 0.5793315
5664.08 0.5724849
5666.759999999999 0.5968631
5669.429999999999 0.623603
5672.110000000001 0.6136697
5674.79 0.6039283
5677.46 0.608457
5680.14 0.6274023
5682.82 0.6247676
5685.49 0.6019815
5688.17 0.5964657
5690.849999999999 0.6091002
5693.5199999999995 0.6244671
5696.2 0.6220518
5698.879999999999 0.6013215
5701.549999999999 0.5906358
5704.2300000000005 0.6223124
5706.91 0.6208849
5709.58 0.5766421
5712.26 0.5878089
5714.94 0.5906616
5717.61 0.578453
5720.29 0.6435494
5722.96 0.5998006
5725.639999999999 0.5953274
5728.32 0.6032015
5730.990000000001 0.6582989
5733.669999999999 0.6331784
5736.35 0.6437002
5739.02 0.6414929
5741.7 0.6263873
5744.38 0.6215987
5747.05 0.6462809
5749.73 0.6189241
5752.41 0.6500383
5755.08 0.6440445
5757.759999999999 0.64628
5760.44 0.5876713
5763.110000000001 0.6164691
5765.79 0.6241372
5768.47 0.5957791
5771.14 0.6432076
5773.82 0.6358122
5776.5 0.6565959
5779.17 0.6207904
5781.849999999999 0.6048206
5784.53 0.6323679
5787.2 0.6073181
5789.879999999999 0.5949428
5792.5599999999995 0.6344394
5795.2300000000005 0.615385
5797.91 0.6132989
5800.59 0.6309821
5803.26 0.6610834
5805.9400000000005 0.6493938
5808.61 0.6332067
5811.29 0.6115846
5813.97 0.6372111
5816.639999999999 0.6258395
5819.32 0.6581748
5822.000000000001 0.6103902
5824.669999999999 0.6449364
5827.35 0.6445241
5830.030000000001 0.637609
5832.7 0.642261
5835.38 0.6197473
5838.06 0.5767921
5840.73 0.6112696
5843.41 0.6263598
5846.09 0.6256594
5848.759999999999 0.589264
5851.44 0.6739652
5854.120000000001 0.6280602
5856.789999999999 0.6111322
5859.47 0.5846398
5862.150000000001 0.6290342
5864.82 0.5618394
5867.5 0.6466502
5870.18 0.6130102
5872.849999999999 0.6231226
5875.53 0.6210641
5878.21 0.6134081
5880.88 0.6617968
5883.5599999999995 0.6041209
5886.240000000001 0.6125299
5888.910000000001 0.5943397
5891.59 0.5612761
5894.26 0.5617849
5896.9400000000005 0.5462679
5899.62 0.5683001
5902.29 0.6083064
5904.97 0.581814
5907.65 0.6016101
5910.32 0.5801959
5913.000000000001 0.5911568
5915.679999999999 0.5965751
5918.35 0.6057957
5921.030000000001 0.6112141
5923.71 0.6234233
5926.38 0.6382963
5929.06 0.5992783
5931.74 0.6228744
5934.41 0.6019267
5937.09 0.6053696
5939.7699999999995 0.6497501
5942.44 0.6276775
5945.120000000001 0.6351948
5947.8 0.6460322
5950.47 0.6046155
5953.150000000001 0.6039564
5955.83 0.5933646
5958.5 0.600541
5961.18 0.6234923
5963.86 0.5934605
5966.53 0.6181837
5969.21 0.6149453
5971.889999999999 0.6242461
5974.5599999999995 0.617045
5977.240000000001 0.6242742
5979.92 0.5857914
5982.59 0.5852165
5985.27 0.6287329
5987.9400000000005 0.6128338
5990.62 0.604533
5993.3 0.6022961
5995.97 0.5946284
5998.65 0.6079627
6001.33 0.6132575
6004.0 0.6243303
6006.679999999999 0.6275535
6009.360000000001 0.5971239
6012.030000000001 0.6315602
6014.71 0.5928578
6017.39 0.5823483
6020.06 0.5973583
6022.74 0.6116529
6025.42 0.617428
6028.09 0.6287339
6030.7699999999995 0.6189377
6033.45 0.6057941
6036.120000000001 0.6238909
6038.799999999999 0.6020495
6041.4800000000005 0.6162069
6044.150000000001 0.6292963
6046.83 0.632053
6049.51 0.620501
6052.18 0.6323418
6054.86 0.616619
6057.54 0.6435077
6060.21 0.6403675
6062.889999999999 0.6177987
6065.57 0.6199383
6068.240000000001 0.6077844
6070.92 0.5968634
6073.59 0.6375694
6076.27 0.6185265
6078.95 0.6426713
6081.62 0.6147269
6084.3 0.6162354
6086.98 0.6256185
6089.65 0.6054254
6092.33 0.6068651
6095.009999999999 0.6442079
6097.679999999999 0.5838313
6100.360000000001 0.5598497
6103.04 0.6471985
6105.71 0.6176215
6108.39 0.5983592
6111.07 0.632231
6113.74 0.6279656
6116.42 0.6016928
6119.099999999999 0.6075091
6121.7699999999995 0.6159065
6124.45 0.6044777
6127.129999999999 0.5421101
6129.799999999999 0.6543474
6132.4800000000005 0.627814
6135.16 0.5965336
6137.83 0.6095955
6140.51 0.6120232
6143.19 0.6149446
6145.86 0.6209412
6148.54 0.6500387
6151.219999999999 0.5943796
6153.889999999999 0.6198573
6156.57 0.5704541
6159.240000000001 0.5769581
6161.92 0.5728419
6164.6 0.5755987
6167.27 0.6064131
6169.95 0.5376796
6172.63 0.5692742
6175.3 0.5766014
6177.98 0.6115159
6180.66 0.5904976
6183.33 0.6302432
6186.009999999999 0.5932283
6188.69 0.5794537
6191.360000000001 0.5954651
6194.04 0.5400392
6196.72 0.6150546
6199.39 0.6243849
6202.07 0.6056851
6204.75 0.610102
6207.42 0.618664
6210.099999999999 0.6166328
6212.78 0.5634982
6215.45 0.5984831
6218.129999999999 0.5750365
6220.81 0.5856133
6223.4800000000005 0.5803052
6226.16 0.6162486
6228.84 0.5924042
6231.51 0.5706333
6234.19 0.605534
6236.87 0.5950656
6239.54 0.5839818
6242.22 0.5772313
6244.9 0.5905245
6247.57 0.5908551
6250.250000000001 0.586039
6252.919999999999 0.5923785
6255.6 0.6117218
6258.280000000001 0.6145062
6260.95 0.6098566
6263.63 0.6125998
6266.31 0.623643
6268.98 0.6481329
6271.66 0.6297623
6274.34 0.5831441
6277.009999999999 0.6001159
6279.69 0.6058224
6282.370000000001 0.5971649
6285.04 0.6058367
6287.72 0.6148221
6290.400000000001 0.6253852
6293.07 0.6191168
6295.75 0.6259071
6298.43 0.6538521
6301.099999999999 0.6970962
6303.78 0.6874235
6306.46 0.6484056
6309.129999999999 0.6372259
6311.8099999999995 0.6227926
6314.490000000001 0.5875614
6317.160000000001 0.5697963
6319.84 0.6003756
6322.52 0.613312
6325.1900000000005 0.6224091
6327.87 0.5750912
6330.55 0.6173454
6333.22 0.6062342
6335.9 0.5827739
6338.57 0.6114344
6341.250000000001 0.5935303
6343.93 0.6082913
6346.6 0.647008
6349.280000000001 0.6427544
6351.96 0.6651844
6354.63 0.616579
6357.31 0.593338
6359.99 0.5812234
6362.66 0.5755038
6365.34 0.5826234
6368.0199999999995 0.5963418
6370.69 0.6551432
6373.370000000001 0.5824449
6376.05 0.5982625
6378.72 0.636101
6381.400000000001 0.6078939
6384.08 0.6065075
6386.75 0.6226562
6389.43 0.5936945
6392.11 0.6285953
6394.78 0.5766148
6397.46 0.5581208
6400.139999999999 0.6063016
6402.8099999999995 0.5996765
6405.490000000001 0.6199527
6408.17 0.5911009
6410.84 0.5935441
6413.52 0.57066
6416.2 0.5682173
6418.87 0.5947513
6421.55 0.6249053
6424.22 0.612573
6426.9 0.5882485
6429.58 0.5624284
6432.250000000001 0.6211063
6434.929999999999 0.5944493
6437.610000000001 0.6106099
6440.280000000001 0.5956573
6442.96 0.5906903
6445.64 0.5734447
6448.31 0.6029557
6450.99 0.5891536
6453.67 0.6140533
6456.34 0.590389
6459.0199999999995 0.6167977
6461.7 0.629103
6464.370000000001 0.5935855
6467.05 0.5779726
6469.7300000000005 0.5690133
6472.400000000001 0.595712
6475.08 0.5913623
6477.76 0.5968768
6480.43 0.6452378
6483.11 0.6539214
6485.79 0.6095668
6488.46 0.5828432
6491.139999999999 0.575887
6493.82 0.5567346
6496.490000000001 0.5861632
6499.17 0.5966715
6501.85 0.5702478
6504.52 0.5964524
6507.2 0.6039288
6509.88 0.6022956
6512.55 0.6241377
6515.23 0.6143552
6517.9 0.6316838
6520.58 0.5974402
6523.259999999999 0.5803868
6525.929999999999 0.5826789
6528.610000000001 0.5659136
6531.29 0.6260575
6533.96 0.6059191
6536.64 0.6077569
6539.32 0.6401059
6541.99 0.6428372
6544.67 0.6954768
6547.349999999999 0.7692574
6550.0199999999995 0.8072198
6552.7 0.7833339
6555.379999999999 0.8111966
6558.049999999999 1.09598
6560.7300000000005 1.48674
6563.41 1.610622
6566.08 1.346107
6568.76 0.9065178
6571.44 0.766774
6574.11 0.724507
6576.79 0.7569518
6579.469999999999 0.9213607
6582.139999999999 1.012759
6584.82 1.156356
6587.499999999999 1.045958
6590.17 0.8027058
6592.85 0.7158218
6595.53 0.6279915
6598.2 0.6319164
6600.88 0.6491333
6603.55 0.6378437
6606.23 0.6171409
6608.91 0.641862
6611.58 0.6357171
6614.259999999999 0.6394892
6616.94 0.587548
6619.610000000001 0.6080045
6622.29 0.6049718
6624.97 0.6064529
6627.64 0.6114478
6630.32 0.5939417
6633.0 0.6141081
6635.67 0.5953553
6638.349999999999 0.6372253
6641.03 0.6126813
6643.7 0.6606171
6646.379999999999 0.6609045
6656.490000000001 0.6087724
6671.83 0.5879054
6687.21 0.5890575
6702.63 0.587493
6718.08 0.5913628
6733.57 0.5870816
6749.09 0.5841876
6764.65 0.5948462
6780.24 0.5932688
6795.870000000001 0.591693
6811.54 0.5887692
6827.24 0.5885632
6842.98 0.5924319
6858.75 0.5814166
6874.5599999999995 0.5798673
6890.41 0.5664629
6906.299999999999 0.5781232
6922.22 0.5792487
6938.17 0.5898128
6954.169999999999 0.585531
6970.2 0.5921025
6986.2699999999995 0.5613578
7002.37 0.5903064
7018.52 0.5846812
7034.6900000000005 0.5804567
7050.91 0.6034079
7067.17 0.5629219
7083.46 0.5798105
7099.78 0.5535114
7116.15 0.5558575
7132.56 0.5505619
7149.0 0.552894
7165.48 0.5552396
7181.999999999999 0.5411496
7198.55 0.5213812
7215.150000000001 0.5199949
7231.78 0.5544167
7248.45 0.5516594
7265.160000000001 0.5708253
7281.910000000001 0.5512344
7298.69 0.5274454
7315.5199999999995 0.5559124
7332.389999999999 0.5608371
7349.290000000001 0.5897564
7366.2300000000005 0.5747897
7383.21 0.5825553
7400.23 0.576998
7417.29 0.5688629
7434.389999999999 0.5940651
7451.53 0.5763263
7468.700000000001 0.562991
7485.92 0.587932
7503.18 0.5664488
7520.47 0.5820894
7537.81 0.5831999
7555.1900000000005 0.5883572
7572.6 0.5827342
7590.0599999999995 0.5838441
7607.549999999999 0.5663949
7625.1 0.5596845
7642.67 0.5659417
7660.29 0.5553912
7677.95 0.5412872
7695.650000000001 0.5485864
7713.39 0.5458416
7731.170000000001 0.5443741
7748.99 0.5404094
7766.849999999999 0.5364597
7784.759999999999 0.5350039
7802.71 0.5409851
7820.6900000000005 0.5470223
7838.72 0.5318895
7856.79 0.5453075
7874.900000000001 0.5513992
7893.0599999999995 0.544854
7911.25 0.5383938
7929.49 0.5295573
7947.7699999999995 0.5172923
7966.09 0.5242625
7984.45 0.5374885
8002.860000000001 0.5226163
8021.31 0.5407522
8039.8 0.546789
8058.33 0.5390516
8076.910000000001 0.5289817
8095.53 0.5373504
8114.19 0.5334264
8132.9 0.5443602
8151.650000000001 0.529296
8170.44 0.4869731
8189.2699999999995 0.5144118
8208.15 0.5036424
8227.07 0.5357179
8246.04 0.536718
8265.04 0.518267
8284.1 0.5062487
8303.19 0.5118879
8322.33 0.5235772
8341.52 0.5032448
8360.75 0.5303814
8380.02 0.5228774
8399.34 0.5072238
8418.7 0.5223969
8438.11 0.5282135
8457.56 0.5018999
8477.06 0.477988
8496.6 0.5119421
8516.19 0.5093494
8535.82 0.496385
8555.5 0.4361307
8575.22 0.5098298
8594.99 0.5037518
8614.800000000001 0.4966187
8634.66 0.5091162
8654.56 0.5019005
8674.52 0.4134388
8694.51 0.490019
8714.55 0.497744
8734.65 0.5091021
8754.78 0.4961247
8774.960000000001 0.4924887
8795.19 0.510722
8815.47 0.4456379
8835.79 0.4951904
8856.16 0.496096
8876.57 0.453266
8897.03 0.4821034
8917.54 0.4885786
8938.1 0.476136
8958.7 0.4737082
8979.359999999999 0.4616336
9000.06 0.4055915
9020.8 0.4343888
9041.6 0.4962061
9062.44 0.5051929
9083.33 0.4734054
9104.27 0.4775491
9125.26 0.4817329
9146.300000000001 0.4361025
9167.380000000001 0.452251
9188.51 0.4657506
9209.699999999999 0.4796606
9230.92 0.4728429
9252.2 0.4607844
9273.54 0.4701943
9294.91 0.4488075
9316.34 0.4795514
9337.82 0.4804156
9359.34 0.4790712
9380.91 0.4777275
9402.54 0.4687548
9424.22 0.4794279
9445.94 0.4736935
9467.710000000001 0.4811434
9489.539999999999 0.4808966
9511.42 0.4707846
9533.34 0.4705385
9555.32 0.4543222
9577.35 0.46789
9599.42 0.4763276
9621.55 0.4728022
9643.73 0.4671499
9665.960000000001 0.4658192
9688.25 0.4709628
9710.58 0.4642548
9732.97 0.4597546
9755.4 0.4573952
9777.89 0.4581904
9800.43 0.4527029
9823.03 0.4576966
9845.67 0.4585069
9868.369999999999 0.4551042
9891.109999999999 0.4548578
9913.91 0.4504398
9936.77 0.4533065
9959.68 0.4530606
9982.640000000001 0.4507274
10028.710000000001 0.4471198
10075.0 0.4404934
10121.51 0.4471476
10168.23 0.4425507
10215.160000000002 0.4430585
10285.97 0.4433198
10309.68 0.4400134
10501.35 0.4259514
10696.58 0.4086655
10895.45 0.3938752
11098.02 0.379635
11304.34 0.3709925
11488.02 0.3684408
11701.6 0.3575747
11891.73 0.3454335
12112.810000000001 0.3383409
12309.64 0.3329356
12509.66 0.3238668
12712.92 0.3164861
12889.779999999999 0.3092835
13099.220000000001 0.3036451
13312.06 0.2953725
13497.25 0.2893086
13685.01 0.2840267
13907.380000000001 0.2743825
14100.839999999998 0.2638597
14297.0 0.2602381
14495.9 0.2608278
14697.560000000001 0.2525551
14902.02 0.2549011
15109.33 0.2554773
15284.29 0.2590306
15496.92 0.256657
15712.5 0.2525552
15894.43 0.2439807
16115.550000000001 0.2451058
16302.160000000002 0.2439808
16490.940000000002 0.2400844
16681.9 0.2378893
16913.95 0.2335404
17109.81 0.2287524
17307.93 0.2199722
17508.36 0.2134829
17711.1 0.2052928
17916.170000000002 0.1978569
18081.95 0.1889534
18291.329999999998 0.1842341
18503.12 0.1783896
18717.379999999997 0.1707481
18890.579999999998 0.1664814
19109.33 0.1634357
19286.129999999997 0.1582638
19509.46 0.1521861
19689.989999999998 0.1480291
19917.97 0.1436665
20102.280000000002 0.1410461
20288.27 0.1365724
20523.2 0.1346984
20713.11 0.1313289
20904.75 0.1286358
21098.19 0.1262886
21293.42 0.1236983
21490.429999999997 0.1211603
21689.289999999997 0.1173175
21889.980000000003 0.1154423
22092.52 0.1122951
22296.94 0.1092357
22503.24 0.1070297
22711.47 0.1041747
22921.63 0.09441075
23080.5 0.09358633
23294.069999999996 0.08288405
23509.59 0.07847607
23727.140000000003 0.07943361
23891.589999999997 0.07348643
24112.670000000002 0.07136268
24279.8 0.07057934
24504.47 0.0662139
24674.309999999998 0.06518639
24902.63 0.05629089
24977.52 0.05076071
25071.629999999997 0.05249071
25165.850000000002 0.05467753
25260.06 0.05704821
25354.18 0.05687534
25448.4 0.0575352
25542.61 0.05864236
25636.73 0.05856826
25730.95 0.05878913
25825.06 0.05755581
25919.28 0.05605904
26013.489999999998 0.05377619
26107.61 0.05369662
26201.829999999998 0.05446486
26295.94 0.05597675
26390.16 0.05445801
26484.37 0.05303125
26578.49 0.05147
26672.71 0.05033541
26766.920000000002 0.05019139
26861.039999999997 0.0486617
26955.260000000002 0.04858348
27049.370000000003 0.04710596
27143.59 0.04773291
27237.809999999998 0.04685212
27331.92 0.04647899
27426.14 0.04527031
27520.35 0.04356917
27614.47 0.04175549
27708.68 0.04242225
27802.8 0.0468933
27897.02 0.04789753
27991.23 0.04815135
28085.35 0.0447298
28179.57 0.0433071
28273.78 0.04157715
28367.9 0.04111343
28462.109999999997 0.04134118
28556.23 0.04183369
28650.449999999997 0.04145503
28744.66 0.04190915
28838.780000000002 0.04055507
28933.0 0.03970584
29027.210000000003 0.03693596
29121.329999999998 0.0368852
29215.54 0.03497414
29309.660000000003 0.03574515
29403.87 0.03544746
29498.09 0.03541178
29592.21 0.03424839
29686.42 0.03196005
29780.64 0.03070748
29874.75 0.03014777
29968.97 0.03000782
30063.09 0.03124254
30157.3 0.02912705
30251.519999999997 0.0289679
30345.64 0.02704036
30439.850000000002 0.02923543
30534.07 0.03178032
30628.190000000002 0.03499745
30722.399999999998 0.03661357
30816.52 0.03587136
30910.730000000003 0.03288472
31004.95 0.03075962
31099.070000000003 0.02630091
31193.28 0.02606769
31287.5 0.02542288
31381.62 0.02699097
31475.83 0.0273367
31569.95 0.02769614
31664.16 0.02884032
31758.38 0.02914213
31852.5 0.02881562
31946.71 0.03004897
32040.93 0.03270087
32135.04 0.03365848
32229.260000000002 0.0358302
32323.38 0.03741887
32417.59 0.04192973
32511.809999999998 0.04301627
32605.92 0.04698248
32700.140000000003 0.05009945
32794.36 0.05082107
32888.47 0.04835988
32982.69 0.04476683
33076.81 0.04271857
33171.020000000004 0.04139743
33265.229999999996 0.03958925
33359.35 0.03699222
33453.57 0.03384093
33547.78 0.03196005
33641.9 0.03141403
33736.12 0.0302424
33830.24 0.03080351
33924.45 0.02954411
34018.66 0.03036726
34112.78 0.0288609
34207.0 0.03105046
34301.21 0.03018343
34395.33 0.02873331
34489.55 0.02705683
34583.659999999996 0.027371
34677.88 0.02910647
34772.090000000004 0.03112319
34866.21 0.03188871
34960.42 0.03340468
35054.64 0.03172819
35148.76 0.03048798
35242.97 0.03055384
35337.09 0.03103676
35431.31 0.02839856
35525.52 0.02542426
35619.64 0.02369428
35713.85 0.02531314
35808.07 0.02764676
35902.189999999995 0.0290461
35996.4 0.0293644
36090.520000000004 0.02628994
36184.74 0.02460934
36278.950000000004 0.02336365
36373.07 0.0229411
36467.28 0.02348026
36561.5 0.024597
36655.62 0.02710896
36749.83 0.02723793
36843.95 0.02702803
36938.17 0.02493036
37032.38 0.02369153
37126.5 0.022428
37220.71 0.02266123
37314.93 0.02379854
37409.04 0.02335679
37503.259999999995 0.0225405
37597.38 0.01988997
37691.590000000004 0.01921362
37785.81 0.01912444
37879.93 0.01997091
37974.14 0.0215884
38068.36 0.02200408
38162.47 0.02188199
38256.69 0.02153352
38350.810000000005 0.02034682
38445.02 0.01889534
38539.24 0.01601707
38633.36 0.01521861
38727.57 0.01531602
38821.78 0.01761672
38915.9 0.01876089
39010.12 0.01916422
39104.24 0.01837812
39198.45 0.01735468
39292.67 0.0167181
39386.79 0.01783347
39481.0 0.02054986
39575.21 0.02322372
39669.33 0.02351593
39763.549999999996 0.0237615
39857.659999999996 0.02457505
39951.880000000005 0.02395495
40046.1 0.02263653
40140.21 0.02047441
40234.43 0.01953053
40328.64 0.01974455
40422.76 0.02074742
40516.97 0.02251856
40611.090000000004 0.02226201
40705.31 0.02095183
40799.52 0.01856471
40893.64 0.01718731
40987.85999999999 0.01690606
41082.07 0.01677162
41176.19 0.01626401
41270.41 0.01631339
41364.520000000004 0.01662345
41458.74 0.0174466
41552.95 0.01762358
41647.07 0.01914914
41741.29 0.01958677
41835.5 0.01998052
41929.619999999995 0.01896256
42023.83 0.01848651
42117.950000000004 0.01738761
42212.170000000006 0.01710773
42306.38 0.01707207
42400.5 0.0170364
42494.71 0.01745346
42588.92999999999 0.01755909
42683.049999999996 0.01831913
42777.27 0.01767844
42871.38 0.01775116
42965.600000000006 0.01658091
43059.81 0.01691978
43153.93 0.01686765
43248.14 0.01743151
43342.36 0.01823682
43436.479999999996 0.01846455
43530.689999999995 0.01894884
43624.81 0.01841105
43719.020000000004 0.01695271
43813.240000000005 0.01584695
43907.36 0.01557119
44001.57 0.01685942
44095.79 0.01640532
44189.9 0.01558766
44284.119999999995 0.01527349
44378.24 0.01693625
44472.46 0.01681002
44566.670000000006 0.01638473
44660.78999999999 0.01566037
44755.0 0.0150238
44849.22 0.01375753
44943.33 0.01319189
45037.55 0.01265835
45131.67 0.01173793
45225.88 0.01021992
45320.1 0.00966676
45414.21 0.01012553
45508.43000000001 0.01257329
45602.65 0.01373009
45696.76 0.01442153
45790.98 0.01427611
45885.189999999995 0.01386728
45979.31 0.01353651
46073.52 0.01330357
46167.65 0.01584695
46261.85999999999 0.01732038
46356.08 0.01691429
46450.189999999995 0.01377811
46544.41 0.01333731
46638.53 0.01370073
46732.74 0.01473844
46827.93 0.01362225
47296.21 0.01383847
47769.17 0.01405798
48246.86 0.01427885
48729.329999999994 0.0145011
49216.63 0.01472746
49708.79 0.01495383
50205.88 0.01518432
50707.94 0.01541616
51215.020000000004 0.01565076
51727.17 0.0158881
51932.9 0.01598277
52234.47 0.02001207
52536.060000000005 0.01871836
52837.64 0.01891591
53139.21 0.01868543
53440.79 0.01945508
53742.38 0.01743562
54043.95 0.01270925
54345.53 0.01424867
54647.11 0.01685393
54948.7 0.02123718
55250.27 0.01712146
55551.86 0.01704325
55853.44 0.01922459
56155.01 0.02183534
56456.58 0.02422247
56758.170000000006 0.02264477
57059.759999999995 0.02389458
57361.329999999994 0.02700745
57662.909999999996 0.02476574
57964.49 0.01956346
58266.07 0.01710225
58567.65 0.01741779
58869.23 0.01796244
59170.81 0.01785954
59472.39 0.01800359
59773.97 0.01975278
60075.55 0.02244721
60377.12 0.0245188
60678.71 0.02594833
60980.28 0.03069789
61281.86 0.03747102
61583.439999999995 0.05514124
61885.02 0.06231908
62186.61 0.06354967
62488.18 0.05120523
62789.76 0.05204756
63091.350000000006 0.04115459
63392.920000000006 0.0323044
63694.49999999999 0.03356655
63996.09 0.03257466
64297.659999999996 0.02497838
64599.229999999996 0.02472322
64900.83 0.02399885
65202.4 0.02409899
65503.97 0.02359276
65805.56 0.02564788
66107.14 0.02905708
66408.72 0.02591266
66710.3 0.02531314
67011.88 0.02346379
67313.46 0.02827921
67615.03 0.01762769
67916.62 0.0241182
68218.19 0.02237862
68519.77 0.02455858
68821.36 0.02650944
69122.93 0.03533769
69424.51 0.03322632
69726.1 0.03880313
70027.67 0.03876884
70329.26 0.03212742
70630.83 0.03213976
70932.41 0.03230851
71234.0 0.03367768
71535.57 0.03099696
71837.15000000001 0.0336667
72138.73000000001 0.03197651
72440.31 0.03458725
72741.89 0.03698947
73043.45999999999 0.03947948
73325.31 0.04055507
73345.05 0.04750929
73646.63 0.04837634
73929.66 0.04805394
73948.2 0.05154134
74534.01999999999 0.05659271
75138.38 0.06858185
75742.74 0.07732091
76347.1 0.07828263
76951.47 0.07440836
77555.83 0.07334649
78160.18 0.07029812
78764.55 0.0657859
79368.91 0.05729514
79973.27 0.0517032
80577.62999999999 0.03455158
81181.99 0.03958787
81786.35999999999 0.03663689
82390.72 0.034531
82995.07999999999 0.03465037
83599.44 0.04121359
84203.81000000001 0.03344857
84808.16 0.0322454
85412.52 0.03534455
86016.87999999999 0.03369689
86621.24 0.0303165
87225.59999999999 0.02580976
87829.96 0.02081326
88434.31999999999 0.01749187
89038.69 0.01547241
89643.04999999999 0.01270157
90247.41 0.0118149
90851.77 0.01070214
91456.13 0.01031924
92060.49 0.009396493
92664.84 0.009041856
93269.21 0.008829073
93873.56999999999 0.008025545
94477.93000000001 0.007980682
95082.29999999999 0.008550986
95686.66 0.007563073
96291.01999999999 0.01072793
96895.38 0.01134365
97499.7 0.007344938
98104.11 0.006690401
98708.43000000001 0.006968624
99312.85 0.00692486
99917.17 0.006459096
100521.58 0.0065292
101125.92 0.006817438
101730.23000000001 0.007371416
102334.64 0.006856127
102938.96 0.006966429
103543.39 0.006814969
104147.71 0.007249041
104752.01999999999 0.007913047
105356.44 0.009016202
105960.76999999999 0.008891356
106565.18000000001 0.008975454
107169.48999999999 0.007834025
107773.91 0.009315279
108378.23999999999 0.009105375
108982.56 0.009818082
109586.97 0.01153709
110191.29 0.01313331
110795.70999999999 0.01647254
111400.03 0.02152391
112004.43999999999 0.03462979
112608.76 0.03833121
113213.08 0.03345818
113817.51 0.02725988
114421.82 0.02277373
115026.23 0.01985842
115630.55 0.01771001
116234.98 0.01657406
116839.3 0.01579344
117443.61 0.01578796
118048.04000000001 0.0166015
118652.36 0.01737937
119256.77 0.01856608
119861.09000000001 0.01915325
120465.42 0.01948525
121069.83 0.0192781
121674.15 0.02004911
122278.56 0.02159937
122882.89000000001 0.02377659
123487.3 0.02282312
124091.62999999999 0.02278607
124695.94 0.02421012
125300.36000000002 0.02537487
125904.68 0.0262282
126509.09999999999 0.02773867
127113.40999999999 0.02994883
127717.73 0.0360456
128322.15 0.04008999
128926.48 0.0254613
129530.89 0.02117134
130135.2 0.02059788
130739.62 0.02033859
131343.94999999998 0.02034819
131948.27 0.02047989
132552.69 0.02025902
133157.0 0.02049636
133761.41999999998 0.02076388
134365.72999999998 0.02079269
134970.16 0.0206555
135574.47 0.02106844
136178.8 0.02110411
136783.22 0.02106295
137387.55 0.02126051
137991.94 0.02015338
138596.27 0.01932886
139200.69 0.01965812
139805.02 0.01857431
140409.31 0.01820527
141013.77 0.01790618
141533.80000000002 0.02050047
142426.19 0.02113018
143318.7 0.02089421
144211.13 0.02037563
145103.53 0.01996268
145995.95 0.01929456
146888.47 0.0198982
147780.88999999998 0.02012045
148673.30000000002 0.02029057
149565.81 0.01838224
150458.23 0.01926026
151350.63999999998 0.01863055
152243.06 0.01876775
153135.56 0.01854962
154027.98 0.01856745
154920.41 0.01963342
155812.91 0.01716261
156705.34 0.01718867
157597.72999999998 0.01821487
158490.27 0.01800633
159382.69 0.01793637
160275.08000000002 0.01764278
161167.52000000002 0.01758241
162060.03 0.01769766
162952.41999999998 0.01826151
163844.84 0.01967732
164737.27 0.02137575
165629.78 0.01994622
166522.2 0.01958815
167414.63 0.02102043
168307.14 0.02149785
169199.55000000002 0.02109039
170091.97 0.02189982
170984.48 0.025261
171876.88999999998 0.0200299
172769.31 0.02021237
173661.7 0.0204209
174554.23 0.01916834
175446.66 0.01889396
176339.06 0.01791853
177231.56 0.01899137
178123.98 0.0189461
179016.41 0.01882399
179908.91 0.01795832
180801.33 0.01793225
181693.75 0.01790344
182586.16 0.01804338
183478.67 0.01909015
184371.09 0.01867171
185263.5 0.02348987
186156.03 0.02079131
187048.44999999998 0.02161035
187940.84000000003 0.02106707
188833.27000000002 0.02082561
189725.80000000002 0.02095457
190618.2 0.02159937
191510.63 0.02114664
192403.13 0.02251992
193295.55 0.02276001
194187.94999999998 0.02308515
195080.38 0.02572334
195972.90999999997 0.02407978
196865.30000000002 0.02974578
197757.73 0.02673032
198650.23 0.02727634
200063.47000000003 0.02646828
201771.59 0.03270636
203480.69 0.03236888
205190.8 0.02972657
206901.73 0.03431151
208613.56 0.03502901
210326.37000000002 0.03344857
212040.08000000002 0.03613615
213754.71999999997 0.04053586
215470.36 0.03798548
217186.86000000002 0.03668079
218904.34 0.04097488
220622.7 0.04389705
222342.02 0.04266918
224062.30999999997 0.04096664
225783.5 0.04336474
227505.66 0.04605095
229228.8 0.04694543
230952.78 0.04643508
232677.86000000002 0.04742698
234403.7 0.05105843
236130.61 0.05338519
237858.52 0.05394493
239587.3 0.05444567
241317.02000000002 0.05748858
243047.73 0.06034078
244779.33 0.06310792
246511.98 0.06368001
248245.55 0.06498743
249980.16 0.06755977
251715.63 0.07090174
253452.09 0.0726674
255189.53 0.0749091
256927.94 0.0753042
258667.30000000002 0.07740049
260407.66999999998 0.07984524
262149.0 0.08040772
263891.27999999997 0.08377988
265634.56 0.08523821
267378.77999999997 0.08568684
269124.13 0.08613957
270870.31 0.08814118
272617.47 0.09129658
274365.69 0.09429146
276114.91000000003 0.09409528
277865.0 0.09596108
279616.13 0.09716563
281368.28 0.1004513
283121.5 0.1024228
284875.66000000003 0.1056715
286630.72 0.1047002
288386.91000000003 0.107979
290144.03 0.1093934
291902.16 0.1116722
293661.31 0.1098407
295421.41000000003 0.1167332
297182.59 0.1150471
298944.75 0.1192671
300707.88 0.1182162
302472.06 0.1238863
304237.33999999997 0.1227065
306003.59 0.1215019
307770.81 0.1264642
309539.0 0.1324882
311308.34 0.1289926
313078.59 0.1294467
314849.97 0.1345282
316622.25 0.1604176
318395.69 0.1349618
320170.12 0.1321494
321945.47 0.1336955
323721.97 0.1338629
325499.5 0.1312343
327278.09 0.1398801
329057.69 0.1318393
330838.31000000006 0.1216103
332619.94 0.1202768
334402.63 0.1368742
336186.5 0.1390432
337971.22000000003 0.1444623
339757.13 0.1470003
