102.01 0.0003543868
103.91 0.0003668095
106.08 0.0003958704
108.06 0.000429952
110.06 0.0005868652
113.93 0.0006615087
117.94000000000001 0.0007119565
120.96000000000001 0.001653857
124.92 0.00183019
126.95 0.001912157
128.13 0.00196542
131.10999999999999 0.002082108
132.02 0.002267417
133.86 0.002346925
136.98 0.002627031
139.84 0.002776699
143.1 0.004202377
147.11 0.006116251
150.88 0.006508568
155.11 0.006957825
159.09 0.007455319
162.05 0.0078254
165.82 0.008346563
170.07999999999998 0.008820464
172.84 0.009214759
176.87 0.009715811
180.15 0.01008093
181.82 0.01036304
186.06 0.01087613
190.82999999999998 0.01149447
193.93 0.01192557
197.99 0.01245983
202.14 0.01298493
204.95 0.01338151
210.21 0.01362943
216.1 0.01480652
220.10999999999999 0.01536388
223.17 0.01564994
226.79999999999998 0.01623664
229.95999999999998 0.02418137
234.23 0.03940031
240.24 0.05098954
245.84 0.04869267
252.14000000000001 0.05087469
256.83 0.04059611
259.8 0.04903481
264.02 0.05146273
268.93 0.05110942
273.93 0.05064109
279.03000000000003 0.04971326
284.21 0.04971671
290.17 0.04715015
296.24 0.04715108
301.05 0.04420826
308.07 0.0448221
318.15999999999997 0.04534159
327.83 0.04430768
337.79 0.04280495
348.05 0.04135186
356.98 0.04069098
366.14 0.04059677
374.67 0.03939796
385.16 0.03676974
395.03999999999996 0.03719649
405.18 0.03668464
413.66 0.03560368
422.32 0.03439567
430.17 0.03322747
441.21 0.03262022
451.49 0.03158555
459.88 0.03030346
469.51 0.02934133
480.45 0.02873982
490.51 0.02731967
499.63 0.02706939
506.58000000000004 0.0262703
512.4399999999999 0.02776545
519.57 0.02688422
530.45 0.02567316
540.3100000000001 0.02401489
550.36 0.02314642
560.59 0.02357697
569.7 0.02330704
580.29 0.02246445
589.7199999999999 0.02195287
600.6800000000001 0.02067704
610.44 0.01838603
620.36 0.0202999
630.44 0.01943028
640.69 0.01934121
649.6 0.01864149
658.6400000000001 0.01788483
664.73 0.01800845
675.53 0.01772142
684.93 0.01661444
694.4599999999999 0.01676832
705.74 0.01557749
715.56 0.01601361
725.51 0.0156488
735.61 0.0153283
745.84 0.01480715
754.48 0.0144041
764.9699999999999 0.01310601
775.61 0.0137247
784.59 0.01307677
795.51 0.01301652
804.72 0.01283728
815.92 0.01257375
825.36 0.01234451
834.92 0.01123346
844.59 0.01173484
854.37 0.01141564
864.26 0.01128462
874.2700000000001 0.01105304
884.39 0.01080166
894.63 0.01060446
904.99 0.01031545
915.47 0.01024451
923.94 0.01665294
934.6400000000001 0.02298792
945.46 0.02860879
954.21 0.03122407
965.26 0.03330364
974.19 0.01907642
985.4699999999999 0.02927527
994.59 0.02776519
1006.11 0.03093766
1015.42 0.03079548
1024.81 0.0207251
1034.3 0.02751016
1043.87 0.03322653
1055.95 0.03202504
1065.72 0.02874081
1075.59 0.03016415
1085.54 0.02567358
1095.58 0.02995682
1105.72 0.02854251
1115.95 0.0279574
1126.28 0.02549631
1134.08 0.02795737
1144.5800000000002 0.02669811
1155.1699999999998 0.02651491
1165.86 0.02615094
1173.94 0.0206298
1184.8 0.0249164
1195.76 0.02225821
1204.05 0.01961059
1215.19 0.01427207
1223.62 0.02120796
1234.94 0.02346833
1246.36 0.02374082
1255.0 0.02314653
1263.7 0.02230931
1275.3999999999999 0.02346856
1284.24 0.02336044
1296.1200000000001 0.02096424
1305.1 0.02091617
1314.15 0.02246441
1326.31 0.02155226
1335.5 0.02025308
1344.7600000000002 0.02135439
1354.08 0.0208681
1363.47 0.01965521
1376.0800000000002 0.01952116
1385.62 0.01934185
1395.23 0.01631077
1404.9 0.01601346
1414.64 0.01813326
1424.4399999999998 0.01759907
1434.32 0.01784365
1440.94 0.01792557
1447.59 0.01780316
1454.27 0.01735756
1464.3500000000001 0.01665285
1474.5 0.01649991
1484.72 0.01646278
1495.01 0.01619946
1505.38 0.01557753
1512.3300000000002 0.01460393
1515.81 0.01491011
1526.32 0.01480719
1533.36 0.013412
1543.99 0.01275
1554.69 0.01251722
1565.47 0.01316727
1576.32 0.01359896
1583.6 0.01362945
1594.58 0.01362936
1605.63 0.01322734
1616.7599999999998 0.01301653
1624.22 0.01274996
1635.48 0.01301644
1646.82 0.01286679
1654.42 0.01260348
1665.88 0.01289742
1673.5700000000002 0.01211947
1677.43 0.01347324
1685.18 0.01341189
1696.8600000000001 0.01283732
1704.69 0.01266139
1716.5 0.0126036
1724.43 0.01269085
1736.3799999999999 0.01341209
1744.4 0.01316716
1756.49 0.01401185
1764.5900000000001 0.01286689
1776.8300000000002 0.01328857
1785.03 0.01372447
1793.2699999999998 0.01508254
1805.7 0.0148761
1814.0300000000002 0.01427196
1826.61 0.01443683
1835.04 0.01420636
1843.5099999999998 0.01220349
1856.29 0.01369275
1864.8500000000001 0.01532863
1873.46 0.01532852
1886.45 0.01494499
1895.1599999999999 0.01586705
1903.9 0.01579405
1917.1 0.01623652
1925.9499999999998 0.01470576
1934.84 0.0117621
1943.77 0.01723834
1957.24 0.01719801
1966.28 0.01970123
1975.35 0.01855615
1984.47 0.01952093
1993.63 0.01979188
2002.83 0.01881414
2016.7199999999998 0.01952092
2026.03 0.01704062
2035.3799999999999 0.02067683
2044.77 0.02267212
2054.21 0.02145267
2063.69 0.0207721
2073.2200000000003 0.0241264
2078.0 0.03345725
2082.79 0.03736676
2097.23 0.03463294
2106.9 0.03277127
2116.63 0.03651662
2126.4 0.03262044
2136.2200000000003 0.03051259
2146.08 0.03771309
2155.98 0.03753948
2165.9300000000003 0.0329986
2175.9300000000003 0.03361164
2185.9700000000003 0.04031721
2196.06 0.04154175
2206.2000000000003 0.03967231
2216.38 0.03202503
2226.61 0.03601533
2236.89 0.04618338
2247.2200000000003 0.0436
2257.5899999999997 0.03407918
2262.79 0.03247082
2273.24 0.03527667
2283.73 0.04492126
2294.27 0.03794509
2304.86 0.04527441
2315.5 0.03986142
2326.19 0.0320807
2336.9300000000003 0.02857219
2342.31 0.01989687
2353.13 0.03685413
2363.99 0.02168537
2374.9 0.02869907
2385.86 0.01669425
2396.87 0.02114679
2402.4 0.02113909
2413.4900000000002 0.0250473
2424.63 0.04221363
2435.8199999999997 0.04169911
2447.06 0.04940991
2452.7 0.05148139
2464.02 0.04637999
2475.4 0.0400865
2486.8199999999997 0.02658705
2492.56 0.03101101
2504.0600000000004 0.04766272
2515.62 0.02156962
2527.2299999999996 0.01838679
2533.06 0.02974018
2544.75 0.03191668
2556.5 0.05304911
2562.39 0.0405977
2574.22 0.05095246
2586.1 0.04537562
2592.06 0.04079873
2604.0200000000004 0.03485831
2616.04 0.03097173
2622.07 0.0433295
2634.18 0.07054026
2646.3399999999997 0.0957382
2652.4399999999996 0.12645
2664.68 0.08581263
2676.98 0.09687251
2683.15 0.1099078
2695.54 0.08121928
2707.98 0.09824264
2714.22 0.07212999
2726.75 0.06105913
2733.03 0.07543542
2745.65 0.04199514
2751.98 0.05767874
2764.68 0.07527452
2777.44 0.08114746
2783.84 0.04809431
2796.69 0.01904237
2803.14 0.02368823
2816.0800000000004 0.07180438
2822.5699999999997 0.1035037
2835.6 0.09717954
2842.1400000000003 0.07351643
2855.26 0.04236444
2861.84 0.09745574
2875.05 0.1242861
2888.3199999999997 0.1137756
2894.9799999999996 0.1333007
2908.3399999999997 0.1767869
2928.5 0.1558963
2948.7999999999997 0.1456258
2969.2400000000002 0.1512312
2989.82 0.1538317
3010.55 0.155393
3031.41 0.163228
3052.42 0.1718606
3066.51 0.1818693
3087.7700000000004 0.1778806
3109.17 0.1992967
3130.73 0.1857144
3152.43 0.1833096
3166.98 0.2012623
3188.93 0.1778691
3211.03 0.1960843
3233.29 0.1689539
3248.22 0.2276821
3270.73 0.2622101
3293.4 0.2570082
3308.61 0.242934
3323.88 0.2244047
3331.54 0.2425533
3339.22 0.211621
3346.92 0.2537078
3354.63 0.2312557
3362.37 0.1944765
3370.12 0.2146026
3377.89 0.2095984
3385.67 0.2173464
3393.48 0.2488345
3401.2999999999997 0.2829368
3409.14 0.2384776
3417.0 0.2158709
3424.88 0.2753973
3432.77 0.2855803
3440.69 0.2597067
3448.62 0.20761
3456.5699999999997 0.2471738
3464.54 0.214657
3472.52 0.2700871
3480.53 0.2109865
3488.55 0.2460487
3496.59 0.2310807
3504.65 0.2770255
3512.73 0.2601767
3520.83 0.2831542
3528.9500000000003 0.1975903
3537.0800000000004 0.2757578
3545.2299999999996 0.2865978
3553.4100000000003 0.2937851
3561.6 0.2702509
3569.81 0.2120898
3578.04 0.2329489
3586.29 0.1883691
3594.55 0.2504749
3602.84 0.3079685
3611.15 0.2405746
3619.4700000000003 0.2766867
3627.8100000000004 0.294257
3636.18 0.2293309
3644.56 0.3193094
3652.96 0.2534793
3661.38 0.3496972
3669.8199999999997 0.325407
3678.2799999999997 0.3304994
3686.76 0.3061218
3695.26 0.3354596
3703.7799999999997 0.3567539
3712.32 0.2559158
3712.74 0.2579367
3715.4700000000003 0.2679013
3718.2 0.2508124
3720.9199999999996 0.2175758
3723.65 0.2387071
3726.38 0.2918853
3729.11 0.2690491
3731.84 0.2738893
3734.5699999999997 0.2500808
3737.3 0.2203502
3740.0299999999997 0.2493593
3742.7500000000005 0.2685471
3745.48 0.2131397
3748.21 0.2150079
3750.94 0.2383901
3753.67 0.2430118
3756.3999999999996 0.2684261
3759.13 0.2859408
3761.86 0.2474036
3764.5899999999997 0.2439945
3767.31 0.2601229
3770.04 0.264821
3772.7699999999995 0.2786864
3775.5 0.2992167
3778.23 0.3631025
3780.96 0.383316
3783.69 0.3872164
3786.4199999999996 0.2800513
3789.15 0.3002538
3791.87 0.273737
3794.6000000000004 0.2707867
3797.33 0.2452518
3800.06 0.2096975
3802.79 0.3271877
3805.52 0.3284113
3808.2500000000005 0.3130706
3810.98 0.3331638
3813.7 0.2603742
3816.4300000000003 0.2500706
3819.16 0.2480709
3821.89 0.2706445
3824.6200000000003 0.2547793
3827.35 0.2467593
3830.08 0.2414599
3832.81 0.1463028
3835.54 0.1434728
3838.26 0.1826115
3840.9900000000002 0.209217
3843.72 0.2621767
3846.4500000000003 0.2297801
3849.18 0.2746323
3851.91 0.3000467
3854.64 0.3108308
3857.37 0.288541
3860.0899999999997 0.2610626
3862.82 0.2694648
3865.5499999999997 0.274895
3868.28 0.30067
3871.0099999999998 0.2577513
3873.74 0.255544
3876.4700000000003 0.3270127
3879.2 0.3122511
3881.9300000000003 0.3140756
3884.65 0.291252
3887.3799999999997 0.2682082
3890.11 0.2652142
3892.84 0.3092907
3895.5699999999997 0.3352951
3898.3 0.3435006
3901.0299999999997 0.3537602
3903.76 0.3535196
3906.4900000000002 0.38691
3909.21 0.3682496
3911.94 0.3788043
3914.67 0.3735485
3917.3999999999996 0.3697459
3920.13 0.3641296
3922.86 0.3452924
3925.5899999999997 0.3102953
3928.32 0.2532819
3931.04 0.2146148
3933.77 0.1443366
3936.5 0.1480187
3939.23 0.2182092
3941.96 0.2554895
3944.69 0.2756593
3947.4199999999996 0.3249257
3950.15 0.3451939
3952.8799999999997 0.3744433
3955.6000000000004 0.3995973
3958.33 0.3605683
3961.06 0.2912406
3963.79 0.2217602
3966.52 0.1969246
3969.2499999999995 0.1598625
3971.98 0.206605
3974.71 0.2787839
3977.44 0.3205548
3980.16 0.368195
3982.89 0.4179204
3985.6200000000003 0.4578666
3988.35 0.4756762
3991.0800000000004 0.4727587
3993.81 0.45355
3996.54 0.497976
3999.27 0.4755768
4001.9900000000002 0.4890948
4004.72 0.5153177
4007.4500000000003 0.4633956
4010.18 0.49353
4012.9100000000003 0.4997359
4015.64 0.4990472
4018.37 0.524669
4021.1000000000004 0.5368187
4023.83 0.5291373
4026.5499999999997 0.5283966
4029.28 0.5456708
4032.0099999999998 0.5126622
4034.74 0.4941527
4037.4700000000003 0.5195451
4040.2 0.530045
4042.9300000000003 0.4904369
4045.66 0.482537
4048.3799999999997 0.47736
4051.11 0.5077021
4053.84 0.4976277
4056.5699999999997 0.4660176
4059.3 0.4785826
4062.0299999999997 0.4732394
4064.76 0.4954522
4067.4900000000002 0.4802972
4070.22 0.5006416
4072.94 0.5103901
4075.67 0.5096686
4078.3999999999996 0.4911046
4081.13 0.4823742
4083.86 0.4987851
4086.59 0.5065972
4089.32 0.5426208
4092.0499999999997 0.521511
4094.77 0.4876963
4097.5 0.4748248
4100.2300000000005 0.4746825
4102.96 0.4473665
4105.6900000000005 0.4518132
4108.42 0.4885144
4111.15 0.502915
4113.88 0.5094704
4116.61 0.5444998
4119.33 0.5261895
4122.06 0.4992996
4124.79 0.505582
4127.52 0.5139403
4130.25 0.5071111
4132.98 0.522648
4135.71 0.4925567
4138.44 0.4908956
4141.17 0.5143213
4143.89 0.4855326
4146.62 0.4896515
4149.35 0.5077562
4152.08 0.4985013
4154.8099999999995 0.472857
4157.54 0.4999867
4160.2699999999995 0.524647
4163.0 0.5510774
4165.72 0.5709874
4168.45 0.5189232
4171.18 0.4922738
4173.91 0.5136235
4176.639999999999 0.4914428
4179.37 0.4921855
4182.1 0.4873668
4184.83 0.485214
4187.56 0.5325245
4190.28 0.515001
4193.01 0.5047409
4195.74 0.5198078
4198.47 0.4930819
4201.2 0.4808879
4203.93 0.5011996
4206.66 0.5251934
4209.39 0.5387636
4212.11 0.5079427
4214.84 0.5115372
4217.57 0.5228457
4220.3 0.5310838
4223.03 0.5189007
4225.76 0.4831605
4228.49 0.4807017
4231.22 0.4841105
4233.95 0.5154904
4236.67 0.528342
4239.4 0.510357
4242.13 0.5434416
4244.86 0.5383278
4247.59 0.5294991
4250.320000000001 0.5290399
4253.05 0.5222981
4255.78 0.515753
4258.51 0.5162553
4261.23 0.5113733
4263.96 0.5364817
4266.6900000000005 0.5445669
4269.42 0.5294992
4272.150000000001 0.4817839
4274.88 0.5027621
4277.61 0.518736
4280.34 0.5232592
4283.06 0.5253045
4285.79 0.5087509
4288.52 0.5149567
4291.25 0.4703007
4293.9800000000005 0.462958
4296.71 0.4608708
4299.44 0.4139859
4302.17 0.3999563
4304.9 0.3967329
4307.62 0.4019572
4310.35 0.4322448
4313.08 0.4608496
4315.8099999999995 0.5320779
4318.54 0.5640698
4321.2699999999995 0.5678063
4324.0 0.5460845
4326.73 0.5423803
4329.45 0.555625
4332.18 0.5771606
4334.91 0.5828965
4337.639999999999 0.5313787
4340.37 0.4971136
4343.099999999999 0.5241996
4345.83 0.5557654
4348.56 0.5902047
4351.29 0.5940395
4354.01 0.5565429
4356.74 0.5656878
4359.469999999999 0.5914189
4362.2 0.6205591
4364.93 0.6280432
4367.66 0.6211594
4370.39 0.6118498
4373.12 0.5795078
4375.85 0.5950337
4378.57 0.5803075
4381.3 0.5569686
4384.03 0.5076579
4386.76 0.5286689
4389.49 0.5342518
4392.22 0.5690736
4394.95 0.5752139
4397.68 0.5794093
4400.4 0.5991992
4403.13 0.5857595
4405.86 0.5544882
4408.59 0.5390818
4411.320000000001 0.5818034
4414.05 0.637396
4416.78 0.6252674
4419.51 0.5787758
4422.24 0.5966508
4424.96 0.6480069
4427.6900000000005 0.6445867
4430.42 0.6394619
4433.150000000001 0.6308734
4435.88 0.6298899
4438.61 0.6345223
4441.34 0.6451312
4444.07 0.6620339
4446.79 0.6796716
4449.52 0.6662756
4452.25 0.6567693
4454.9800000000005 0.6435045
4457.71 0.5947182
4460.44 0.608201
4463.17 0.6271687
4465.9 0.6394932
4468.63 0.6378649
4471.35 0.6578734
4474.08 0.6850905
4476.81 0.7028672
4479.54 0.673344
4482.2699999999995 0.6865536
4485.0 0.6889571
4487.73 0.690246
4490.46 0.6930865
4493.1900000000005 0.681089
4495.91 0.6918431
4498.639999999999 0.675945
4501.37 0.7154105
4504.099999999999 0.7318433
4506.83 0.7403435
4509.56 0.7624034
4512.29 0.7544924
4515.02 0.7181948
4517.74 0.7020267
4520.469999999999 0.7094562
4523.2 0.682304
4525.93 0.7009439
4528.66 0.6571619
4531.39 0.6337793
4534.12 0.6459071
4536.85 0.6714853
4539.58 0.69325
4542.3 0.704649
4545.03 0.7048889
4547.76 0.6996986
4550.49 0.6928255
4553.22 0.700113
4555.950000000001 0.713683
4558.68 0.7253519
4561.41 0.7392936
4564.13 0.7545824
4566.86 0.7413394
4569.59 0.7310792
4572.320000000001 0.7342693
4575.05 0.733952
4577.78 0.716721
4580.51 0.6990965
4583.24 0.7110275
4585.969999999999 0.7251111
4588.6900000000005 0.71681
4591.42 0.7139906
4594.150000000001 0.7133019
4596.88 0.7175956
4599.61 0.722228
4602.34 0.7255383
4605.07 0.7358414
4607.8 0.7700403
4610.53 0.7808569
4613.25 0.7685022
4615.9800000000005 0.7663384
4618.71 0.7704026
4621.44 0.7845955
4624.17 0.7607649
4626.9 0.7469973
4629.63 0.7534545
4632.36 0.7679423
4635.08 0.7427272
4637.81 0.7520907
4640.54 0.7448243
4643.2699999999995 0.7182075
4646.0 0.6992282
4648.73 0.695939
4651.46 0.723757
4654.1900000000005 0.7297879
4656.92 0.7432706
4659.64 0.7291456
4662.37 0.7212128
4665.099999999999 0.6966501
4667.83 0.6895149
4670.56 0.6845431
4673.29 0.7150161
4676.02 0.7298101
4678.75 0.7083723
4681.469999999999 0.7161654
4684.2 0.7104178
4686.93 0.7218354
4689.66 0.7157709
4692.39 0.7298547
4695.12 0.7451402
4697.85 0.7173652
4700.58 0.7135297
4703.31 0.719058
4706.03 0.7257695
4708.76 0.7073584
4711.49 0.7164158
4714.22 0.7112801
4716.95 0.7207419
4719.68 0.7506359
4722.41 0.776356
4725.14 0.7699419
4727.87 0.7554533
4730.59 0.7346634
4733.32 0.7314835
4736.05 0.7420598
4738.780000000001 0.734411
4741.51 0.7581316
4744.24 0.7663149
4746.97 0.763889
4749.7 0.7659318
4752.42 0.7626787
4755.150000000001 0.7630936
4757.88 0.747119
4760.61 0.7401257
4763.34 0.7183493
4766.07 0.6962123
4768.8 0.7137704
4771.53 0.7379609
4774.26 0.7481111
4776.9800000000005 0.739482
4779.71 0.7424645
4782.44 0.7448024
4785.17 0.7324006
4787.9 0.7218127
4790.63 0.737874
4793.36 0.7425064
4796.09 0.7351636
4798.81 0.7558388
4801.54 0.7485506
4804.2699999999995 0.7446605
4807.0 0.7372194
4809.73 0.7474897
4812.46 0.7616826
4815.19 0.7683582
4817.92 0.7763559
4820.650000000001 0.7802671
4823.37 0.7679013
4826.099999999999 0.7499271
4828.83 0.7455345
4831.5599999999995 0.7247086
4834.29 0.745796
4837.02 0.7474783
4839.75 0.7331207
4842.4800000000005 0.7368682
4845.21 0.7302902
4847.929999999999 0.7235731
4850.66 0.7296696
4853.39 0.7063526
4856.12 0.7010092
4858.85 0.6724148
4861.58 0.6428371
4864.31 0.6301077
4867.04 0.6520801
4869.76 0.6741427
4872.49 0.6668326
4875.22 0.6789278
4877.95 0.7137823
4880.68 0.7147544
4883.41 0.7070947
4886.14 0.7202496
4888.87 0.7140869
4891.599999999999 0.7132015
4894.32 0.7431205
4897.05 0.755139
4899.780000000001 0.7675509
4902.51 0.7546903
4905.24 0.743261
4907.97 0.7408896
4910.7 0.7385183
4913.429999999999 0.7433364
4916.16 0.7097269
4918.88 0.6948479
4921.610000000001 0.6876033
4924.34 0.6837788
4927.07 0.7049209
4929.8 0.7521113
4932.53 0.7504283
4935.26 0.7499253
4937.99 0.7300718
4940.71 0.7303803
4943.4400000000005 0.7476327
4946.17 0.7801272
4948.9 0.7875676
4951.63 0.7770561
4954.36 0.7592132
4957.09 0.7388134
4959.82 0.7394687
4962.55 0.7464611
4965.2699999999995 0.7501022
4968.0 0.7385965
4970.73 0.7527675
4973.46 0.7465283
4976.19 0.7510295
4978.92 0.7237135
4981.650000000001 0.6971404
4984.38 0.7124041
4987.099999999999 0.7090522
4989.83 0.7122861
4992.5599999999995 0.7327398
4995.29 0.7233101
4998.02 0.7188518
5000.750000000001 0.6992606
5003.4800000000005 0.7028223
5006.21 0.7154965
5008.94 0.7156381
5011.66 0.6996445
5014.389999999999 0.6716401
5017.120000000001 0.6672255
5019.85 0.6686019
5022.58 0.6734092
5025.3099999999995 0.691328
5028.04 0.7020245
5030.7699999999995 0.7034556
5033.5 0.7256684
5036.22 0.7135427
5038.95 0.6830798
5041.679999999999 0.6856581
5044.41 0.6870017
5047.14 0.6970754
5049.87 0.7136612
5052.6 0.7158571
5055.33 0.7145565
5058.049999999999 0.7380944
5060.780000000001 0.7460156
5063.51 0.7403882
5066.24 0.7287185
5068.97 0.714809
5071.7 0.7019047
5074.429999999999 0.7187418
5077.16 0.7009207
5079.89 0.6816027
5082.61 0.6850033
5085.34 0.6836808
5088.07 0.6936126
5090.8 0.7104497
5093.53 0.720742
5096.26 0.7255274
5098.99 0.7140652
5101.719999999999 0.7046573
5104.4400000000005 0.7085059
5107.17 0.707697
5109.900000000001 0.7066151
5112.63 0.6998295
5115.36 0.7190813
5118.089999999999 0.7242491
5120.820000000001 0.714579
5123.55 0.7073783
5126.28 0.6805649
5129.0 0.6544861
5131.73 0.6730714
5134.459999999999 0.7051726
5137.1900000000005 0.6951092
5139.92 0.6875042
5142.65 0.677255
5145.38 0.6610401
5148.110000000001 0.6705894
5150.84 0.6745881
5153.56 0.6918539
5156.29 0.6901928
5159.0199999999995 0.7069535
5161.750000000001 0.6898535
5164.4800000000005 0.6417885
5167.21 0.6025081
5169.94 0.5489364
5172.67 0.5363928
5175.389999999999 0.5610661
5178.120000000001 0.5895945
5180.85 0.5966635
5183.58 0.5969037
5186.3099999999995 0.6263061
5189.04 0.634282
5191.77 0.6375486
5194.5 0.6703818
5197.2300000000005 0.6886721
5199.95 0.6961808
5202.679999999999 0.7033154
5205.410000000001 0.6790149
5208.14 0.6722185
5210.87 0.6685797
5213.6 0.6902244
5216.33 0.723735
5219.0599999999995 0.7293836
5221.780000000001 0.7227539
5224.51 0.7051076
5227.24 0.700977
5229.97 0.7033586
5232.7 0.706363
5235.429999999999 0.7180538
5238.16 0.7632774
5240.89 0.7599008
5243.62 0.7547979
5246.34 0.744956
5249.07 0.7292873
5251.8 0.7526146
5254.53 0.7462007
5257.26 0.7316028
5259.99 0.7387481
5262.719999999999 0.7079138
5265.450000000001 0.6631267
5268.18 0.636663
5270.9 0.6442808
5273.63 0.6760543
5276.36 0.703326
5279.089999999999 0.7284453
5281.820000000001 0.7498933
5284.55 0.763955
5287.28 0.7755693
5290.01 0.7742797
5292.73 0.7792865
5295.46 0.7821817
5298.1900000000005 0.7643713
5300.92 0.754887
5303.65 0.7713417
5306.38 0.805475
5309.110000000001 0.8089821
5311.84 0.8097903
5314.57 0.7926685
5317.29 0.8067988
5320.0199999999995 0.7863444
5322.750000000001 0.7554554
5325.4800000000005 0.740934
5328.21 0.7251562
5330.94 0.7323016
5333.67 0.7564265
5336.4 0.7719305
5339.120000000001 0.7854818
5341.85 0.7823893
5344.58 0.7707195
5347.3099999999995 0.7623061
5350.04 0.7792633
5352.77 0.7989849
5355.5 0.8150026
5358.2300000000005 0.8245299
5360.96 0.8113743
5363.679999999999 0.7898958
5366.410000000001 0.7631588
5369.14 0.7499595
5371.87 0.760798
5374.6 0.7649934
5377.33 0.7962969
5380.0599999999995 0.8039778
5382.79 0.801825
5385.52 0.7908437
5388.24 0.7866396
5390.97 0.7613667
5393.7 0.7546358
5396.43 0.7430099
5399.16 0.7278548
5401.89 0.7337437
5404.62 0.7163379
5407.349999999999 0.7059359
5410.07 0.7362805
5412.8 0.7635305
5415.53 0.7677149
5418.26 0.787218
5420.99 0.7724452
5423.719999999999 0.7562193
5426.450000000001 0.7678118
5429.18 0.7652437
5431.91 0.7529077
5434.63 0.753249
5437.36 0.758974
5440.089999999999 0.78087
5442.820000000001 0.7721505
5445.55 0.7635949
5448.28 0.7612017
5451.009999999999 0.7495102
5453.740000000001 0.7375783
5456.46 0.7422135
5459.1900000000005 0.751304
5461.92 0.759695
5464.65 0.7609949
5467.379999999999 0.7533571
5470.110000000001 0.7434248
5472.84 0.7278654
5475.57 0.7265868
5478.3 0.7221942
5481.0199999999995 0.7401483
5483.749999999999 0.7450757
5486.4800000000005 0.7481349
5489.21 0.7584271
5491.94 0.7643052
5494.67 0.7633433
5497.4 0.7503297
5500.13 0.7494008
5502.860000000001 0.7477069
5505.58 0.7412299
5508.3099999999995 0.7374928
5511.04 0.7340834
5513.77 0.7208514
5516.5 0.7433702
5519.2300000000005 0.7646434
5521.96 0.7454019
5524.69 0.7449864
5527.410000000001 0.7495121
5530.14 0.7421585
5532.87 0.7523525
5535.6 0.7511392
5538.33 0.7703473
5541.0599999999995 0.7590493
5543.79 0.77298
5546.52 0.7752305
5549.25 0.7602721
5551.97 0.7925507
5554.7 0.7813509
5557.43 0.7812195
5560.16 0.7608854
5562.89 0.7617155
5565.62 0.7597594
5568.349999999999 0.7427905
5571.080000000001 0.7668608
5573.8 0.7631483
5576.53 0.7532488
5579.26 0.7591596
5581.99 0.7560015
5584.719999999999 0.7538705
5587.450000000001 0.7132244
5590.18 0.7188512
5592.91 0.7137592
5595.639999999999 0.7224235
5598.36 0.7320737
5601.089999999999 0.7229282
5603.820000000001 0.7373069
5606.55 0.7544718
5609.28 0.7647423
5612.009999999999 0.7722373
5614.740000000001 0.7819941
5617.47 0.7441779
5620.2 0.7332186
5622.92 0.7606023
5625.65 0.7517517
5628.379999999999 0.75669
5631.110000000001 0.7603937
5633.84 0.7500463
5636.57 0.7371966
5639.3 0.7484503
5642.03 0.7519137
5644.749999999999 0.7375479
5647.4800000000005 0.7460701
5650.21 0.7492821
5652.94 0.7587986
5655.67 0.7573342
5658.400000000001 0.7348257
5661.13 0.7156607
5663.86 0.7342242
5666.59 0.7359066
5669.3099999999995 0.7483976
5672.04 0.7493042
5674.77 0.7611261
5677.5 0.7499263
5680.23 0.7549303
5682.96 0.7694292
5685.69 0.7596608
5688.419999999999 0.7611465
5691.14 0.7545929
5693.87 0.7494683
5696.6 0.771244
5699.33 0.7608091
5702.0599999999995 0.7297125
5704.79 0.7432281
5707.52 0.7351206
5710.25 0.7321701
5712.98 0.7483189
5715.7 0.7422023
5718.43 0.7596404
5721.16 0.7837982
5723.89 0.7915446
5726.62 0.7642832
5729.349999999999 0.775384
5732.080000000001 0.785873
5734.81 0.7766618
5737.54 0.7816766
5740.26 0.7803571
5742.99 0.7870981
5745.719999999999 0.7834594
5748.450000000001 0.7955654
5751.18 0.7749472
5753.91 0.7678121
5756.639999999999 0.7678118
5759.37 0.7756127
5762.09 0.7659017
5764.820000000001 0.774413
5767.55 0.8005047
5770.28 0.7796898
5773.009999999999 0.7600441
5775.740000000001 0.7515757
5778.47 0.7601853
5781.2 0.7532577
5783.93 0.7389222
5786.65 0.7489985
5789.379999999999 0.7536092
5792.110000000001 0.7680753
5794.84 0.7636499
5797.57 0.786398
5800.3 0.7795469
5803.03 0.7644793
5805.76 0.7880579
5808.4800000000005 0.7928679
5811.21 0.7853065
5813.94 0.7817333
5816.67 0.8035747
5819.400000000001 0.8101629
5822.13 0.7921451
5824.86 0.81332
5827.59 0.8003283
5830.32 0.8129587
5833.040000000001 0.82085
5835.77 0.8023078
5838.5 0.7975873
5841.23 0.8155716
5843.96 0.7995205
5846.69 0.7969416
5849.42 0.7767496
5852.150000000001 0.7785084
5854.88 0.7722802
5857.599999999999 0.7528554
5860.33 0.7592361
5863.0599999999995 0.7334388
5865.79 0.7126895
5868.52 0.7454462
5871.25 0.7403762
5873.98 0.7289579
5876.710000000001 0.7505261
5879.43 0.734696
5882.16 0.6922798
5884.89 0.6685804
5887.62 0.6683726
5890.349999999999 0.6281307
5893.080000000001 0.5951112
5895.81 0.5942806
5898.54 0.6270264
5901.2699999999995 0.670644
5903.99 0.6769832
5906.719999999999 0.681572
5909.450000000001 0.7124275
5912.18 0.7220752
5914.91 0.706789
5917.639999999999 0.7067778
5920.370000000001 0.716655
5923.1 0.7295148
5925.83 0.7395012
5928.55 0.7328822
5931.28 0.7222179
5934.009999999999 0.7331328
5936.740000000001 0.737219
5939.47 0.7412177
5942.2 0.7422116
5944.93 0.7462869
5947.66 0.7496301
5950.379999999999 0.7495559
5953.110000000001 0.7463104
5955.84 0.7393174
5958.57 0.7322478
5961.3 0.7238342
5964.03 0.7363117
5966.76 0.7598904
5969.49 0.7626761
5972.22 0.7578464
5974.94 0.7522764
5977.67 0.7429669
5980.400000000001 0.742322
5983.13 0.731155
5985.86 0.7332744
5988.59 0.7180866
5991.32 0.7366719
5994.049999999999 0.7565902
5996.77 0.7416562
5999.5 0.7502768
6002.23 0.7454579
6004.96 0.7393826
6007.69 0.7319743
6010.42 0.7462219
6013.150000000001 0.7117055
6015.88 0.7189821
6018.61 0.7297442
6021.33 0.7090847
6024.06 0.7286971
6026.79 0.7405628
6029.52 0.7601315
6032.25 0.7664576
6034.98 0.7914239
6037.709999999999 0.777416
6040.4400000000005 0.7673089
6043.17 0.7840585
6045.89 0.7903981
6048.62 0.7954895
6051.349999999999 0.7508989
6054.079999999999 0.7748382
6056.81 0.7469322
6059.54 0.7706856
6062.2699999999995 0.769232
6065.0 0.7461228
6067.719999999999 0.7616402
6070.45 0.7877101
6073.18 0.770042
6075.91 0.7808915
6078.639999999999 0.7644471
6081.370000000001 0.7613328
6084.1 0.758896
6086.83 0.7537494
6089.56 0.7428229
6092.28 0.7658578
6095.009999999999 0.7489436
6097.740000000001 0.7439171
6100.47 0.7446489
6103.2 0.7192777
6105.93 0.7437414
6108.66 0.7563283
6111.39 0.7696689
6114.110000000001 0.7684147
6116.84 0.7436554
6119.57 0.7342803
6122.3 0.7340397
6125.03 0.7504069
6127.76 0.7229053
6130.49 0.7463964
6133.22 0.7244561
6135.95 0.7161737
6138.67 0.7115431
6141.400000000001 0.7388805
6144.13 0.7646444
6146.86 0.7396994
6149.59 0.7541874
6152.32 0.7398737
6155.049999999999 0.7185125
6157.780000000001 0.7265541
6160.51 0.6941464
6163.23 0.6842272
6165.96 0.6777367
6168.69 0.6823037
6171.42 0.7042325
6174.150000000001 0.709018
6176.88 0.7250575
6179.61 0.7445169
6182.339999999999 0.7254504
6185.06 0.7327511
6187.79 0.7175414
6190.52 0.70066
6193.25 0.6890232
6195.98 0.6990315
6198.709999999999 0.7079034
6201.4400000000005 0.7129073
6204.17 0.7183374
6206.9 0.7328691
6209.62 0.723103
6212.349999999999 0.717443
6215.08 0.6844344
6217.81 0.6818555
6220.54 0.6549657
6223.2699999999995 0.7134429
6226.0 0.7037837
6228.7300000000005 0.7114865
6231.45 0.7059052
6234.18 0.7066043
6236.91 0.7024629
6239.639999999999 0.6959178
6242.370000000001 0.7048771
6245.1 0.6975343
6247.83 0.7075862
6250.5599999999995 0.7024725
6253.29 0.688727
6256.009999999999 0.682501
6258.740000000001 0.7019385
6261.47 0.6996874
6264.2 0.7137384
6266.929999999999 0.7078599
6269.66 0.7119897
6272.39 0.7343228
6275.12 0.7086348
6277.85 0.719244
6280.57 0.7375148
6283.3 0.7185793
6286.030000000001 0.7327176
6288.76 0.7479704
6291.49 0.7303351
6294.22 0.7499912
6296.95 0.7313835
6299.679999999999 0.7473246
6302.400000000001 0.7252557
6305.13 0.7181096
6307.86 0.7420488
6310.59 0.6967154
6313.32 0.7168523
6316.049999999999 0.7605899
6318.780000000001 0.7293624
6321.51 0.721233
6324.24 0.7314377
6326.96 0.733647
6329.69 0.7418523
6332.42 0.7521009
6335.150000000001 0.7338865
6337.88 0.7483745
6340.61 0.7423212
6343.339999999999 0.7462543
6346.070000000001 0.7365515
6348.79 0.7291018
6351.52 0.7378425
6354.25 0.7125042
6356.98 0.704921
6359.709999999999 0.7071498
6362.4400000000005 0.7009215
6365.17 0.7214518
6367.9 0.7194847
6370.63 0.7450848
6373.349999999999 0.7484193
6376.08 0.7584495
6378.81 0.7475884
6381.54 0.7610056
6384.2699999999995 0.7519802
6387.0 0.7493686
6389.7300000000005 0.7463745
6392.46 0.7545908
6395.19 0.7438828
6397.91 0.7527133
6400.639999999999 0.748561
6403.370000000001 0.7340724
6406.1 0.7282485
6408.83 0.7482215
6411.5599999999995 0.745293
6414.29 0.7485924
6417.0199999999995 0.7227515
6419.740000000001 0.7207102
6422.47 0.7394158
6425.2 0.7179892
6427.929999999999 0.718841
6430.66 0.7156722
6433.39 0.7132572
6436.12 0.716666
6438.85 0.7198671
6441.58 0.7509084
6444.299999999999 0.769365
6447.030000000001 0.7474794
6449.76 0.7347829
6452.49 0.7144923
6455.22 0.7170487
6457.95 0.7281496
6460.679999999999 0.7299304
6463.410000000001 0.7230465
6466.13 0.741514
6468.86 0.752156
6471.59 0.7331441
6474.32 0.7291666
6477.05 0.7287839
6479.780000000001 0.7426819
6482.51 0.7456973
6485.24 0.7048763
6487.969999999999 0.7128086
6490.6900000000005 0.7080576
6493.42 0.7003871
6496.150000000001 0.6831233
6498.88 0.6731473
6501.61 0.7135307
6504.339999999999 0.7131043
6507.070000000001 0.7134209
6509.8 0.7280837
6512.53 0.7601302
6515.25 0.725037
6517.98 0.7524945
6520.709999999999 0.7150826
6523.4400000000005 0.7611367
6526.17 0.7388467
6528.9 0.7673423
6531.63 0.7212549
6534.360000000001 0.7513785
6537.08 0.7303582
6539.81 0.7494244
6542.54 0.7451628
6545.2699999999995 0.7555425
6548.000000000001 0.7494563
6550.7300000000005 0.728707
6553.46 0.7032049
6556.19 0.7183812
6558.92 0.6874705
6561.639999999999 0.6692909
6564.370000000001 0.6503227
6567.1 0.667728
6569.83 0.6912413
6572.5599999999995 0.6993482
6575.29 0.7517286
6578.0199999999995 0.7435992
6580.75 0.7674073
6583.47 0.7810563
6586.2 0.7507464
6588.929999999999 0.74796
6591.66 0.7514124
6594.39 0.726238
6597.12 0.7462656
6599.85 0.7535422
6602.58 0.7578688
6605.3099999999995 0.7643807
6608.030000000001 0.7457643
6610.76 0.7603725
6613.49 0.7455014
6616.22 0.7425183
6618.95 0.7735924
6621.679999999999 0.7720297
6624.41 0.7560225
6627.14 0.7792077
6629.87 0.7596604
6632.59 0.7522107
6635.32 0.7518172
6638.05 0.7518168
6640.78 0.7501776
6643.51 0.7564709
6646.24 0.7419386
6648.969999999999 0.7395891
6651.700000000001 0.7504279
6654.42 0.7571167
6657.15 0.7559146
6659.88 0.7449881
6662.61 0.7334278
6665.339999999999 0.7101655
6668.070000000001 0.716721
6670.8 0.7278437
6673.53 0.7562298
6676.26 0.7546235
6678.98 0.7584715
6681.71 0.7565263
6684.4400000000005 0.7605797
6687.17 0.7599458
6689.9 0.7487351
6692.63 0.7086245
6695.360000000001 0.7578581
6698.09 0.7283022
6700.81 0.7192243
6703.54 0.7444311
6706.2699999999995 0.7481676
6709.000000000001 0.7276478
6711.7300000000005 0.7373282
6714.46 0.7028009
6717.19 0.7246314
6719.92 0.7345412
6722.65 0.713213
6725.370000000001 0.7476873
6728.1 0.7199233
6730.83 0.7384868
6733.5599999999995 0.7534337
6736.29 0.749063
6739.02 0.7308049
6741.75 0.7176822
6744.4800000000005 0.7256472
6747.21 0.7233305
6749.929999999999 0.7062873
6752.660000000001 0.6916677
6755.3099999999995 0.7058479
6770.88 0.7222722
6786.49 0.7306195
6802.129999999999 0.7107007
6817.8099999999995 0.7123175
6833.53 0.715595
6849.28 0.6865325
6865.07 0.6833635
6880.9 0.7008778
6896.759999999999 0.7008554
6912.660000000001 0.7024607
6928.59 0.6960067
6944.57 0.7187851
6960.570000000001 0.7121869
6976.62 0.7287611
6992.7 0.7287404
7008.82 0.7154332
7024.98 0.6991301
7041.17 0.7303801
7057.41 0.7405186
7073.67 0.6879092
7089.9800000000005 0.7039149
7106.33 0.6958391
7122.71 0.6958288
7139.13 0.6599147
7155.58 0.6583872
7172.08 0.6523327
7188.61 0.6583643
7205.18 0.6736831
7221.79 0.6846097
7238.4400000000005 0.69572
7255.129999999999 0.7119129
7271.849999999999 0.6972955
7288.61 0.6956785
7305.42 0.716797
7322.26 0.7200857
7339.139999999999 0.7217352
7356.049999999999 0.7300739
7373.01 0.7200432
7390.01 0.7250144
7407.04 0.716701
7424.12 0.7035998
7441.24 0.7350541
7458.39 0.7350337
7475.579999999999 0.7367175
7492.82 0.7366931
7510.09 0.738377
7527.4 0.7469115
7544.75 0.7451733
7562.15 0.7400261
7579.58 0.7198461
7597.049999999999 0.7148756
7614.56 0.7050516
7632.12 0.7099127
7649.709999999999 0.7017751
7667.35 0.6779327
7685.02 0.6841941
7702.74 0.6732337
7720.49 0.6685922
7738.29 0.6857232
7756.13 0.6414064
7774.01 0.6762834
7791.93 0.6762616
7809.89 0.6746884
7827.9 0.6967798
7845.9400000000005 0.6762182
7864.03 0.690355
7882.16 0.6824333
7900.33 0.6855691
7918.539999999999 0.6668757
7936.79 0.6668535
7955.09 0.6486719
7973.43 0.6760964
7991.81 0.687066
8010.2300000000005 0.6760645
8028.7 0.6933931
8047.2 0.7030202
8065.759999999999 0.7030088
8084.35 0.68699
8102.98 0.6713335
8121.67 0.6933055
8140.389999999999 0.6869362
8159.15 0.682195
8177.96 0.6759224
8196.81 0.6529559
8215.710000000001 0.6884543
8234.65 0.6469348
8253.63 0.6996002
8272.66 0.6995879
8291.730000000001 0.6758127
8310.84 0.6680663
8330.0 0.6513382
8349.2 0.6649636
8368.449999999999 0.6757479
8387.74 0.6634013
8407.08 0.6633778
8426.460000000001 0.6694966
8445.88 0.6233672
8465.35 0.6437665
8484.87 0.6587462
8504.43 0.6035355
8524.03 0.6147469
8543.68 0.6319556
8563.380000000001 0.640729
8583.119999999999 0.6421815
8602.9 0.6406966
8622.73 0.6275298
8642.609999999999 0.639189
8662.53 0.6231814
8682.5 0.6047932
8702.52 0.6146043
8722.58 0.6202757
8742.69 0.6346975
8762.84 0.6245367
8783.039999999999 0.6131192
8803.29 0.6245032
8823.58 0.6390356
8843.93 0.6346203
8864.31 0.639002
8884.74 0.5990899
8905.23 0.6158495
8925.76 0.6172484
8946.33 0.6258255
8966.960000000001 0.6101571
8987.63 0.604541
9008.34 0.589408
9029.11 0.5893969
9049.93 0.6447495
9070.789999999999 0.6044748
9091.7 0.6086484
9112.66 0.6228099
9133.66 0.6329177
9154.72 0.5947503
9175.82 0.596106
9196.98 0.6043765
9218.18 0.5838457
9239.43 0.5679158
9260.73 0.5932968
9282.07 0.6084971
9303.470000000001 0.5731171
9324.92 0.6042782
9346.41 0.6014826
9367.96 0.5959531
9389.56 0.6000604
9411.199999999999 0.5918112
9432.890000000001 0.5986527
9454.64 0.5931448
9476.44 0.5972311
9498.28 0.5958437
9520.18 0.5903696
9542.119999999999 0.5795744
9564.12 0.5849173
9586.17 0.5889599
9608.27 0.5821964
9630.42 0.5821852
9652.61 0.5754992
9674.869999999999 0.5741551
9697.17 0.5781209
9719.52 0.5728007
9741.93 0.5675338
9764.39 0.5675223
9786.9 0.5610096
9809.46 0.5674896
9832.07 0.5648568
9854.74 0.5648453
9877.45 0.5609341
9900.23 0.5596331
9923.05 0.5557656
9945.92 0.5544656
9968.85 0.5531756
9991.82 0.5518874
10014.87 0.5468058
10084.28 0.539257
10130.83 0.539223
10177.6 0.5317929
10224.57 0.530537
10271.76 0.528068
10295.44 0.5244183
10511.029999999999 0.5064662
10706.439999999999 0.4847123
10905.480000000001 0.4661054
11108.23 0.4492451
11288.74 0.434003
11498.61 0.4250982
11712.38 0.4106648
11902.69 0.3967224
12096.09 0.3850211
12292.63 0.3762579
12492.369999999999 0.3660091
12695.36 0.3560331
12901.640000000001 0.3463306
13111.269999999999 0.3384421
13293.67 0.32922
13509.67 0.3232108
13697.61 0.3165786
13888.17 0.3079575
14113.83 0.2988777
14310.17 0.2934149
14509.25 0.2920708
14711.099999999999 0.2841162
14915.750000000002 0.2841164
15088.470000000001 0.2821606
15298.369999999999 0.2834609
15511.18 0.2808604
15690.789999999999 0.2770037
15909.08 0.2694532
16093.3 0.2688413
16317.18 0.2663722
16506.13 0.2603078
16697.25 0.2543858
16890.6 0.2474476
17086.18 0.2401492
17284.04 0.2309382
17484.16 0.2241202
17686.63 0.2160128
17891.43 0.2091621
18098.61 0.2011311
18308.16 0.1956572
18520.170000000002 0.189888
18691.54 0.1826002
18907.989999999998 0.1772135
19082.93 0.1727773
19303.9 0.1665276
19482.53 0.1597641
19708.11 0.1554155
19890.47 0.1504878
20120.8 0.1477343
20306.96 0.1423914
20494.87 0.1394741
20684.49 0.1353549
20924.010000000002 0.1316728
21117.629999999997 0.1286679
21313.010000000002 0.1251716
21510.23 0.1220357
21709.269999999997 0.1178947
21910.129999999997 0.11548
22112.87 0.1120709
22317.49 0.1087647
22523.97 0.1060441
22680.11 0.1031541
22889.96 0.09321546
23101.76 0.09236111
23315.510000000002 0.08156258
23477.14 0.07735483
23694.350000000002 0.07825084
23913.600000000002 0.07202613
24079.38 0.07006263
24302.17 0.06942019
24527.04 0.06538624
24697.04 0.06478749
24925.57 0.05603878
25098.34 0.05539737
25272.32 0.05565309
25506.15 0.05514281
25682.960000000003 0.05565307
25920.59 0.05451126
26100.28 0.05401192
26281.18 0.05266146
26524.37 0.05193815
26708.219999999998 0.05087281
26893.36 0.05005992
27079.77 0.04914645
27330.34 0.04813798
27519.78 0.04725948
27710.55 0.04618327
27902.62 0.04544572
28096.04 0.04451264
28290.78 0.0436003
28486.899999999998 0.04270543
28684.35 0.04173408
28883.2 0.04097251
29083.39 0.04003939
29284.97 0.03921776
29487.98 0.03832507
29692.370000000003 0.03762578
29898.21 0.03676916
30105.43 0.03601526
30314.13 0.03527664
30524.25 0.03463306
30665.13 0.03400044
30877.71 0.03330335
31091.730000000003 0.03262043
31307.260000000002 0.03202497
31524.260000000002 0.0313683
31669.79 0.03072474
31889.3 0.03016421
32110.370000000003 0.02954578
32332.93 0.02893938
32482.160000000003 0.02834609
32707.34 0.02782817
32934.03 0.02738349
33086.04 0.02688414
33315.4 0.0260909
33469.17 0.0255555
33701.189999999995 0.02497422
33934.77 0.02440607
34091.4 0.02384992
34327.73 0.02336042
34486.17 0.02288184
34725.229999999996 0.02241202
34885.51 0.0219531
35127.299999999996 0.02150294
35289.47 0.02101345
35534.07 0.02062994
35698.11 0.0201601
35862.880000000005 0.01974599
36111.45 0.01938652
36278.16 0.01898881
36529.61 0.01855612
36698.21 0.01817588
36867.63 0.01776178
37123.159999999996 0.01739794
37294.5 0.01707998
37466.68 0.016691
37726.37 0.0164244
37900.49 0.01608788
38075.46 0.01579395
38339.37 0.0155055
38516.36 0.01518755
38694.130000000005 0.01487616
38872.73 0.01460408
39142.2 0.01430471
39322.86 0.01404356
39504.35 0.01375621
39686.729999999996 0.0135049
39869.9 0.01319787
40053.92 0.0129859
40331.58 0.01274989
40517.729999999996 0.01248766
40704.74 0.01228771
40892.60999999999 0.01209213
41081.39000000001 0.01187142
41271.00000000001 0.0116813
41461.490000000005 0.01146824
41652.899999999994 0.01125845
41941.6 0.01105304
42135.17999999999 0.01085144
42329.7 0.01070263
42525.06999999999 0.01050727
42721.340000000004 0.01033922
42918.56 0.009919438
43116.649999999994 0.009516693
43315.659999999996 0.009494838
43515.63 0.009088381
43716.47 0.009808314
43918.24 0.00966256
44120.939999999995 0.009516147
44324.630000000005 0.00936908
44529.21 0.009221248
44734.73 0.009084776
44941.25000000001 0.008948088
45148.68 0.008810633
45252.75 0.008741798
45461.60999999999 0.008605438
45671.49 0.008478039
45882.28 0.008350094
46094.049999999996 0.00822149
46306.84 0.008092341
46520.57 0.007971934
46735.29 0.007852399
46951.03999999999 0.007732321
47059.27 0.007672115
47276.47 0.007551927
47494.67 0.007440587
47713.93 0.007328701
47934.15 0.007216271
48155.39 0.007103294
48266.39 0.007049208
48489.22 0.00694497
48713.02 0.006840187
48937.850000000006 0.006734966
49050.659999999996 0.006682191
49277.100000000006 0.006580359
49504.53999999999 0.006482789
49733.020000000004 0.006384779
49847.72 0.006335502
50077.78 0.00623673
50308.92 0.006143087
50541.12 0.006051744
50657.67 0.006005855
50774.439999999995 0.005959856
50891.479999999996 0.005913855
51008.79 0.005867637
51126.37 0.005821419
51244.22 0.005777825
51362.4 0.005735211
51480.79 0.005692489
51599.46 0.005649657
51718.4 0.005606717
51837.60999999999 0.005563668
51957.1 0.005520511
52076.86 0.005477352
52196.96 0.00543452
52317.280000000006 0.005394639
52437.880000000005 0.005354757
52558.74999999999 0.005314658
52679.9 0.005274559
52801.33 0.00523435
52923.1 0.005194032
53045.090000000004 0.005153715
53167.35999999999 0.005113179
53289.920000000006 0.005074498
53412.759999999995 0.005037129
53535.880000000005 0.004999763
53659.280000000006 0.004962286
53783.03 0.004924697
53907.0 0.004887004
54031.26 0.004849307
54155.810000000005 0.004811503
54280.64 0.004773589
54405.76 0.004738515
54531.17 0.00470366
54656.93 0.004668586
54782.92 0.004633513
54909.19 0.004598331
55035.759999999995 0.00456304
55162.62 0.004527747
55289.780000000006 0.004492236
55417.29 0.004457819
55545.030000000006 0.004425149
55673.060000000005 0.004392371
55801.39 0.004359591
55930.020000000004 0.004326703
56058.94 0.004293815
56188.159999999996 0.004260817
56317.74 0.00422771
56447.56 0.004194495
56577.67 0.004163245
56708.090000000004 0.004132761
56838.8 0.004102059
56969.82 0.004071356
57101.2 0.004040543
57232.83 0.004009732
57364.75000000001 0.003978701
57496.98 0.003947779
57629.520000000004 0.003917075
57762.36 0.003888449
57895.5 0.003859823
58029.02 0.003831087
58162.78 0.003802349
58296.85 0.003773505
58431.23 0.003744549
58565.92 0.003715594
58700.92 0.003686531
58836.23 0.003658778
58971.91 0.003632009
59107.85 0.00360513
59244.09 0.003578252
59380.66 0.003551372
59517.53 0.003524276
59654.73 0.003497179
59792.3 0.003470081
59930.12 0.003442875
60068.270000000004 0.003417745
60206.73 0.003392614
60345.51 0.003367483
60484.60999999999 0.003342354
60624.03 0.003317114
60763.84 0.003291764
60903.91 0.003266414
61044.28999999999 0.003240958
61185.01 0.003216155
61326.03999999999 0.003192772
61467.4 0.003169281
61609.15 0.00314568
61751.17 0.003122079
61893.51 0.003098479
62036.17999999999 0.003074768
62179.18 0.003050949
62322.509999999995 0.003027129
62466.16 0.003004731
62610.219999999994 0.002982769
62754.54 0.002960807
62899.19 0.002938737
63044.18 0.002916556
63189.5 0.002894376
63335.16 0.002872195
63481.22 0.002849906
63627.55 0.002827834
63774.22 0.002807293
63921.219999999994 0.002786751
64068.560000000005 0.0027661
64216.25 0.002745449
64364.270000000004 0.002724689
64512.7 0.00270393
64661.41 0.00268317
64810.46 0.0026623
64959.85 0.002642305
65109.59 0.002623076
65259.67 0.002603736
65410.1 0.002584505
65560.94 0.002565057
65712.07 0.002545607
65863.54 0.002526159
66015.36 0.002506711
66167.53 0.002487152
66320.05 0.002469015
66472.99 0.002450986
66626.22 0.002432958
66779.8 0.002414821
66933.73 0.002396682
67088.02 0.002378545
67242.66 0.002360298
67397.66 0.002341942
67553.09 0.002324131
67708.81 0.002307305
67864.88 0.002290369
68021.32 0.002273434
68178.11 0.002256498
68335.26 0.002239453
68492.85 0.002222409
68650.74 0.002205362
68808.98 0.002188209
68967.59 0.002172037
69126.56 0.002156304
69285.91 0.002140461
69445.61 0.002124618
69605.77 0.002108665
69766.20999999999 0.002092713
69927.03 0.00207676
70088.22 0.002060699
70249.78 0.002044856
70411.71 0.002030105
70574.09 0.002015245
70736.76 0.002000386
70899.82 0.001985526
71063.25 0.001970666
71227.06 0.001955697
71391.24 0.001940728
71555.8 0.00192565
71720.81999999999 0.001911337
71886.14 0.00189746
72051.85 0.001883583
72217.93 0.001869707
72384.39 0.001855722
72551.25 0.001841736
72718.48 0.00182775
72886.18 0.001813655
73054.19 0.001799561
73222.59 0.001786558
73391.37 0.001773556
73560.55 0.001760554
73730.11 0.001747551
73900.14 0.001734439
74070.48 0.001721328
74241.22 0.001708217
74412.34999999999 0.001695105
74583.88 0.001682212
74755.8 0.001670084
74928.12 0.001657956
75100.91 0.001645719
75274.03 0.001633481
75447.54000000001 0.001621243
75621.45 0.001609006
75795.76999999999 0.001596659
75970.48 0.001584313
76145.68000000001 0.001572731
76321.2 0.001561367
76497.12 0.001549895
76673.46 0.001538422
76850.2 0.001527059
77027.34000000001 0.001515477
77204.89 0.001504004
77382.94 0.001492423
77561.32 0.001481059
77740.09999999999 0.001470351
77919.3 0.001459753
78098.91 0.001449045
78278.93000000001 0.001438228
78459.37 0.00142752
78640.31 0.001416703
78821.58 0.001405996
79003.27 0.001395178
79185.38 0.001384798
79367.91 0.001374746
79550.86 0.001364803
79734.31 0.001354751
79918.1 0.001344699
80102.32 0.001334647
80286.96 0.001324485
80472.03 0.001314433
80657.52 0.001304272
80843.44 0.001294875
81029.89000000001 0.001285478
81216.65999999999 0.001276082
81403.87999999999 0.001266685
81591.52 0.001257288
81779.59 0.001247783
81968.09999999999 0.001238386
82157.12999999999 0.00122888
82346.5 0.001219593
82536.31999999999 0.001210852
82726.57 0.001202111
82917.27 0.00119326
83108.39 0.00118441
83299.97 0.00117556
83492.06999999999 0.00116671
83684.53 0.001157859
83877.42 0.0011489
84070.76999999999 0.001140595
84264.56 0.001132292
84458.8 0.001124097
84653.56999999999 0.001115902
84848.70000000001 0.001107598
85044.29 0.001099294
85240.31000000001 0.001090979
85436.8 0.001082654
85633.73999999999 0.001074393
85831.13 0.001066712
86029.07 0.001058998
86227.38 0.001051273
86426.13 0.001043538
86625.35 0.00103578
86825.03 0.001028
87025.17 0.00102021
87225.76999999999 0.001012398
87426.93 0.001004902
87628.45000000001 0.0009976907
87830.45 0.0009904684
88032.90000000001 0.0009832244
88235.82 0.0009759694
88439.21 0.0009686922
88643.17 0.0009613935
88847.5 0.0009540838
89052.29000000001 0.0009467525
89257.57 0.0009399672
89463.31000000001 0.0009332039
89669.53 0.0009264292
89876.22 0.0009196334
90083.5 0.0009128153
90291.14 0.0009059974
90499.27 0.0008991465
90707.88 0.0008922957
90916.96 0.0008856089
91126.53 0.0008792826
91336.68999999999 0.0008729345
91547.22 0.0008665753
91758.25 0.0008601945
91969.76 0.0008538132
92181.76 0.0008474104
92394.23999999999 0.0008409858
92607.21 0.0008345613
92820.78 0.0008284972
93034.73999999999 0.0008225532
93249.20000000001 0.0008165982
93464.14 0.0008106326
93679.59000000001 0.0008046558
93895.52 0.0007986683
94112.06 0.0007926589
94328.99 0.0007866387
94546.43000000001 0.0007806727
94764.37000000001 0.0007751114
94982.81 0.0007695388
95201.75 0.0007639556
95421.20000000001 0.0007583611
95641.25 0.0007527453
95861.71 0.000747118
96082.68000000001 0.000741491
96304.15 0.0007358423
96526.14 0.0007304227
96748.64 0.0007252109
96971.65999999999 0.0007199772
97195.29 0.0007147435
97419.33 0.000709488
97643.89 0.0007042215
97868.96 0.000698955
98094.56000000001 0.0006936666
98320.67 0.0006883674
98547.42 0.0006834506
98774.58 0.0006785557
99002.26 0.0006736498
99230.47 0.0006687328
99459.2 0.0006638051
99688.45999999999 0.0006588664
99918.25 0.0006539168
100148.68 0.0006489565
100379.53 0.0006441268
100610.90999999999 0.0006395378
100842.81999999999 0.0006349488
101075.28 0.0006303488
101308.26000000001 0.000625738
101541.89 0.0006211052
101775.95 0.0006164724
102010.56 0.0006118286
102245.7 0.0006071741
102481.38 0.0006027817
102717.61 0.0005984878
102954.38 0.0005941718
103191.81 0.0005898559
103429.68000000001 0.0005855291
103668.09 0.0005811913
103907.05 0.0005768428
104146.56000000001 0.0005724832
104386.63 0.0005681563
104627.25 0.0005641354
104868.53 0.0005600927
105110.27 0.00055605
105352.54999999999 0.0005519964
105595.40000000001 0.0005479426
105838.81 0.0005438672
106082.76999999999 0.0005397807
106327.42 0.0005356942
106572.51000000001 0.0005317718
106818.15999999999 0.0005279913
107064.39 0.0005241998
107311.18000000001 0.0005204085
107558.54 0.0005166061
107806.47 0.0005127928
108055.09000000001 0.0005089685
108304.15999999999 0.0005051335
108553.81 0.0005012984
108804.04000000001 0.0004977364
109054.83 0.0004941963
109306.21 0.0004906452
109558.3 0.0004870724
109810.83 0.0004835103
110063.95 0.0004799265
110317.65999999999 0.0004763427
110571.95 0.0004727479
110826.82999999999 0.0004692406
111082.29 0.000465919
111338.46999999999 0.0004625865
111595.11 0.000459254
111852.34 0.0004559106
112110.17 0.0004525562
112368.59000000001 0.0004492017
112627.61 0.0004458256
112887.35 0.0004424493
113147.56 0.0004392698
113408.38 0.0004361557
113669.79000000001 0.0004330309
113931.79999999999 0.0004298951
114194.43 0.0004267592
114457.65 0.0004236125
114721.62000000001 0.0004204547
114986.06000000001 0.000417297
115251.09999999999 0.0004141612
115516.77 0.0004112438
115783.04 0.0004083156
116049.93000000001 0.0004053873
116317.43000000001 0.0004024482
116585.68000000001 0.000399498
116854.42 0.0003965479
117123.78 0.0003935869
117393.75000000001 0.000390615
117664.36 0.0003877741
117935.58 0.0003850317
118207.56 0.0003822782
118480.04 0.0003795248
118753.14 0.0003767604
119026.87999999999 0.000373996
119301.23999999999 0.0003712208
119576.23999999999 0.0003684455
119851.87 0.0003656594
120128.27 0.0003630807
120405.17 0.0003605021
120682.70999999999 0.0003579236
120960.90000000001 0.000355334
121239.72 0.0003527445
121519.18999999999 0.000350144
121799.43 0.0003475435
122080.19 0.0003449322
122361.59000000001 0.0003423863
122643.64 0.0003399825
122926.35 0.0003375569
123209.70000000001 0.0003351423
123493.7 0.0003327166
123778.5 0.00033028
124063.82 0.0003278325
124349.79999999999 0.000325396
124636.44 0.0003229375
124923.73000000001 0.0003206321
125211.69 0.0003183703
125500.45000000001 0.0003160977
125789.73 0.000313825
126079.69 0.0003115414
126370.31 0.0003092578
126661.61 0.0003069633
126953.56999999999 0.0003046688
127246.21 0.0003023961
127539.66 0.0003002764
127833.64 0.0002981458
128128.31 0.0002960152
128423.65 0.0002938845
128719.68000000001 0.0002917429
129016.39 0.0002895904
129313.78 0.0002874489
129612.0 0.0002852855
129910.77 0.0002832204
130210.22 0.0002812319
130510.36 0.0002792324
130811.2 0.0002772328
131112.72 0.0002752224
131415.09 0.000273212
131718.02 0.0002712015
132021.63999999998 0.0002691802
132325.95 0.0002671479
132630.97999999998 0.0002652795
132936.7 0.0002634002
133243.13 0.0002615317
133550.41 0.0002596525
133858.27000000002 0.0002577622
134166.8 0.000255872
134476.08000000002 0.0002539817
134786.05 0.0002520805
135096.72999999998 0.000250234
135408.3 0.0002484858
135720.44 0.0002467266
136033.27 0.0002449675
136346.83000000002 0.0002431975
136661.11000000002 0.0002414274
136976.13999999998 0.0002396573
137291.88 0.0002378764
137608.47999999998 0.0002360954
137925.69 0.0002344127
138243.63 0.0002327628
138562.28 0.0002311129
138881.69 0.0002294631
139201.8 0.0002278023
139522.67 0.0002261415
139844.44 0.0002244698
140166.8 0.000222798
140489.89 0.0002211482
140813.72 0.0002196076
141138.31 0.000218056
141463.66 0.0002165045
141789.88999999998 0.000214953
142116.7 0.0002133905
142444.31 0.000211828
142772.66 0.0002102656
143101.77 0.0002086922
143431.61000000002 0.0002071953
143762.22999999998 0.0002057421
144093.77 0.0002042889
144425.91 0.0002028357
144758.83 0.0002013716
145092.52 0.0001999075
145426.95 0.0001984434
145762.19 0.0001969683
146098.34 0.0001954932
146435.09 0.0001941275
146772.63999999998 0.0001927726
147110.97 0.0001914068
147450.06 0.0001900301
147789.95 0.0001886643
148130.63 0.0001872876
148472.22 0.0001859109
148814.47 0.0001845233
149157.5 0.0001831793
149501.31 0.000181901
149845.94 0.0001806225
150191.33 0.0001793333
150537.7 0.0001780549
150884.69999999998 0.0001767656
151232.5 0.0001754763
151581.09 0.0001741761
151930.5 0.0001728758
152280.72 0.0001716521
152631.73 0.0001704502
152983.72 0.0001692483
153336.36000000002 0.0001680464
153689.81 0.0001668336
154044.09 0.0001656208
154399.16999999998 0.0001644079
154755.06 0.0001631951
155111.8 0.0001619932
155469.52 0.0001608678
155827.88 0.0001597315
156187.06 0.0001586061
156547.09 0.0001574697
156907.94 0.0001563334
157269.63 0.0001551971
157632.31 0.0001540607
157995.66999999998 0.0001529135
158359.86000000002 0.0001518208
158724.88999999998 0.000150761
159090.77 0.0001497012
159457.47 0.0001486413
159825.05 0.0001475705
160193.62 0.0001465107
160562.87000000002 0.0001454399
160933.0 0.0001443691
161303.95 0.0001432874
161675.77000000002 0.0001422931
162048.44 0.0001412988
162422.16 0.0001403045
162796.55000000002 0.0001393102
163171.81000000003 0.000138305
163547.91999999998 0.0001372998
163924.92 0.0001362946
164302.77 0.0001352894
164681.5 0.000134306
165061.3 0.0001333773
165441.77000000002 0.0001324376
165823.13 0.0001315089
166205.36000000002 0.0001305692
166588.47 0.0001296295
166972.47 0.0001286899
167357.53 0.0001277393
167743.31 0.0001267887
168129.95 0.0001259037
168517.52000000002 0.0001250296
168905.95 0.0001241446
169295.3 0.0001232704
169685.55 0.0001223854
170076.87 0.0001215004
170468.90999999997 0.0001206154
170861.84 0.0001197303
171255.68999999997 0.0001188453
171650.44999999998 0.0001180258
172046.12 0.0001172064
172442.69 0.000116376
172840.37999999998 0.0001155456
173238.78 0.0001147261
173638.13 0.0001138957
174038.36 0.0001130544
174439.53 0.000112224
174841.62999999998 0.0001114264
175244.84 0.0001106506
175648.8 0.0001098748
176053.69 0.0001091012
176459.48 0.0001083244
176866.25 0.0001075453
177273.94 0.0001067641
177682.56 0.0001059818
178092.33 0.0001051973
178502.84 0.0001044685
178914.31 0.000103743
179326.73 0.0001030153
179740.08000000002 0.0001022865
180154.41 0.0001015555
180569.88 0.0001008235
180986.09 0.0001000892
181403.28 9.935278e-05
181821.44 9.863492e-05
182240.55 9.795421e-05
182660.61000000002 9.727241e-05
183081.66 9.658844e-05
183503.87999999998 9.590227e-05
183926.88 9.521499e-05
184350.83 9.452665e-05
184775.77 9.38361e-05
185201.7 9.314446e-05
185628.59 9.249216e-05
186056.47999999998 9.185188e-05
186485.55000000002 9.120943e-05
186915.41999999998 9.056695e-05
187346.27 8.992231e-05
187778.12 8.927656e-05
188210.94999999998 8.862863e-05
188644.81000000003 8.79807e-05
189079.84 8.733605e-05
189515.7 8.673619e-05
189952.55 8.613415e-05
190390.41 8.553101e-05
190829.27000000002 8.49268e-05
191269.12 8.43204e-05
191710.02000000002 8.37129e-05
192152.13999999998 8.310429e-05
192595.05999999997 8.249352e-05
193039.02000000002 8.190787e-05
193483.96999999997 8.134297e-05
193929.94999999998 8.077811e-05
194377.0 8.020991e-05
194825.27000000002 7.964174e-05
195274.34 7.90714e-05
195724.47 7.850104e-05
196175.63 7.792852e-05
196627.81 7.735489e-05
197081.06 7.682167e-05
197535.34 7.629067e-05
197990.88999999998 7.575854e-05
198447.28 7.522535e-05
198904.7 7.468996e-05
199363.19999999998 7.415457e-05
199822.75 7.361808e-05
200283.37 7.307942e-05
200745.25 7.255387e-05
201207.98 7.205562e-05
201671.77 7.15563e-05
202136.66 7.105587e-05
202602.58000000002 7.055436e-05
203069.59 7.005175e-05
203537.69 6.954695e-05
204007.08000000002 6.904216e-05
204477.33 6.853627e-05
204948.66999999998 6.805769e-05
205421.08 6.758896e-05
205894.59000000003 6.711913e-05
206369.2 6.66493e-05
206844.91 6.617728e-05
207321.92 6.570417e-05
207799.81 6.522997e-05
208278.80000000002 6.475468e-05
208758.91 6.428375e-05
209240.09000000003 6.384452e-05
209722.42 6.340309e-05
210206.06 6.296168e-05
210690.61000000002 6.251916e-05
211176.27 6.207555e-05
211663.05000000002 6.162975e-05
212150.94 6.118397e-05
212639.95 6.073818e-05
213130.11 6.030877e-05
213621.62999999998 5.989466e-05
214114.05 5.948056e-05
214607.59 5.906535e-05
215102.27000000002 5.864797e-05
215598.09000000003 5.823059e-05
216095.06 5.781322e-05
216593.44 5.739363e-05
217092.69 5.697297e-05
217593.09 5.65829e-05
218094.66 5.619393e-05
218597.39 5.580386e-05
219101.28 5.54127e-05
219606.31 5.502044e-05
220112.77 5.462819e-05
220620.14 5.423484e-05
221128.69 5.384041e-05
221638.41 5.34547e-05
222149.3 5.308977e-05
222661.38 5.272373e-05
223174.86 5.235661e-05
223689.3 5.198949e-05
224204.91999999998 5.162018e-05
224721.72 5.125087e-05
225239.72 5.088157e-05
225758.90999999997 5.051007e-05
226279.31 5.015934e-05
226801.13999999998 4.981625e-05
227323.94 4.947098e-05
227847.94 4.91268e-05
228373.13999999998 4.878044e-05
228899.56000000003 4.843407e-05
229427.19 4.808661e-05
229956.03 4.773807e-05
230486.36 4.739171e-05
231017.66 4.706937e-05
231550.16 4.674705e-05
232083.89 4.642255e-05
232618.84 4.609804e-05
233155.06 4.577243e-05
233692.77 4.544573e-05
234231.44 4.511904e-05
234771.36000000002 4.479125e-05
235312.53 4.447657e-05
235854.94 4.417282e-05
236398.59000000003 4.386907e-05
236943.52 4.356423e-05
237489.94 4.325829e-05
238037.38 4.295236e-05
238586.06000000003 4.264532e-05
239136.02999999997 4.23372e-05
239687.27000000002 4.202908e-05
240239.75 4.174281e-05
240793.77999999997 4.145763e-05
241348.81 4.117137e-05
241905.15999999997 4.0884e-05
242462.77 4.059665e-05
243021.66 4.030819e-05
243581.84000000003 4.001973e-05
244143.31 3.973019e-05
244706.34 3.94472e-05
245270.41 3.91795e-05
245835.78 3.891071e-05
246402.45 3.864083e-05
246970.41999999998 3.837095e-05
247539.69999999998 3.810108e-05
248110.31 3.78301e-05
248682.48 3.755804e-05
249255.72 3.728488e-05
249830.27 3.702812e-05
255649.41999999998 3.452163e-05
261604.40999999997 3.21834e-05
267698.08999999997 3.000251e-05
273933.44 2.796803e-05
280314.27999999997 2.607014e-05
286843.5 2.430772e-05
293525.09 2.267424e-05
300362.0 2.115003e-05
307358.5 1.972742e-05
314517.58999999997 1.839988e-05
321843.81 1.716084e-05
329340.33999999997 1.600702e-05
337011.83999999997 1.493952e-05
344861.66 3.745315e-05
