102.03 4.441091e-08
103.92999999999999 5.706867e-08
106.1 7.43839e-08
108.08 9.894525e-08
110.09 1.466863e-07
113.95 2.277567e-07
117.96 3.330008e-07
120.97999999999999 1.292661e-06
124.94999999999999 1.735452e-06
126.97999999999999 1.94719e-06
127.86 2.096222e-06
131.14000000000001 2.445973e-06
132.05 2.947313e-06
133.88 3.232151e-06
137.0 4.289906e-06
139.87 4.902485e-06
143.13 1.463677e-05
147.14 4.049803e-05
150.91 4.555043e-05
155.14 5.169937e-05
159.12 5.88141e-05
162.08 6.4187e-05
165.86 7.317998e-05
170.10999999999999 8.136575e-05
172.87 8.840141e-05
176.9 9.737722e-05
180.19 0.0001045748
181.86 0.0001100088
186.09 0.0001203551
190.87 0.000134413
193.97 0.0001443496
198.03 0.0001557593
202.18 0.0001692176
204.99 0.0001796491
209.76000000000002 0.0001881242
216.14000000000001 0.0002184822
220.16 0.00023466
223.22000000000003 0.0002434716
226.85 0.0002620697
230.0 0.0004096937
233.73999999999998 0.0007086445
239.73000000000002 0.0008942497
245.88 0.0008718733
252.19 0.0009515546
256.88 0.0008230982
259.85 0.0009560287
264.08 0.00101725
268.99 0.001036212
273.99 0.00104815
279.08 0.001065203
284.27 0.001082542
290.21999999999997 0.001048188
296.3 0.00108502
301.11 0.001087555
308.13 0.001117966
318.22 0.001159987
327.89 0.001178828
337.85 0.001187045
348.12 0.001189766
357.05 0.001195196
366.21 0.001206264
374.74 0.001203465
385.24 0.001162643
395.12 0.001195199
405.26 0.00119795
413.74 0.001186989
422.41 0.001170675
430.26 0.001159944
441.3 0.001154625
450.53999999999996 0.001136159
459.97 0.001120581
469.6 0.001105204
480.54 0.001097612
489.46999999999997 0.001067703
499.72 0.001065228
505.51 0.001050616
512.54 0.001112892
519.67 0.001102695
530.55 0.001085038
540.42 0.001048187
550.47 0.001062766
559.41 0.001090035
569.81 0.00111289
580.4 0.001082571
589.83 0.001120617
599.4200000000001 0.00110012
610.56 0.001043381
620.48 0.00117881
630.57 0.00118971
639.34 0.001200719
649.73 0.001242899
657.25 0.001257305
664.86 0.001301486
675.66 0.001313547
685.06 0.001277738
694.59 0.001456942
704.26 0.001388167
715.6999999999999 0.001575596
725.6500000000001 0.00162351
735.75 0.00166896
744.27 0.001784206
754.62 0.001864021
765.12 0.001863996
775.77 0.002067471
784.75 0.002140226
795.67 0.002261693
804.88 0.002373762
814.2 0.00246856
825.52 0.002663494
835.08 0.002266935
844.75 0.002827774
854.5400000000001 0.002913663
864.4300000000001 0.003129251
874.4399999999999 0.003337739
884.5699999999999 0.003584655
894.8100000000001 0.003779574
905.17 0.003814461
915.65 0.005217226
924.1199999999999 0.02954266
934.8199999999999 0.06418667
945.65 0.1223024
954.4 0.1759715
965.45 0.1942874
974.38 0.03150973
985.6700000000001 0.1575581
994.79 0.1715694
1003.99 0.2596922
1015.62 0.2531824
1025.02 0.1105205
1034.5 0.1727604
1044.07 0.34233
1056.16 0.3353081
1065.9299999999998 0.2590955
1075.8 0.3129206
1085.75 0.2423553
1095.8 0.3306952
1105.94 0.3180054
1116.1699999999998 0.3030064
1123.91 0.2706659
1134.31 0.3527225
1144.8 0.3187529
1155.39 0.3415486
1166.0900000000001 0.3519187
1174.1699999999998 0.2379316
1185.03 0.3415455
1196.0 0.228259
1204.29 0.1615995
1215.43 0.1151974
1223.86 0.2319802
1235.18 0.3576417
1243.74 0.3939526
1255.25 0.3744862
1263.95 0.3187507
1275.65 0.420192
1284.49 0.4430496
1296.3700000000001 0.3423342
1305.3600000000001 0.3376396
1314.41 0.4309629
1323.52 0.4115745
1335.77 0.3601231
1345.0200000000002 0.4369553
1354.35 0.4221332
1363.74 0.3736342
1376.3500000000001 0.3948646
1385.8899999999999 0.3985223
1395.5 0.3423294
1405.17 0.3543609
1414.92 0.3676632
1424.7199999999998 0.3788267
1434.6000000000001 0.376222
1441.22 0.3985166
1447.87 0.4059175
1454.56 0.3930406
1464.64 0.3601205
1474.79 0.3609504
1485.01 0.3685119
1495.31 0.3753499
1505.67 0.3543575
1512.6200000000001 0.3136496
1516.11 0.3376378
1526.62 0.326171
1533.66 0.2808338
1544.2900000000002 0.307927
1555.0 0.2913722
1565.78 0.2988503
1576.6299999999999 0.3194748
1583.91 0.3368545
1594.8899999999999 0.3439023
1605.9399999999998 0.3368565
1613.3600000000001 0.3384026
1624.54 0.3194744
1635.8 0.3415446
1643.3500000000001 0.347083
1654.74 0.3202191
1666.2099999999998 0.3503067
1673.9 0.3093493
1677.76 0.3535509
1685.51 0.369359
1693.29 0.3454911
1705.02 0.3314631
1716.8400000000001 0.3136494
1724.77 0.3114961
1736.72 0.3337752
1744.74 0.3261699
1756.8300000000002 0.3478911
1764.94 0.3187528
1773.09 0.3254265
1785.38 0.3322235
1793.62 0.3551845
1806.05 0.3519214
1814.3899999999999 0.3239193
1826.96 0.3314634
1835.4 0.3180091
1843.87 0.2920322
1856.6499999999999 0.293397
1865.22 0.3030045
1873.83 0.3276798
1886.82 0.3009196
1895.53 0.2893663
1904.28 0.3065192
1913.07 0.2954204
1926.33 0.2887046
1935.22 0.2974675
1944.15 0.3114997
1953.1299999999999 0.2906883
1966.66 0.319477
1975.74 0.3276817
1984.86 0.3100522
1994.02 0.3016009
2003.23 0.3100502
2017.1100000000001 0.2995342
2026.4199999999998 0.3129253
2035.7800000000002 0.2967864
2045.17 0.3086275
2054.61 0.2900294
2064.1 0.293395
2073.63 0.3172833
2078.41 0.3043901
2083.2000000000003 0.3165393
2092.81 0.2995351
2107.32 0.3009179
2117.05 0.3043893
2126.82 0.30722
2136.63 0.2860618
2146.5 0.2940558
2156.4 0.305093
2166.36 0.2947394
2176.36 0.2927136
2186.4 0.2887067
2196.5 0.3016006
2206.63 0.2933986
2216.8199999999997 0.2782504
2227.0499999999997 0.2706656
2237.33 0.2893661
2242.4900000000002 0.2776087
2252.84 0.2639071
2263.24 0.2694259
2273.68 0.2769697
2284.1800000000003 0.2847384
2294.7200000000003 0.2675465
2305.31 0.269963
2315.96 0.2571497
2326.65 0.2051646
2337.39 0.2376832
2342.77 0.2290684
2353.59 0.2488017
2364.45 0.2273939
2375.36 0.234255
2386.33 0.2165647
2397.34 0.2303916
2402.87 0.2215248
2413.96 0.2271667
2425.1 0.2427894
2436.3 0.233964
2447.54 0.2466336
2453.1800000000003 0.2437819
2464.51 0.2403704
2475.88 0.2316313
2487.31 0.2331811
2493.05 0.2155937
2504.5499999999997 0.2463444
2510.33 0.2160068
2516.1099999999997 0.22103
2527.7300000000005 0.2134649
2533.55 0.2179094
2545.25 0.2148715
2557.0 0.2328495
2562.89 0.2243975
2574.72 0.2376432
2586.6099999999997 0.2332411
2592.57 0.2289634
2604.54 0.2206144
2616.56 0.2165447
2622.59 0.2277653
2634.69 0.2401033
2646.8599999999997 0.2619845
2652.9599999999996 0.2730417
2665.2 0.2416118
2677.51 0.2529353
2683.68 0.2552286
2696.06 0.2392351
2702.28 0.248761
2714.75 0.2321061
2727.28 0.2293775
2733.57 0.2412797
2746.19 0.2067291
2752.52 0.2134653
2765.22 0.2234675
2777.9900000000002 0.2334061
2784.39 0.214809
2797.24 0.1741557
2803.6899999999996 0.1857295
2816.63 0.2279105
2823.1299999999997 0.2447309
2836.16 0.236362
2842.7000000000003 0.2267523
2855.82 0.2120393
2862.4 0.2428718
2875.61 0.2478727
2882.24 0.2433257
2895.54 0.2460759
2908.9100000000003 0.270975
2929.0699999999997 0.2575024
2949.3799999999997 0.2515293
2969.82 0.2572745
2990.41 0.2571716
3011.13 0.2600442
3032.0099999999998 0.2605179
3053.02 0.2610155
3067.12 0.26335
3088.38 0.264445
3109.7799999999997 0.2674014
3131.34 0.2618007
3153.0399999999995 0.2616778
3167.6 0.2646318
3189.5600000000004 0.2479959
3211.6699999999996 0.2583687
3226.4900000000002 0.2416115
3248.85 0.265397
3271.37 0.2790567
3286.4700000000003 0.2751513
3309.2599999999998 0.2725047
3324.53 0.2730419
3332.19 0.2742627
3339.88 0.2606637
3347.57 0.2844504
3355.2900000000004 0.2722358
3363.03 0.2431606
3370.7799999999997 0.2551666
3378.55 0.2677513
3386.3399999999997 0.2708095
3394.14 0.2720095
3401.9700000000003 0.2927757
3409.81 0.2651278
3417.67 0.2620486
3425.55 0.2768856
3433.4500000000003 0.2952769
3441.36 0.2711197
3449.29 0.2624832
3457.24 0.2666986
3465.22 0.2540707
3473.2000000000003 0.276617
3481.21 0.259899
3489.2400000000002 0.2733721
3497.2799999999997 0.2598158
3505.34 0.2777125
3513.42 0.2645488
3521.52 0.282134
3529.64 0.2496695
3537.7799999999997 0.2762438
3545.93 0.2813284
3554.1 0.2852145
3562.2999999999997 0.27674
3570.51 0.2529354
3578.7400000000002 0.2534722
3586.99 0.2332631
3593.31 0.2605607
3596.05 0.2590929
3598.7799999999997 0.304246
3601.5200000000004 0.3211283
3604.25 0.2866812
3606.99 0.2423136
3609.7200000000003 0.2309694
3612.46 0.2253894
3615.2000000000003 0.1991696
3617.93 0.1934998
3620.67 0.2227853
3623.4 0.2270636
3626.14 0.3426403
3628.8700000000003 0.2868467
3631.61 0.2656648
3634.35 0.2865147
3637.08 0.2759766
3639.82 0.2775465
3642.55 0.2735177
3645.29 0.2638047
3648.02 0.2451659
3650.76 0.2596306
3653.5 0.2733926
3656.2299999999996 0.2930249
3658.97 0.2741574
3661.7 0.2656651
3664.44 0.3006497
3667.17 0.2910829
3669.9100000000003 0.2918261
3672.65 0.2507442
3675.3799999999997 0.2817213
3678.12 0.300918
3680.85 0.279593
3683.59 0.2856264
3686.32 0.2738691
3689.06 0.233841
3691.79 0.2748405
3694.5299999999997 0.2845523
3697.2699999999995 0.2793855
3700.0 0.2914958
3702.74 0.3297454
3705.4700000000003 0.2829822
3708.21 0.2554356
3710.9399999999996 0.283685
3713.68 0.2890365
3716.4199999999996 0.2712229
3719.15 0.272443
3721.89 0.3369779
3724.6200000000003 0.3998822
3727.36 0.4311882
3730.0899999999997 0.3938484
3732.83 0.324063
3735.5699999999997 0.2916601
3738.3 0.281742
3741.04 0.3098659
3743.77 0.2985839
3746.51 0.2654578
3749.24 0.2623383
3751.9799999999996 0.2465292
3754.72 0.2751698
3757.45 0.2864742
3760.19 0.2823199
3762.92 0.2888715
3765.6600000000003 0.3057331
3768.39 0.309805
3771.1299999999997 0.3050514
3773.86 0.2996795
3776.6 0.3333208
3779.34 0.3767984
3782.07 0.3788867
3784.81 0.386635
3787.54 0.378825
3790.2799999999997 0.3589654
3793.01 0.2996175
3795.75 0.2709962
3798.49 0.2746946
3801.2200000000003 0.3359868
3803.96 0.3319358
3806.6899999999996 0.3525394
3809.43 0.3770469
3812.16 0.3905214
3814.9 0.3302831
3817.64 0.3347459
3820.3700000000003 0.346443
3823.11 0.3442518
3825.8399999999997 0.2732283
3828.58 0.2878376
3831.31 0.2745097
3834.05 0.2541544
3836.79 0.2712022
3839.52 0.3116644
3842.26 0.3357793
3844.99 0.3199717
3847.7299999999996 0.3675616
3850.46 0.3565072
3853.2 0.3746086
3855.9300000000003 0.3486961
3858.67 0.3901693
3861.4100000000003 0.3900651
3864.14 0.3980015
3866.8799999999997 0.3864285
3869.61 0.395398
3872.35 0.3675825
3875.0800000000004 0.3520644
3877.82 0.3647724
3880.56 0.3439003
3883.29 0.3411323
3886.0299999999997 0.3133376
3888.76 0.3345198
3891.5 0.3355109
3894.23 0.3677282
3896.9700000000003 0.3515263
3899.71 0.3628084
3902.4399999999996 0.3860159
3905.18 0.4055844
3907.91 0.4107724
3910.65 0.4442275
3913.38 0.4381947
3916.1200000000003 0.4256502
3918.86 0.3823157
3921.5899999999997 0.3754148
3924.33 0.3656602
3927.06 0.3294568
3929.8 0.3159414
3932.53 0.2868878
3935.27 0.3151771
3938.0 0.3392317
3940.74 0.3615901
3943.4799999999996 0.3715496
3946.21 0.3947985
3948.95 0.3929791
3951.6800000000003 0.3903972
3954.42 0.3680165
3957.1499999999996 0.3725225
3959.89 0.3270388
3962.6299999999997 0.2906683
3965.36 0.2720503
3968.1 0.2590309
3970.8300000000004 0.2760388
3973.57 0.2959589
3976.2999999999997 0.3310277
3979.04 0.3685333
3981.7799999999997 0.3987028
3984.51 0.4130659
3987.25 0.4305059
3989.98 0.4347227
3992.7200000000003 0.448815
3995.45 0.452288
3998.1899999999996 0.4444551
4000.93 0.4481531
4003.66 0.472394
4006.4 0.4630526
4009.13 0.4450137
4011.8700000000003 0.4547044
4014.6 0.4622689
4017.3399999999997 0.4633011
4020.07 0.4791316
4022.81 0.4629915
4025.55 0.4512323
4028.28 0.4603674
4031.02 0.4596432
4033.75 0.4594998
4036.49 0.4694591
4039.2200000000003 0.4765071
4041.96 0.4689015
4044.7 0.4519349
4047.4300000000003 0.4581562
4050.17 0.4521006
4052.8999999999996 0.4342682
4055.64 0.4376356
4058.37 0.4394346
4061.11 0.4453437
4063.85 0.4513355
4066.5800000000004 0.4392066
4069.32 0.4465416
4072.0499999999997 0.4487747
4074.79 0.4509435
4077.52 0.4382153
4080.26 0.4335236
4083.0 0.4360437
4085.73 0.4480098
4088.4700000000003 0.4366433
4091.2 0.400192
4093.9399999999996 0.3889496
4096.67 0.3892607
4099.41 0.374092
4102.14 0.3875251
4104.88 0.4087675
4107.62 0.4236658
4110.349999999999 0.4209393
4113.09 0.4302375
4115.82 0.4272216
4118.56 0.443959
4121.29 0.4541066
4124.03 0.4528659
4126.77 0.434494
4129.5 0.4453855
4132.24 0.4600357
4134.97 0.4593344
4137.71 0.4496831
4140.4400000000005 0.4524947
4143.18 0.4503239
4145.92 0.4526788
4148.65 0.4511922
4151.389999999999 0.4475336
4154.12 0.4693154
4156.86 0.4722075
4159.59 0.4687991
4162.33 0.4659877
4165.07 0.4708429
4167.8 0.452246
4170.54 0.4649538
4173.27 0.4505104
4176.01 0.4392474
4178.74 0.4478037
4181.4800000000005 0.4433392
4184.21 0.4443116
4186.95 0.4837802
4189.69 0.4735916
4192.42 0.485661
4195.16 0.4515633
4197.89 0.4518125
4200.63 0.4642311
4203.36 0.4653482
4206.099999999999 0.4677443
4208.84 0.4752653
4211.57 0.4743367
4214.31 0.4727238
4217.04 0.4773333
4219.78 0.4695005
4222.51 0.4588388
4225.25 0.4336269
4227.99 0.463383
4230.72 0.4568543
4233.46 0.4563987
4236.1900000000005 0.4673522
4238.93 0.4659667
4241.66 0.479648
4244.4 0.4550148
4247.139999999999 0.4493517
4249.87 0.4584247
4252.61 0.4427187
4255.34 0.4617521
4258.08 0.4518113
4260.8099999999995 0.4521432
4263.55 0.4672895
4266.28 0.4530529
4269.02 0.4468318
4271.76 0.4474095
4274.49 0.4581149
4277.2300000000005 0.4580314
4279.96 0.4671044
4282.7 0.4402187
4285.43 0.460306
4288.17 0.4272623
4290.91 0.4299891
4293.64 0.4201332
4296.38 0.4094075
4299.11 0.3949846
4301.849999999999 0.4050888
4304.58 0.3973613
4307.32 0.3972159
4310.06 0.4132921
4312.79 0.439744
4315.53 0.447327
4318.26 0.4508825
4321.0 0.4458601
4323.7300000000005 0.4341444
4326.47 0.42906
4329.21 0.4484838
4331.9400000000005 0.4538785
4334.68 0.4520591
4337.41 0.4329661
4340.15 0.4381521
4342.88 0.4308793
4345.62 0.4316016
4348.35 0.4380088
4351.09 0.4506548
4353.83 0.4485253
4356.5599999999995 0.453734
4359.3 0.4713395
4362.03 0.4839254
4364.77 0.4876441
4367.5 0.473614
4370.24 0.4714639
4372.9800000000005 0.4729922
4375.71 0.4615246
4378.45 0.4567087
4381.18 0.4482374
4383.92 0.4392475
4386.650000000001 0.4262505
4389.39 0.4486501
4392.13 0.45427
4394.86 0.4581562
4397.599999999999 0.4685495
4400.33 0.4533416
4403.07 0.4545806
4405.8 0.4654514
4408.54 0.473241
4411.280000000001 0.4616886
4414.01 0.4622064
4416.75 0.47603
4419.4800000000005 0.471547
4422.22 0.4714221
4424.95 0.4712993
4427.6900000000005 0.4770019
4430.42 0.4767758
4433.16 0.4810524
4435.9 0.4812788
4438.63 0.4766718
4441.37 0.4989473
4444.1 0.5032882
4446.84 0.4955173
4449.57 0.4845663
4452.3099999999995 0.4832221
4455.05 0.4667309
4457.78 0.4698731
4460.52 0.4600358
4463.25 0.4752461
4465.990000000001 0.4843996
4468.72 0.4774575
4471.46 0.4927485
4474.2 0.5002487
4476.93 0.5009526
4479.67 0.4839034
4482.400000000001 0.4853511
4485.14 0.4946905
4487.87 0.4876865
4490.61 0.4897728
4493.349999999999 0.4925201
4496.08 0.5036596
4498.82 0.4991744
4501.55 0.5114298
4504.29 0.5251708
4507.0199999999995 0.527218
4509.76 0.513909
4512.49 0.5181877
4515.2300000000005 0.5137852
4517.97 0.5175038
4520.700000000001 0.5107478
4523.4400000000005 0.4873338
4526.17 0.4791518
4528.91 0.4863421
4531.64 0.4858681
4534.38 0.4911574
4537.12 0.498637
4539.85 0.4987002
4542.59 0.495083
4545.32 0.4976053
4548.0599999999995 0.4876647
4550.79 0.4884512
4553.53 0.4891529
4556.27 0.4965291
4559.0 0.5036597
4561.740000000001 0.5002077
4564.47 0.5007875
4567.21 0.5132887
4569.9400000000005 0.5195721
4572.68 0.5130823
4575.41 0.5100459
4578.150000000001 0.506346
4580.89 0.4980586
4583.62 0.4986177
4586.36 0.4997947
4589.09 0.4992793
4591.83 0.5056637
4594.5599999999995 0.4967378
4597.3 0.4902069
4600.04 0.502894
4602.7699999999995 0.515604
4605.51 0.5185375
4608.24 0.5219276
4610.9800000000005 0.5186617
4613.71 0.5246558
4616.450000000001 0.5254606
4619.1900000000005 0.525253
4621.92 0.535938
4624.66 0.5336844
4627.39 0.524056
4630.13 0.5095485
4632.86 0.5043836
4635.6 0.5063664
4638.34 0.4840891
4641.07 0.4747705
4643.8099999999995 0.4813203
4646.54 0.4784697
4649.28 0.4836144
4652.009999999999 0.4951258
4654.75 0.4993817
4657.48 0.5099426
4660.22 0.5050647
4662.96 0.4847505
4665.6900000000005 0.4805568
4668.43 0.4852674
4671.16 0.4912407
4673.900000000001 0.5067383
4676.63 0.5177951
4679.37 0.5150043
4682.11 0.5122551
4684.84 0.5074621
4687.58 0.5000012
4690.3099999999995 0.4987625
4693.05 0.488698
4695.78 0.4860334
4698.5199999999995 0.4828915
4701.26 0.4795016
4703.99 0.4822511
4706.7300000000005 0.4843581
4709.46 0.4847518
4712.200000000001 0.4962404
4714.93 0.5038876
4717.67 0.5006216
4720.41 0.5059729
4723.14 0.509859
4725.88 0.4912393
4728.61 0.4834912
4731.349999999999 0.4853088
4734.08 0.4971301
4736.82 0.5062011
4739.55 0.5019867
4742.29 0.5088877
4745.03 0.5134951
4747.759999999999 0.5126078
4750.5 0.5071513
4753.23 0.4977913
4755.97 0.5064076
4758.7 0.4971716
4761.4400000000005 0.4855159
4764.18 0.4832419
4766.91 0.4924802
4769.65 0.5019644
4772.38 0.508041
4775.12 0.5122349
4777.85 0.5128768
4780.59 0.5058293
4783.33 0.5038651
4786.0599999999995 0.5012626
4788.799999999999 0.5063245
4791.53 0.5104174
4794.2699999999995 0.5052916
4797.0 0.5051481
4799.74 0.5058498
4802.4800000000005 0.4979757
4805.21 0.5034117
4807.95 0.5038033
4810.68 0.5038045
4813.42 0.5118422
4816.150000000001 0.5173609
4818.89 0.5160581
4821.62 0.5061402
4824.36 0.4982248
4827.099999999999 0.5012822
4829.83 0.4969231
4832.57 0.5077299
4835.3 0.5062639
4838.04 0.502502
4840.7699999999995 0.4941133
4843.509999999999 0.4932239
4846.25 0.4917764
4848.98 0.4828711
4851.72 0.4741911
4854.45 0.4887401
4857.1900000000005 0.5418887
4859.92 0.569188
4862.66 0.5557136
4865.4 0.5067789
4868.13 0.4635497
4870.87 0.4410863
4873.6 0.4437944
4876.34 0.4731168
4879.07 0.4936585
4881.8099999999995 0.4789031
4884.549999999999 0.4771664
4887.28 0.4733239
4890.0199999999995 0.4766708
4892.75 0.4965719
4895.49 0.4936366
4898.219999999999 0.5081031
4900.96 0.5165333
4903.69 0.5032678
4906.43 0.4970882
4909.17 0.4851638
4911.900000000001 0.4887193
4914.64 0.488677
4917.37 0.4752254
4920.11 0.4740882
4922.84 0.4781395
4925.58 0.4996092
4928.32 0.5037207
4931.05 0.5044864
4933.79 0.4903302
4936.5199999999995 0.4845245
4939.259999999999 0.495538
4941.99 0.5056647
4944.73 0.5166988
4947.47 0.5157473
4950.2 0.5123801
4952.9400000000005 0.5099615
4955.67 0.5148603
4958.41 0.5226498
4961.14 0.5180634
4963.88 0.5024608
4966.62 0.4967978
4969.35 0.5011592
4972.09 0.5065725
4974.82 0.4953321
4977.5599999999995 0.4822711
4980.29 0.4729525
4983.03 0.4686327
4985.76 0.4788215
4988.5 0.4782214
4991.24 0.4740876
4993.969999999999 0.4853096
4996.71 0.4824157
4999.44 0.4867357
5002.18 0.4892559
5004.91 0.495849
5007.650000000001 0.4983487
5010.39 0.4802042
5013.12 0.4550151
5015.86 0.4573082
5018.59 0.4597476
5021.330000000001 0.4653469
5024.06 0.4749777
5026.8 0.4794404
5029.54 0.481816
5032.2699999999995 0.4723527
5035.01 0.4701615
5037.740000000001 0.4710511
5040.4800000000005 0.4684672
5043.21 0.4697495
5045.95 0.4673102
5048.6900000000005 0.4778897
5051.42 0.468509
5054.16 0.484048
5056.89 0.5008288
5059.63 0.5061181
5062.360000000001 0.4867978
5065.1 0.4785103
5067.83 0.47971
5070.57 0.4767129
5073.3099999999995 0.4756994
5076.040000000001 0.4788622
5078.780000000001 0.4645202
5081.51 0.4592931
5084.25 0.4594368
5086.98 0.4793174
5089.719999999999 0.4892768
5092.46 0.479357
5095.1900000000005 0.4764031
5097.93 0.4701408
5100.66 0.4762999
5103.400000000001 0.4799774
5106.13 0.4735932
5108.87 0.4687775
5111.61 0.4682601
5114.34 0.4853509
5117.080000000001 0.482085
5119.81 0.4735928
5122.55 0.470141
5125.28 0.4652653
5128.0199999999995 0.4653057
5130.749999999999 0.4613392
5133.490000000001 0.4629089
5136.2300000000005 0.4618749
5138.96 0.4582596
5141.7 0.4507989
5144.43 0.4574746
5147.17 0.4573704
5149.9 0.4569788
5152.64 0.4588792
5155.38 0.4653258
5158.110000000001 0.4610906
5160.85 0.4561509
5163.58 0.4484234
5166.32 0.4264768
5169.049999999999 0.403354
5171.790000000001 0.4034773
5174.530000000001 0.4278402
5177.26 0.4347845
5180.0 0.4318493
5182.73 0.4251962
5185.47 0.4315189
5188.2 0.4439599
5190.9400000000005 0.4543742
5193.68 0.4586303
5196.41 0.4677238
5199.150000000001 0.4719593
5201.88 0.4742541
5204.62 0.4630737
5207.349999999999 0.4528457
5210.09 0.4607596
5212.820000000001 0.4795861
5215.56 0.4845034
5218.3 0.485164
5221.03 0.4781597
5223.7699999999995 0.4647888
5226.499999999999 0.4624754
5229.240000000001 0.4680747
5231.97 0.4736965
5234.71 0.4702448
5237.45 0.4672889
5240.18 0.4765683
5242.92 0.480184
5245.65 0.4797303
5248.39 0.4847717
5251.12 0.4838635
5253.860000000001 0.4832221
5256.6 0.4865896
5259.33 0.4813625
5262.07 0.4577008
5264.799999999999 0.441666
5267.539999999999 0.4338953
5270.27 0.4471216
5273.01 0.4583212
5275.75 0.4632179
5278.48 0.4759276
5281.22 0.4822709
5283.95 0.4959106
5286.69 0.5044237
5289.42 0.5043214
5292.16 0.5017788
5294.89 0.4907862
5297.63 0.4869419
5300.37 0.4950209
5303.099999999999 0.4991549
5305.839999999999 0.5107883
5308.570000000001 0.5237049
5311.31 0.516306
5314.04 0.4994034
5316.78 0.4880577
5319.5199999999995 0.4926445
5322.249999999999 0.4914263
5324.99 0.4782828
5327.72 0.4661536
5330.46 0.4674961
5333.19 0.4857853
5335.93 0.49715
5338.67 0.4926031
5341.4 0.4806806
5344.139999999999 0.4874578
5346.87 0.498845
5349.610000000001 0.5082673
5352.34 0.5099216
5355.08 0.5155415
5357.82 0.5167807
5360.549999999999 0.5119876
5363.289999999999 0.5020263
5366.02 0.4910131
5368.76 0.4857429
5371.49 0.4914059
5374.23 0.4959927
5376.959999999999 0.5069047
5379.7 0.5099829
5382.44 0.4961162
5385.17 0.4925422
5387.91 0.4984101
5390.64 0.4956008
5393.38 0.4869209
5396.11 0.4812598
5398.849999999999 0.4763821
5401.589999999999 0.470492
5404.320000000001 0.4726008
5407.06 0.4772909
5409.79 0.4816314
5412.53 0.4949801
5415.259999999999 0.5017798
5417.999999999999 0.5000844
5420.74 0.4974798
5423.47 0.4928314
5426.21 0.4905575
5428.94 0.4875002
5431.68 0.481424
5434.41 0.487335
5437.15 0.4877683
5439.889999999999 0.4896479
5442.62 0.4992581
5445.360000000001 0.4927892
5448.09 0.4789036
5450.83 0.4897724
5453.5599999999995 0.4826855
5456.299999999999 0.4779319
5459.030000000001 0.4911376
5461.77 0.4964063
5464.51 0.4874991
5467.24 0.4874587
5469.98 0.4847302
5472.709999999999 0.4839253
5475.45 0.478469
5478.18 0.4801645
5480.92 0.4851646
5483.66 0.4744595
5486.39 0.4798333
5489.13 0.4799773
5491.86 0.4861777
5494.599999999999 0.4961992
5497.33 0.4843181
5500.070000000001 0.4817343
5502.81 0.4762367
5505.54 0.4707409
5508.28 0.4747078
5511.009999999999 0.4823547
5513.749999999999 0.4801634
5516.4800000000005 0.4938238
5519.22 0.4980386
5521.96 0.486321
5524.69 0.475473
5527.43 0.4888629
5530.16 0.4818793
5532.9 0.4849162
5535.63 0.4815283
5538.37 0.4829533
5541.1 0.5072146
5543.84 0.4974601
5546.58 0.4858045
5549.3099999999995 0.4755351
5552.049999999999 0.4911363
5554.780000000001 0.4888848
5557.52 0.4921697
5560.25 0.4895876
5562.99 0.4744396
5565.73 0.484172
5568.459999999999 0.4763204
5571.2 0.4837796
5573.93 0.4914057
5576.67 0.4773738
5579.4 0.5002919
5582.14 0.4919425
5584.88 0.4784478
5587.61 0.4640042
5590.349999999999 0.4673718
5593.08 0.4659882
5595.820000000001 0.4767538
5598.55 0.4760935
5601.29 0.4862184
5604.03 0.4950622
5606.759999999999 0.5021924
5609.499999999999 0.5088869
5612.2300000000005 0.4930175
5614.97 0.4888425
5617.7 0.5013249
5620.44 0.4908472
5623.169999999999 0.4819417
5625.91 0.4906201
5628.65 0.4926445
5631.38 0.4897318
5634.12 0.4763197
5636.85 0.4725803
5639.59 0.4741502
5642.32 0.4883271
5645.0599999999995 0.473985
5647.799999999999 0.47758
5650.530000000001 0.4809286
5653.27 0.4838002
5656.0 0.4740475
5658.74 0.4662355
5661.469999999999 0.4647692
5664.209999999999 0.4681989
5666.95 0.4721037
5669.68 0.489649
5672.42 0.4928306
5675.15 0.4965719
5677.89 0.4912603
5680.62 0.4851239
5683.36 0.4952075
5686.09 0.4718988
5688.83 0.4769815
5691.570000000001 0.5047334
5694.3 0.5119671
5697.04 0.4920249
5699.7699999999995 0.4935137
5702.509999999999 0.4688187
5705.240000000001 0.4692329
5707.9800000000005 0.4657399
5710.72 0.4713806
5713.45 0.4941953
5716.19 0.4903303
5718.919999999999 0.4974813
5721.66 0.5114911
5724.39 0.5099216
5727.13 0.4944844
5729.87 0.4870443
5732.6 0.5059328
5735.34 0.5013445
5738.07 0.5059331
5740.8099999999995 0.5033285
5743.54 0.4972128
5746.280000000001 0.5015516
5749.02 0.4961367
5751.75 0.4955178
5754.49 0.4847301
5757.219999999999 0.5076481
5759.959999999999 0.4917976
5762.6900000000005 0.4888229
5765.43 0.4950835
5768.16 0.4976055
5770.9 0.4872105
5773.64 0.4900202
5776.37 0.4857435
5779.11 0.4794401
5781.84 0.4779739
5784.58 0.479089
5787.31 0.48562
5790.05 0.4859706
5792.79 0.4930164
5795.5199999999995 0.4945467
5798.259999999999 0.5184342
5800.990000000001 0.5170713
5803.7300000000005 0.4883261
5806.46 0.4995479
5809.2 0.4924799
5811.94 0.4921278
5814.669999999999 0.4922115
5817.41 0.5006418
5820.14 0.516906
5822.88 0.5067175
5825.61 0.5065739
5828.35 0.5070277
5831.09 0.499691
5833.82 0.5120702
5836.5599999999995 0.5203972
5839.29 0.5041972
5842.030000000001 0.4978317
5844.76 0.4969234
5847.5 0.480577
5850.23 0.478532
5852.969999999999 0.4838008
5855.709999999999 0.4747697
5858.4400000000005 0.4806807
5861.18 0.4870653
5863.91 0.4829747
5866.65 0.4821061
5869.379999999999 0.4804538
5872.12 0.47756
5874.86 0.4990919
5877.59 0.4756798
5880.33 0.4911775
5883.06 0.4680547
5885.8 0.4480094
5888.53 0.4320364
5891.2699999999995 0.4188311
5894.009999999999 0.4186238
5896.740000000001 0.4333585
5899.4800000000005 0.4499102
5902.21 0.4604707
5904.95 0.4641277
5907.679999999999 0.4679309
5910.419999999999 0.4779939
5913.16 0.479047
5915.89 0.4731379
5918.63 0.4763196
5921.36 0.471981
5924.1 0.4681985
5926.83 0.4789038
5929.57 0.4796058
5932.3 0.4760523
5935.04 0.4832842
5937.780000000001 0.4882844
5940.51 0.4869628
5943.25 0.4775803
5945.98 0.4722497
5948.719999999999 0.4756173
5951.450000000001 0.4766928
5954.1900000000005 0.481383
5956.93 0.4753482
5959.66 0.4832223
5962.4 0.483015
5965.129999999999 0.4853304
5967.87 0.4876648
5970.6 0.4804951
5973.34 0.4790066
5976.08 0.487065
5978.81 0.4827884
5981.55 0.4771049
5984.28 0.4735722
5987.0199999999995 0.4801428
5989.75 0.484194
5992.490000000001 0.4787377
5995.2300000000005 0.4751828
5997.96 0.4739851
6000.7 0.481589
6003.429999999999 0.4901038
6006.169999999999 0.4789442
6008.900000000001 0.4762173
6011.64 0.4698106
6014.37 0.4656166
6017.11 0.4657399
6019.85 0.468777
6022.58 0.4651408
6025.32 0.477663
6028.05 0.4827267
6030.79 0.4861563
6033.52 0.4840701
6036.26 0.4775601
6039.0 0.4812996
6041.73 0.4934307
6044.469999999999 0.4898136
6047.200000000001 0.5052718
6049.9400000000005 0.4997329
6052.67 0.4788419
6055.41 0.4855365
6058.15 0.4848952
6060.879999999999 0.4836977
6063.62 0.4851227
6066.35 0.4942987
6069.09 0.4756173
6071.82 0.4872317
6074.56 0.487851
6077.3 0.4693761
6080.03 0.490331
6082.7699999999995 0.4780555
6085.5 0.4729935
6088.240000000001 0.4855982
6090.97 0.48376
6093.71 0.4717531
6096.44 0.4872938
6099.179999999999 0.4847307
6101.919999999999 0.4746664
6104.650000000001 0.4704517
6107.39 0.4733853
6110.12 0.4705138
6112.86 0.4781591
6115.589999999999 0.47754
6118.33 0.4848753
6121.07 0.4688803
6123.8 0.4684265
6126.54 0.4730133
6129.27 0.4730762
6132.01 0.4602842
6134.74 0.4762587
6137.48 0.4651405
6140.219999999999 0.463466
6142.950000000001 0.4630742
6145.6900000000005 0.4719387
6148.42 0.4692946
6151.16 0.4761339
6153.889999999999 0.4572265
6156.629999999999 0.4522458
6159.37 0.4383585
6162.1 0.4350529
6164.84 0.4260219
6167.57 0.4438563
6170.31 0.450551
6173.04 0.4562346
6175.78 0.463198
6178.51 0.4619383
6181.25 0.4634874
6183.990000000001 0.4637967
6186.72 0.4473898
6189.46 0.4534233
6192.19 0.4551806
6194.929999999999 0.4432152
6197.660000000001 0.4645419
6200.400000000001 0.4698522
6203.14 0.4774147
6205.87 0.4749151
6208.61 0.4568949
6211.339999999999 0.4506344
6214.08 0.4527622
6216.81 0.4521018
6219.55 0.4485055
6222.29 0.4545596
6225.02 0.458652
6227.76 0.4568949
6230.49 0.4551805
6233.23 0.4571844
6235.96 0.4505932
6238.700000000001 0.4403635
6241.4400000000005 0.4425121
6244.17 0.4288329
6246.91 0.4404251
6249.639999999999 0.4305482
6252.379999999999 0.4340606
6255.110000000001 0.4387523
6257.85 0.4430706
6260.58 0.4455305
6263.32 0.4478444
6266.06 0.454415
6268.79 0.4577428
6271.53 0.4546839
6274.26 0.4479894
6277.0 0.4385863
6279.7300000000005 0.4349088
6282.47 0.4609869
6285.21 0.4567707
6287.94 0.4643762
6290.679999999999 0.4743151
6293.410000000001 0.4767338
6296.150000000001 0.4656363
6298.88 0.4654512
6301.62 0.4754522
6304.36 0.4686116
6307.089999999999 0.4655541
6309.83 0.4644581
6312.56 0.4659055
6315.3 0.4558825
6318.03 0.4432159
6320.77 0.4573086
6323.5 0.4491675
6326.24 0.4652853
6328.98 0.4607798
6331.71 0.4767751
6334.450000000001 0.456523
6337.18 0.4612561
6339.92 0.4639212
6342.65 0.4688609
6345.389999999999 0.4711953
6348.129999999999 0.4561715
6350.860000000001 0.4671866
6353.6 0.4524107
6356.33 0.458301
6359.07 0.4490633
6361.799999999999 0.4560901
6364.54 0.4608217
6367.28 0.4669378
6370.01 0.4724974
6372.75 0.4532579
6375.4800000000005 0.4801228
6378.22 0.4694179
6380.95 0.4794411
6383.69 0.4726831
6386.429999999999 0.4621228
6389.160000000001 0.4706788
6391.900000000001 0.4597053
6394.63 0.4584042
6397.37 0.4624952
6400.099999999999 0.4706379
6402.839999999999 0.4573706
6405.570000000001 0.4493328
6408.31 0.4598918
6411.05 0.4596432
6413.78 0.4548705
6416.52 0.4495591
6419.25 0.4494152
6421.99 0.4477201
6424.72 0.4446212
6427.46 0.4575154
6430.200000000001 0.4686322
6432.93 0.4569369
6435.67 0.4505096
6438.4 0.4474934
6441.139999999999 0.4529896
6443.870000000001 0.4542509
6446.610000000001 0.4472243
6449.35 0.4411276
6452.08 0.4435875
6454.82 0.4452608
6457.549999999999 0.4537341
6460.29 0.4609247
6463.02 0.4640665
6465.76 0.4722285
6468.5 0.4684875
6471.2300000000005 0.4606151
6473.97 0.4567709
6476.7 0.4594994
6479.44 0.4490632
6482.17 0.4502625
6484.910000000001 0.4467489
6487.64 0.4416455
6490.38 0.441335
6493.12 0.4368501
6495.849999999999 0.4342471
6498.589999999999 0.4331514
6501.320000000001 0.4380703
6504.06 0.4563786
6506.79 0.4745437
6509.53 0.4960343
6512.27 0.481713
6515.0 0.469501
6517.74 0.4717528
6520.47 0.4674554
6523.21 0.4557173
6525.9400000000005 0.4646246
6528.68 0.4562754
6531.42 0.4518112
6534.15 0.4667733
6536.889999999999 0.4859287
6539.620000000001 0.4955799
6542.360000000001 0.5102512
6545.09 0.5303589
6547.83 0.5579661
6550.57 0.5371974
6553.299999999999 0.5555692
6556.04 0.7008202
6558.77 1.004923
6561.51 1.162985
6564.24 1.067661
6566.9800000000005 0.778995
6569.71 0.560984
6572.45 0.4997332
6575.19 0.5145285
6577.92 0.6152076
6580.660000000001 0.7124545
6583.39 0.7379766
6586.13 0.6629011
6588.86 0.5399061
6591.599999999999 0.4894629
6594.339999999999 0.4641688
6597.070000000001 0.462909
6599.81 0.4708436
6602.54 0.4604087
6605.28 0.4425539
6608.009999999999 0.4631987
6610.75 0.4650165
6613.49 0.4652226
6616.22 0.4771262
6618.96 0.4717115
6621.6900000000005 0.4694805
6624.43 0.4638384
6627.16 0.4511718
6629.9 0.4439799
6632.639999999999 0.4627428
6635.370000000001 0.4569988
6638.110000000001 0.4584447
6640.84 0.4583009
6643.58 0.4618132
6646.3099999999995 0.4595616
6649.049999999999 0.4649958
6651.780000000001 0.4554908
6654.52 0.4615036
6657.26 0.4561923
6659.99 0.4571229
6662.7300000000005 0.4552419
6665.46 0.4460469
6668.2 0.4550974
6670.93 0.46293
6673.67 0.4546223
6676.410000000001 0.4472444
6679.14 0.4481544
6681.88 0.4555105
6684.61 0.4554286
6687.349999999999 0.4550353
6690.080000000001 0.4565653
6692.820000000001 0.450634
6695.56 0.4339777
6698.29 0.4391652
6701.03 0.4394953
6703.759999999999 0.4496218
6706.5 0.4646444
6709.2300000000005 0.4838633
6711.97 0.5199018
6714.71 0.5436241
6717.4400000000005 0.530193
6720.18 0.4926033
6722.91 0.4839457
6725.65 0.5071308
6728.38 0.5125871
6731.120000000001 0.510148
6733.85 0.4722085
6736.59 0.4561515
6739.33 0.4490423
6742.0599999999995 0.4369749
6744.799999999999 0.4342879
6747.530000000001 0.4447037
6750.27 0.4426572
6753.0 0.4243285
6755.74 0.4381938
6758.4800000000005 0.4344944
6761.21 0.445654
6763.95 0.4221371
6766.68 0.4424924
6769.42 0.4418306
6772.150000000001 0.4530936
6774.89 0.4514605
6777.63 0.4498688
6780.36 0.445096
6783.099999999999 0.4418924
6785.830000000001 0.4252167
6788.570000000001 0.4336267
6791.3 0.424473
6794.04 0.4200295
6803.47 0.4375946
6819.150000000001 0.4416032
6834.87 0.4385032
6850.63 0.4324482
6866.42 0.423522
6882.25 0.4333373
6898.11 0.4362932
6914.01 0.4352389
6929.950000000001 0.43218
6945.93 0.4432158
6961.94 0.4340815
6977.99 0.4451572
6994.07 0.4430502
7010.2 0.432924
7026.360000000001 0.4449928
7042.549999999999 0.4429063
7058.79 0.441831
7075.0599999999995 0.4094501
7091.37 0.4122392
7107.719999999999 0.4179213
7124.099999999999 0.415938
7140.530000000001 0.4045718
7156.99 0.3998813
7173.49 0.4016795
7190.02 0.3952119
7206.599999999999 0.396079
7223.21 0.4118259
7239.860000000001 0.413686
7256.55 0.4193886
7273.28 0.4183556
7290.05 0.4078582
7306.85 0.4201952
7323.7 0.4211034
7340.58 0.4279023
7357.5 0.4278405
7374.46 0.4317463
7391.46 0.4306925
7408.5 0.4296386
7425.580000000001 0.4305893
7442.7 0.4446412
7459.85 0.4455918
7477.049999999999 0.4384212
7494.29 0.4454884
7511.56 0.442368
7528.88 0.4412934
7546.24 0.4453022
7563.63 0.4381315
7581.0599999999995 0.4340615
7598.54 0.4260848
7616.06 0.4230882
7633.61 0.425981
7651.210000000001 0.4162271
7668.85 0.4020312
7686.530000000001 0.4161037
7704.25 0.412239
7722.01 0.400026
7739.81 0.405544
7757.650000000001 0.3854577
7775.530000000001 0.4044905
7793.46 0.4025889
7811.42 0.4071977
7829.429999999999 0.4108963
7847.48 0.4099039
7865.57 0.4126942
7883.7 0.4041591
7901.88 0.3949215
7920.089999999999 0.3903344
7938.349999999999 0.3893843
7956.65 0.3893424
7974.99 0.3983525
7993.38 0.3982899
8011.8 0.397319
8030.27 0.4046553
8048.78 0.4121156
8067.339999999999 0.4120528
8085.9400000000005 0.40263
8104.57 0.3915953
8123.26 0.3978972
8141.99 0.3941984
8160.75 0.3968859
8179.56 0.3950056
8198.42 0.3931243
8217.32 0.4013076
8236.26 0.3576019
8255.25 0.4133759
8274.28 0.4114127
8293.35 0.4001505
8312.47 0.3838461
8331.64 0.3900239
8350.84 0.3963067
8370.09 0.3944262
8389.39 0.3925663
8408.73 0.3915949
8428.11 0.3897349
8447.54 0.3713019
8467.01 0.3798785
8486.53 0.3851064
8506.09 0.2920954
8525.71 0.3634701
8545.359999999999 0.3486541
8565.06 0.3709718
8584.800000000001 0.3786802
8604.59 0.3700007
8624.43 0.3759518
8644.31 0.3811176
8664.24 0.3597508
8684.21 0.3482816
8704.23 0.3714263
8724.29 0.3808912
8744.4 0.3662197
8764.56 0.3703935
8784.769999999999 0.377233
8805.02 0.3780393
8825.31 0.3850035
8845.66 0.3718809
8866.05 0.3744023
8886.49 0.3493561
8906.97 0.3607434
8927.51 0.3598542
8948.09 0.3656611
8968.71 0.3639254
8989.390000000001 0.3490883
9010.11 0.3257373
9030.88 0.3394581
9051.7 0.3773364
9072.57 0.358635
9093.48 0.3627265
9114.44 0.3601848
9135.46 0.3727696
9156.51 0.3534902
9177.619999999999 0.3390862
9198.779999999999 0.3583042
9219.99 0.3358623
9241.24 0.3251579
9262.550000000001 0.3531998
9283.9 0.3647304
9305.3 0.3227611
9326.75 0.3587795
9348.25 0.3578907
9369.800000000001 0.3521051
9391.4 0.3569404
9413.05 0.3495629
9434.75 0.358469
9456.49 0.3535107
9478.3 0.3608456
9500.15 0.360784
9522.04 0.3533245
9544.0 0.3412766
9566.0 0.3515879
9588.050000000001 0.3588829
9610.15 0.3539029
9632.31 0.3554731
9654.51 0.3513404
9676.76 0.3504727
9699.08 0.3544812
9721.43 0.3455542
9743.84 0.3439013
9766.31 0.3454299
9788.82 0.3414211
9811.38 0.3485092
9834.0 0.3452649
9856.67 0.3459883
9879.39 0.34355
9902.16 0.3411322
9924.99 0.343426
9947.869999999999 0.3441699
9970.8 0.3441079
9993.79 0.3424541
10016.82 0.3408221
10086.26 0.3352018
10132.82 0.3421028
10179.59 0.3388389
10226.58 0.3410702
10273.779999999999 0.341731
10297.460000000001 0.3400989
10488.900000000001 0.3280718
10708.539999999999 0.3136479
10907.63 0.3023028
11110.41 0.2880239
11290.94 0.283436
11500.859999999999 0.2821347
11687.74 0.274447
11905.019999999999 0.2632887
12098.47 0.2590931
12295.050000000001 0.2549395
12494.829999999998 0.2474177
12697.849999999999 0.2412392
12904.17 0.2357424
13113.85 0.2314438
13296.28 0.224108
13512.33 0.2190038
13700.300000000001 0.2144991
13890.89 0.2062725
14084.140000000001 0.1965373
14312.990000000002 0.1933942
14512.1 0.1942869
14713.99 0.1872589
14884.37 0.1894265
15091.429999999998 0.1903028
15301.359999999999 0.19295
15514.220000000001 0.1911812
15693.88 0.1872588
15912.2 0.1800697
16096.46 0.1800696
16282.85 0.1788318
16509.350000000002 0.1763769
16700.53 0.1751639
16893.91 0.1727607
17089.54 0.1692166
17287.41 0.1627218
17487.600000000002 0.1575596
17690.1 0.1508146
17894.95 0.1446917
18102.16 0.137544
18311.76 0.1337953
18481.21 0.1289556
18695.21 0.12287
18911.68 0.1195201
19086.67 0.1176088
19307.69 0.1138787
19486.33 0.1095082
19711.98 0.1057906
19894.38 0.1024346
20078.45 0.1005645
20310.95 0.09715073
20498.89 0.0958178
20688.550000000003 0.09342075
20879.989999999998 0.09150511
21121.77 0.08983544
21317.2 0.08778961
21514.449999999997 0.08598977
21713.53 0.08306984
21914.43 0.08174107
22117.21 0.07933161
22321.84 0.07716802
22476.59 0.07523993
22684.54 0.07318801
22894.45 0.06568054
23106.300000000003 0.06507919
23320.08 0.0570737
23481.75 0.05363507
23699.0 0.05438112
23918.300000000003 0.04994025
24084.08 0.04824368
24306.94 0.04747291
24475.410000000003 0.04410042
24701.89 0.04329451
24873.1 0.03668183
25103.260000000002 0.0361776
25277.289999999997 0.03634498
25511.16 0.03609494
25688.010000000002 0.03659708
25925.68 0.03592962
26105.399999999998 0.03576433
26286.34 0.03486953
26529.579999999998 0.03447068
26713.460000000003 0.03384043
26898.64 0.03329902
27085.08 0.03276794
27272.84 0.03209633
27525.179999999997 0.0316541
27715.99 0.03086265
27908.1 0.03050927
28101.56 0.02988521
28296.34 0.02940579
28492.47 0.02887058
28689.98 0.02827751
28888.84 0.02782494
29089.100000000002 0.02731867
29290.72 0.0267566
29493.77 0.02626891
29698.2 0.02584941
29904.079999999998 0.02531832
30111.35 0.02497116
30320.09 0.02445867
30530.24 0.02417971
30671.149999999998 0.0239028
30883.77 0.0235205
31097.83 0.02325187
31313.41 0.02293156
31530.45 0.02261746
31675.98 0.02230749
31895.56 0.02210292
32116.64 0.02190039
32264.9 0.02184874
32488.54 0.02205125
32713.760000000002 0.02309068
32864.75 0.02632883
33092.54 0.02602712
33321.94 0.02210291
33475.74 0.02048528
33707.799999999996 0.01965373
33863.38 0.0191181
34098.090000000004 0.01863993
34334.47 0.01829958
34492.94 0.01796563
34732.05 0.01759719
34892.36 0.01727606
35134.2 0.01699977
35296.4 0.01665117
35459.31 0.0163848
35705.09 0.01608577
35869.92 0.01579213
36118.54 0.01553982
36285.24 0.01529123
36536.78 0.01497753
36705.420000000006 0.01470434
36874.83 0.01440264
37130.46 0.01413978
37301.829999999994 0.01394574
37474.03 0.01362834
37733.78 0.01347231
37907.93 0.01322641
38082.94 0.013015
38258.700000000004 0.01280692
38523.88 0.01260213
38701.729999999996 0.01234362
38880.36 0.01214626
39059.810000000005 0.01195202
39330.58 0.01176087
39512.11 0.01151971
39694.479999999996 0.01133559
39877.729999999996 0.01110312
40061.78 0.01095082
40339.46 0.01077558
40525.68 0.01057906
40712.729999999996 0.01040982
40900.64 0.01026702
41089.46000000001 0.01010274
41279.1 0.009964288
41469.62 0.009804966
41661.07 0.009648119
41853.36 0.009493959
42143.45 0.009342074
42338.009999999995 0.00923503
42533.42 0.009087482
42729.73 0.008962876
42926.99 0.008658489
43125.12 0.00834542
43324.16 0.008326201
43524.12 0.008043509
43725.06 0.007878397
43926.869999999995 0.007752546
44129.61 0.007541151
44333.33 0.007437828
44537.950000000004 0.007335744
44743.52 0.007168771
44950.08 0.007135712
45053.69 0.007005522
45261.630000000005 0.006877608
45470.54 0.006846197
45680.45 0.006767674
45891.29 0.006598429
46103.1 0.006598428
46315.939999999995 0.006493037
46529.71 0.006418645
46744.46 0.006389095
46852.21000000001 0.006301478
47068.51 0.006215099
47285.75 0.006200635
47504.0 0.006115703
47723.3 0.006059495
47943.56 0.006004115
48054.08 0.005908022
48275.87 0.005908024
48498.74 0.005813586
48722.58 0.005747047
48947.46 0.005694351
49060.29 0.005629256
49286.78 0.005590406
49514.259999999995 0.005526346
49742.79 0.00550093
49857.45 0.005437281
50087.62 0.005398225
50318.79 0.005347391
50551.04 0.005284571
50667.56 0.005247581
50784.409999999996 0.005222576
50901.47 0.005209972
51018.81 0.005185172
51136.4 0.005148805
51254.280000000006 0.005136198
51372.43 0.005111814
51490.9 0.005087636
51609.590000000004 0.005075237
51728.55 0.005062839
51847.79 0.005038867
51967.299999999996 0.005014897
52087.09 0.004991133
52207.15 0.004967576
52327.55 0.004944018
52448.170000000006 0.004931825
52569.07 0.004919839
52690.24 0.004919014
52811.700000000004 0.004895661
52933.43 0.004861358
53055.51 0.004849372
53177.81 0.004826435
53300.38 0.00482561
53423.25 0.004813828
53546.39 0.00480205
53669.82 0.004790272
53793.53 0.004778493
53917.590000000004 0.004766919
54041.87 0.004755142
54166.439999999995 0.004743569
54291.299999999996 0.004721046
54416.44 0.00472022
54541.880000000005 0.004719599
54667.6 0.004708027
54793.67 0.004696454
54919.979999999996 0.004695628
55046.57 0.004684057
55173.46 0.004683435
55300.630000000005 0.004693563
55428.11 0.004692734
55555.93 0.004670418
55683.990000000005 0.004680544
55812.350000000006 0.004690462
55941.0 0.004689842
56069.950000000004 0.004699762
56199.2 0.004709886
56328.74 0.004709266
56458.64000000001 0.004719185
56588.78 0.004740264
56719.22 0.00475039
56849.97 0.004760722
56981.01 0.004770847
57112.350000000006 0.004803084
57244.06 0.004835735
57376.02 0.004857226
57508.270000000004 0.004890084
57640.83 0.004923147
57773.700000000004 0.004956415
57906.87 0.005001464
58040.35 0.005046927
58174.200000000004 0.005092803
58308.299999999996 0.005162854
58442.7 0.00522175
58577.42 0.005293455
58712.44 0.005378593
58847.78 0.005452573
58983.43 0.005565816
59244.37 0.004455711
59552.6 0.005568297
59860.84 0.006310984
60169.090000000004 0.007184271
60477.32 0.007644266
60785.549999999996 0.008760365
61093.799999999996 0.00916539
61402.03 0.0130303
61710.27 0.01965559
62018.509999999995 0.02367549
62326.75000000001 0.02232402
62634.98 0.01910922
62943.22 0.01503912
63251.46 0.01290879
63559.71 0.01181976
63867.94 0.01061832
64176.17 0.009246605
64484.42 0.008264412
64792.65 0.007930268
65100.89 0.007776727
65409.14 0.00704995
65717.37 0.006843098
66025.6 0.007099754
66333.86 0.006998497
66642.08 0.00793192
66950.32 0.007329751
67258.57 0.008305121
67566.8 0.007844715
67875.05 0.008424564
68183.28 0.008860175
68491.52 0.008628521
68799.76 0.008803348
69107.99 0.009591702
69416.24 0.009300123
69724.47 0.01299042
70032.70999999999 0.01312184
70340.95 0.009834306
70649.19 0.01100517
70957.43 0.01096011
71265.67 0.01144718
71573.90000000001 0.01169764
71882.15 0.01251989
72190.38 0.01252464
72498.62 0.01360436
72806.87000000001 0.01386536
73115.1 0.01506515
73423.33 0.01557081
73731.58 0.01534763
74039.81 0.01692807
74348.05 0.01893543
74656.29 0.02104487
74944.35 0.01986389
74964.53 0.02354323
75272.77 0.02384287
75562.05 0.02464466
75581.0 0.02643629
76179.76 0.02607052
76797.45999999999 0.02556424
77415.16 0.02434916
78032.87 0.0245062
78650.58 0.02260299
79268.28 0.02021705
79885.98 0.01816155
80503.7 0.01588161
81121.4 0.01354423
81739.09999999999 0.01250934
82356.81 0.01209006
82974.51000000001 0.01170756
83592.23 0.01150608
84209.93 0.01130129
84827.64 0.0120696
85445.34000000001 0.01410879
86063.05 0.01336714
86680.75 0.01208902
87298.45 0.009909939
87916.15999999999 0.007800492
88533.86 0.006433732
89151.56 0.005003118
89769.27 0.004855365
90386.97000000002 0.004314159
91004.69 0.003981457
91622.39 0.003581804
92240.09999999999 0.003576637
92857.81 0.003629125
93475.51 0.003475174
94093.21 0.003466288
94710.90999999999 0.003527043
95328.63 0.003307997
95946.33 0.003110237
96564.03 0.003696492
97181.73999999999 0.00354998
97799.45 0.003097631
98417.15000000001 0.002646109
99034.85999999999 0.002546091
99652.51999999999 0.002549191
100270.28 0.002401646
100887.94 0.002512615
101505.70999999999 0.002620277
102123.37 0.002415698
102741.13 0.002403712
103358.81000000001 0.002422516
103976.46999999999 0.002669666
104594.22 0.00300898
105211.89 0.003501625
105829.66 0.003625819
106447.31999999999 0.00368058
107064.98 0.003809321
107682.74 0.003923596
108300.40999999999 0.003917811
108918.17 0.004207735
109535.83 0.004868798
110153.59 0.00589831
110771.26 0.006756307
111388.92 0.01024491
112006.69 0.01623477
112624.35 0.01747589
113242.11 0.01460681
113859.77 0.01152467
114477.54 0.009426593
115095.2 0.007659145
115712.86 0.006646579
116330.63 0.005931787
116948.29000000001 0.005580282
117566.05 0.005601566
118183.71 0.005821644
118801.48 0.006215307
119419.14 0.00655648
120036.79999999999 0.006499652
120654.57 0.006258702
121272.24 0.00583115
121889.99 0.005732787
122507.65 0.006166951
123125.33 0.006751554
123743.09 0.006685219
124360.75 0.006665796
124978.51000000001 0.007245852
125596.18000000001 0.007655011
126213.94 0.00797986
126831.61 0.008433036
127449.27 0.009421012
128067.03000000001 0.01197785
128684.68999999999 0.00883765
129302.46 0.00539058
129920.12000000001 0.004650992
130537.78 0.004380492
131155.55000000002 0.004359827
131773.2 0.004221168
132390.97 0.004110199
133008.63 0.004042626
133626.38999999998 0.003917604
134244.06 0.003884747
134861.73 0.00384879
135479.48 0.003875862
136097.16 0.00385189
136714.91 0.003499558
137332.58 0.003351806
137950.34 0.00331089
138568.0 0.003148672
139185.66999999998 0.003270387
139803.44 0.003453682
140421.09 0.003484473
141038.84 0.003338581
141656.52 0.003454303
142274.28 0.003630158
142891.94999999998 0.003260261
143509.59 0.003156526
144127.38 0.003031091
144658.89 0.00283953
145571.0 0.002777742
146483.22 0.002637223
147395.34 0.002583701
148307.45 0.002561797
149219.59 0.0023878
150131.81 0.00235267
151043.94 0.002355563
151956.05000000002 0.002383667
152868.27000000002 0.002371682
153780.38999999998 0.002455787
154692.52 0.002636809
155604.62 0.002937687
156516.84 0.00266698
157428.98 0.002489263
158341.09 0.002554977
159253.31 0.002618418
160165.44 0.002662847
161077.55000000002 0.002687231
161989.77 0.002840149
162901.89 0.003258815
163814.02000000002 0.00395232
164726.13 0.004319118
165638.38 0.003960379
166550.45 0.003844659
167462.59 0.003835152
168374.72000000003 0.003861189
169286.94 0.004251751
170199.06 0.005182281
171111.18999999997 0.004834288
172023.41 0.004049238
172935.52 0.003996337
173847.66 0.003899212
174759.88 0.003476207
175671.98 0.003073453
176584.11000000002 0.00289863
177496.22 0.002794274
178408.44 0.002755217
179320.56 0.002574815
180232.67 0.002416938
181144.88999999998 0.002375814
182057.02 0.002322087
182969.13 0.002349157
183881.34 0.002328286
184793.48 0.002302042
185705.61000000002 0.002441735
186617.72 0.003133794
187529.94 0.003283613
188442.06 0.002545265
189354.17 0.002411151
190266.41 0.002378915
191178.55 0.002270838
192090.63 0.002222483
193002.77000000002 0.002176401
193914.97999999998 0.002131765
194827.11 0.002121846
195739.23 0.002119573
196651.44999999998 0.002097255
197563.56 0.002020631
198475.69 0.002040923
199387.81 0.002046069
200300.05 0.002074524
201212.16 0.002018626
202124.28 0.001914724
203036.5 0.002004181
204130.84000000003 0.001918382
205886.95 0.00200569
207644.16 0.001960414
209402.22999999998 0.001923796
211161.41 0.001983083
212921.59000000003 0.002000276
214682.86 0.001907182
216445.02 0.001952582
218208.28 0.002021664
219972.55 0.00198236
221737.88999999998 0.00188071
223504.22999999998 0.00200412
225271.58 0.002035364
227040.0 0.001985935
228809.44 0.001960476
230579.86 0.001997011
232351.38 0.002030426
234123.89 0.002052103
235897.48 0.002023152
237672.19 0.002026417
239447.89 0.002046069
241224.58000000002 0.002028566
243002.38 0.001971883
244781.14 0.001951631
246561.13 0.001961034
248342.0 0.001977752
250123.94 0.002009575
251907.02000000002 0.001995068
253691.16 0.001961096
255476.30000000002 0.002023379
257262.55 0.002082583
259049.88 0.002166275
260838.3 0.002106141
262627.75 0.001975582
264418.22 0.001980417
266209.88 0.001975148
268002.44 0.001979736
269796.28 0.001975602
271591.06 0.001982277
273386.94 0.001952313
275183.94 0.001969506
276982.02999999997 0.001966014
278781.19 0.001988724
280581.44 0.002077624
282382.81 0.002189006
284185.27999999997 0.002038154
285988.81 0.001972193
287793.47000000003 0.001971035
289599.19 0.001972709
291406.02999999997 0.001981595
293213.97000000003 0.002017696
295023.0 0.001997651
296833.19 0.001973743
298644.5 0.00199201
300456.77999999997 0.001994573
302270.28 0.002029682
304084.88 0.002028793
305900.66 0.002069151
307717.47000000003 0.002048879
309535.44 0.002043259
311354.59 0.002024123
313174.78 0.002029454
314996.13 0.002105315
316818.66 0.002117507
318642.19 0.002133418
320466.94 0.002173921
322292.91000000003 0.002244801
324119.88 0.002210498
325948.0 0.002235295
327777.34 0.002263606
329607.83999999997 0.002327253
331439.44 0.002361143
333272.16 0.002684751
335106.03 0.003228852
336941.16000000003 0.002657267
338777.41 0.002386353
340614.78 0.00232126
342453.25 0.002299562
344293.0 0.002407432
346133.88 0.002810186
347975.91 0.004336683
