102.03 7.985947e-07
103.92 9.383478e-07
106.1 1.1306e-06
108.07000000000001 1.387861e-06
110.08 1.992357e-06
113.95 2.718794e-06
117.95 3.502266e-06
120.97999999999999 1.141182e-05
124.94 1.410411e-05
126.97 1.532388e-05
127.85 1.619399e-05
131.13 1.804493e-05
132.04 2.090842e-05
133.88 2.235441e-05
137.0 2.77534e-05
139.87 3.057198e-05
143.13 7.08472e-05
147.13 0.0001511364
150.91 0.0001657154
155.14 0.0001829557
159.12 0.000201996
162.07 0.0002164441
165.85 0.0002395257
170.1 0.0002602385
172.87 0.000277551
176.9 0.0002994414
180.18 0.0003165081
181.85 0.0003291159
186.09 0.000353456
190.85999999999999 0.0003849171
193.96 0.0004067803
198.02 0.0004328653
202.17 0.000461688
204.98 0.0004823481
210.24 0.0004981269
216.13 0.0005627771
220.15 0.0005947604
223.21 0.0006114133
226.84 0.0006476361
229.98999999999998 0.0009870542
234.27 0.001672359
239.73000000000002 0.002119995
245.88 0.002043228
252.18 0.002184419
256.87 0.001833749
259.85 0.002154486
264.07 0.002276861
268.97999999999996 0.002292493
273.97999999999996 0.002297946
279.07 0.002303392
284.26 0.002319205
290.21000000000004 0.002224987
296.28999999999996 0.002266398
301.1 0.00222012
308.12 0.002261151
318.21000000000004 0.002313836
327.88 0.002308492
337.84000000000003 0.002282062
348.11 0.00225083
357.04 0.002240529
366.2 0.002245614
374.73 0.002214828
385.23 0.002110214
395.10999999999996 0.002154477
405.23999999999995 0.002144515
413.73 0.002105381
422.39 0.002052742
430.24 0.002015448
441.28000000000003 0.001992241
450.52000000000004 0.001942452
459.96000000000004 0.00189382
469.59000000000003 0.001854999
480.52 0.001829597
489.46000000000004 0.001763377
499.71000000000004 0.00175527
505.48999999999995 0.001715327
512.53 0.001796097
519.66 0.001759252
530.54 0.001703498
540.4 0.001619362
550.4499999999999 0.001586144
559.39 0.001611951
569.79 0.001611946
580.38 0.001560787
589.81 0.001550069
599.4 0.001480254
610.54 0.001331509
620.4599999999999 0.001483701
630.54 0.001443279
639.32 0.001439918
649.7 0.001413675
658.74 0.001378299
664.84 0.001394266
675.64 0.001378299
685.04 0.001310221
694.57 0.001359406
704.23 0.001277473
715.6700000000001 0.001337652
725.63 0.001322347
735.73 0.001310185
744.24 0.001304222
754.6 0.0012952
765.0999999999999 0.001211536
775.74 0.001289286
784.72 0.001268683
795.64 0.001277436
804.85 0.001277477
814.1700000000001 0.001271572
825.5 0.001289262
835.06 0.00114641
844.73 0.001265727
854.51 0.00125414
864.4 0.001274507
874.4100000000001 0.001292248
884.5400000000001 0.001313245
894.78 0.00132539
905.14 0.001307207
915.62 0.001672407
924.09 0.007150674
934.7900000000001 0.01466721
945.6199999999999 0.02693574
954.3699999999999 0.03718274
965.4200000000001 0.04239806
974.3499999999999 0.008116056
985.63 0.03718332
994.7499999999999 0.03831386
1003.96 0.05362214
1015.5799999999999 0.05073949
1024.98 0.02179403
1034.46 0.03617025
1044.04 0.06658053
1056.1299999999999 0.06521388
1065.9 0.0522808
1075.76 0.06128412
1085.71 0.0490174
1095.76 0.06343756
1105.8999999999999 0.06086274
1116.13 0.05852542
1123.8700000000001 0.05264368
1134.27 0.06536436
1144.76 0.05920312
1155.35 0.06242446
1166.05 0.06417228
1174.13 0.04522204
1184.99 0.0614255
1195.96 0.04298791
1204.25 0.03142984
1215.3899999999999 0.01983019
1223.81 0.04076994
1235.14 0.06086241
1243.7 0.0667337
1255.21 0.06387791
1263.91 0.05512419
1275.6000000000001 0.06987808
1284.44 0.07283648
1296.33 0.05852504
1305.3200000000002 0.05745737
1314.36 0.07052616
1326.53 0.06735005
1335.72 0.0600273
1344.98 0.07020126
1354.3 0.06781829
1363.6899999999998 0.06086233
1376.31 0.06343644
1385.8500000000001 0.06402475
1395.45 0.05576299
1405.1299999999999 0.05772214
1414.8700000000001 0.05893109
1424.67 0.06002699
1434.55 0.05947722
1441.1699999999998 0.06242371
1447.82 0.0632916
1454.51 0.0614248
1464.5900000000001 0.05679905
1474.74 0.05640822
1484.9599999999998 0.05719367
1495.26 0.05785648
1505.6200000000001 0.05474521
1512.57 0.04901701
1516.06 0.05216077
1526.57 0.05062232
1533.61 0.04429449
1544.24 0.04812271
1554.95 0.04543036
1565.7299999999998 0.04616781
1576.58 0.048904
1583.86 0.05097294
1594.8300000000002 0.05192173
1605.89 0.05062265
1613.3 0.05050566
1624.48 0.04779141
1635.74 0.05050588
1643.3 0.05109134
1654.69 0.04724295
1666.1599999999999 0.05132712
1673.8500000000001 0.04595518
1677.7 0.05144435
1685.45 0.05325266
1693.23 0.05004356
1704.97 0.04801123
1716.78 0.04574513
1724.71 0.0453254
1736.6599999999999 0.04812269
1744.68 0.04681016
1756.77 0.04958445
1764.88 0.04543081
1773.03 0.04659539
1785.32 0.04724311
1793.56 0.05004373
1805.99 0.04947109
1814.3300000000002 0.04595541
1826.8999999999999 0.04659542
1835.34 0.04480584
1843.81 0.04114695
1856.59 0.0414325
1865.1599999999999 0.04259322
1873.77 0.04553413
1886.75 0.04210688
1895.46 0.04058402
1904.21 0.04269112
1913.0 0.04114717
1926.26 0.04021038
1935.1499999999999 0.04086382
1944.09 0.04308733
1953.0600000000002 0.04039582
1966.6 0.04388827
1975.6699999999998 0.04470497
1984.79 0.04259347
1993.9599999999998 0.04143221
2003.1599999999999 0.04220246
2017.04 0.04095949
2026.3600000000001 0.04230022
2035.71 0.04058379
2045.1 0.04210692
2054.54 0.04002645
2064.03 0.04021005
2073.56 0.04288837
2078.33 0.04259359
2083.13 0.0444977
2092.74 0.04210687
2107.25 0.04210675
2116.97 0.04279073
2126.75 0.04279037
2136.56 0.03993438
2146.42 0.04162414
2156.33 0.04279086
2166.2799999999997 0.0409594
2176.2799999999997 0.04067588
2186.33 0.04105329
2196.42 0.04259359
2206.56 0.04133646
2216.7400000000002 0.0385781
2226.98 0.03804899
2237.26 0.041528
2247.58 0.03975051
2252.76 0.0370973
2263.16 0.03743988
2273.61 0.03857781
2284.1 0.04076977
2294.64 0.0378769
2305.2400000000002 0.03904164
2315.88 0.03678864
2326.57 0.02984582
2337.31 0.03326926
2342.69 0.03112562
2353.51 0.03542456
2364.37 0.03115041
2375.2799999999997 0.03278286
2386.25 0.02929608
2397.2599999999998 0.03147617
2402.79 0.03041491
2413.88 0.03142255
2425.02 0.03519079
2436.21 0.03416604
2447.46 0.0366258
2453.1 0.03663357
2464.42 0.03532116
2475.7999999999997 0.03359111
2487.23 0.03209314
2492.96 0.03108168
2504.47 0.03636529
2510.2400000000002 0.02970037
2516.03 0.0296389
2527.64 0.02890911
2533.47 0.03077107
2545.1600000000003 0.03071182
2556.91 0.0359341
2562.81 0.0331582
2574.63 0.03620635
2586.52 0.03499159
2592.4799999999996 0.03381154
2604.45 0.03208146
2616.4700000000003 0.03107579
2622.5 0.03400314
2634.6000000000004 0.03969313
2646.77 0.04601501
2652.87 0.05248042
2665.11 0.04199397
2677.41 0.04501878
2683.59 0.04747678
2695.97 0.04117972
2702.19 0.04505698
2714.66 0.03908179
2727.19 0.03665649
2733.48 0.04038818
2746.1000000000004 0.03151057
2752.4300000000003 0.0345586
2765.13 0.03843811
2777.89 0.04035969
2784.3 0.03350099
2797.15 0.02461762
2803.6 0.02669049
2816.54 0.03833075
2823.03 0.045149
2836.0600000000004 0.04333673
2842.6 0.03827911
2855.72 0.03214865
2862.2999999999997 0.04418358
2875.51 0.04971254
2882.1400000000003 0.04737722
2895.45 0.05161459
2908.81 0.06222837
2928.9700000000003 0.05692359
2949.28 0.05427561
2969.7200000000003 0.05609595
2990.31 0.05652466
3011.03 0.05709015
3031.9 0.0588683
3052.92 0.06042344
3067.01 0.06315758
3088.27 0.06262678
3109.6800000000003 0.06777625
3131.23 0.06447946
3152.94 0.06452718
3167.4900000000002 0.06838542
3189.45 0.06156162
3211.56 0.06632019
3226.3799999999997 0.05900217
3248.74 0.07365805
3271.2599999999998 0.08233046
3286.3599999999997 0.08105673
3309.14 0.07782829
3324.42 0.075054
3332.08 0.07664634
3339.7599999999998 0.06960042
3347.46 0.08274255
3355.18 0.07940322
3362.91 0.05969744
3370.66 0.06999693
3378.43 0.07712541
3386.22 0.07608692
3394.03 0.07681285
3401.8500000000004 0.08862393
3409.69 0.07685517
3417.56 0.07092379
3425.43 0.08126545
3433.33 0.09037096
3441.25 0.07711747
3449.18 0.07282217
3457.13 0.07968859
3465.1 0.0723625
3473.0899999999997 0.08465008
3481.09 0.07529374
3489.12 0.08201219
3497.1600000000003 0.07498924
3505.22 0.08772513
3513.2999999999997 0.07911209
3521.4 0.08940537
3529.52 0.06846771
3537.6600000000003 0.08582439
3545.81 0.08784964
3553.98 0.09054351
3562.18 0.08374997
3570.39 0.07064973
3578.6200000000003 0.07607351
3586.87 0.06242537
3595.14 0.08044153
3603.4300000000003 0.09388814
3611.73 0.0725658
3620.06 0.08607182
3628.4 0.09749585
3629.2200000000003 0.08890538
3631.96 0.09182321
3634.7000000000003 0.07635913
3637.45 0.0816808
3640.1899999999996 0.09154712
3642.93 0.08650872
3645.6699999999996 0.08383247
3648.4100000000003 0.08273481
3651.16 0.08820013
3653.9 0.08550665
3656.64 0.08740527
3659.3799999999997 0.09611065
3662.12 0.08221177
3664.8599999999997 0.09040373
3667.61 0.09575408
3670.35 0.09714886
3673.09 0.08652024
3675.83 0.08934802
3678.5699999999997 0.0903788
3681.32 0.08968297
3684.06 0.08386295
3686.8 0.0800698
3689.54 0.09012771
3692.28 0.09054927
3695.03 0.09208724
3697.7700000000004 0.09909331
3700.51 0.08617917
3703.25 0.07529383
3705.9900000000002 0.08445515
3708.73 0.08094553
3711.4799999999996 0.08767528
3714.22 0.09247438
3716.96 0.09928123
3719.7000000000003 0.1012795
3722.44 0.1275104
3725.19 0.1600359
3727.93 0.1804332
3730.6699999999996 0.1485645
3733.41 0.1106955
3736.1499999999996 0.08109874
3738.9 0.08112904
3741.64 0.07665963
3744.38 0.07830152
3747.12 0.07510415
3749.8599999999997 0.0686519
3752.6 0.08831936
3755.35 0.08798564
3758.09 0.09302421
3760.83 0.0942389
3763.57 0.08671191
3766.31 0.08719669
3769.0600000000004 0.09322908
3771.8 0.09955697
3774.54 0.1051224
3777.28 0.1113162
3780.02 0.1172073
3782.7699999999995 0.1138044
3785.51 0.1069959
3788.2500000000005 0.1023196
3790.9900000000002 0.09275996
3793.73 0.08842848
3796.4700000000003 0.09091334
3799.22 0.09309309
3801.9599999999996 0.1034748
3804.7 0.103812
3807.44 0.1082587
3810.1800000000003 0.1017911
3812.93 0.1024037
3815.67 0.101195
3818.41 0.09312773
3821.1499999999996 0.09457615
3823.89 0.08550887
3826.64 0.07728794
3829.38 0.07654086
3832.12 0.0682303
3834.86 0.06662494
3837.6 0.07473832
3840.3399999999997 0.07689748
3843.09 0.08756992
3845.83 0.09538636
3848.57 0.1017545
3851.31 0.1018945
3854.05 0.09925652
3856.8 0.09773689
3859.5400000000004 0.09978112
3862.28 0.0992314
3865.02 0.1089866
3867.76 0.1078583
3870.5099999999998 0.1025723
3873.2499999999995 0.100375
3875.9900000000002 0.1004249
3878.73 0.09869887
3881.4700000000003 0.09705906
3884.21 0.09512805
3886.96 0.09644953
3889.7 0.09836731
3892.4399999999996 0.1008579
3895.18 0.104703
3897.92 0.1043755
3900.67 0.1044
3903.41 0.1098888
3906.15 0.1114483
3908.89 0.1117932
3911.6299999999997 0.1176518
3914.38 0.1208315
3917.12 0.1136858
3919.86 0.1053638
3922.6 0.09775057
3925.34 0.09457813
3928.08 0.0838077
3930.8300000000004 0.07315566
3933.57 0.0682322
3936.31 0.07759466
3939.05 0.08547433
3941.79 0.09525254
3944.5400000000004 0.102034
3947.28 0.1090477
3950.02 0.1080325
3952.76 0.1076283
3955.5 0.1031091
3958.25 0.09915838
3960.99 0.08808339
3963.7299999999996 0.0801809
3966.4700000000003 0.07270562
3969.21 0.07018261
3971.96 0.08060795
3974.7 0.09176549
3977.44 0.1056703
3980.18 0.1195501
3982.9199999999996 0.1212323
3985.66 0.1259127
3988.41 0.1306077
3991.15 0.1370583
3993.89 0.1343208
3996.63 0.136865
3999.37 0.1446106
4002.1200000000003 0.1405563
4004.86 0.1428572
4007.6 0.143798
4010.34 0.1443058
4013.08 0.1466624
4015.8300000000004 0.1487787
4018.57 0.1476045
4021.31 0.1490415
4024.05 0.1502715
4026.79 0.150605
4029.53 0.1476357
4032.2799999999997 0.1441867
4035.0200000000004 0.1428592
4037.76 0.1466258
4040.5 0.1491816
4043.2400000000002 0.1422255
4045.99 0.1457768
4048.73 0.1507981
4051.47 0.1481641
4054.2099999999996 0.1474803
4056.95 0.1451834
4059.7 0.1396424
4062.44 0.1440603
4065.18 0.1426006
4067.92 0.1441621
4070.66 0.1440033
4073.3999999999996 0.1431068
4076.15 0.1493172
4078.89 0.1465969
4081.63 0.1461449
4084.37 0.1506433
4087.11 0.1513983
4089.86 0.1497405
4092.6 0.1472904
4095.34 0.1383189
4098.08 0.1314299
4100.82 0.1312979
4103.570000000001 0.1322514
4106.31 0.1352727
4109.05 0.1396485
4111.79 0.147442
4114.53 0.1556436
4117.27 0.1478311
4120.0199999999995 0.1460757
4122.759999999999 0.1487464
4125.5 0.1452522
4128.240000000001 0.1449573
4130.9800000000005 0.1487104
4133.73 0.1490968
4136.47 0.1510625
4139.21 0.151534
4141.95 0.1466239
4144.69 0.1451719
4147.44 0.1454645
4150.18 0.1445489
4152.92 0.1419033
4155.66 0.1516049
4158.4 0.1492966
4161.139999999999 0.1519673
4163.89 0.1470393
4166.63 0.1463038
4169.37 0.148645
4172.11 0.14344
4174.85 0.1398978
4177.6 0.1431024
4180.34 0.1434761
4183.08 0.1457234
4185.82 0.1479497
4188.56 0.1492832
4191.3099999999995 0.1458151
4194.049999999999 0.1517464
4196.79 0.1444417
4199.530000000001 0.1414168
4202.27 0.1432619
4205.01 0.1453004
4207.76 0.1506736
4210.5 0.1538615
4213.24 0.1499362
4215.98 0.15172
4218.72 0.1516664
4221.47 0.1473037
4224.21 0.1432788
4226.95 0.13784
4229.69 0.1414935
4232.429999999999 0.1422159
4235.18 0.1470143
4237.92 0.1517139
4240.66 0.1567563
4243.4 0.1555917
4246.14 0.1489747
4248.89 0.1510834
4251.63 0.1516142
4254.37 0.1428918
4257.11 0.1453672
4259.85 0.1470493
4262.59 0.1533505
4265.34 0.1515835
4268.08 0.1457233
4270.820000000001 0.1430758
4273.56 0.1395854
4276.3 0.1461777
4279.05 0.1503497
4281.79 0.149254
4284.53 0.1447138
4287.27 0.1375374
4290.01 0.1376774
4292.76 0.1337534
4295.5 0.1344776
4298.24 0.1292132
4300.98 0.1222744
4303.719999999999 0.1213702
4306.46 0.1223781
4309.21 0.1299468
4311.95 0.1379759
4314.69 0.1451908
4317.43 0.1585708
4320.17 0.1574253
4322.92 0.1524034
4325.66 0.1486506
4328.4 0.1508289
4331.14 0.1617202
4333.88 0.1582682
4336.63 0.1562867
4339.37 0.1508
4342.110000000001 0.1529554
4344.85 0.1548905
4347.59 0.1537239
4350.33 0.1563352
4353.08 0.1565358
4355.820000000001 0.1594115
4358.56 0.1637375
4361.3 0.1675194
4364.04 0.167713
4366.79 0.1668024
4369.53 0.1638561
4372.2699999999995 0.1601281
4375.009999999999 0.1579807
4377.75 0.1589349
4380.5 0.1552177
4383.24 0.1500567
4385.98 0.1475203
4388.72 0.1501891
4391.46 0.1601475
4394.2 0.1630539
4396.95 0.1605972
4399.69 0.1594479
4402.43 0.1544268
4405.17 0.1554461
4407.91 0.1568716
4410.66 0.1659211
4413.400000000001 0.1658044
4416.14 0.1701553
4418.88 0.1720137
4421.62 0.1711843
4424.37 0.1697296
4427.110000000001 0.1700363
4429.85 0.1714503
4432.59 0.1702799
4435.33 0.1716058
4438.07 0.171512
4440.82 0.1722739
4443.5599999999995 0.1712931
4446.3 0.1754448
4449.04 0.1756863
4451.78 0.1750121
4454.53 0.1708447
4457.2699999999995 0.1640247
4460.01 0.164224
4462.75 0.1673086
4465.49 0.1708682
4468.24 0.177023
4470.98 0.1830368
4473.72 0.1827342
4476.46 0.183765
4479.2 0.1815103
4481.94 0.1816178
4484.6900000000005 0.1847168
4487.43 0.1848338
4490.17 0.1831749
4492.91 0.1815237
4495.65 0.1835028
4498.400000000001 0.1889027
4501.14 0.192516
4503.88 0.190951
4506.62 0.1915527
4509.36 0.1923633
4512.11 0.1907725
4514.85 0.1905255
4517.59 0.1914529
4520.33 0.1907404
4523.07 0.184133
4525.81 0.1788361
4528.5599999999995 0.1740575
4531.3 0.1701609
4534.04 0.1734007
4536.780000000001 0.1788033
4539.52 0.1823151
4542.2699999999995 0.1861076
4545.01 0.1834679
4547.75 0.183196
4550.49 0.1842574
4553.23 0.183248
4555.9800000000005 0.1871325
4558.72 0.1903626
4561.46 0.1906349
4564.2 0.1900201
4566.94 0.1916544
4569.68 0.1939343
4572.43 0.1899507
4575.17 0.1861347
4577.91 0.1869184
4580.65 0.1838399
4583.39 0.1854857
4586.14 0.1847666
4588.88 0.1875197
4591.62 0.1907767
4594.36 0.1890795
4597.1 0.1849262
4599.849999999999 0.1881881
4602.59 0.1903378
4605.33 0.1909318
4608.070000000001 0.1976698
4610.81 0.200103
4613.55 0.1967122
4616.3 0.1984932
4619.04 0.2021141
4621.78 0.1997771
4624.5199999999995 0.1987427
4627.26 0.1998157
4630.01 0.1969605
4632.75 0.1939721
4635.49 0.1924013
4638.23 0.1898975
4640.97 0.184204
4643.72 0.1828891
4646.46 0.1828069
4649.2 0.1847879
4651.94 0.1880775
4654.68 0.1911658
4657.42 0.1933213
4660.17 0.1914163
4662.91 0.1862554
4665.65 0.1789315
4668.39 0.1796232
4671.13 0.1824128
4673.88 0.1839773
4676.62 0.1873645
4679.360000000001 0.185219
4682.1 0.1861081
4684.84 0.1855067
4687.59 0.1882686
4690.33 0.187399
4693.07 0.1889184
4695.81 0.1877173
4698.55 0.1829702
4701.29 0.1813208
4704.04 0.179437
4706.78 0.1814276
4709.5199999999995 0.1805312
4712.26 0.1835391
4715.0 0.1862884
4717.75 0.1878548
4720.49 0.1903915
4723.23 0.1925354
4725.97 0.1929953
4728.71 0.1906755
4731.46 0.1875713
4734.2 0.1876997
4736.94 0.1886042
4739.68 0.1902979
4742.42 0.1911984
4745.17 0.1964623
4747.91 0.19629
4750.650000000001 0.1944128
4753.39 0.1977272
4756.13 0.1905739
4758.87 0.1890624
4761.62 0.1862073
4764.360000000001 0.1894585
4767.1 0.1904319
4769.84 0.1895374
4772.58 0.1893517
4775.33 0.1995851
4778.07 0.19834
4780.8099999999995 0.196501
4783.55 0.1934551
4786.29 0.1933403
4789.04 0.1922093
4791.78 0.2004473
4794.5199999999995 0.2013478
4797.26 0.2016162
4800.0 0.2004669
4802.74 0.1994517
4805.49 0.1982058
4808.23 0.2031486
4810.97 0.2007732
4813.71 0.1989151
4816.45 0.2017123
4819.2 0.2041638
4821.9400000000005 0.2001791
4824.68 0.2020951
4827.42 0.1981296
4830.16 0.1970377
4832.91 0.1981674
4835.650000000001 0.1984166
4838.39 0.1962136
4841.13 0.1920374
4843.87 0.1914838
4846.61 0.1898862
4849.36 0.193129
4852.099999999999 0.191654
4854.84 0.1960221
4857.58 0.1978997
4860.320000000001 0.2043369
4863.07 0.1983207
4865.8099999999995 0.1876481
4868.55 0.1768701
4871.29 0.1777994
4874.03 0.1819433
4876.78 0.1827837
4879.5199999999995 0.1864602
4882.26 0.1882785
4885.0 0.1909358
4887.74 0.1824605
4890.48 0.1861964
4893.2300000000005 0.1909163
4895.97 0.1938571
4898.71 0.1973823
4901.45 0.1984361
4904.19 0.1952753
4906.9400000000005 0.1952555
4909.68 0.1956004
4912.42 0.1919989
4915.16 0.1897519
4917.9 0.1865067
4920.65 0.185985
4923.39 0.1828758
4926.13 0.1892095
4928.87 0.1965394
4931.610000000001 0.1989726
4934.35 0.1944132
4937.099999999999 0.1887706
4939.84 0.1895965
4942.58 0.1980911
4945.320000000001 0.1992025
4948.06 0.2059653
4950.8099999999995 0.2042213
4953.55 0.2033594
4956.29 0.2057734
4959.03 0.2049881
4961.7699999999995 0.202651
4964.52 0.1976884
4967.26 0.192995
4970.0 0.1932442
4972.74 0.1967118
4975.48 0.1960606
4978.22 0.1912962
4980.97 0.1878491
4983.71 0.1884815
4986.45 0.1855275
4989.19 0.1897998
4991.93 0.1919418
4994.68 0.1946041
4997.42 0.1953514
5000.16 0.196501
5002.900000000001 0.2065399
5005.64 0.2138582
5008.39 0.2155626
5011.13 0.2008113
5013.87 0.1856213
5016.610000000001 0.1787036
5019.35 0.1834587
5022.09 0.178905
5024.84 0.1824965
5027.58 0.1878991
5030.320000000001 0.1923822
5033.06 0.1928804
5035.8 0.1888402
5038.55 0.1831172
5041.290000000001 0.1814142
5044.030000000001 0.1813089
5046.77 0.1855813
5049.51 0.1878784
5052.259999999999 0.1901959
5054.999999999999 0.1916539
5057.74 0.194317
5060.4800000000005 0.1947769
5063.22 0.1919992
5065.96 0.189482
5068.71 0.1869277
5071.45 0.1886213
5074.19 0.1907154
5076.929999999999 0.1871618
5079.669999999999 0.1851025
5082.42 0.1842647
5085.16 0.1863818
5087.9 0.1904836
5090.639999999999 0.1874721
5093.379999999999 0.1874761
5096.13 0.1884698
5098.87 0.1873856
5101.61 0.1843013
5104.349999999999 0.1842746
5107.089999999999 0.1826138
5109.83 0.186365
5112.58 0.1863299
5115.32 0.1899873
5118.0599999999995 0.1895736
5120.8 0.1886197
5123.54 0.1827231
5126.29 0.1753257
5129.03 0.1784658
5131.7699999999995 0.1807495
5134.51 0.1857882
5137.25 0.1800295
5140.0 0.1766476
5142.74 0.1779274
5145.4800000000005 0.1800847
5148.22 0.1793702
5150.96 0.1787056
5153.7 0.1800238
5156.45 0.1870522
5159.1900000000005 0.1830445
5161.93 0.1752436
5164.67 0.1654024
5167.41 0.1534002
5170.160000000001 0.1505471
5172.900000000001 0.1510894
5175.64 0.1576548
5178.38 0.1650748
5181.12 0.166209
5183.870000000001 0.1601125
5186.610000000001 0.1670075
5189.35 0.170958
5192.09 0.1753165
5194.83 0.181016
5197.570000000001 0.1818036
5200.320000000001 0.1832839
5203.06 0.1777857
5205.8 0.175441
5208.54 0.1746154
5211.280000000001 0.1791138
5214.03 0.1853855
5216.7699999999995 0.1900199
5219.51 0.1906944
5222.250000000001 0.1838973
5224.990000000001 0.1820678
5227.74 0.1836957
5230.48 0.1856997
5233.219999999999 0.1871673
5235.959999999999 0.1930144
5238.7 0.195984
5241.45 0.1958876
5244.19 0.1940103
5246.929999999999 0.1906119
5249.669999999999 0.1913304
5252.41 0.188773
5255.15 0.192325
5257.9 0.1915772
5260.639999999999 0.1871864
5263.38 0.1782207
5266.12 0.1714716
5268.86 0.1714698
5271.61 0.1741801
5274.349999999999 0.1848261
5277.09 0.1887574
5279.83 0.1987043
5282.57 0.2011183
5285.32 0.2031676
5288.06 0.2051218
5290.8 0.2081106
5293.54 0.2060033
5296.28 0.1983021
5299.0199999999995 0.1955818
5301.77 0.2004281
5304.51 0.2049686
5307.25 0.2062332
5309.99 0.2120573
5312.73 0.2088964
5315.4800000000005 0.2075739
5318.22 0.2116354
5320.96 0.2029572
5323.7 0.1992215
5326.4400000000005 0.1911659
5329.1900000000005 0.193991
5331.93 0.197497
5334.67 0.1986083
5337.41 0.2044899
5340.150000000001 0.2022677
5342.89 0.2050074
5345.64 0.1994319
5348.38 0.2032253
5351.12 0.2049496
5353.860000000001 0.2133984
5356.6 0.2156016
5359.35 0.2145665
5362.09 0.2112715
5364.830000000001 0.2065588
5367.570000000001 0.1993173
5370.31 0.1983788
5373.0599999999995 0.198608
5375.799999999999 0.2045662
5378.540000000001 0.2063864
5381.280000000001 0.2067697
5384.02 0.2088963
5386.76 0.2050841
5389.509999999999 0.2020182
5392.249999999999 0.1988573
5394.99 0.1978996
5397.73 0.1949877
5400.47 0.1932253
5403.219999999999 0.1918454
5405.96 0.1943169
5408.7 0.191884
5411.44 0.195141
5414.179999999999 0.2007734
5416.929999999999 0.2015775
5419.67 0.2022865
5422.41 0.2022674
5425.15 0.1983019
5427.889999999999 0.200237
5430.629999999999 0.1994708
5433.38 0.196405
5436.12 0.1973439
5438.86 0.2003518
5441.599999999999 0.2059268
5444.34 0.2058695
5447.09 0.1981292
5449.83 0.1928418
5452.57 0.1996237
5455.3099999999995 0.1920566
5458.05 0.1939342
5460.8 0.1988571
5463.54 0.2010221
5466.28 0.200141
5469.02 0.1974398
5471.76 0.1987044
5474.5 0.1963673
5477.25 0.1946042
5479.99 0.1981102
5482.7300000000005 0.2049113
5485.47 0.203398
5488.21 0.2072872
5490.96 0.2060988
5493.7 0.2047579
5496.4400000000005 0.2038576
5499.18 0.2067122
5501.92 0.2060036
5504.67 0.2019798
5507.410000000001 0.1983783
5510.150000000001 0.1946235
5512.89 0.1993939
5515.63 0.1998347
5518.37 0.1985512
5521.120000000001 0.2115588
5523.860000000001 0.2020567
5526.6 0.2027848
5529.34 0.1992408
5532.08 0.2035514
5534.83 0.2012902
5537.570000000001 0.2026697
5540.31 0.2026698
5543.05 0.2012715
5545.790000000001 0.2045859
5548.54 0.2042213
5551.28 0.2056008
5554.0199999999995 0.2068462
5556.759999999999 0.1989342
5559.500000000001 0.1988002
5562.240000000001 0.1988195
5564.99 0.1986081
5567.73 0.1975355
5570.469999999999 0.1989916
5573.209999999999 0.1995473
5575.95 0.2016739
5578.7 0.2007346
5581.44 0.1985508
5584.179999999999 0.1980336
5586.92 0.1941256
5589.66 0.188137
5592.41 0.1948723
5595.15 0.1946426
5597.889999999999 0.1982635
5600.63 0.1958306
5603.37 0.199509
5606.11 0.2011951
5608.86 0.2075165
5611.6 0.2041066
5614.34 0.2014055
5617.08 0.1950452
5619.82 0.2041262
5622.57 0.1952364
5625.31 0.2030145
5628.05 0.2028039
5630.79 0.2030148
5633.53 0.2011758
5636.28 0.2014051
5639.02 0.1973246
5641.76 0.2002176
5644.5 0.204011
5647.24 0.2040686
5649.98 0.2039921
5652.7300000000005 0.2075357
5655.47 0.2056967
5658.21 0.2033021
5660.95 0.2019037
5663.6900000000005 0.2001605
5666.4400000000005 0.20357
5669.18 0.2036659
5671.92 0.2066163
5674.66 0.2077659
5677.400000000001 0.2047008
5680.150000000001 0.2044895
5682.89 0.2054667
5685.63 0.2015203
5688.370000000001 0.207172
5691.110000000001 0.2077086
5693.86 0.204547
5696.6 0.2017117
5699.34 0.2051028
5702.080000000001 0.2015204
5704.820000000001 0.1965012
5707.56 0.1947005
5710.3099999999995 0.1990488
5713.049999999999 0.2010413
5715.789999999999 0.2043557
5718.53 0.207651
5721.27 0.2093945
5724.0199999999995 0.2084168
5726.759999999999 0.2095281
5729.5 0.2072677
5732.24 0.2097391
5734.98 0.2123064
5737.73 0.2086659
5740.469999999999 0.2072675
5743.21 0.210103
5745.95 0.2120955
5748.69 0.212747
5751.429999999999 0.2114444
5754.18 0.2068843
5756.92 0.2047388
5759.66 0.2078041
5762.4 0.205582
5765.139999999999 0.2073063
5767.89 0.2074398
5770.63 0.2079955
5773.37 0.2028805
5776.11 0.2044133
5778.849999999999 0.2033023
5781.6 0.1975352
5784.34 0.1958112
5787.08 0.2018651
5789.82 0.2080724
5792.5599999999995 0.2051605
5795.3 0.207268
5798.05 0.2067119
5800.79 0.2067886
5803.53 0.2057734
5806.27 0.2092794
5809.01 0.2106206
5811.76 0.2115396
5814.5 0.2103519
5817.24 0.2067504
5819.9800000000005 0.205352
5822.72 0.2084557
5825.47 0.2124591
5828.21 0.2127849
5830.950000000001 0.2111758
5833.6900000000005 0.2089153
5836.43 0.2088197
5839.17 0.2091455
5841.92 0.2094131
5844.660000000001 0.2083212
5847.400000000001 0.2055818
5850.14 0.2026316
5852.88 0.2053905
5855.629999999999 0.1954471
5858.370000000001 0.1983592
5861.110000000001 0.1991065
5863.85 0.2013672
5866.59 0.2072679
5869.339999999999 0.2129572
5872.08 0.2112715
5874.82 0.2110034
5877.5599999999995 0.2056968
5880.3 0.1961755
5883.040000000001 0.1923058
5885.79 0.1842839
5888.53 0.1771918
5891.2699999999995 0.1728068
5894.009999999999 0.171667
5896.749999999999 0.1769259
5899.5 0.1826881
5902.24 0.1911367
5904.98 0.1987425
5907.719999999999 0.2016546
5910.46 0.1992217
5913.21 0.1964241
5915.95 0.2017309
5918.69 0.2014054
5921.429999999999 0.2014821
5924.17 0.2002561
5926.91 0.2006777
5929.66 0.2021907
5932.4 0.2019034
5935.139999999999 0.199049
5937.88 0.2010033
5940.62 0.198896
5943.37 0.2016159
5946.11 0.2007348
5948.85 0.2026507
5951.59 0.1998538
5954.33 0.2023635
5957.08 0.2013093
5959.82 0.20198
5962.56 0.2028422
5965.3 0.2027465
5968.04 0.1983212
5970.78 0.2035514
5973.530000000001 0.2021715
5976.27 0.2004091
5979.01 0.1969034
5981.75 0.1944705
5984.49 0.1987236
5987.240000000001 0.2021331
5989.9800000000005 0.1997769
5992.72 0.2051412
5995.46 0.2020186
5998.2 0.1999496
6000.950000000001 0.1974203
6003.6900000000005 0.196884
6006.43 0.1986275
6009.17 0.2004285
6011.91 0.1960414
6014.650000000001 0.1981873
6017.400000000001 0.1961943
6020.14 0.196386
6022.88 0.1976122
6025.620000000001 0.2067123
6028.360000000001 0.2052564
6031.11 0.2014243
6033.849999999999 0.2046046
6036.589999999999 0.2071336
6039.330000000001 0.2019994
6042.070000000001 0.2012716
6044.82 0.2025738
6047.5599999999995 0.2070376
6050.299999999999 0.2020951
6053.04 0.2015779
6055.78 0.2016164
6058.5199999999995 0.1988769
6061.2699999999995 0.1991638
6064.009999999999 0.2020376
6066.75 0.2037619
6069.49 0.2075169
6072.23 0.2074787
6074.98 0.2056007
6077.719999999999 0.2012137
6080.46 0.1996237
6083.2 0.1951601
6085.94 0.1980914
6088.69 0.1991637
6091.43 0.1959836
6094.17 0.1999685
6096.91 0.1986468
6099.65 0.1997198
6102.389999999999 0.1958308
6105.14 0.1997385
6107.88 0.2015203
6110.62 0.2042791
6113.36 0.1992025
6116.099999999999 0.1991259
6118.85 0.1924968
6121.59 0.1938763
6124.33 0.1946236
6127.07 0.1987618
6129.81 0.1936276
6132.56 0.1938378
6135.3 0.1936655
6138.04 0.1929185
6140.78 0.195639
6143.52 0.1987618
6146.26 0.1992984
6149.01 0.1991063
6151.75 0.1975738
6154.490000000001 0.1948343
6157.2300000000005 0.1935701
6159.97 0.1881102
6162.72 0.1822781
6165.46 0.1809467
6168.200000000001 0.1817821
6170.9400000000005 0.1846962
6173.68 0.1892673
6176.43 0.1949873
6179.17 0.1934357
6181.910000000001 0.1929568
6184.650000000001 0.1886446
6187.39 0.1873821
6190.139999999999 0.1877226
6192.879999999999 0.1904777
6195.62 0.1912249
6198.360000000001 0.19175
6201.1 0.196846
6203.84 0.1930721
6206.589999999999 0.1904106
6209.33 0.1925353
6212.07 0.1906215
6214.8099999999995 0.1863399
6217.549999999999 0.1826349
6220.299999999999 0.1785098
6223.04 0.1839506
6225.78 0.1866118
6228.5199999999995 0.1845448
6231.259999999999 0.1839951
6234.01 0.1894239
6236.75 0.1884738
6239.49 0.1847917
6242.23 0.1837861
6244.969999999999 0.1810026
6247.71 0.1830966
6250.46 0.184987
6253.2 0.1814027
6255.94 0.183332
6258.679999999999 0.1826348
6261.42 0.1879167
6264.17 0.186761
6266.91 0.1899796
6269.65 0.1915966
6272.39 0.1909645
6275.13 0.1887366
6277.88 0.1873989
6280.62 0.1876998
6283.36 0.1881329
6286.1 0.1599922
6288.84 0.1820716
6291.58 0.1855603
6294.33 0.1946042
6297.070000000001 0.1951024
6299.81 0.1974589
6302.55 0.1983595
6305.29 0.1950836
6308.04 0.1941635
6310.780000000001 0.193359
6313.52 0.1897134
6316.26 0.1898879
6319.0 0.1867231
6321.75 0.1917496
6324.490000000001 0.1949682
6327.2300000000005 0.2001984
6329.97 0.1951217
6332.71 0.1959839
6335.45 0.1916544
6338.200000000001 0.1932248
6340.9400000000005 0.1979186
6343.68 0.1977463
6346.42 0.1971525
6349.160000000001 0.1976316
6351.91 0.1975736
6354.65 0.1895524
6357.39 0.1900353
6360.13 0.1918266
6362.870000000001 0.1869224
6365.62 0.1950447
6368.36 0.1922862
6371.099999999999 0.1971907
6373.839999999999 0.1970375
6376.579999999999 0.1950069
6379.320000000001 0.1954668
6382.07 0.1967499
6384.8099999999995 0.1966542
6387.549999999999 0.1955815
6390.29 0.1964245
6393.03 0.1963289
6395.78 0.1947
6398.5199999999995 0.196999
6401.259999999999 0.1975164
6404.0 0.1918841
6406.74 0.189932
6409.49 0.1909871
6412.23 0.1908263
6414.97 0.1924395
6417.71 0.193091
6420.45 0.1914416
6423.19 0.1932254
6425.94 0.1959261
6428.68 0.1959645
6431.42 0.1914051
6434.16 0.1934742
6436.9 0.1950645
6439.650000000001 0.195792
6442.39 0.1947959
6445.13 0.1939914
6447.87 0.1943555
6450.61 0.1942023
6453.360000000001 0.1972863
6456.1 0.1970181
6458.84 0.1927269
6461.58 0.1943363
6464.32 0.1928229
6467.06 0.1986662
6469.81 0.1980334
6472.55 0.1977462
6475.29 0.201597
6478.03 0.2018462
6480.77 0.1968844
6483.52 0.1977269
6486.26 0.1983784
6489.0 0.1931101
6491.740000000001 0.1860602
6494.4800000000005 0.1851944
6497.2300000000005 0.180368
6499.97 0.1904259
6502.71 0.1917499
6505.450000000001 0.2010606
6508.1900000000005 0.195141
6510.93 0.1999114
6513.679999999999 0.1967307
6516.420000000001 0.193953
6519.160000000001 0.1947769
6521.900000000001 0.1978806
6524.64 0.1962906
6527.389999999999 0.1961751
6530.129999999999 0.1982443
6532.87 0.1962903
6535.61 0.1954092
6538.35 0.196961
6541.099999999999 0.19993
6543.839999999999 0.2104094
6546.58 0.2174021
6549.32 0.2157163
6552.0599999999995 0.2119424
6554.799999999999 0.2182454
6557.55 0.249108
6560.29 0.2845882
6563.03 0.2941673
6565.7699999999995 0.2658523
6568.509999999999 0.2261192
6571.26 0.2049685
6574.0 0.204643
6576.74 0.2149308
6579.48 0.2397402
6582.219999999999 0.2620591
6584.97 0.2554874
6587.71 0.2361957
6590.45 0.2085895
6593.19 0.1984169
6595.93 0.1934743
6598.67 0.1923633
6601.42 0.1913838
6604.16 0.192861
6606.9 0.1913036
6609.64 0.1919799
6612.38 0.1928039
6615.13 0.1933015
6617.87 0.1952748
6620.61 0.1942021
6623.35 0.194662
6626.09 0.1921716
6628.84 0.1931673
6631.58 0.1926693
6634.320000000001 0.1911139
6637.06 0.191158
6639.8 0.1900412
6642.54 0.1921142
6645.29 0.1915735
6648.030000000001 0.1948151
6650.77 0.1965011
6653.51 0.1910298
6656.25 0.1874569
6659.000000000001 0.1873626
6661.740000000001 0.1893187
6664.4800000000005 0.1902096
6667.22 0.1912787
6669.96 0.1885489
6672.709999999999 0.1891576
6675.450000000001 0.1872611
6678.1900000000005 0.1884471
6680.93 0.1867709
6683.67 0.1873553
6686.419999999999 0.1870368
6689.16 0.1865848
6691.9 0.1872708
6694.639999999999 0.1857631
6697.38 0.1874836
6700.120000000001 0.1876849
6702.87 0.1884316
6705.61 0.1897938
6708.349999999999 0.1948152
6711.089999999999 0.2031297
6713.83 0.2147586
6716.58 0.2192985
6719.32 0.2165974
6722.0599999999995 0.2029188
6724.799999999999 0.2016929
6727.54 0.2089346
6730.29 0.2150071
6733.03 0.2075166
6735.7699999999995 0.2005433
6738.51 0.1915776
6741.25 0.1840161
6743.99 0.1785849
6746.74 0.1844525
6749.48 0.1816671
6752.22 0.1819622
6754.96 0.1818608
6757.7 0.1841905
6760.45 0.1838452
6763.19 0.1837495
6765.93 0.1788797
6768.67 0.1769104
6771.41 0.1808359
6774.16 0.1836172
6776.900000000001 0.1849507
6779.64 0.1833224
6782.38 0.1855429
6785.12 0.1836061
6787.86 0.1788302
6790.610000000001 0.1750097
6793.35 0.1768777
6796.09 0.1832803
6798.83 0.1798933
6801.57 0.1829146
6804.320000000001 0.1835559
6807.06 0.1920372
6809.8 0.177077
6818.920000000001 0.1867001
6834.639999999999 0.1854391
6850.389999999999 0.1825005
6866.19 0.1783697
6882.009999999999 0.1829702
6897.879999999999 0.184263
6913.780000000001 0.1847134
6929.72 0.1830462
6945.69 0.1886328
6961.71 0.1852171
6977.75 0.190432
6993.84 0.1908971
7009.959999999999 0.1870082
7026.12 0.1905103
7042.32 0.1905373
7058.55 0.1896887
7074.820000000001 0.1758339
7091.13 0.1778954
7107.4800000000005 0.1795655
7123.86 0.1791786
7140.29 0.1743197
7156.740000000001 0.1715577
7173.24 0.1684504
7189.78 0.1708184
7206.35 0.1716307
7222.960000000001 0.1776884
7239.62 0.1793566
7256.3 0.1852596
7273.030000000001 0.1827437
7289.799999999999 0.1773815
7306.599999999999 0.1832194
7323.45 0.1840905
7340.330000000001 0.1866788
7357.25 0.1884336
7374.21 0.1893302
7391.21 0.1889221
7408.25 0.188083
7425.33 0.1868147
7442.4400000000005 0.1951986
7459.599999999999 0.1961373
7476.8 0.193014
7494.030000000001 0.1961947
7511.3099999999995 0.1953133
7528.62 0.1966926
7545.98 0.1976313
7563.379999999999 0.1945085
7580.81 0.1923053
7598.28 0.1883898
7615.8 0.1875526
7633.360000000001 0.1893169
7650.95 0.1841844
7668.589999999999 0.1808489
7686.2699999999995 0.1833935
7703.99 0.1821596
7721.740000000001 0.1764068
7739.549999999999 0.1801286
7757.389999999999 0.1700788
7775.2699999999995 0.1801844
7793.19 0.1785601
7811.160000000001 0.1814892
7829.17 0.1836174
7847.21 0.1828036
7865.3099999999995 0.184098
7883.4400000000005 0.180351
7901.61 0.1770864
7919.83 0.1742815
7938.08 0.1755174
7956.379999999999 0.174738
7974.719999999999 0.1792494
7993.11 0.1813527
8011.53 0.1788931
8030.000000000001 0.1830885
8048.51 0.1860927
8067.06 0.1869818
8085.66 0.1827553
8104.3 0.1769853
8122.98 0.1811365
8141.71 0.179504
8160.48 0.1803625
8179.29 0.1783262
8198.140000000001 0.178767
8217.039999999999 0.1821194
8235.99 0.16422
8254.970000000001 0.1877133
8274.0 0.1873131
8293.08 0.1814007
8312.19 0.1748661
8331.35 0.1740924
8350.56 0.1794102
8369.81 0.1798548
8389.1 0.1782342
8408.44 0.1782649
8427.83 0.1778834
8447.25 0.1683487
8466.72 0.1711114
8486.25 0.1751265
8505.81 0.1313473
8525.41 0.1646267
8545.07 0.158697
8564.77 0.1689043
8584.51 0.1716785
8604.300000000001 0.1701325
8624.13 0.1713414
8644.01 0.1733549
8663.94 0.1667279
8683.91 0.1588851
8703.93 0.1683276
8724.0 0.1718814
8744.11 0.1672261
8764.27 0.1715443
8784.47 0.1727646
8804.720000000001 0.1723968
8825.02 0.1760368
8845.36 0.170481
8865.75 0.1740807
8886.19 0.1613714
8906.67 0.1655401
8927.199999999999 0.1671019
8947.789999999999 0.1679022
8968.41 0.1667742
8989.08 0.1615134
9009.81 0.1514555
9030.58 0.1575285
9051.39 0.174757
9072.26 0.1638753
9093.18 0.1684961
9114.14 0.1665975
9135.140000000001 0.1728796
9156.210000000001 0.1628619
9177.31 0.1595517
9198.47 0.1663331
9219.67 0.1552583
9240.93 0.1535091
9262.23 0.1630093
9283.58 0.1679925
9304.98 0.1490626
9326.43 0.1680539
9347.93 0.1673124
9369.48 0.1650458
9391.08 0.1669868
9412.73 0.1643467
9434.43 0.1678198
9456.18 0.1655475
9477.97 0.1686574
9499.83 0.1686875
9521.72 0.1664045
9543.67 0.163021
9565.68 0.1653198
9587.73 0.1676492
9609.82 0.1657626
9631.98 0.1665594
9654.18 0.1639254
9676.439999999999 0.1639577
9698.74 0.1655058
9721.1 0.1632645
9743.51 0.161427
9765.970000000001 0.1618295
9788.49 0.1596395
9811.05 0.1630133
9833.67 0.1619211
9856.33 0.1623257
9879.06 0.1612392
9901.83 0.1594232
9924.65 0.1605593
9947.54 0.1605897
9970.47 0.1606223
9993.45 0.1599155
10016.49 0.159578
10085.92 0.1574807
10132.47 0.159
10179.24 0.157241
10226.230000000001 0.1576663
10273.429999999998 0.1577277
10297.11 0.156674
10488.550000000001 0.151946
10708.18 0.1459975
10907.26 0.1410411
11110.04 0.1353148
11290.560000000001 0.1319298
11500.46 0.1304203
11687.33 0.1265734
11904.619999999999 0.1219965
12098.06 0.1192186
12294.63 0.1170424
12494.400000000001 0.1138526
12697.42 0.1110058
12903.74 0.1082298
13113.410000000002 0.1060094
13295.83 0.1031204
13511.869999999999 0.1012391
13699.84 0.09916245
13890.43 0.09579446
14116.13 0.09211811
14312.5 0.09064498
14511.609999999999 0.09085366
14713.49 0.0877693
14883.85 0.08837859
15090.91 0.08858162
15300.84 0.08960664
15513.699999999999 0.08858159
15693.349999999999 0.08736697
15911.660000000002 0.08459487
16095.919999999998 0.08459481
16282.28 0.0840125
16508.8 0.08247986
16699.96 0.08134767
16893.34 0.07967903
17088.96 0.07750844
17286.829999999998 0.07453319
17487.010000000002 0.0721672
17689.5 0.06939707
17894.34 0.06688734
18101.53 0.06387772
18311.14 0.06213626
18480.579999999998 0.06016492
18694.56 0.05759015
18911.039999999997 0.0558908
19086.03 0.05474518
19307.04 0.05288691
19485.67 0.05073932
19711.31 0.04913007
19893.71 0.04757058
20077.77 0.04670276
20310.260000000002 0.04501305
20498.2 0.04429465
20687.850000000002 0.04308771
20879.28 0.04191335
21121.059999999998 0.04105313
21316.480000000003 0.04011824
21513.73 0.0392044
21712.77 0.03787489
21913.69 0.03709707
22116.47 0.03600313
22321.09 0.0350223
22475.83 0.03414677
22683.78 0.03321571
22893.68 0.02980946
23105.5 0.02946843
23319.3 0.0258438
23480.949999999997 0.02439739
23698.199999999997 0.0247365
23917.489999999998 0.02271727
24083.27 0.02199692
24306.12 0.02174404
24474.589999999997 0.02033978
24701.059999999998 0.02006007
24872.269999999997 0.01703507
25102.42 0.01676264
25276.41 0.01687894
25510.3 0.01676264
25687.11 0.016996
25924.800000000003 0.01664732
26104.52 0.01657088
26285.46 0.0161563
26528.679999999997 0.01597144
26712.56 0.01564383
26897.739999999998 0.01539383
27084.17 0.01514765
27271.89 0.01480281
27524.25 0.01456621
27715.03 0.01423459
27907.15 0.01403918
28100.58 0.01375125
28295.379999999997 0.01350028
28491.5 0.01322345
28689.019999999997 0.01295217
28887.86 0.01271577
29088.120000000003 0.01245503
29289.74 0.01219965
29492.780000000002 0.01194927
29697.2 0.01173125
29903.07 0.01149062
30110.329999999998 0.01128085
30319.03 0.0110751
30529.21 0.01092298
30670.12 0.01074845
30882.73 0.01055228
31096.780000000002 0.0103835
31312.36 0.0102174
31529.39 0.01005418
31674.91 0.009870647
31894.49 0.009735202
32115.550000000003 0.009579452
32263.82 0.009448024
32487.44 0.00933998
32712.620000000003 0.009361438
32863.64 0.009623703
33091.42 0.009491708
33320.82 0.008858162
33474.61 0.008557383
33706.63 0.008324234
33862.24 0.008134764
34096.94 0.007949511
34333.31 0.007804487
34491.78 0.007661948
34730.85 0.007504855
34891.18 0.007367881
35133.02 0.00723339
35295.17 0.007068824
35539.85 0.006939703
35703.88 0.006813073
35868.71 0.006688735
36117.32 0.006566703
36284.02 0.006432021
36535.549999999996 0.006300026
36704.18 0.006185077
36873.59 0.006044267
37129.2 0.005933923
37300.57 0.00583909
37472.729999999996 0.005693107
37732.5 0.005614947
37906.65 0.005512451
38081.61 0.005411874
38257.42 0.005313016
38522.58 0.005216083
38700.43 0.00510918
38879.05 0.005015882
39058.49 0.004935611
39329.25 0.004845571
39510.78 0.00474614
39693.14 0.004659548
39876.38 0.004553416
40060.43 0.00449096
40338.1 0.004419117
40524.31999999999 0.004328502
40711.36 0.004259343
40899.26 0.004191331
41088.03 0.00412428
41277.71 0.004058378
41468.23 0.003984237
41659.62 0.003920443
41851.950000000004 0.003848983
42142.030000000006 0.003778675
42336.530000000006 0.003735378
42531.990000000005 0.003667367
42728.29 0.003616983
42925.5 0.003470042
43123.67 0.00332157
43322.700000000004 0.003313907
43522.66 0.0031867
43723.58 0.003114092
43925.39 0.003057384
44128.119999999995 0.002960447
44331.79 0.002912936
44536.45 0.002866383
44742.01 0.002788411
44948.509999999995 0.002769061
45052.17 0.002718677
45260.10999999999 0.002669058
45469.0 0.002644536
45678.85999999999 0.002608136
45889.740000000005 0.002537062
46101.53999999999 0.002531315
46314.32 0.002490892
46528.14 0.002462345
46742.89 0.002445295
46850.630000000005 0.002406213
47066.869999999995 0.002367706
47284.16 0.002362342
47502.4 0.002313873
47721.64 0.002292608
47941.950000000004 0.002266361
48052.46000000001 0.00222
48274.24 0.00222
48497.05 0.002179386
48720.939999999995 0.002144518
48945.81 0.002119997
49058.63 0.002090878
49285.06 0.002071719
49512.590000000004 0.002038575
49741.11 0.002029381
49855.770000000004 0.001992406
50085.93 0.001978421
50317.100000000006 0.001955623
50549.340000000004 0.001928802
50665.85 0.001913227
50782.64 0.001906579
50899.76 0.00189995
51017.08 0.001889012
51134.68 0.0018738
51252.55 0.001867306
51370.69 0.001856558
51489.11 0.001850121
51607.85 0.001839469
51726.81 0.001833109
51846.04 0.001822554
51965.55 0.001812074
52085.33 0.001801653
52205.39 0.001791308
52325.73 0.001781
52446.4 0.001774851
52567.3 0.00176872
52688.47 0.00176667
52809.920000000006 0.001756535
52931.65 0.001738432
53053.66 0.001732435
53176.009999999995 0.001722492
53298.59 0.0017205
53421.44 0.00171458
53544.58 0.001704753
53668.009999999995 0.00169889
53791.719999999994 0.001693047
53915.71 0.001683334
54040.049999999996 0.001677548
54164.62 0.00166795
54289.47 0.00165839
54414.61 0.001652701
54540.04 0.001650824
54665.76 0.001641378
54791.77 0.001631972
54918.13 0.001626378
55044.72 0.001617087
55171.6 0.00161155
55298.77 0.001613447
55426.24 0.00160791
55554.0 0.001591377
55682.12 0.001593254
55810.47 0.001591473
55939.12 0.001582392
56068.06 0.001576989
56197.299999999996 0.001575227
56326.840000000004 0.001566223
56456.68 0.001564479
56586.869999999995 0.001562736
56717.310000000005 0.001561012
56848.049999999996 0.001555686
56979.090000000004 0.001550379
57110.43 0.001552238
57242.07 0.001550513
57374.08 0.001548808
57506.329999999994 0.001550667
57638.89 0.001548943
57771.75 0.001547237
57904.920000000006 0.001552678
58038.39 0.001554536
58172.18000000001 0.001552831
58306.329999999994 0.001558292
58440.729999999996 0.00156377
58575.439999999995 0.001569269
58710.46 0.001571165
58845.78999999999 0.001580323
58981.44 0.001589557
59069.99 0.001625228
59378.93 0.001626589
59687.86 0.001680135
59996.799999999996 0.001841481
60305.75 0.001840849
60614.67999999999 0.001831519
60923.61 0.001958497
61232.56 0.002244905
61541.49999999999 0.002838795
61850.43 0.003268695
62159.37 0.003550314
62468.310000000005 0.003282872
62777.25 0.002798181
63086.19 0.002460621
63395.130000000005 0.002153331
63704.07 0.001987616
64013.0 0.001820925
64321.94 0.001757034
64630.88 0.001537965
64939.82 0.001523501
65248.75 0.00142775
65557.7 0.001448345
65866.62999999999 0.001469476
66175.56999999999 0.001443326
66484.52 0.001453652
66793.45 0.001482024
67102.38 0.001495396
67411.33 0.001430682
67720.26000000001 0.001483155
68029.21 0.001463173
68338.14 0.001466066
68647.08 0.001482886
68956.03 0.001561261
69264.95 0.001535264
69573.90000000001 0.00161996
69882.84 0.001683219
70191.77 0.001545398
70500.72 0.00143662
70809.65 0.001474036
71118.59 0.001491297
71427.53 0.00153011
71736.45999999999 0.001541261
72045.41 0.00155833
72354.34 0.001689254
72663.28 0.001765386
72972.23 0.001843858
73281.16 0.001822324
73590.09999999999 0.00193225
73899.04 0.002164443
74207.98 0.002324218
74516.91 0.002416559
74825.85 0.002524033
75114.57 0.002809484
75134.79000000001 0.002752203
75443.74 0.002883816
75733.67 0.003181719
75752.67 0.003031905
76352.78 0.00316965
76971.87999999999 0.002985544
77591.0 0.002893395
78210.1 0.002802587
78829.22 0.002592044
79448.31999999999 0.002275366
80067.43000000001 0.002008307
80686.55 0.001738374
81305.65000000001 0.001566663
81924.75 0.001527275
82543.86 0.001499975
83162.97 0.001528329
83782.09 0.001521604
84401.18999999999 0.001599347
85020.29999999999 0.001679752
85639.41 0.001747647
86258.53 0.001709178
86877.62 0.001509248
87496.73 0.001271002
88115.84 0.00108224
88734.95 0.0009206064
89354.04999999999 0.0008031505
89973.16 0.000808572
90592.27 0.0007337225
91211.39 0.0006933954
91830.49 0.0006854451
92449.6 0.0006860965
93068.70999999999 0.0006700232
93687.81999999999 0.0006662298
94306.92 0.0006420528
94926.02 0.0006377233
95545.14 0.0006525322
96164.25 0.0006884146
96783.35 0.0007411175
97402.47 0.0006602336
98021.58 0.0006111898
98640.69 0.0005890433
99259.79999999999 0.0005832959
99878.86 0.0005806522
100498.01999999999 0.0005805565
101117.08 0.0005690044
101736.26000000001 0.0005468772
102355.31999999999 0.0005431989
102974.48 0.0005392716
103593.56 0.0005494634
104212.62999999999 0.0005878554
104831.79 0.0006190443
105450.85 0.0006657702
106070.01999999999 0.0006336809
106689.09 0.0006543328
107308.15 0.0006499267
107927.32 0.0006522064
108546.39 0.0006663449
109165.55 0.0007503133
109784.61 0.0008838429
110403.78 0.0009725431
111022.85 0.001148565
111641.92 0.001746861
112261.08 0.002254868
112880.15 0.002095283
113499.32 0.001639769
114118.37999999999 0.001322134
114737.55 0.001102548
115356.60999999999 0.0009614892
115975.68000000001 0.0008452208
116594.85 0.0007765593
117213.91 0.0007438955
117833.07 0.0007265385
118452.14 0.0007530911
119071.31 0.0007795863
119690.37999999999 0.0008003916
120309.44 0.0007626701
120928.60999999999 0.0007269025
121547.68000000001 0.0007082812
122166.84000000001 0.0007192394
122785.9 0.0007653905
123404.98 0.0007715401
124024.14 0.0007721531
124643.21 0.0008071351
125262.37 0.0008407763
125881.44 0.0008912951
126500.6 0.000919572
127119.67 0.0009693822
127738.73999999999 0.001146649
128357.91 0.001075363
128976.97000000002 0.0007075723
129596.14 0.0005812461
130215.20000000001 0.0005337732
130834.27 0.0005112437
131453.44 0.0005154584
132072.5 0.0004963199
132691.66999999998 0.0004997491
133310.73 0.000491856
133929.89 0.0005104583
134548.97 0.0004983122
135168.05 0.0004749972
135787.2 0.0004674874
136406.27 0.0004464139
137025.44 0.0004466054
137644.5 0.0004176773
138263.66999999998 0.0004042477
138882.72 0.0003977724
139501.8 0.0004080409
140120.95 0.0004099184
140740.03 0.0004082325
141359.19 0.0004163745
141978.27 0.000440609
142597.41999999998 0.0004112211
143216.5 0.000381948
143835.55 0.000370032
144454.73 0.0003516788
144987.44999999998 0.0003641888
145901.63999999998 0.0003463721
146815.94 0.0003154706
147730.13 0.0003221567
148644.31 0.0003142829
149558.52 0.0003402608
150472.80000000002 0.0003061983
151387.0 0.0003206049
152301.19 0.0003213903
153215.47 0.0003328276
154129.67 0.0003234595
155043.84 0.0004090563
155958.05000000002 0.0004339039
156872.34 0.000335548
157786.55000000002 0.0003449161
158700.73 0.0003470234
159615.02 0.0003449928
160529.22 0.0003488243
161443.41 0.0003419275
162357.69 0.0003865651
163271.89 0.0004382335
164186.06 0.0005390991
165100.27000000002 0.0005287156
166014.58000000002 0.0004697864
166928.72999999998 0.0004620658
167842.94 0.000472411
168757.13999999998 0.000475457
169671.44 0.0006197148
170585.63 0.0006812305
171499.83 0.0005522413
172414.12 0.0004667594
173328.30000000002 0.0004735604
174242.5 0.000467794
175156.8 0.0003781548
176070.98 0.0003425022
176985.19 0.0003387856
177899.36000000002 0.0003530199
178813.66 0.0003232678
179727.84 0.0003044358
180642.03 0.0002939757
181556.31 0.0002759674
182470.52 0.0002829409
183384.7 0.0002493573
184299.0 0.0002622121
185213.19999999998 0.0002779789
186127.39 0.0003066773
187041.58 0.0004341912
187955.87000000002 0.0003565257
188870.06 0.0002697603
189784.25 0.0002599324
190698.56000000003 0.0002502385
191612.77 0.0002638597
192526.91999999998 0.0002529015
193441.13 0.0002225556
194355.44 0.0002234943
195269.61 0.0002287435
196183.81 0.0002174213
197098.09 0.0002251227
198012.27999999997 0.0002222491
198926.48 0.0002071144
199840.69 0.000212651
200754.96999999997 0.0002078041
201669.16 0.0002298164
202583.34000000003 0.0002141837
203497.66 0.000211923
204945.36000000002 0.000204394
206695.16 0.0002155247
208445.97 0.0002076317
210197.80000000002 0.0001996812
211950.49999999997 0.0002143944
213704.09 0.0002003901
215458.7 0.0001901426
217214.22 0.0002014246
218970.69999999998 0.0002050071
220728.2 0.0002033787
222486.59 0.0001928036
224245.97999999998 0.000204873
226006.27 0.0002079957
227767.55000000002 0.0001926312
229529.81 0.0001884835
231293.0 0.0001935124
233057.19 0.000188972
234822.36000000002 0.000199777
236588.43999999997 0.000191884
238355.59 0.0001876751
240123.56 0.0001921714
241892.61 0.0001873168
243662.69 0.0001873283
245433.63 0.0001838512
247205.56 0.0001840351
248978.53000000003 0.00018174
250752.37999999998 0.0001858053
252527.31 0.0001867785
254303.16 0.0001805292
256080.09 0.0001840332
257857.91 0.000210946
259636.77000000002 0.0002148542
261416.59 0.0001891138
263197.41000000003 0.0001777207
264979.22 0.0001665441
266762.06 0.0001688296
268545.88 0.0001649789
270330.69 0.0001621665
272116.5 0.0001663889
273903.28 0.0001659291
275691.22000000003 0.0001623275
277480.0 0.0001604385
279269.81 0.0001663582
281060.69 0.0001978038
282852.59 0.0001921714
284645.38 0.0001559575
286439.25 0.0001508136
288234.16000000003 0.0001493711
290030.16 0.000152603
291827.13 0.0001542505
293625.0 0.0001518884
295424.06 0.0001577468
297224.03 0.0001508481
299025.06 0.0001504496
300827.13 0.0001465606
302630.19 0.0001518443
304434.38 0.0001467043
306239.5 0.0001548042
308045.66000000003 0.0001496316
309852.91 0.0001575055
311661.28 0.0001502772
313470.59 0.0001468595
315280.94 0.0001525627
317092.27999999997 0.0001530244
318904.81 0.0001469035
320718.24999999994 0.0001572162
322532.84 0.0001623715
324348.38 0.0001504899
326165.09 0.0001557219
327982.84 0.0001570725
329801.5 0.0001631359
331621.34 0.0001689254
333442.25 0.0002429586
335264.22 0.0002638597
337087.28 0.0001562123
338911.34 0.0001609213
340736.44 0.0001511872
342562.62 0.00014248
344390.02999999997 0.0001518022
346218.31 0.0002825385
348047.81 0.0004198804
