100.1 1.527148e-05
101.96000000000001 1.798495e-05
104.10000000000001 1.953638e-05
106.03 2.207346e-05
108.0 2.511363e-05
110.01 3.514859e-05
113.88000000000001 4.274506e-05
117.88 4.9529e-05
120.9 0.0001264501
124.86 0.000147194
126.89 0.0001570026
128.07 0.0001632583
131.05 0.0001781867
131.96 0.000198086
134.1 0.0002084172
136.91 0.0002431431
140.1 0.0002629446
143.03 0.0004528199
147.04 0.0007479826
151.16 0.0008126736
155.04 0.0008889848
159.01 0.0009748133
161.97 0.001037209
166.11999999999998 0.001132121
169.99 0.001215972
173.15 0.001290971
177.19 0.001383235
180.07 0.001451763
182.14999999999998 0.001506288
185.97 0.00160284
191.18 0.001725402
193.83999999999997 0.001810897
197.89000000000001 0.001918313
202.04 0.002022538
204.85 0.002108113
210.10000000000002 0.002172205
215.99 0.002409377
220.01 0.002534377
223.07 0.002599396
227.21 0.002728243
229.84 0.00413907
234.11999999999998 0.006884457
240.11999999999998 0.009160202
246.28 0.008788117
252.01999999999998 0.009373241
256.7 0.007532
260.28 0.009202369
263.9 0.00976987
268.8 0.00981514
273.8 0.009815281
278.89 0.009747624
284.08 0.009837223
290.02 0.00941671
296.1 0.009503839
300.91 0.009034401
307.92 0.009265932
318.01000000000005 0.009525047
327.66999999999996 0.009438105
337.62 0.009266093
347.88 0.009055245
356.81 0.009034275
365.96 0.009117752
375.34999999999997 0.008951217
384.97999999999996 0.008450825
394.84999999999997 0.008647737
404.98 0.008647452
414.40999999999997 0.00847047
422.12 0.008220179
429.97 0.008014686
441.0 0.007959623
451.27 0.007760513
459.66 0.007497151
470.36 0.007326535
480.21000000000004 0.007242812
490.27000000000004 0.006932583
500.53000000000003 0.006932665
506.33 0.00672821
512.19 0.007159696
520.52 0.00696456
530.1899999999999 0.006697255
540.05 0.006293475
550.09 0.00609389
560.3199999999999 0.006250116
569.42 0.006235995
580.01 0.006037965
589.4300000000001 0.005941542
600.39 0.005609071
610.15 0.004964652
620.06 0.005570523
630.14 0.00534423
640.37 0.005356688
649.28 0.005186896
658.32 0.004987487
664.41 0.005056959
675.1999999999999 0.004987623
684.5999999999999 0.004687048
695.7199999999999 0.004763196
705.4000000000001 0.004435091
715.21 0.004580296
726.8299999999999 0.004496768
735.2499999999999 0.004424797
745.48 0.00428432
755.85 0.004177377
764.6 0.003792304
775.24 0.004007625
784.21 0.003827295
795.12 0.003827204
804.33 0.003783527
815.52 0.003722919
824.96 0.003663593
834.52 0.003333347
844.1800000000001 0.003506765
855.92 0.003419037
865.8299999999999 0.003387567
875.86 0.003333354
886.0 0.003265162
894.2 0.00321281
904.55 0.003132599
915.03 0.003139798
925.62 0.005258966
934.19 0.007445418
945.01 0.00954748
955.95 0.01071263
964.79 0.01153188
975.96 0.006024304
985.0 0.01018333
994.11 0.009747428
1005.62 0.01126926
1014.93 0.01111462
1024.32 0.007093976
1036.18 0.009680307
1045.76 0.01252857
1055.44 0.01213094
1065.21 0.01066313
1075.06 0.01145258
1085.01 0.009658164
1095.05 0.01147882
1105.18 0.01096238
1115.41 0.01071271
1125.73 0.00974751
1136.1499999999999 0.01096214
1144.02 0.01037269
1154.61 0.01042077
1165.29 0.01037275
1176.07 0.007978112
1184.22 0.009883241
1195.18 0.008450892
1206.24 0.007242683
1214.6 0.005174833
1225.84 0.008051772
1234.34 0.009438334
1245.76 0.009725236
1254.3899999999999 0.009460204
1266.0 0.008951451
1274.78 0.009792474
1283.6100000000001 0.009883253
1295.49 0.008667525
1304.47 0.008627605
1313.51 0.009547629
1325.6699999999998 0.009180959
1334.86 0.008529021
1344.1100000000001 0.009202311
1356.54 0.008972117
1365.95 0.008373294
1375.42 0.00841177
1384.95 0.008373311
1394.55 0.007077683
1404.2199999999998 0.007045226
1413.9499999999998 0.007832389
1423.75 0.007707226
1433.62 0.007778437
1443.5600000000002 0.007904835
1446.89 0.007886682
1453.5600000000002 0.007671669
1463.6399999999999 0.007309765
1473.7900000000002 0.007259384
1484.0 0.00727596
1494.29 0.007209355
1504.6499999999999 0.006916698
1511.59 0.006425394
1518.57 0.006620484
1525.58 0.006529642
1536.15 0.005873541
1543.2399999999998 0.005766375
1553.94 0.005596107
1564.71 0.00585992
1575.56 0.006107867
1586.48 0.00619286
1593.8 0.006250227
1604.85 0.00605192
1615.9699999999998 0.005996392
1623.4299999999998 0.005806264
1634.68 0.005996408
1646.02 0.005996328
1653.6100000000001 0.005753009
1665.08 0.006010163
1672.76 0.005557586
1676.6200000000001 0.006293446
1684.3600000000001 0.006337202
1696.03 0.006010221
1703.8600000000001 0.005887168
1715.67 0.00580624
1723.5900000000001 0.005792878
1735.5400000000002 0.006121934
1743.5500000000002 0.005982785
1755.6299999999999 0.006322561
1763.74 0.005806216
1775.96 0.005982806
1784.1599999999999 0.00609386
1796.53 0.00657498
1804.82 0.006455089
1813.15 0.006178591
1825.72 0.006207112
1834.1499999999999 0.006038037
1846.86 0.0054062
1855.39 0.005739805
1863.95 0.006178569
1876.87 0.006293495
1885.53 0.006038066
1894.24 0.006178572
1902.98 0.006250179
1916.17 0.006264698
1925.02 0.005873512
1933.9 0.005222654
1942.8300000000002 0.006605292
1956.29 0.006440149
1965.3200000000002 0.007192797
1974.4 0.006980643
1983.51 0.007093941
1997.2599999999998 0.007061534
2006.48 0.006884736
2015.74 0.006964557
2025.04 0.006484807
2034.39 0.0071928
2043.78 0.007724913
2053.21 0.007275989
2062.69 0.007159694
2072.21 0.00808895
2076.99 0.01042076
2086.58 0.01153168
2096.21 0.01076208
2105.88 0.01032518
2115.6 0.01126929
2125.37 0.01039669
2135.1800000000003 0.009702773
2145.03 0.01158504
2154.94 0.01158498
2164.88 0.01037274
2174.8700000000003 0.01049289
2184.91 0.01227159
2195.0 0.01255731
2205.1299999999997 0.01210306
2215.31 0.009997634
2225.53 0.01103815
2235.81 0.01386423
2246.13 0.01311886
2256.49 0.01059007
2266.91 0.01011348
2277.37 0.01088679
2282.62 0.01361121
2293.16 0.0116115
2303.74 0.01360899
2314.38 0.01201609
2325.06 0.009698276
2335.79 0.0090705
2346.57 0.006769679
2357.41 0.01128513
2362.84 0.007268909
2373.75 0.009086764
2384.7 0.005934076
2395.71 0.00714948
2406.77 0.007115484
2412.32 0.008131722
2423.4500000000003 0.01276757
2434.6400000000003 0.01267782
2445.87 0.01485863
2457.16 0.01548505
2462.83 0.01386356
2474.2 0.01221251
2485.62 0.008447918
2497.0899999999997 0.009631181
2502.85 0.01427724
2514.4 0.007220652
2520.2000000000003 0.00585516
2526.0 0.006390067
2537.66 0.009493638
2543.5099999999998 0.01003235
2555.25 0.01653206
2567.05 0.0127719
2572.97 0.01593029
2584.8399999999997 0.01429405
2596.77 0.01294439
2602.76 0.01124732
2614.77 0.01013866
2626.8399999999997 0.01370568
2632.9 0.02222632
2645.0499999999997 0.0298392
2657.26 0.03996981
2663.39 0.02671147
2675.68 0.03010186
2688.03 0.03439903
2694.23 0.02538108
2706.6600000000003 0.03086128
2712.8999999999996 0.02266601
2725.42 0.01876361
2738.0 0.0234003
2744.32 0.01346472
2756.98 0.01816047
2763.34 0.02355439
2776.09 0.02529277
2782.4900000000002 0.01531002
2795.34 0.006806109
2801.7799999999997 0.008238716
2814.7100000000005 0.02237595
2827.71 0.0321892
2834.2200000000003 0.03017681
2847.31 0.02231441
2853.87 0.01335212
2867.04 0.03009298
2873.6499999999996 0.03948476
2886.92 0.03616886
2893.5699999999997 0.04328313
2906.93 0.0578401
2927.0800000000004 0.05082784
2947.3700000000003 0.04720381
2967.7999999999997 0.04907604
2988.3700000000003 0.04997338
3009.08 0.0503067
3029.94 0.05339368
3050.9399999999996 0.05615165
3072.09 0.06029018
3093.39 0.05876465
3107.66 0.06699192
3129.21 0.06221409
3150.8999999999996 0.06176768
3172.74 0.06817702
3187.38 0.05977811
3209.48 0.06613265
3231.7200000000003 0.05666182
3246.64 0.07783872
3269.14 0.09037624
3291.81 0.08869902
3307.0 0.08333427
3322.26 0.07686629
3329.92 0.08663448
3337.6 0.0823466
3345.2900000000004 0.08158294
3353.0 0.07543208
3360.74 0.08639819
3368.48 0.08364969
3376.25 0.06567701
3384.03 0.0703662
3391.83 0.08537192
3399.65 0.08775397
3407.4900000000002 0.08555063
3415.34 0.08225817
3423.21 0.09730475
3431.11 0.0929143
3439.02 0.0920509
3446.94 0.06222778
3454.89 0.09076828
3462.85 0.07531618
3470.84 0.08469175
3478.84 0.06804534
3486.86 0.08274504
3494.9 0.07476521
3502.9500000000003 0.0917585
3511.03 0.09174946
3519.12 0.09089735
3527.23 0.07087625
3535.36 0.09087702
3543.52 0.1043274
3551.68 0.1007743
3559.87 0.09490897
3568.08 0.08917683
3576.3 0.07892426
3584.55 0.06027619
3592.81 0.07196197
3601.09 0.1044845
3609.39 0.08491885
3617.71 0.09331577
3626.05 0.09725245
3634.4100000000003 0.08333918
3642.7900000000004 0.1134502
3651.19 0.08664531
3659.6 0.1198685
3668.04 0.1157845
3676.4999999999995 0.1209473
3684.9700000000003 0.1024582
3693.47 0.1128494
3701.9800000000005 0.1214639
3710.52 0.08479848
3719.0699999999997 0.1254118
3727.64 0.0984674
3736.23 0.08496425
3744.85 0.1071968
3753.48 0.06809779
3762.13 0.08691318
3770.81 0.09269009
3779.5 0.1142817
3788.21 0.1285054
3796.9399999999996 0.09679931
3805.7000000000003 0.1106145
3814.47 0.1190595
3823.26 0.08604285
3832.08 0.07106432
3840.9100000000003 0.06555472
3849.7599999999998 0.1029321
3858.64 0.09874146
3867.53 0.1070136
3876.4500000000003 0.08519061
3885.3900000000003 0.09382763
3886.15 0.1275578
3887.92 0.1310346
3889.69 0.1213841
3891.4500000000003 0.1181077
3893.22 0.1465918
3894.99 0.1328866
3896.76 0.1545579
3898.53 0.1529415
3900.2999999999997 0.1365853
3902.07 0.1487032
3903.84 0.1248567
3905.61 0.1289901
3907.37 0.1282635
3909.14 0.1257429
3910.9100000000003 0.165126
3912.68 0.168874
3914.45 0.1374103
3916.2200000000003 0.1419879
3917.9900000000002 0.1314676
3919.7599999999998 0.131069
3921.5299999999997 0.1222524
3923.3 0.1208134
3925.0600000000004 0.1125527
3926.83 0.08071938
3928.6 0.06153654
3930.3700000000003 0.06400247
3932.14 0.05319849
3933.91 0.07365034
3935.68 0.07144946
3937.4500000000003 0.07029147
3939.22 0.08731615
3940.99 0.1101477
3942.75 0.09411834
3944.5200000000004 0.125394
3946.29 0.1307973
3948.06 0.1348491
3949.83 0.1365129
3951.6 0.1230026
3953.37 0.1341285
3955.14 0.133396
3956.9100000000003 0.1260827
3958.68 0.1304609
3960.44 0.1097199
3962.21 0.08100916
3963.9799999999996 0.07231549
3965.75 0.05851564
3967.52 0.05192484
3969.29 0.06900208
3971.06 0.07826677
3972.83 0.09244987
3974.6 0.1029655
3976.3599999999997 0.1132284
3978.13 0.1368482
3979.9 0.1375306
3981.67 0.1342417
3983.4399999999996 0.1432598
3985.21 0.1487553
3986.98 0.1549042
3988.75 0.1536784
3990.52 0.1621858
3992.29 0.1532634
3994.05 0.1665469
3995.8199999999997 0.1692533
3997.5899999999997 0.1648832
3999.36 0.1563755
4001.13 0.1636637
4002.8999999999996 0.1604457
4004.67 0.1500924
4006.44 0.1678089
4008.21 0.1657619
4009.98 0.1598651
4011.74 0.1694362
4013.51 0.1714536
4015.2799999999997 0.1773465
4017.0499999999997 0.1656515
4018.82 0.1622205
4020.59 0.1676842
4022.3599999999997 0.1618576
4024.13 0.1727629
4025.9 0.1743564
4027.6600000000003 0.1501088
4029.43 0.152414
4031.2 0.1583174
4032.9700000000003 0.1569375
4034.74 0.1648262
4036.5099999999998 0.1664198
4038.28 0.1601241
4040.05 0.1634687
4041.8199999999997 0.1551537
4043.59 0.1600825
4045.35 0.1487109
4047.1200000000003 0.1416484
4048.89 0.154014
4050.66 0.1548045
4052.4300000000003 0.162005
4054.2 0.1653271
4055.97 0.1628547
4057.7400000000002 0.1528482
4059.51 0.1460448
4061.2799999999997 0.1442343
4063.04 0.1573296
4064.81 0.1582682
4066.5800000000004 0.1522913
4068.35 0.1452748
4070.12 0.1550991
4071.8900000000003 0.1446695
4073.66 0.1535215
4075.43 0.1578619
4077.2000000000003 0.1439074
4078.9700000000003 0.1585302
4080.73 0.1792429
4082.5 0.1764601
4084.27 0.1728583
4086.0400000000004 0.1771103
4087.81 0.1718232
4089.58 0.1779124
4091.3500000000004 0.1829078
4093.12 0.1721986
4094.89 0.1656854
4096.66 0.1532561
4098.42 0.1500751
4100.1900000000005 0.151532
4101.96 0.1589546
4103.73 0.1607196
4105.5 0.1564024
4107.27 0.1695899
4109.04 0.1708639
4110.8099999999995 0.1633391
4112.58 0.1751698
4114.34 0.1820585
4116.11 0.1761812
4117.88 0.1704521
4119.650000000001 0.180265
4121.42 0.174452
4123.19 0.1727177
4124.96 0.1769743
4126.7300000000005 0.170986
4128.5 0.1629294
4130.2699999999995 0.1631034
4132.03 0.1663454
4133.8 0.1659551
4135.57 0.1743568
4137.34 0.1670004
4139.11 0.1663087
4140.88 0.1710049
4142.65 0.159396
4144.42 0.1581113
4146.1900000000005 0.1584575
4147.96 0.1632126
4149.72 0.1671337
4151.49 0.1687228
4153.259999999999 0.161692
4155.03 0.1656947
4156.8 0.1746667
4158.57 0.1747781
4160.34 0.1772125
4162.11 0.1779258
4163.88 0.1735905
4165.650000000001 0.1696919
4167.41 0.1737113
4169.18 0.1741255
4170.95 0.1776137
4172.719999999999 0.1676684
4174.49 0.1653116
4176.26 0.1680625
4178.03 0.1646474
4179.8 0.1623057
4181.57 0.1795032
4183.34 0.1789006
4185.1 0.1730401
4186.87 0.1805262
4188.64 0.1778922
4190.41 0.1844287
4192.179999999999 0.1869823
4193.95 0.1817383
4195.72 0.1722099
4197.49 0.1702634
4199.26 0.1762574
4201.0199999999995 0.1731921
4202.79 0.1774026
4204.56 0.1869057
4206.33 0.1925779
4208.1 0.1750614
4209.87 0.1906
4211.639999999999 0.1924511
4213.41 0.1894394
4215.18 0.1924236
4216.95 0.1992616
4218.71 0.1934804
4220.48 0.1948723
4222.25 0.1810468
4224.02 0.1688291
4225.79 0.1777128
4227.56 0.1723916
4229.33 0.1719288
4231.099999999999 0.1882401
4232.87 0.1934236
4234.64 0.1931919
4236.400000000001 0.19577
4238.17 0.1956652
4239.94 0.2006787
4241.71 0.2062375
4243.4800000000005 0.2044293
4245.25 0.2040978
4247.02 0.202625
4248.79 0.193781
4250.5599999999995 0.1892169
4252.32 0.1956266
4254.09 0.1875631
4255.860000000001 0.1855205
4257.63 0.1951779
4259.4 0.2011003
4261.17 0.2013422
4262.9400000000005 0.2068656
4264.71 0.2046054
4266.4800000000005 0.1919413
4268.25 0.1864811
4270.01 0.1697609
4271.78 0.1724166
4273.55 0.1756261
4275.320000000001 0.173536
4277.09 0.1823479
4278.86 0.1931806
4280.63 0.184478
4282.400000000001 0.1873431
4284.17 0.1893437
4285.94 0.1779895
4287.7 0.1774662
4289.47 0.1686911
4291.24 0.1705876
4293.01 0.1683238
4294.780000000001 0.1643095
4296.55 0.1673513
4298.32 0.1533242
4300.09 0.1319594
4301.860000000001 0.1388715
4303.63 0.1386836
4305.39 0.1313527
4307.16 0.1320685
4308.93 0.1419864
4310.7 0.1494128
4312.47 0.1767614
4314.24 0.1896112
4316.01 0.2013627
4317.78 0.2098384
4319.55 0.202643
4321.3099999999995 0.20088
4323.08 0.1931203
4324.85 0.183082
4326.62 0.190593
4328.389999999999 0.2059979
4330.16 0.2008368
4331.93 0.2261344
4333.7 0.2094601
4335.47 0.2052382
4337.24 0.195576
4339.0 0.20632
4340.7699999999995 0.2012313
4342.54 0.1889524
4344.31 0.2119306
4346.08 0.2086832
4347.849999999999 0.207776
4349.62 0.2098139
4351.39 0.199524
4353.16 0.2020671
4354.93 0.2084224
4356.69 0.2082165
4358.46 0.2164551
4360.23 0.2234961
4362.0 0.2246365
4363.77 0.2310791
4365.54 0.2204412
4367.3099999999995 0.2100855
4369.08 0.2135783
4370.85 0.2106926
4372.62 0.1966528
4374.38 0.1985796
4376.15 0.2035659
4377.92 0.191311
4379.69 0.1960299
4381.46 0.1821079
4383.2300000000005 0.1828054
4385.0 0.1771398
4386.7699999999995 0.1844732
4388.54 0.1896477
4390.3 0.1969458
4392.07 0.2022494
4393.84 0.2124656
4395.61 0.2081848
4397.38 0.2014167
4399.15 0.212724
4400.92 0.2100672
4402.6900000000005 0.1947764
4404.46 0.1960119
4406.23 0.1947943
4407.99 0.2075801
4409.76 0.2071965
4411.53 0.2143496
4413.3 0.2185712
4415.07 0.2153306
4416.84 0.2196724
4418.61 0.2166471
4420.38 0.2229651
4422.150000000001 0.2187115
4423.92 0.2160366
4425.68 0.2244416
4427.45 0.2261667
4429.22 0.2226169
4430.99 0.2195735
4432.76 0.2129959
4434.53 0.2220028
4436.3 0.2251093
4438.07 0.2269319
4439.84 0.2335717
4441.6 0.2282697
4443.37 0.2330511
4445.14 0.2328476
4446.91 0.2387168
4448.68 0.2377426
4450.45 0.2315784
4452.22 0.2340708
4453.99 0.2255995
4455.76 0.2195839
4457.53 0.2148566
4459.29 0.2138847
4461.06 0.212711
4462.83 0.2148521
4464.6 0.2229163
4466.37 0.229266
4468.14 0.2373346
4469.91 0.2341837
4471.68 0.2495501
4473.45 0.2456059
4475.219999999999 0.2584793
4476.98 0.2546053
4478.75 0.2494599
4480.52 0.2473073
4482.29 0.2509554
4484.06 0.2435901
4485.83 0.2460371
4487.6 0.2472613
4489.37 0.2458555
4491.14 0.2505926
4492.91 0.2432941
4494.67 0.2483044
4496.44 0.25091
4498.21 0.2579361
4499.9800000000005 0.2551716
4501.75 0.2535164
4503.5199999999995 0.2699254
4505.29 0.2776982
4507.06 0.26265
4508.83 0.2685644
4510.6 0.2669558
4512.360000000001 0.2584573
4514.13 0.2638063
4515.9 0.2589782
4517.67 0.2672056
4519.4400000000005 0.2618109
4521.21 0.259341
4522.98 0.2442462
4524.75 0.2452891
4526.52 0.2458108
4528.28 0.2358845
4530.05 0.227046
4531.82 0.2295837
4533.59 0.235114
4535.36 0.235544
4537.13 0.2437486
4538.900000000001 0.2521108
4540.67 0.250842
4542.44 0.2615159
4544.21 0.2591593
4545.969999999999 0.2530632
4547.74 0.2475562
4549.51 0.2491432
4551.28 0.2497997
4553.05 0.2541062
4554.82 0.2516351
4556.59 0.2592732
4558.360000000001 0.2671594
4560.13 0.2653694
4561.9 0.2699014
4563.66 0.2701296
4565.429999999999 0.2699022
4567.2 0.262401
4568.97 0.267069
4570.74 0.2763388
4572.51 0.2665485
4574.28 0.2615391
4576.05 0.263194
4577.820000000001 0.2660262
4579.59 0.258253
4581.35 0.2573242
4583.12 0.2575512
4584.889999999999 0.263851
4586.66 0.264418
4588.43 0.2638507
4590.2 0.2679759
4591.97 0.2693349
4593.74 0.2537654
4595.51 0.2529942
4597.280000000001 0.257346
4599.04 0.2610191
4600.81 0.2600212
4602.58 0.2620159
4604.349999999999 0.2653468
4606.12 0.2689281
4607.89 0.2748878
4609.66 0.274707
4611.43 0.2812334
4613.2 0.277449
4614.97 0.2737314
4616.73 0.2818013
4618.5 0.2796487
4620.27 0.2743446
4622.04 0.2792857
4623.8099999999995 0.2770639
4625.58 0.2713304
4627.35 0.2798059
4629.12 0.2814834
4630.889999999999 0.2747742
4632.65 0.2672288
4634.42 0.2670921
4636.19 0.2667072
4637.96 0.2654826
4639.7300000000005 0.2677494
4641.5 0.2633972
4643.2699999999995 0.2597488
4645.04 0.2588426
4646.81 0.2564396
4648.58 0.256576
4650.34 0.2549673
4652.11 0.260203
4653.88 0.2601343
4655.65 0.2634436
4657.42 0.2655506
4659.1900000000005 0.2734833
4660.96 0.2616974
4662.73 0.2646214
4664.5 0.2595667
4666.27 0.2438612
4668.030000000001 0.246537
4669.8 0.2474202
4671.57 0.2529279
4673.34 0.2579359
4675.11 0.2627863
4676.88 0.2580035
4678.65 0.2557829
4680.42 0.254309
4682.19 0.2545587
4683.96 0.2508186
4685.72 0.2620839
4687.490000000001 0.2614712
4689.26 0.2608824
4691.03 0.2635107
4692.8 0.2614487
4694.57 0.251341
4696.34 0.2551479
4698.11 0.2537885
4699.88 0.2697883
4701.64 0.2564409
4703.41 0.2502529
4705.18 0.247715
4706.95 0.2471704
4708.72 0.2526101
4710.49 0.2548531
4712.26 0.2481451
4714.03 0.2546489
4715.8 0.2601339
4717.57 0.2629672
4719.33 0.2692681
4721.099999999999 0.2744132
4722.87 0.2718969
4724.64 0.2704014
4726.41 0.2658226
4728.18 0.2556923
4729.95 0.2562355
4731.72 0.2549215
4733.49 0.2543089
4735.26 0.256689
4737.02 0.2589557
4738.79 0.2579363
4740.5599999999995 0.2665035
4742.33 0.2658909
4744.1 0.2685203
4745.87 0.2785596
4747.64 0.2802824
4749.41 0.2760209
4751.18 0.2720779
4752.94 0.2722596
4754.71 0.2729626
4756.4800000000005 0.2684065
4758.25 0.2596813
4760.0199999999995 0.2579582
4761.79 0.2595677
4763.56 0.2584565
4765.33 0.2532895
4767.1 0.2541511
4768.87 0.2568928
4770.63 0.2682941
4772.4 0.2720783
4774.17 0.2741184
4775.9400000000005 0.2728485
4777.71 0.262401
4779.48 0.2653012
4781.25 0.2657322
4783.02 0.259159
4784.79 0.2602019
4786.56 0.2693346
4788.32 0.2650075
4790.09 0.256169
4791.86 0.2634887
4793.63 0.2739144
4795.400000000001 0.2800329
4797.17 0.282277
4798.94 0.2774036
4800.71 0.2691544
4802.4800000000005 0.2634651
4804.25 0.2684515
4806.01 0.2711036
4807.78 0.2717159
4809.55 0.27031
4811.32 0.2742539
4813.09 0.2780834
4814.860000000001 0.2774945
4816.63 0.2755005
4818.4 0.2795112
4820.17 0.2809168
4821.9400000000005 0.2738904
4823.7 0.2655742
4825.47 0.2647577
4827.24 0.2651887
4829.01 0.2697661
4830.78 0.27371
4832.55 0.2696978
4834.32 0.2679304
4836.09 0.2661619
4837.86 0.271171
4839.63 0.264055
4841.389999999999 0.2596813
4843.16 0.2618347
4844.93 0.267296
4846.7 0.2711719
4848.469999999999 0.2725083
4850.24 0.270061
4852.01 0.2657996
4853.78 0.2569612
4855.55 0.2491642
4857.31 0.2423437
4859.08 0.2373571
4860.849999999999 0.2362016
4862.62 0.2312612
4864.39 0.236224
4866.16 0.2400092
4867.929999999999 0.2449492
4869.7 0.2449723
4871.47 0.2539918
4873.24 0.2545587
4875.0 0.2563722
4876.77 0.2573471
4878.54 0.2630577
4880.3099999999995 0.2662537
4882.08 0.2675675
4883.85 0.2644177
4885.62 0.2558964
4887.389999999999 0.2501392
4889.16 0.2544456
4890.93 0.2661394
4892.6900000000005 0.2671382
4894.46 0.278628
4896.23 0.2847703
4898.0 0.2789676
4899.7699999999995 0.2808945
4901.54 0.2814377
4903.31 0.2804182
4905.08 0.2747969
4906.849999999999 0.2798966
4908.61 0.2734605
4910.38 0.2735969
4912.150000000001 0.2743226
4913.92 0.2672507
4915.69 0.2650754
4917.46 0.2585476
4919.23 0.2565989
4921.0 0.2593405
4922.77 0.2617886
4924.54 0.2594082
4926.3 0.2729173
4928.07 0.2797837
4929.84 0.2823224
4931.610000000001 0.2815738
4933.38 0.2763616
4935.15 0.2778125
4936.92 0.2634202
4938.69 0.2693132
4940.46 0.2762929
4942.2300000000005 0.2742989
4943.99 0.2837954
4945.76 0.2900057
4947.53 0.2825713
4949.3 0.2811213
4951.070000000001 0.2818231
4952.84 0.2745257
4954.61 0.2754996
4956.38 0.2652333
4958.15 0.2671817
4959.91 0.2639422
4961.68 0.2647585
4963.45 0.2743899
4965.22 0.2703109
4966.99 0.2652335
4968.76 0.2686788
4970.530000000001 0.2678169
4972.3 0.2725086
4974.07 0.2711254
4975.84 0.2667064
4977.599999999999 0.2682706
4979.37 0.2539475
4981.14 0.2536295
4982.91 0.2525647
4984.68 0.2523158
4986.45 0.2511593
4988.22 0.2526328
4989.990000000001 0.2636467
4991.76 0.2625366
4993.53 0.2715334
4995.29 0.2612455
4997.0599999999995 0.2611315
4998.83 0.2557832
5000.599999999999 0.2502073
5002.370000000001 0.2436805
5004.14 0.2457423
5005.91 0.2498221
5007.68 0.2461509
5009.45 0.2430454
5011.219999999999 0.2345015
5012.9800000000005 0.2374935
5014.75 0.2346382
5016.5199999999995 0.2378105
5018.29 0.2382641
5020.0599999999995 0.2397593
5021.830000000001 0.2418674
5023.6 0.2408922
5025.37 0.2444734
5027.14 0.2550341
5028.91 0.2595898
5030.67 0.2571662
5032.4400000000005 0.256667
5034.21 0.2550129
5035.98 0.2455615
5037.75 0.2410744
5039.5199999999995 0.2461052
5041.290000000001 0.241822
5043.06 0.2486205
5044.83 0.2515445
5046.589999999999 0.2538112
5048.36 0.2561233
5050.13 0.2516353
5051.900000000001 0.2569162
5053.67 0.2613803
5055.44 0.2639871
5057.21 0.2703559
5058.98 0.2680209
5060.750000000001 0.2643951
5062.52 0.2606322
5064.28 0.2576647
5066.049999999999 0.2538565
5067.82 0.2594549
5069.59 0.2540376
5071.360000000001 0.2537433
5073.13 0.2507284
5074.9 0.2469666
5076.67 0.2524505
5078.44 0.2472382
5080.209999999999 0.243907
5081.97 0.247171
5083.74 0.24112
5085.509999999999 0.2494371
5087.28 0.2527917
5089.05 0.2610407
5090.820000000001 0.2599531
5092.59 0.2547172
5094.36 0.2605874
5096.13 0.2581391
5097.89 0.2561914
5099.66 0.2481678
5101.43 0.2461964
5103.2 0.2485301
5104.969999999999 0.2451536
5106.74 0.2443833
5108.51 0.2464452
5110.280000000001 0.2500264
5112.05 0.2508643
5113.82 0.26163
5115.59 0.2637144
5117.35 0.2577325
5119.12 0.2548989
5120.89 0.2507745
5122.66 0.2455612
5124.429999999999 0.2489384
5126.2 0.2461955
5127.969999999999 0.2418671
5129.740000000001 0.2402583
5131.51 0.2439972
5133.28 0.2417085
5135.04 0.248372
5136.81 0.2524971
5138.58 0.2482584
5140.35 0.2501851
5142.12 0.2432268
5143.889999999999 0.247284
5145.66 0.2390564
5147.429999999999 0.2396233
5149.200000000001 0.2388068
5150.96 0.2412331
5152.73 0.2446784
5154.5 0.2473294
5156.2699999999995 0.2510693
5158.04 0.248213
5159.81 0.2508651
5161.58 0.2419803
5163.349999999999 0.2317366
5165.12 0.2171837
5166.889999999999 0.2083088
5168.650000000001 0.1936548
5170.42 0.1886124
5172.19 0.1923854
5173.96 0.1986069
5175.73 0.209664
5177.5 0.2187479
5179.27 0.2110969
5181.04 0.218197
5182.8099999999995 0.2140928
5184.58 0.208644
5186.34 0.2198523
5188.110000000001 0.2341844
5189.88 0.2382868
5191.65 0.2434309
5193.42 0.2445644
5195.19 0.2398724
5196.96 0.2584117
5198.7300000000005 0.2519066
5200.5 0.2500258
5202.259999999999 0.2563504
5204.03 0.2470803
5205.8 0.2380377
5207.570000000001 0.2376065
5209.34 0.2420263
5211.11 0.2433176
5212.88 0.2534485
5214.65 0.260179
5216.42 0.265324
5218.1900000000005 0.2664566
5219.95 0.2662766
5221.719999999999 0.2653241
5223.49 0.2625595
5225.26 0.254332
5227.030000000001 0.2582985
5228.8 0.2550806
5230.57 0.262423
5232.34 0.2673188
5234.11 0.2682926
5235.88 0.2708313
5237.64 0.2827075
5239.41 0.2832291
5241.179999999999 0.2839763
5242.95 0.2827529
5244.72 0.2780835
5246.490000000001 0.2704688
5248.26 0.270083
5250.03 0.2657092
5251.8 0.2645764
5253.57 0.272984
5255.33 0.2685433
5257.1 0.2700157
5258.87 0.271308
5260.639999999999 0.2630804
5262.41 0.2544232
5264.18 0.2418215
5265.950000000001 0.2393969
5267.72 0.2369486
5269.49 0.2317589
5271.25 0.2424112
5273.02 0.2519077
5274.79 0.2558062
5276.56 0.2701064
5278.33 0.2732344
5280.099999999999 0.2747748
5281.87 0.2771096
5283.639999999999 0.2804631
5285.410000000001 0.2779252
5287.18 0.2879418
5288.94 0.2903457
5290.709999999999 0.2919314
5292.4800000000005 0.2891442
5294.25 0.2846108
5296.02 0.2774494
5297.79 0.2786737
5299.5599999999995 0.2704234
5301.33 0.2822995
5303.099999999999 0.2839306
5304.870000000001 0.2841576
5306.63 0.284362
5308.4 0.2845891
5310.169999999999 0.284815
5311.9400000000005 0.2850193
5313.71 0.2852453
5315.4800000000005 0.2854497
5317.25 0.2856756
5319.0199999999995 0.2859026
5320.79 0.2814146
5322.5599999999995 0.2761343
5324.32 0.2648718
5326.09 0.2594772
5327.86 0.2588203
5329.629999999999 0.2592956
5331.4 0.2728036
5333.17 0.2725083
5334.9400000000005 0.2805996
5336.71 0.2810522
5338.48 0.274956
5340.240000000001 0.2777667
5342.01 0.2751155
5343.78 0.278877
5345.55 0.2792626
5347.32 0.2835465
5349.089999999999 0.281982
5350.86 0.2859485
5352.63 0.2905486
5354.400000000001 0.2970535
5356.17 0.2978459
5357.929999999999 0.2972355
5359.7 0.295671
5361.47 0.2931784
5363.24 0.285404
5365.01 0.2837954
5366.78 0.2790353
5368.549999999999 0.2724405
5370.32 0.2747289
5372.09 0.2790128
5373.860000000001 0.2783332
5375.62 0.2820504
5377.389999999999 0.2869008
5379.16 0.2881013
5380.93 0.2920225
5382.7 0.2953987
5384.47 0.2895972
5386.24 0.2862876
5388.009999999999 0.2792623
5389.78 0.2744116
5391.54 0.2728492
5393.31 0.2675226
5395.08 0.2652792
5396.849999999999 0.269767
5398.62 0.2709902
5400.39 0.2659138
5402.16 0.2641908
5403.93 0.2639645
5405.7 0.2667742
5407.469999999999 0.2675904
5409.2300000000005 0.2643725
5411.0 0.2673192
5412.77 0.2745029
5414.54 0.2803052
5416.3099999999995 0.2836135
5418.08 0.2856989
5419.85 0.2840675
5421.62 0.2900047
5423.39 0.2890306
5425.16 0.2860836
5426.919999999999 0.280759
5428.6900000000005 0.2755004
5430.46 0.2760674
5432.2300000000005 0.276316
5434.0 0.2710584
5435.7699999999995 0.2755678
5437.54 0.274367
5439.31 0.2748423
5441.08 0.2753186
5442.85 0.2757949
5444.61 0.2762939
5446.379999999999 0.2767702
5448.150000000001 0.2772682
5449.92 0.2777444
5451.6900000000005 0.2742309
5453.46 0.2691319
5455.23 0.2738907
5457.0 0.2759988
5458.7699999999995 0.2787178
5460.54 0.2756585
5462.3 0.2754323
5464.07 0.2778577
5465.839999999999 0.2786956
5467.610000000001 0.2774041
5469.38 0.2790589
5471.150000000001 0.2762027
5472.92 0.2691999
5474.69 0.2696299
5476.46 0.2685424
5478.22 0.2606557
5479.99 0.2664353
5481.76 0.2656415
5483.53 0.2739368
5485.299999999999 0.277585
5487.07 0.2779027
5488.84 0.278106
5490.610000000001 0.2797608
5492.38 0.2825262
5494.15 0.2847466
5495.910000000001 0.2798752
5497.68 0.2805092
5499.45 0.2787417
5501.22 0.2764067
5502.99 0.2748207
5504.759999999999 0.2756133
5506.53 0.2770641
5508.3 0.2728027
5510.070000000001 0.2715792
5511.84 0.2730064
5513.599999999999 0.2739369
5515.370000000001 0.2797835
5517.14 0.2833874
5518.91 0.2826626
5520.68 0.2844523
5522.45 0.2818463
5524.219999999999 0.2830016
5525.99 0.2856309
5527.76 0.283704
5529.530000000001 0.2790129
5531.29 0.27269
5533.0599999999995 0.2818692
5534.83 0.2870359
5536.6 0.2844753
5538.37 0.2898685
5540.14 0.2829565
5541.91 0.2918864
5543.679999999999 0.2885995
5545.45 0.2879879
5547.21 0.287399
5548.9800000000005 0.2867875
5550.75 0.2861749
5552.5199999999995 0.2855634
5554.289999999999 0.2849735
5556.06 0.2834553
5557.83 0.2818003
5559.6 0.2801462
5561.37 0.2784911
5563.139999999999 0.276837
5564.900000000001 0.2751839
5566.67 0.2827529
5568.4400000000005 0.2818241
5570.21 0.280509
5571.98 0.2759539
5573.749999999999 0.2797155
5575.52 0.283614
5577.29 0.2882821
5579.06 0.2854948
5580.83 0.2806214
5582.589999999999 0.2782658
5584.360000000001 0.2751376
5586.13 0.2704238
5587.9 0.2660945
5589.67 0.2660948
5591.44 0.2653246
5593.209999999999 0.2679303
5594.9800000000005 0.2739819
5596.75 0.2761343
5598.51 0.2697672
5600.28 0.2648031
5602.049999999999 0.2776312
5603.820000000001 0.2830019
5605.59 0.2790814
5607.36 0.2797153
5609.13 0.2862655
5610.9 0.2869221
5612.669999999999 0.2828883
5614.4400000000005 0.2789452
5616.2 0.2828664
5617.97 0.2762036
5619.74 0.2753871
5621.509999999999 0.2797162
5623.280000000001 0.2737324
5625.05 0.2765431
5626.82 0.2758625
5628.59 0.2781745
5630.36 0.282276
5632.129999999999 0.2810979
5633.9 0.280644
5635.66 0.2807813
5637.43 0.28035
5639.2 0.2806677
5640.969999999999 0.2789456
5642.740000000001 0.278605
5644.51 0.2821863
5646.28 0.2777662
5648.05 0.2837272
5649.82 0.2818907
5651.580000000001 0.2805322
5653.35 0.285155
5655.12 0.2820277
5656.89 0.2800327
5658.66 0.2748204
5660.429999999999 0.2702653
5662.2 0.2701514
5663.97 0.2730301
5665.74 0.276225
5667.51 0.2806675
5669.2699999999995 0.279376
5671.040000000001 0.2799882
5672.81 0.2895517
5674.58 0.290232
5676.35 0.2861292
5678.12 0.2878747
5679.889999999999 0.2867408
5681.66 0.2839083
5683.43 0.2795789
5685.2 0.2805764
5686.96 0.2826175
5688.73 0.2820049
5690.499999999999 0.2866967
5692.27 0.2866734
5694.04 0.2843167
5695.81 0.2829789
5697.58 0.2789905
5699.349999999999 0.280123
5701.12 0.2796701
5702.88 0.2792399
5704.65 0.2788096
5706.42 0.2783557
5708.19 0.2779028
5709.959999999999 0.2774725
5711.7300000000005 0.2762707
5713.5 0.2869004
5715.27 0.2780836
5717.04 0.2866281
5718.8099999999995 0.2909789
5720.570000000001 0.2963063
5722.34 0.2924301
5724.11 0.2949235
5725.88 0.2981412
5727.65 0.291229
5729.419999999999 0.2908884
5731.1900000000005 0.2924979
5732.96 0.2870364
5734.7300000000005 0.2890754
5736.5 0.2890078
5738.259999999999 0.2912746
5740.030000000001 0.2920228
5741.8 0.2956484
5743.57 0.2906174
5745.34 0.2899595
5747.11 0.2921583
5748.879999999999 0.2894153
5750.650000000001 0.2911607
5752.42 0.287126
5754.1900000000005 0.2880782
5755.95 0.2842257
5757.719999999999 0.2844527
5759.490000000001 0.2854729
5761.26 0.2885773
5763.03 0.2876258
5764.8 0.278265
5766.57 0.2843392
5768.339999999999 0.2912737
5770.110000000001 0.294583
5771.88 0.2934944
5773.64 0.2911614
5775.41 0.2906169
5777.179999999999 0.2903905
5778.950000000001 0.2839988
5780.72 0.2790131
5782.49 0.2773136
5784.26 0.2825031
5786.03 0.2793532
5787.799999999999 0.2816643
5789.56 0.2871729
5791.33 0.293926
5793.1 0.2978245
5794.87 0.2977332
5796.639999999999 0.2986175
5798.410000000001 0.3040562
5800.18 0.3038072
5801.95 0.3068888
5803.72 0.3035123
5805.49 0.3023105
5807.250000000001 0.3046235
5809.02 0.3005444
5810.79 0.2965096
5812.56 0.3033092
5814.33 0.2969173
5816.099999999999 0.3016997
5817.870000000001 0.3005432
5819.64 0.3016088
5821.41 0.3042825
5823.18 0.3077957
5824.94 0.3066856
5826.710000000001 0.3041702
5828.4800000000005 0.3035123
5830.25 0.3002265
5832.02 0.3005442
5833.79 0.3049629
5835.5599999999995 0.2991387
5837.329999999999 0.3012231
5839.1 0.3007022
5840.86 0.2982776
5842.63 0.3008616
5844.4 0.2956483
5846.170000000001 0.3016999
5847.9400000000005 0.3002488
5849.71 0.295671
5851.48 0.2951491
5853.25 0.2917499
5855.0199999999995 0.2905491
5856.789999999999 0.2806218
5858.55 0.2763623
5860.32 0.2809171
5862.09 0.2784925
5863.86 0.277268
5865.629999999999 0.2641914
5867.400000000001 0.2713752
5869.17 0.2738232
5870.94 0.2690632
5872.71 0.2707633
5874.48 0.2721679
5876.240000000001 0.2732797
5878.01 0.2713763
5879.78 0.2729395
5881.55 0.2698122
5883.32 0.2648936
5885.089999999999 0.2554885
5886.860000000001 0.247669
5888.63 0.2351135
5890.4 0.2240282
5892.17 0.2196702
5893.929999999999 0.2188002
5895.700000000001 0.2250829
5897.47 0.2315551
5899.24 0.2414821
5901.01 0.2527682
5902.78 0.2589104
5904.549999999999 0.2679761
5906.320000000001 0.2761118
5908.09 0.2756136
5909.849999999999 0.2772684
5911.62 0.2806003
5913.389999999999 0.2822768
5915.160000000001 0.2759766
5916.93 0.2725311
5918.7 0.2739366
5920.47 0.2736867
5922.24 0.2734604
5924.009999999999 0.2692217
5925.780000000001 0.2717831
5927.54 0.2709004
5929.3099999999995 0.2713531
5931.08 0.2747076
5932.849999999999 0.2809169
5934.620000000001 0.2809173
5936.39 0.2836817
5938.16 0.2787413
5939.93 0.2792619
5941.7 0.2792396
5943.469999999999 0.2848823
5945.2300000000005 0.2796936
5947.0 0.2790131
5948.7699999999995 0.2781522
5950.54 0.2720097
5952.3099999999995 0.2759082
5954.080000000001 0.2759312
5955.85 0.2736416
5957.62 0.2771774
5959.39 0.2857437
5961.16 0.2849735
5962.92 0.2841807
5964.6900000000005 0.2848609
5966.46 0.2883958
5968.23 0.2799879
5970.0 0.279942
5971.7699999999995 0.2911835
5973.540000000001 0.2860156
5975.31 0.2850867
5977.08 0.2845658
5978.85 0.273528
5980.61 0.2756597
5982.38 0.2795799
5984.150000000001 0.275954
5985.92 0.2893477
5987.69 0.2870363
5989.46 0.2841574
5991.23 0.282526
5993.000000000001 0.2894378
5994.77 0.2828883
5996.53 0.2880787
5998.3 0.2828211
6000.07 0.2742771
6001.84 0.2815063
6003.610000000001 0.2776991
6005.38 0.2860387
6007.15 0.2785148
6008.92 0.2781062
6010.69 0.2757495
6012.459999999999 0.2776526
6014.22 0.2825266
6015.99 0.2740044
6017.76 0.2788095
6019.53 0.2781743
6021.3 0.2793305
6023.070000000001 0.2843613
6024.84 0.2854495
6026.61 0.2823675
6028.38 0.2851772
6030.15 0.2905489
6031.910000000001 0.2858578
6033.68 0.2918867
6035.45 0.2904356
6037.22 0.2939488
6038.99 0.2894155
6040.759999999999 0.2941526
6042.530000000001 0.29422
6044.3 0.2953762
6046.07 0.296826
6047.83 0.2967367
6049.6 0.296873
6051.370000000001 0.2960111
6053.14 0.2915694
6054.91 0.2949003
6056.68 0.2906399
6058.45 0.2913419
6060.219999999999 0.2893705
6061.990000000001 0.2861063
6063.76 0.2852455
6065.5199999999995 0.2856764
6067.29 0.291728
6069.0599999999995 0.2893703
6070.830000000001 0.2902545
6072.6 0.2957395
6074.37 0.2948323
6076.14 0.2946967
6077.91 0.2921351
6079.679999999999 0.2837045
6081.450000000001 0.2834546
6083.21 0.2877847
6084.98 0.2872401
6086.75 0.2839769
6088.5199999999995 0.2824125
6090.290000000001 0.286175
6092.06 0.2837494
6093.83 0.2833645
6095.599999999999 0.286922
6097.37 0.2907979
6099.139999999999 0.284475
6100.900000000001 0.2798973
6102.67 0.2801243
6104.44 0.2802597
6106.21 0.2817785
6107.98 0.2823898
6109.750000000001 0.2876935
6111.52 0.2841347
6113.29 0.2828432
6115.0599999999995 0.2843384
6116.82 0.2834558
6118.59 0.279965
6120.360000000001 0.2789681
6122.13 0.2772007
6123.9 0.27822
6125.67 0.2792628
6127.44 0.2819819
6129.210000000001 0.28375
6130.9800000000005 0.2874662
6132.75 0.2878518
6134.509999999999 0.2779708
6136.28 0.2785831
6138.05 0.2717834
6139.820000000001 0.2774723
6141.59 0.279806
6143.36 0.2860389
6145.13 0.2838635
6146.9 0.2845882
6148.67 0.2812796
6150.4400000000005 0.2775395
6152.2 0.2774501
6153.969999999999 0.2769056
6155.74 0.2727131
6157.51 0.2677945
6159.280000000001 0.2669336
6161.05 0.2567344
6162.82 0.2575506
6164.59 0.2546038
6166.36 0.2545361
6168.129999999999 0.2569605
6169.89 0.257075
6171.66 0.262288
6173.429999999999 0.2663216
6175.2 0.264894
6176.97 0.2689729
6178.740000000001 0.274118
6180.51 0.2740494
6182.28 0.2743217
6184.05 0.2767008
6185.82 0.2630349
6187.58 0.2626726
6189.35 0.2597493
6191.12 0.2636696
6192.889999999999 0.2616981
6194.66 0.2608826
6196.43 0.2618792
6198.200000000001 0.2640552
6199.97 0.2657998
6201.74 0.2702422
6203.51 0.2738225
6205.27 0.2673872
6207.04 0.2653696
6208.81 0.2662991
6210.58 0.2564171
6212.349999999999 0.2649164
6214.12 0.2584113
6215.889999999999 0.2580037
6217.660000000001 0.2526999
6219.43 0.2555105
6221.2 0.2586383
6222.96 0.2568029
6224.7300000000005 0.2566446
6226.5 0.2575733
6228.27 0.2529048
6230.04 0.2487115
6231.8099999999995 0.2527006
6233.58 0.2528587
6235.349999999999 0.2551027
6237.120000000001 0.2522919
6238.88 0.2544914
6240.65 0.2519525
6242.42 0.2538566
6244.19 0.2470577
6245.96 0.2505248
6247.7300000000005 0.2499358
6249.5 0.2492554
6251.2699999999995 0.2483492
6253.04 0.2396231
6254.8099999999995 0.2313511
6256.570000000001 0.2259733
6258.34 0.2310571
6260.11 0.2366772
6261.88 0.2447457
6263.65 0.2475102
6265.42 0.2464906
6267.1900000000005 0.2476694
6268.96 0.2518164
6270.73 0.2529952
6272.5 0.2485979
6274.26 0.2639651
6276.030000000001 0.2405302
6277.8 0.2573017
6279.57 0.263851
6281.34 0.2535619
6283.11 0.2630348
6284.88 0.2584344
6286.650000000001 0.2611308
6288.42 0.2608365
6290.19 0.2632618
6291.95 0.2553978
6293.72 0.2561687
6295.490000000001 0.259409
6297.26 0.2561911
6299.03 0.2584116
6300.8 0.2585026
6302.57 0.2583434
6304.34 0.2590916
6306.110000000001 0.2616974
6307.87 0.2614492
6309.639999999999 0.2608595
6311.41 0.2607917
6313.18 0.2611538
6314.950000000001 0.2577092
6316.72 0.2531995
6318.49 0.2586382
6320.26 0.2624234
6322.03 0.2600205
6323.8 0.2628538
6325.56 0.2636473
6327.33 0.2646221
6329.099999999999 0.2651882
6330.87 0.2668203
6332.64 0.2661172
6334.410000000001 0.2615394
6336.18 0.2635786
6337.95 0.2626723
6339.719999999999 0.2614941
6341.49 0.2635333
6343.25 0.2690191
6345.02 0.2663669
6346.79 0.2660046
6348.5599999999995 0.2653922
6350.33 0.2628314
6352.1 0.2684515
6353.870000000001 0.2638964
6355.64 0.2616068
6357.41 0.2583436
6359.169999999999 0.2557149
6360.9400000000005 0.2590921
6362.71 0.2596355
6364.4800000000005 0.2585026
6366.25 0.2581856
6368.0199999999995 0.2649615
6369.79 0.2672281
6371.5599999999995 0.2692447
6373.330000000001 0.272146
6375.1 0.2708309
6376.86 0.2721693
6378.629999999999 0.2699477
6380.400000000001 0.2718971
6382.17 0.2701967
6383.9400000000005 0.2686786
6385.71 0.2663663
6387.48 0.2655734
6389.25 0.2667976
6391.0199999999995 0.2698339
6392.79 0.2669333
6394.55 0.2637834
6396.32 0.2667073
6398.089999999999 0.2702196
6399.860000000001 0.2658911
6401.63 0.2662986
6403.400000000001 0.2642591
6405.17 0.2665476
6406.94 0.2665933
6408.71 0.2643264
6410.48 0.266457
6412.24 0.2691098
6414.01 0.2677495
6415.78 0.2653474
6417.549999999999 0.2639191
6419.32 0.2639874
6421.09 0.2644627
6422.860000000001 0.2628993
6424.63 0.2675675
6426.4 0.2670012
6428.17 0.2626945
6429.93 0.2662992
6431.7 0.2641003
6433.47 0.2640099
6435.24 0.2617883
6437.009999999999 0.2640324
6438.78 0.2619476
6440.55 0.2699247
6442.320000000001 0.2656869
6444.09 0.25823
6445.849999999999 0.2659141
6447.62 0.2620834
6449.39 0.2593187
6451.16 0.2591822
6452.93 0.2569388
6454.7 0.2579808
6456.469999999999 0.2592049
6458.24 0.2599297
6460.01 0.2576183
6461.780000000001 0.2540604
6463.54 0.2599759
6465.3099999999995 0.2653475
6467.08 0.2646444
6468.85 0.2619024
6470.62 0.2670919
6472.39 0.2679533
6474.16 0.2685874
6475.929999999999 0.2676811
6477.7 0.2694484
6479.47 0.2684062
6481.2300000000005 0.2655962
6483.0 0.2633301
6484.7699999999995 0.2616978
6486.54 0.2653696
6488.31 0.2604519
6490.08 0.257641
6491.85 0.2467401
6493.62 0.2449038
6495.389999999999 0.2407793
6497.150000000001 0.2452217
6498.92 0.2467858
6500.6900000000005 0.2497089
6502.46 0.2540153
6504.23 0.26027
6506.0 0.2659815
6507.77 0.2669555
6509.54 0.2633296
6511.31 0.2678173
6513.08 0.2641
6514.839999999999 0.2665035
6516.610000000001 0.265551
6518.38 0.265778
6520.150000000001 0.2625819
6521.92 0.261109
6523.69 0.2638735
6525.46 0.2628992
6527.2300000000005 0.2654597
6529.0 0.2671371
6530.77 0.2678845
6532.53 0.2697894
6534.299999999999 0.2668207
6536.070000000001 0.2664576
6537.84 0.2660726
6539.610000000001 0.2656868
6541.38 0.2653018
6543.15 0.264916
6544.92 0.264531
6546.69 0.262944
6548.45 0.2613133
6550.22 0.2652563
6551.99 0.259704
6553.759999999999 0.2577317
6555.530000000001 0.250117
6557.3 0.249664
6559.070000000001 0.2421845
6560.84 0.2327566
6562.61 0.2342973
6564.38 0.2389209
6566.14 0.240825
6567.91 0.24529
6569.68 0.2484624
6571.45 0.2560097
6573.219999999999 0.2563945
6574.99 0.2597264
6576.76 0.2635334
6578.530000000001 0.2616979
6580.3 0.2665248
6582.07 0.2642134
6583.830000000001 0.2645318
6585.6 0.2643046
6587.37 0.2638743
6589.14 0.2651882
6590.91 0.2624689
6592.679999999999 0.2641908
6594.45 0.2653923
6596.22 0.2645305
6597.990000000001 0.2621738
6599.76 0.2641904
6601.5199999999995 0.2651434
6603.290000000001 0.2682251
6605.06 0.2640326
6606.83 0.2625144
6608.6 0.2619247
6610.37 0.2644859
6612.139999999999 0.2662079
6613.91 0.2678399
6615.68 0.2688366
6617.450000000001 0.2691542
6619.21 0.2680214
6620.98 0.267455
6622.749999999999 0.2647802
6624.52 0.2648485
6626.29 0.2614031
6628.06 0.2575732
6629.83 0.2617655
6631.599999999999 0.2609725
6633.37 0.2573693
6635.14 0.2548531
6636.9 0.2577778
6638.67 0.2610635
6640.44 0.2600213
6642.209999999999 0.2613806
6643.9800000000005 0.2599984
6645.75 0.2590687
6647.52 0.26129
6649.29 0.2587512
6651.0599999999995 0.2583662
6652.820000000001 0.2573013
6654.59 0.2576642
6656.36 0.258979
6658.13 0.2564628
6659.9 0.2574149
6661.669999999999 0.2559413
6663.4400000000005 0.2511822
6665.21 0.2507058
6666.9800000000005 0.2562813
6668.75 0.2562355
6670.509999999999 0.2548767
6672.280000000001 0.2583211
6674.05 0.2572789
6675.82 0.2542422
6677.59 0.2535391
6679.36 0.2522476
6681.129999999999 0.2519978
6682.900000000001 0.2581173
6684.67 0.2599299
6686.4400000000005 0.256168
6688.2 0.2567802
6689.969999999999 0.2531542
6691.740000000001 0.2561907
6693.51 0.2561683
6695.28 0.2541508
6697.05 0.2569387
6698.82 0.2537426
6700.589999999999 0.2517032
6702.360000000001 0.2512041
6704.13 0.2500938
6705.89 0.2547636
6707.66 0.2565535
6709.429999999999 0.2531769
6711.200000000001 0.2503887
6712.97 0.2500717
6714.74 0.2491421
6716.51 0.2459014
6718.28 0.2445638
6720.049999999999 0.2465131
6721.82 0.2484164
6723.58 0.2475789
6725.35 0.2473525
6727.12 0.2489158
6728.889999999999 0.2488254
6730.660000000001 0.2493462
6732.43 0.250321
6734.2 0.2528589
6735.97 0.2516126
6737.74 0.2466488
6739.509999999999 0.2509552
6741.27 0.2507288
6743.04 0.2507744
6744.81 0.2447001
6746.58 0.2427059
6748.349999999999 0.2433174
6750.12 0.2438389
6751.89 0.2470347
6753.66 0.2464223
6755.43 0.2468306
6757.19 0.2494372
6758.960000000001 0.2496187
6760.7300000000005 0.2539697
6762.5 0.2447912
6764.27 0.2488702
6766.04 0.2509328
6767.8099999999995 0.2484847
6769.58 0.2489382
6771.35 0.2506375
6773.12 0.2507058
6774.88 0.2533577
6776.65 0.2523608
6778.419999999999 0.2509786
6780.1900000000005 0.2536977
6781.96 0.251205
6783.7300000000005 0.2462412
6785.5 0.246468
6787.2699999999995 0.2442012
6789.04 0.2471025
6790.81 0.2496403
6792.57 0.2514318
6794.34 0.2510234
6796.11 0.2457203
6797.879999999999 0.2485528
6799.650000000001 0.2482584
6801.42 0.2503664
6803.1900000000005 0.2518391
6804.96 0.2517034
6806.73 0.2483487
6808.490000000001 0.2493468
6810.26 0.250253
6812.03 0.2508652
6813.8 0.2483037
6815.57 0.2447684
6817.339999999999 0.2490287
6819.110000000001 0.2522699
6820.88 0.2542411
6822.650000000001 0.2502073
6824.42 0.256576
6826.179999999999 0.2555791
6827.950000000001 0.251024
6829.72 0.2588878
6831.49 0.2508424
6833.26 0.2499354
6835.03 0.2492785
6836.799999999999 0.2500033
6838.570000000001 0.2481904
6840.34 0.2320081
6842.110000000001 0.2055212
6843.87 0.1844193
6845.639999999999 0.1597001
6847.410000000001 0.1519742
6849.18 0.1613227
6850.95 0.1735703
6852.72 0.1864204
6854.49 0.2014987
6856.259999999999 0.2182491
6858.030000000001 0.2220024
6859.79 0.2231902
6861.5599999999995 0.2173863
6863.33 0.2086468
6865.099999999999 0.2052111
6866.870000000001 0.2048618
6868.64 0.2126424
6870.41 0.2079688
6872.18 0.2123136
6873.95 0.2133858
6875.719999999999 0.2166898
6877.4800000000005 0.2207022
6879.25 0.2198904
6881.0199999999995 0.2220822
6882.79 0.2234439
6884.5599999999995 0.2284279
6886.330000000001 0.2303766
6888.1 0.2315553
6889.87 0.2391925
6891.64 0.2362465
6893.41 0.2396682
6895.17 0.2382641
6896.9400000000005 0.2384676
6898.71 0.2394651
6900.48 0.24427
6902.25 0.2383543
6904.0199999999995 0.2388305
6905.790000000001 0.2363371
6907.56 0.2333457
6909.33 0.2366768
6911.1 0.2378556
6912.86 0.2321219
6914.63 0.2315556
6916.400000000001 0.2284729
6918.17 0.2300596
6919.94 0.2267276
6921.71 0.2325524
6923.48 0.2345471
6925.249999999999 0.2348186
6927.02 0.2324618
6928.79 0.2361329
6930.55 0.2327343
6932.32 0.2361334
6934.09 0.230581
6941.1900000000005 0.2528364
6957.2 0.2563947
6973.2300000000005 0.2558283
6989.3099999999995 0.2564623
7005.42 0.2506606
7021.570000000001 0.2461279
7037.75 0.2565767
7053.98 0.2632166
7070.24 0.2462415
7086.54 0.2549445
7102.87 0.2423888
7119.25 0.2401898
7135.660000000001 0.2347733
7152.110000000001 0.2391701
7168.6 0.2414138
7185.120000000001 0.2370404
7201.68 0.2343661
7218.290000000001 0.2420937
7234.93 0.2460599
7251.61 0.2416178
7268.320000000001 0.2416404
7285.080000000001 0.2461732
7301.87 0.2507972
7318.7 0.2508424
7335.580000000001 0.2543546
7352.490000000001 0.2526547
7369.43 0.2509555
7386.42 0.2646444
7403.450000000001 0.2592502
7420.52 0.2545588
7437.62 0.2581402
7454.7699999999995 0.2564176
7471.950000000001 0.2606329
7489.179999999999 0.2570972
7506.44 0.2613132
7523.75 0.2655958
7541.09 0.2650297
7558.48 0.2626498
7575.9 0.2596807
7593.36 0.2591372
7610.87 0.2526778
7628.41 0.2498453
7645.999999999999 0.2487339
7663.62 0.2510686
7681.289999999999 0.2398052
7699.0 0.2426379
7716.74 0.242661
7734.54 0.2393738
7752.360000000001 0.2399641
7770.2300000000005 0.2439072
7788.150000000001 0.2367679
7806.1 0.2373574
7824.1 0.2491423
7842.13 0.2363376
7860.21 0.2446775
7878.33 0.2452897
7896.490000000001 0.2481676
7914.7 0.2448131
7932.9400000000005 0.2398273
7951.2300000000005 0.2311927
7969.56 0.2415723
7987.929999999999 0.2416178
8006.339999999999 0.2372439
8024.799999999999 0.2496179
8043.3 0.2519752
8061.84 0.2508648
8080.42 0.2429327
8099.05 0.2435448
8117.72 0.2498448
8136.43 0.2527686
8155.19 0.2476241
8173.99 0.2414823
8192.83 0.2306491
8211.72 0.24606
8230.65 0.2427285
8249.619999999999 0.2507289
8268.640000000001 0.2524968
8287.7 0.245675
8306.81 0.2440201
8325.96 0.2440655
8345.15 0.2396461
8364.390000000001 0.2435896
8383.67 0.2402807
8403.0 0.2447908
8422.37 0.2365412
8441.78 0.2360426
8461.24 0.2371757
8480.75 0.2318044
8500.3 0.2388982
8519.89 0.2345699
8539.539999999999 0.2335494
8559.22 0.2272267
8578.949999999999 0.2347057
8598.73 0.2352948
8618.550000000001 0.2315779
8638.42 0.2348414
8658.33 0.2248285
8678.289999999999 0.2233218
8698.289999999999 0.2113552
8718.35 0.2291303
8738.45 0.2302406
8758.59 0.2292212
8778.78 0.2324619
8799.02 0.2303767
8819.3 0.228292
8839.630000000001 0.2331191
8860.01 0.2320991
8880.43 0.2237433
8900.9 0.222245
8921.42 0.2233151
8941.99 0.2228434
8962.6 0.2188187
8983.26 0.2128964
9003.97 0.2209286
9024.73 0.2057482
9045.53 0.2362692
9066.39 0.2390566
9087.29 0.2246903
9108.230000000001 0.2231879
9129.23 0.2078533
9150.279999999999 0.2207197
9171.369999999999 0.2233194
9192.51 0.2202981
9213.7 0.2213589
9234.94 0.2114368
9256.23 0.2114796
9277.57 0.2330057
9298.96 0.2130296
9320.39 0.2246612
9341.87 0.2241877
9363.41 0.2216671
9385.0 0.2237613
9406.630000000001 0.2202281
9428.32 0.2238516
9450.05 0.2213338
9471.83 0.2239429
9493.67 0.2234733
9515.56 0.22096
9537.49 0.221513
9559.48 0.2175151
9581.52 0.2216033
9603.6 0.2196161
9625.74 0.2196614
9647.93 0.2166925
9670.17 0.2167378
9692.460000000001 0.2182834
9714.81 0.2158313
9737.2 0.2143898
9759.65 0.213941
9782.15 0.211534
9804.699999999999 0.2150174
9827.3 0.2135804
9849.949999999999 0.2136261
9872.66 0.21269
9895.42 0.2117562
9918.23 0.2098591
9941.09 0.2108725
9964.01 0.2104327
9986.98 0.2095101
10033.07 0.2086354
10079.39 0.2058616
10125.91 0.2064237
10172.650000000001 0.2041479
10219.609999999999 0.2037671
10266.78 0.2033864
10290.44 0.2020313
10505.92 0.1955582
10701.240000000002 0.1878871
10900.19 0.1806729
11102.84 0.1741389
11309.25 0.1686136
11493.009999999998 0.1655383
11706.7 0.1606562
11896.91 0.1552011
12090.220000000001 0.1509721
12286.67 0.1475363
12486.310000000001 0.1435135
12689.2 0.1399258
12895.380000000001 0.1361116
13104.91 0.1333195
13287.22 0.1296863
13503.119999999999 0.1273202
13690.97 0.1247071
13913.43 0.121031
14106.98 0.1171919
14303.23 0.1150525
14502.21 0.1150524
14703.960000000001 0.1119157
14908.509999999998 0.1119158
15115.91 0.1116597
15290.93 0.1126932
15503.65 0.1116597
15683.18 0.1098738
15901.36 0.1068798
16085.49 0.1071269
16309.26 0.1059008
16498.1 0.1039677
16689.149999999998 0.1018349
16882.399999999998 0.09928753
17117.260000000002 0.09658149
17315.46 0.0926606
17515.96 0.08992742
17718.79 0.08667515
17882.75 0.08392601
18089.81 0.08051741
18299.28 0.0783236
18511.18 0.07601421
18682.45 0.07292741
18898.79 0.07093972
19117.63 0.06932611
19294.54 0.06666535
19517.94 0.06410662
19698.55 0.06221418
19880.82 0.06024246
20111.02 0.05914099
20297.109999999997 0.05700379
20484.92 0.05596132
20722.109999999997 0.05431137
20913.86 0.0529538
21107.38 0.05174808
21302.67 0.050454
21499.79 0.04919163
21698.710000000003 0.04763237
21899.5 0.04665554
22102.14 0.04527984
22306.64 0.04394269
22513.05 0.04284348
22721.34 0.04167633
22878.850000000002 0.0375742
23090.53 0.0372297
23304.2 0.03272641
23519.84 0.03103796
23682.86 0.03139832
23902.0 0.0289008
24123.15 0.02804862
24290.379999999997 0.02772678
24515.120000000003 0.0260542
24685.06 0.02575732
24913.45 0.0220747
25086.16 0.0217719
25318.29 0.02192285
25493.78 0.02172181
25670.480000000003 0.02192284
25908.01 0.02152261
26087.62 0.02137437
26328.98 0.02083997
26511.5 0.02055396
26695.26 0.02013241
26880.320000000003 0.01981059
27129.02 0.01949375
27317.079999999998 0.01905
27506.420000000002 0.0187454
27697.08 0.01831863
27889.08 0.01802582
28082.379999999997 0.01765618
28277.06 0.0173339
28473.05 0.01693933
28670.429999999997 0.01659189
28869.15 0.0162891
29069.280000000002 0.01595504
29270.77 0.01559173
29473.68 0.01527195
29677.97 0.01499318
29883.7 0.01465187
30090.829999999998 0.01438444
30299.390000000003 0.01408959
30509.44 0.01386431
30720.91 0.01361115
30933.87 0.01336276
31076.640000000003 0.0131189
31292.08 0.01287933
31508.97 0.01264432
31727.36 0.01238505
31873.83 0.01215886
32094.75 0.01193699
32317.239999999998 0.01169222
32466.4 0.01147872
32691.43 0.01126932
32918.06 0.01103814
33069.99 0.01086159
33299.24 0.01059008
33530.04 0.01037273
33684.799999999996 0.01016015
33918.31 0.009928751
34074.86 0.009725232
34311.08 0.009547549
34469.439999999995 0.00935173
34708.35 0.009159998
34868.579999999994 0.00897212
35110.26 0.008788085
35272.31 0.008607909
35516.83 0.008431362
35680.76 0.008258435
35928.11 0.008088909
36093.93 0.007941369
36260.520000000004 0.007778415
36511.89 0.007618864
36680.4 0.007462713
36934.64 0.007292735
37105.16 0.007143152
37276.41 0.007012836
37534.82 0.006853285
37708.06 0.006743595
37882.1 0.006605342
38056.94 0.006484774
38320.77 0.006366466
38497.63 0.006250205
38675.36 0.006121926
38943.43 0.005996367
39123.17 0.005887128
39303.78 0.005779478
39485.19 0.005660944
39667.43 0.005557599
39942.42 0.005431135
40126.770000000004 0.005344334
40311.969999999994 0.00524688
40498.07000000001 0.005139227
40684.99 0.005056958
40872.770000000004 0.004976273
41061.42 0.004885391
41346.06 0.004807205
41536.89 0.004719496
41728.659999999996 0.004633371
41921.25 0.004559262
42114.74 0.004476086
42309.11 0.004414667
42504.44 0.004333983
42700.61 0.004264861
42897.7 0.00408219
43095.74 0.003916518
43294.64 0.003907453
43494.469999999994 0.003740195
43695.259999999995 0.003654979
43896.94 0.003452364
44099.54 0.003397293
44303.08 0.00334222
44507.61 0.003286694
44713.03 0.003231168
44919.399999999994 0.003180174
45126.78 0.003128952
45335.049999999996 0.003077507
45544.3 0.003025833
45649.28 0.003000903
45860.02 0.002953537
46071.689999999995 0.002905943
46284.33 0.002858123
46498.0 0.002810075
46712.61 0.002765655
46928.21000000001 0.002721687
47144.86 0.002677266
47253.53 0.002655056
47471.63 0.002610635
47690.729999999996 0.00256984
47910.899999999994 0.002528818
48132.03 0.00248757
48354.18 0.002446096
48465.64 0.002426379
48689.38 0.002388531
48914.11 0.002350228
49139.869999999995 0.002311926
49253.14 0.002292662
49480.52 0.002255652
49708.9 0.002220298
49938.33 0.002184783
50053.49 0.002166948
50284.509999999995 0.002131184
50516.6 0.002097391
50749.75 0.002064484
50866.79 0.002047962
50984.04 0.002031418
51101.57 0.002014827
51219.36 0.001998215
51337.42 0.001981558
51455.76 0.001965942
51574.42 0.00195069
51693.31 0.001935391
51812.46 0.001920048
51931.89 0.001904682
52051.600000000006 0.001889271
52171.58 0.001873837
52291.840000000004 0.001858357
52412.44 0.001843037
52533.25 0.001828872
52654.34 0.00181464
52775.71 0.001800407
52897.369999999995 0.001786128
53019.299999999996 0.001771827
53141.57 0.001757459
53264.07 0.00174309
53386.84 0.001728676
53509.909999999996 0.001714941
53633.25 0.001701728
53756.880000000005 0.001688493
53880.79 0.001675235
54005.049999999996 0.00166193
54129.53 0.001648605
54254.31 0.001635233
54379.369999999995 0.001621862
54504.71000000001 0.001608445
54630.35 0.001596093
54756.280000000006 0.001583809
54882.56 0.001571457
55009.07 0.001559106
55135.86 0.001546732
55262.96000000001 0.001534312
55390.34 0.001521869
55518.020000000004 0.001509404
55646.05 0.001497279
55774.32 0.001485834
55902.89 0.001474366
56031.75 0.001462898
56160.9 0.001451386
56290.36 0.001439826
56420.11 0.001428268
56550.22 0.001416664
56680.58 0.00140506
56811.23 0.001394159
56942.18 0.001383507
57073.44 0.001372832
57205.0 0.001362135
57336.92 0.001351392
57469.09 0.00134065
57601.560000000005 0.001329862
57734.33 0.001319052
57867.420000000006 0.001308376
58000.81 0.001298473
58134.49999999999 0.001288523
58268.57000000001 0.001278574
58402.880000000005 0.001268602
58537.5 0.001258607
58672.44 0.001248567
58807.68 0.001238527
58943.24 0.001228465
59079.11 0.001218832
59215.350000000006 0.001209608
59351.85 0.001200339
59488.659999999996 0.001191069
59625.78 0.001181755
59763.229999999996 0.00117244
59900.99 0.001163102
60039.13 0.00115372
60177.52 0.001144337
60316.24 0.001135702
60455.27 0.001127089
60594.62 0.001118455
60734.3 0.001109797
60874.29 0.001101117
61014.68 0.001092437
61155.32 0.001083711
61296.29 0.001074986
61437.58 0.001066487
61579.2 0.001058464
61721.15 0.001050441
61863.479999999996 0.001042395
62006.08 0.001034305
62149.01 0.001026236
62292.27 0.001018123
62435.85999999999 0.001009986
62579.78 0.00100185
62724.03 0.0009942123
62868.68 0.0009867333
63013.6 0.0009792313
63158.85 0.0009717299
63304.43 0.000964183
63450.36 0.0009566357
63596.61 0.0009490888
63743.28 0.0009414965
63890.21 0.0009339948
64037.48 0.0009270372
64185.090000000004 0.0009200567
64333.03999999999 0.0009130535
64481.34 0.0009060501
64629.969999999994 0.0008990246
64779.020000000004 0.0008919762
64928.340000000004 0.0008849278
65077.99999999999 0.0008778566
65228.01 0.0008711028
65378.369999999995 0.0008645986
65529.07 0.0008580938
65680.11 0.000851567
65831.58 0.0008450172
65983.33 0.0008384672
66135.43 0.0008318948
66287.88 0.0008252995
66440.67 0.0008187044
66593.81999999999 0.0008126079
66747.4 0.0008065567
66901.26000000001 0.0008004829
67055.48 0.0007943861
67210.04 0.0007882669
67364.97 0.0007821478
67520.23999999999 0.0007760284
67675.88 0.0007698641
67831.95 0.0007638809
67988.32 0.0007582375
68145.03 0.0007525717
68302.11 0.0007469059
68459.55 0.0007412173
68617.36 0.0007355059
68775.6 0.0007297947
68934.13 0.0007240606
69093.03 0.0007183268
69252.29 0.0007129328
69411.92 0.0007076749
69571.92 0.0007023716
69732.29 0.0006970908
69893.11 0.0006917649
70054.21 0.000686439
70215.69 0.000681113
70377.55 0.0006757643
70539.77 0.0006704609
70702.37 0.0006655431
70865.42 0.000660625
71028.77 0.0006556842
71192.5 0.0006507209
71356.59999999999 0.0006457576
71521.09 0.000640794
71685.95 0.0006358082
71851.19 0.0006308222
72016.89 0.0006260402
72182.89 0.0006214394
72349.28 0.0006168386
72516.05 0.0006122379
72683.2 0.0006075917
72850.75 0.0006029684
73018.67 0.0005983222
73187.06 0.0005936535
73355.77 0.0005889848
73524.86 0.0005847015
73694.34 0.0005803953
73864.21 0.0005760892
74034.47 0.0005717832
74205.21 0.0005674542
74376.25 0.0005631256
74547.69 0.0005587969
74719.53 0.0005544454
74891.76 0.0005502073
75064.4 0.0005461958
75237.43 0.0005421843
75410.94 0.0005381728
75584.77 0.0005341386
75758.98999999999 0.0005301045
75933.63 0.0005260476
76108.66 0.000521991
76284.09000000001 0.0005179341
76460.01 0.000514104
76636.26 0.0005103645
76812.91 0.0005066024
76989.97 0.0005028628
77167.44 0.0004990779
77345.31999999999 0.0004953157
77523.6 0.0004915309
77702.39 0.0004877233
77881.5 0.0004839837
78061.02 0.0004804936
78240.96 0.0004769807
78421.3 0.0004734907
78602.06999999999 0.0004699776
78783.26000000001 0.0004664421
78964.94 0.0004629065
79146.96 0.0004593711
79329.40000000001 0.0004558355
79512.26 0.000452436
79695.55 0.0004491723
79879.25 0.0004459088
80063.46 0.0004426226
80248.01 0.0004393364
80432.98999999999 0.0004360275
80618.39000000001 0.0004327412
80804.23 0.0004294323
80990.49 0.0004261006
81177.17000000001 0.0004230411
81364.39 0.0004199814
81551.93000000001 0.000416922
81739.92 0.0004138622
81928.33 0.0004107801
82117.18 0.0004076978
82306.46999999999 0.0004046154
82496.28 0.0004015106
82686.44 0.0003984963
82877.04 0.0003956633
83068.08 0.0003928077
83259.56 0.0003899293
83451.47 0.0003870738
83643.84 0.0003841954
83836.73999999999 0.0003812944
84029.98 0.0003784163
84223.67 0.0003755153
84417.81999999999 0.0003727955
84612.40999999999 0.0003701214
84807.45000000001 0.0003674469
85003.01999999999 0.0003647726
85198.95999999999 0.0003620757
85395.36 0.0003594013
85592.19 0.0003567044
85789.50000000001 0.0003539847
85987.24 0.0003513104
86185.45 0.0003488174
86384.20999999999 0.0003463244
86583.33 0.0003438088
86782.91 0.0003413157
86982.95 0.0003388
87183.45 0.0003362843
87384.41 0.0003337461
87585.84000000001 0.0003312304
87787.83 0.0003288054
87990.18999999999 0.0003264709
88193.02 0.0003241366
88396.31000000001 0.0003217795
88600.06 0.0003194453
88804.29 0.0003170881
89009.09000000001 0.0003147312
89214.26999999999 0.0003123514
89419.91 0.0003099944
89626.03 0.000307796
89832.63 0.0003056203
90039.69 0.000303422
90247.24 0.0003012236
90455.37 0.0002990252
90663.87000000001 0.0002968268
90872.86 0.0002946058
91082.33 0.0002924074
91292.28 0.0002902543
91502.71 0.0002882146
91713.74 0.0002861522
91925.13999999998 0.0002841125
92137.04 0.0002820501
92349.42 0.0002799876
92562.29 0.0002779252
92775.65 0.0002758629
92989.5 0.0002737778
93203.96 0.0002718287
93418.8 0.000269925
93634.14 0.0002679985
93849.97 0.0002660721
94066.3 0.0002641684
94283.12999999999 0.0002622193
94500.56 0.0002602929
94718.39 0.0002583665
94936.72 0.00025644
95155.56 0.0002546497
95374.9 0.0002528592
95594.75000000001 0.0002510688
95815.09999999999 0.0002492557
96036.06 0.0002474653
96257.43999999999 0.0002456521
96479.31 0.000243839
96701.70999999999 0.0002420259
96924.61 0.0002402808
97148.03 0.0002386037
97371.96 0.0002369266
97596.52 0.0002352495
97821.49 0.0002335497
98046.97000000002 0.0002318726
98272.98000000001 0.0002301728
98499.5 0.000228473
98726.55 0.0002267733
98954.23 0.0002251936
99182.33 0.000223623
99410.95000000001 0.0002220501
99640.1 0.0002204727
99869.78 0.0002188908
100099.99 0.0002173066
100330.72 0.0002157179
100562.11 0.0002141246
100793.9 0.0002125744
101026.24 0.0002111058
101259.11 0.0002096327
101492.53 0.0002081572
101726.47 0.0002066773
101961.06999999999 0.0002051951
102196.09 0.0002037084
102431.67 0.0002022194
102667.78 0.0002007258
102904.43 0.0001993207
103141.64 0.0001979427
103379.37999999999 0.0001965625
103617.79999999999 0.0001951777
103856.64 0.0001937907
104096.04 0.0001924014
104335.98999999999 0.0001910076
104576.49 0.0001896115
104817.55 0.0001882268
105059.15999999999 0.0001869372
105301.44 0.0001856454
105544.17000000001 0.000184349
105787.46 0.0001830526
106031.3 0.0001817518
106275.72 0.0001804463
106520.68 0.0001791386
106766.34 0.0001778286
107012.45 0.0001765731
107259.12 0.0001753629
107506.36 0.0001741526
107754.17 0.0001729356
108002.55 0.0001717185
108251.5 0.0001704969
108501.15000000001 0.0001692731
108751.25 0.000168047
109001.93 0.0001668186
109253.19 0.0001656809
109505.02 0.0001645454
109757.44 0.0001634077
110010.56 0.0001622677
110264.14000000001 0.0001611232
110518.31 0.0001599787
110773.06 0.0001588296
111028.40000000001 0.0001576806
111284.32999999999 0.0001565588
111540.85 0.0001554958
111798.08 0.0001544306
112055.79000000001 0.0001533609
112314.08 0.0001522912
112572.97 0.0001512192
112832.46 0.0001501449
113092.55 0.0001490661
113353.36 0.0001479851
113614.65000000001 0.0001469675
113876.54 0.0001459703
114139.03 0.0001449708
114402.12000000001 0.0001439668
114665.83 0.0001429628
114930.15 0.0001419565
115195.2 0.0001409457
115460.73 0.0001399349
115726.87 0.0001389332
115993.63 0.0001379972
116260.99999999999 0.0001370612
116529.0 0.0001361206
116797.6 0.0001351801
117066.96 0.0001342372
117336.8 0.0001332899
117607.26999999999 0.0001323426
117878.36 0.000131393
118150.09 0.0001304819
118422.43 0.0001296048
118695.53 0.0001287254
118969.14 0.0001278415
119243.36 0.0001269577
119518.23 0.0001260715
119793.73000000001 0.0001251854
120069.86 0.0001242947
120346.63 0.0001234017
120624.17 0.0001225745
120902.22 0.0001217495
121180.90000000001 0.0001209246
121460.24 0.0001200951
121740.20999999999 0.0001192656
122020.83 0.0001184316
122302.23000000001 0.0001175975
122584.15 0.0001167612
122866.71 0.0001159476
123149.92 0.0001151725
123433.8 0.0001143997
123718.31999999999 0.0001136224
124003.5 0.0001128449
124289.47000000002 0.0001120631
124575.97 0.0001112812
124863.13 0.000110497
125150.95000000001 0.0001097128
125439.43000000001 0.0001089717
125728.57 0.0001082442
126018.51999999999 0.0001075167
126309.01 0.0001067869
126600.16 0.0001060549
126891.98 0.0001053206
127184.48000000001 0.0001045863
127477.64 0.0001038497
127771.48999999999 0.0001031199
128066.15000000001 0.0001024378
128361.35 0.0001017556
128657.24 0.0001010712
128953.79999999999 0.0001003844
129251.04 9.969774e-05
129548.98 9.900874e-05
129847.59999999999 9.831751e-05
130147.04999999999 9.762627e-05
130447.05 9.695996e-05
130747.73999999999 9.632083e-05
131049.12000000001 9.567719e-05
131351.2 9.50358e-05
131653.97 9.438988e-05
131957.59 9.374396e-05
132261.75 9.309578e-05
132566.64 9.244534e-05
132872.19999999998 9.17949e-05
133178.48 9.119204e-05
133485.47999999998 9.058917e-05
133793.16 8.998406e-05
134101.72 8.937894e-05
134410.84 8.87738e-05
134720.66 8.816416e-05
135031.19999999998 8.755677e-05
135342.45 8.694484e-05
135654.41999999998 8.634879e-05
135967.28 8.578446e-05
136280.69 8.521788e-05
136594.81 8.464903e-05
136909.69 8.408016e-05
137225.27 8.35113e-05
137541.59 8.29379e-05
137858.63 8.236452e-05
138176.55 8.179112e-05
138495.05000000002 8.124947e-05
138814.31 8.071685e-05
139134.28 8.018425e-05
139454.98 7.96494e-05
139776.44 7.911454e-05
140098.64 7.85774e-05
140421.73 7.804027e-05
140745.41 7.750088e-05
141069.84 7.696601e-05
141395.02 7.646741e-05
141720.95 7.596653e-05
142047.63 7.546568e-05
142375.2 7.496255e-05
142703.38 7.445941e-05
143032.34 7.3954e-05
143362.05 7.344859e-05
143692.5 7.294093e-05
144023.69999999998 7.245367e-05
144355.7 7.198451e-05
144688.59 7.151313e-05
145022.13 7.10417e-05
145356.41 7.056805e-05
145691.47 7.009436e-05
146027.3 6.961843e-05
146363.91 6.914248e-05
146701.44 6.866429e-05
147039.59 6.822009e-05
147378.53 6.777814e-05
147718.25 6.73362e-05
148058.77000000002 6.689198e-05
148400.05 6.644551e-05
148742.13 6.599903e-05
149085.13 6.555257e-05
149428.80000000002 6.510382e-05
149773.23 6.466641e-05
150118.48 6.425166e-05
150464.52 6.383464e-05
150811.33 6.341764e-05
151159.14 6.299836e-05
151507.56 6.257908e-05
151856.81 6.215979e-05
152206.84 6.173825e-05
152557.69 6.13167e-05
152909.34 6.091783e-05
153261.81 6.052574e-05
153615.25 6.013366e-05
153969.34 5.974159e-05
154324.27000000002 5.934723e-05
154680.0 5.895288e-05
155036.55 5.855626e-05
155393.91 5.815965e-05
155752.11 5.776757e-05
156111.3 5.739815e-05
156471.14 5.7031e-05
156831.81 5.666158e-05
157193.33000000002 5.628989e-05
157555.66999999998 5.592048e-05
157918.84 5.554879e-05
158283.03 5.517484e-05
158647.89 5.480088e-05
159013.58 5.44428e-05
159380.13 5.409604e-05
159747.52000000002 5.374928e-05
160115.72 5.340028e-05
160484.81 5.305351e-05
160854.91 5.270223e-05
161225.69999999998 5.23532e-05
161597.34 5.200191e-05
161969.81 5.164837e-05
162343.19 5.1322e-05
162717.39 5.099565e-05
163092.63999999998 5.066929e-05
163468.58000000002 5.034067e-05
163845.39 5.001204e-05
164223.06 4.968342e-05
164601.62 4.935252e-05
164981.03 4.902164e-05
165361.31 4.869756e-05
165742.69 4.839158e-05
166124.72 4.808336e-05
166507.66 4.777513e-05
166891.46999999997 4.746691e-05
167276.16 4.715641e-05
167661.75 4.684592e-05
168048.41 4.653542e-05
168435.77 4.622267e-05
168824.02 4.592804e-05
169213.19 4.56402e-05
169603.22 4.535012e-05
169994.17 4.505775e-05
170386.02000000002 4.476766e-05
170778.95 4.447529e-05
171172.63 4.418293e-05
171567.17 4.38883e-05
171962.66 4.359821e-05
172359.05 4.332624e-05
172756.34 4.305428e-05
173154.55 4.278005e-05
173553.87 4.250582e-05
173953.94 4.223158e-05
174354.92 4.195509e-05
174756.81000000003 4.168086e-05
175159.64 4.140436e-05
175563.41 4.113692e-05
175968.28 4.088083e-05
176373.88999999998 4.062473e-05
176780.45 4.036636e-05
177187.94 4.010799e-05
177596.37999999998 3.984736e-05
178005.74999999997 3.958899e-05
178416.06 3.932836e-05
178827.52 3.906773e-05
179239.73 3.882522e-05
179652.88999999998 3.858273e-05
180067.0 3.834023e-05
180482.06 3.809772e-05
180898.09 3.785296e-05
181315.28 3.760819e-05
181733.22 3.736342e-05
182152.12000000002 3.711865e-05
182572.0 3.687841e-05
182992.84 3.664951e-05
183414.66 3.642287e-05
183837.44 3.619397e-05
184261.41 3.596279e-05
184686.13 3.57339e-05
185111.84 3.550273e-05
185538.55 3.527155e-05
185966.23 3.504039e-05
186394.88 3.482055e-05
186824.53 3.460524e-05
187255.38 3.438994e-05
187687.03 3.417463e-05
188119.66 3.395706e-05
188553.3 3.374175e-05
188987.91 3.352418e-05
189423.55 3.330435e-05
189860.38 3.308904e-05
190298.03 3.288733e-05
190736.69 3.268336e-05
191176.34 3.247939e-05
191617.02 3.227541e-05
192058.7 3.207144e-05
192501.42 3.186746e-05
192945.36000000002 3.166123e-05
193390.13 3.145498e-05
193835.91 3.125781e-05
194282.69 3.106743e-05
194730.52 3.08748e-05
195179.41 3.068215e-05
195629.52 3.048951e-05
196080.45 3.029687e-05
196532.44 3.010423e-05
196985.44999999998 2.990932e-05
197439.52 2.971668e-05
197894.63 2.953537e-05
198350.80000000002 2.935405e-05
198808.21999999997 2.917275e-05
199266.48 2.899144e-05
199725.81000000003 2.881013e-05
200186.19 2.862882e-05
200647.64 2.844524e-05
201110.16 2.826167e-05
201573.95 2.808262e-05
202038.58000000002 2.791264e-05
202504.30000000002 2.774266e-05
202971.09 2.757269e-05
203438.94 2.740045e-05
203907.89 2.72282e-05
204377.91 2.705595e-05
204849.22999999998 2.688371e-05
205321.44 2.671146e-05
205794.72 2.654829e-05
206269.08000000002 2.638738e-05
206744.55 2.622647e-05
207221.11000000002 2.606329e-05
207698.78 2.590237e-05
208177.77 2.573919e-05
208657.63 2.557828e-05
209138.59 2.54151e-05
209620.69 2.525192e-05
210103.84 2.510235e-05
210588.17 2.495049e-05
211073.81 2.479639e-05
211560.36000000002 2.464453e-05
212048.02000000002 2.449269e-05
212536.8 2.433858e-05
213026.72 2.418446e-05
213517.77 2.403034e-05
214009.94 2.388303e-05
214503.48 2.374025e-05
214997.94 2.359747e-05
215493.52 2.345242e-05
215990.22999999998 2.330737e-05
216488.11 2.316459e-05
216987.13 2.301955e-05
217487.55 2.28745e-05
217988.86 2.272945e-05
218491.34 2.259279e-05
218994.97 2.245749e-05
219499.78000000003 2.232196e-05
220005.75 2.218597e-05
220512.88 2.204976e-05
221021.41 2.19131e-05
221530.88 2.177621e-05
222041.53000000003 2.16391e-05
222553.34000000003 2.150493e-05
223066.34 2.137733e-05
223580.55 2.124928e-05
224096.14 2.112101e-05
224612.69999999998 2.09925e-05
225130.45 2.086377e-05
225649.38999999998 2.073459e-05
226169.53 2.060518e-05
226690.86000000002 2.047554e-05
227213.41 2.035248e-05
227737.41 2.023191e-05
228262.34 2.011088e-05
228788.52 1.998963e-05
229315.88 1.986816e-05
229844.47 1.974623e-05
230374.28 1.962429e-05
230905.31 1.950191e-05
231437.83 1.938043e-05
231971.31 1.926643e-05
232506.02000000002 1.915221e-05
233041.95 1.903798e-05
233579.13 1.89233e-05
234117.55 1.880818e-05
234657.44999999998 1.869304e-05
235198.38 1.857745e-05
235740.52 1.846187e-05
236283.92 1.835036e-05
236828.56 1.824271e-05
237374.48 1.813461e-05
237921.63999999998 1.80265e-05
238470.31 1.791794e-05
239020.02 1.780916e-05
239570.97 1.770014e-05
240123.19999999998 1.759091e-05
240676.69999999998 1.748144e-05
241231.48 1.737922e-05
241787.8 1.727724e-05
242345.13 1.717503e-05
242903.77 1.707258e-05
243463.67 1.696992e-05
244024.87 1.686703e-05
244587.36 1.676391e-05
245151.16 1.666056e-05
245716.52 1.655948e-05
246282.91 1.646316e-05
246850.61000000002 1.636684e-05
247419.62 1.627006e-05
247989.94 1.617306e-05
248561.56 1.607606e-05
249134.53 1.597861e-05
249709.06 1.588093e-05
250284.66999999998 1.578324e-05
256114.41 1.487035e-05
262080.2 1.401479e-05
268184.69 1.321114e-05
274431.66000000003 1.245598e-05
280823.81 1.174661e-05
287365.22000000003 1.107962e-05
294058.63 1.045682e-05
300908.31 9.872999e-06
307917.19 9.323856e-06
315089.69 8.806897e-06
322429.19 8.320534e-06
329939.34 7.8625e-06
337624.81 7.433475e-06
345488.91 1.555593e-05
