102.05000000000001 2.60231e-07
103.95 3.208321e-07
105.88 4.039095e-07
108.10000000000001 5.179384e-07
110.11 7.625665e-07
113.96999999999998 1.120342e-06
117.97999999999999 1.553627e-06
121.01 5.474116e-06
124.97 7.133544e-06
127.0 7.930775e-06
127.88000000000001 8.498584e-06
130.86 9.779483e-06
132.07 1.157022e-05
133.91 1.262811e-05
137.03 1.630447e-05
139.9 1.846185e-05
143.16 4.800776e-05
147.17 0.0001151584
150.94 0.0001295271
155.17 0.0001466731
159.14999999999998 0.0001660932
162.10999999999999 0.0001812695
165.89 0.0002052482
170.14000000000001 0.0002276778
172.91 0.0002467747
176.93 0.0002724904
179.81 0.0002919645
181.89000000000001 0.000307144
186.13000000000002 0.0003359885
190.9 0.0003735514
194.0 0.0004011686
198.07000000000002 0.0004328208
202.21 0.0004702926
205.03 0.0004980848
209.79999999999998 0.0005227825
216.17999999999998 0.0006043681
220.20000000000002 0.000649111
222.73999999999998 0.0006750606
226.89000000000001 0.0007249357
230.04 0.00111775
233.78 0.001937843
239.78 0.002450852
245.93 0.002406087
252.24 0.002607991
256.93 0.002245559
259.9 0.002620238
264.12 0.002788253
269.03 0.00283374
274.04 0.002872747
279.13 0.002912989
284.32 0.002960371
290.27 0.00287291
295.67 0.002967022
301.17 0.002960266
308.18 0.003043137
318.28000000000003 0.00315725
327.95 0.003208699
337.92 0.003223542
348.18 0.003231117
357.11 0.003245872
366.28000000000003 0.003268308
374.81 0.00326083
385.31 0.003157264
395.19 0.003238396
405.33 0.003238375
413.82 0.003208628
422.48 0.003171869
430.34000000000003 0.003135423
441.37999999999994 0.003121183
450.62 0.003064299
460.04999999999995 0.003022251
469.68999999999994 0.002980611
479.52000000000004 0.002953512
489.56 0.00287952
499.81 0.002866296
505.6 0.00282065
511.46 0.002899473
519.77 0.002866285
529.43 0.002801116
540.52 0.002705952
550.5600000000001 0.002662753
559.51 0.002674997
569.91 0.002668932
580.51 0.002596154
589.9399999999999 0.002584237
599.53 0.002496432
610.6700000000001 0.002250757
620.59 0.002484992
630.68 0.00242844
639.45 0.002411761
649.84 0.002378656
657.37 0.002329809
664.98 0.002340574
674.23 0.002313782
685.1899999999999 0.002219827
694.72 0.002271542
704.38 0.002169359
715.8299999999999 0.00223009
725.7800000000001 0.002204626
734.1899999999999 0.002184337
744.4000000000001 0.002174348
754.76 0.002154394
765.26 0.002010596
774.1199999999999 0.002129763
784.89 0.002100504
795.81 0.002105317
805.0200000000001 0.002100546
814.34 0.002086043
825.67 0.002100523
835.23 0.001911314
844.91 0.002062149
854.69 0.002043258
864.5899999999999 0.002062151
874.5999999999999 0.002081235
884.7199999999999 0.002105369
894.9699999999999 0.002119963
905.33 0.002086041
915.8199999999999 0.002693547
924.29 0.01028784
934.99 0.02090854
945.82 0.03857694
954.57 0.0537449
965.62 0.06100051
974.5600000000001 0.01173078
985.84 0.05300527
994.97 0.05537529
1004.1700000000001 0.07894506
1015.8000000000001 0.07521868
1025.2 0.0321613
1034.68 0.05312932
1044.26 0.1000745
1053.92 0.09824853
1066.12 0.07822271
1075.99 0.09253883
1085.95 0.0731691
1095.99 0.09645667
1106.13 0.09254009
1113.8 0.08898695
1124.11 0.08022713
1134.51 0.1007682
1145.01 0.09148016
1155.6 0.09690189
1166.29 0.09984564
1174.38 0.07003696
1185.24 0.09623358
1196.21 0.06611787
1204.5 0.04778833
1215.65 0.03064295
1224.07 0.06387464
1235.3999999999999 0.09690127
1243.96 0.10674
1255.48 0.1021704
1264.18 0.08736272
1275.8700000000001 0.112804
1284.72 0.1181193
1293.6200000000001 0.09382733
1305.5900000000001 0.09211383
1314.6399999999999 0.1149031
1323.76 0.1097299
1336.0 0.09712564
1345.27 0.1151645
1354.59 0.1112569
1363.98 0.09938741
1373.4399999999998 0.1043091
1386.1399999999999 0.1052768
1395.75 0.09211299
1405.43 0.09557015
1415.17 0.0971241
1424.9800000000002 0.09938759
1434.85 0.0984759
1441.48 0.1038315
1448.1299999999999 0.1055183
1454.82 0.1024072
1464.9 0.09425818
1475.05 0.09382748
1485.28 0.09534962
1495.57 0.09690177
1505.94 0.09168978
1512.89 0.08153096
1516.3799999999999 0.08716258
1523.38 0.08439636
1533.94 0.07350511
1544.5700000000002 0.08096986
1555.28 0.07626653
1566.06 0.07714891
1573.29 0.08209689
1584.19 0.08596698
1595.1699999999998 0.08776612
1606.2299999999998 0.08557078
1613.65 0.08576801
1624.83 0.08078498
1636.0900000000001 0.08576869
1643.64 0.08696246
1655.0400000000002 0.07985787
1666.51 0.08736339
1670.35 0.07768269
1678.0600000000002 0.0877651
1685.8100000000002 0.09148072
1693.5900000000001 0.08557057
1705.33 0.08209709
1713.2 0.07822203
1725.08 0.07768209
1733.0400000000002 0.08266637
1745.05 0.08059812
1753.11 0.08596648
1765.26 0.07822172
1773.3999999999999 0.08059871
1785.7 0.0817197
1793.94 0.0875647
1806.3799999999999 0.08636257
1814.71 0.08004325
1823.09 0.081343
1835.7299999999998 0.07786175
1844.2 0.07133798
1856.98 0.07199845
1865.55 0.07452839
1874.17 0.08004229
1887.1599999999999 0.07401689
1895.8700000000001 0.07150288
1904.62 0.07504562
1913.41 0.07266632
1926.67 0.07084864
1935.5700000000002 0.07133782
1944.5000000000002 0.07626657
1953.48 0.0718328
1967.02 0.07858195
1976.1000000000001 0.07985838
1985.22 0.07643937
1994.38 0.07435773
2003.5900000000001 0.07556459
2012.83 0.07333789
2026.79 0.07539152
2036.1399999999999 0.07317026
2045.5400000000002 0.07626647
2054.98 0.0728316
2064.47 0.07266602
2074.0 0.07804007
2078.78 0.08022694
2083.5699999999997 0.08498173
2093.19 0.07985819
2102.85 0.07931096
2117.43 0.0813431
2127.2 0.08078485
2137.02 0.07470141
2146.88 0.07985807
2156.79 0.08209672
2166.75 0.0776826
2176.75 0.07732504
2186.79 0.07985866
2196.89 0.08266657
2207.03 0.08004273
2217.22 0.07300204
2227.45 0.07300193
2232.59 0.08228623
2242.89 0.078222
2253.24 0.07117575
2263.64 0.07133849
2274.09 0.07452857
2284.59 0.0811564
2295.13 0.07420977
2305.73 0.07810043
2316.37 0.07225388
2327.06 0.05715544
2332.43 0.06297455
2343.19 0.05706461
2354.01 0.06911585
2364.87 0.05764766
2375.79 0.06237229
2386.76 0.05335682
2392.2599999999998 0.05838431
2403.2999999999997 0.05642909
2414.39 0.05925377
2425.54 0.07062011
2436.73 0.06888767
2442.35 0.07555429
2453.62 0.07629155
2464.95 0.07222352
2476.33 0.06774904
2487.7599999999998 0.06181692
2493.49 0.06169046
2505.0 0.07558748
2510.78 0.05630516
2516.56 0.05503779
2522.37 0.05404729
2534.0099999999998 0.06039211
2545.7000000000003 0.06084366
2557.4599999999996 0.07752331
2563.35 0.06831833
2575.1800000000003 0.07722631
2587.07 0.07327972
2593.03 0.06983918
2605.0 0.06506202
2617.03 0.06230901
2623.06 0.07139571
2635.17 0.09096894
2647.33 0.1106934
2653.43 0.1337329
2665.6800000000003 0.09918976
2677.98 0.1088189
2684.16 0.1177095
2696.5499999999997 0.09750892
2702.76 0.1107052
2715.24 0.09107378
2727.77 0.08272389
2734.06 0.09456895
2746.6800000000003 0.06714135
2753.01 0.07746559
2765.72 0.09002009
2772.0899999999997 0.09560081
2784.89 0.07289465
2797.7400000000002 0.04807681
2804.1899999999996 0.05346442
2817.1400000000003 0.0895993
2823.6299999999997 0.1130895
2836.66 0.1088104
2843.2000000000003 0.09178901
2856.3300000000004 0.07063665
2862.9100000000003 0.1117255
2876.13 0.1322526
2882.7599999999998 0.1234598
2896.06 0.1389227
2909.4300000000003 0.1749939
2929.6 0.1571777
2949.8999999999996 0.1492001
2970.35 0.1563696
2990.94 0.1583201
3011.67 0.1606628
3032.55 0.1672242
3046.55 0.1728071
3067.67 0.1832115
3088.93 0.1821145
3110.3399999999997 0.2007887
3131.9 0.1901674
3153.61 0.1903407
3168.17 0.2040804
3190.13 0.1812204
3212.2400000000002 0.198431
3227.07 0.1725382
3249.44 0.2250562
3271.96 0.2562749
3287.06 0.2517568
3309.85 0.2412116
3325.12 0.2326367
3332.79 0.2375846
3340.47 0.2192599
3348.1699999999996 0.2673618
3355.8900000000003 0.2565877
3363.63 0.1788032
3371.38 0.2011488
3379.15 0.2568383
3386.94 0.245359
3394.7500000000005 0.2387502
3402.58 0.2864623
3410.42 0.2367179
3418.28 0.2230355
3426.16 0.2486099
3434.06 0.2771133
3441.98 0.2176713
3449.91 0.2269601
3457.8599999999997 0.2524024
3465.84 0.2265874
3473.83 0.2687701
3481.8300000000004 0.2385218
3489.86 0.2604191
3497.9100000000003 0.2354043
3505.97 0.2824756
3514.05 0.2432821
3522.15 0.2768649
3530.27 0.2324899
3538.4100000000003 0.2815399
3546.57 0.2888553
3554.7400000000002 0.2863265
3562.94 0.267912
3571.15 0.2229168
3579.3799999999997 0.2456362
3587.63 0.1903026
3595.9 0.2585797
3604.19 0.2908918
3612.5 0.2233019
3620.8 0.2433068
3623.54 0.2326767
3626.27 0.2455541
3629.0099999999998 0.2813202
3631.74 0.2731337
3634.48 0.2756826
3637.22 0.2920458
3639.9500000000003 0.2779656
3642.69 0.2907536
3645.4199999999996 0.2578673
3648.16 0.2634277
3650.9 0.2720271
3653.63 0.3129212
3656.37 0.3180634
3659.1099999999997 0.3390744
3661.84 0.3379754
3664.58 0.3316492
3667.31 0.3287076
3670.05 0.3291194
3672.7900000000004 0.3150651
3675.52 0.2991699
3678.2599999999998 0.3252964
3680.9900000000002 0.2883893
3683.73 0.279533
3686.47 0.2777173
3689.2000000000003 0.2798909
3691.94 0.2896261
3694.6800000000003 0.3179802
3697.41 0.3284322
3700.1499999999996 0.328569
3702.88 0.3114087
3705.62 0.2944116
3708.36 0.2830801
3711.09 0.3087682
3713.8300000000004 0.2993343
3716.56 0.3170742
3719.2999999999997 0.3480962
3722.04 0.3846459
3724.77 0.4378091
3727.5099999999998 0.5023834
3730.25 0.4669871
3732.98 0.3654777
3735.7200000000003 0.3125627
3738.45 0.2669457
3741.1899999999996 0.2959242
3743.93 0.2618759
3746.66 0.2579027
3749.4 0.2552922
3752.13 0.2634668
3754.8700000000003 0.2993071
3757.61 0.3068146
3760.3399999999997 0.2999951
3763.08 0.2874534
3765.8199999999997 0.2861327
3768.55 0.2960345
3771.29 0.2940537
3774.02 0.327195
3776.76 0.3516713
3779.5 0.3659167
3782.2299999999996 0.3815117
3784.97 0.3509835
3787.7 0.3383611
3790.44 0.3161385
3793.18 0.2947137
3795.9100000000003 0.2861064
3798.65 0.2834656
3801.39 0.3055768
3804.12 0.3109132
3806.86 0.3374247
3809.59 0.3296427
3812.33 0.3166334
3815.0699999999997 0.3138276
3817.8 0.2778556
3820.54 0.261461
3823.2699999999995 0.2536676
3826.01 0.2467613
3828.75 0.2309471
3831.48 0.2060335
3834.22 0.2073779
3836.96 0.2192667
3839.69 0.2257029
3842.43 0.265941
3845.1600000000003 0.2854465
3847.9 0.2970244
3850.6400000000003 0.3047519
3853.37 0.3035427
3856.1099999999997 0.2951539
3858.84 0.2888569
3861.58 0.3064852
3864.32 0.3257911
3867.05 0.3263697
3869.79 0.3213087
3872.53 0.3116273
3875.2599999999998 0.2995548
3878.0 0.2936412
3880.73 0.2962824
3883.47 0.2888012
3886.21 0.2928709
3888.94 0.2977122
3891.6800000000003 0.314103
3894.41 0.3297803
3897.1499999999996 0.3355001
3899.89 0.3488106
3902.62 0.3510943
3905.36 0.3584917
3908.1 0.3742773
3910.83 0.3790914
3913.57 0.3894039
3916.2999999999997 0.381237
3919.04 0.3626722
3921.78 0.3338767
3924.5099999999998 0.3121509
3927.25 0.2700251
3929.98 0.2252605
3932.7200000000003 0.2069546
3935.46 0.1983652
3938.1899999999996 0.2209177
3940.9300000000003 0.2578115
3943.67 0.3051918
3946.4 0.33231
3949.14 0.3655046
3951.87 0.3755165
3954.61 0.3812362
3957.35 0.3523307
3960.0800000000004 0.3331627
3962.82 0.2811278
3965.5499999999997 0.2202276
3968.29 0.1992237
3971.0299999999997 0.2111455
3973.76 0.2506064
3976.5 0.312343
3979.24 0.3663567
3981.9700000000003 0.3971329
3984.71 0.4237267
3987.44 0.4356365
3990.18 0.451092
3992.9199999999996 0.456234
3995.65 0.4673464
3998.39 0.4724058
4001.1200000000003 0.4792004
4003.86 0.4782368
4006.6000000000004 0.4860191
4009.33 0.4893208
4012.0699999999997 0.5049137
4014.81 0.5184988
4017.54 0.5211956
4020.2799999999997 0.5188294
4023.01 0.5129455
4025.75 0.517675
4028.4900000000002 0.5087632
4031.22 0.4847828
4033.9599999999996 0.4769712
4036.69 0.492759
4039.43 0.4970759
4042.17 0.4956174
4044.9 0.4847555
4047.6400000000003 0.4846446
4050.38 0.4883015
4053.1099999999997 0.4937208
4055.85 0.4919597
4058.58 0.4749923
4061.3199999999997 0.4713611
4064.06 0.4670974
4066.79 0.4728468
4069.53 0.4836818
4072.2599999999998 0.4834082
4074.9999999999995 0.4775493
4077.7400000000002 0.4761183
4080.47 0.4868181
4083.21 0.4996883
4085.95 0.5168762
4088.6800000000003 0.5307115
4091.42 0.5268601
4094.1499999999996 0.5039248
4096.89 0.4797218
4099.63 0.4528788
4102.36 0.4490573
4105.099999999999 0.4595073
4107.83 0.4722423
4110.57 0.4924281
4113.31 0.5099735
4116.04 0.5058497
4118.780000000001 0.5090666
4121.52 0.5106882
4124.25 0.5053818
4126.99 0.5062334
4129.72 0.4927588
4132.46 0.4880825
4135.2 0.4980099
4137.93 0.506152
4140.67 0.5058486
4143.4 0.4969944
4146.139999999999 0.4946007
4148.88 0.4839015
4151.61 0.4887158
4154.35 0.4963055
4157.09 0.4941319
4159.820000000001 0.4949585
4162.56 0.5064535
4165.29 0.5081601
4168.03 0.4920429
4170.7699999999995 0.4793909
4173.5 0.4638535
4176.24 0.4692156
4178.97 0.4790628
4181.71 0.4763117
4184.45 0.4924546
4187.179999999999 0.4990016
4189.92 0.4901725
4192.66 0.4965796
4195.39 0.4929783
4198.13 0.481289
4200.860000000001 0.4694094
4203.6 0.4891551
4206.34 0.5060681
4209.07 0.5241661
4211.81 0.522735
4214.54 0.5205914
4217.28 0.5225706
4220.0199999999995 0.5129163
4222.75 0.496609
4225.49 0.4706459
4228.2300000000005 0.4595342
4230.96 0.4817299
4233.7 0.5006504
4236.43 0.5167408
4239.17 0.523533
4241.91 0.5264197
4244.64 0.535607
4247.38 0.5247977
4250.110000000001 0.5128082
4252.85 0.509342
4255.59 0.520562
4258.32 0.5170982
4261.0599999999995 0.5231477
4263.8 0.5279047
4266.53 0.5329666
4269.27 0.5120364
4272.0 0.489431
4274.74 0.4953981
4277.4800000000005 0.5059031
4280.21 0.5158053
4282.95 0.5183896
4285.68 0.5075002
4288.42 0.4880277
4291.16 0.4761458
4293.89 0.4773573
4296.63 0.4579124
4299.37 0.4318395
4302.099999999999 0.4094538
4304.84 0.3935294
4307.57 0.3908628
4310.31 0.4221046
4313.05 0.4641823
4315.78 0.5154479
4318.52 0.5598905
4321.25 0.552824
4323.99 0.5335439
4326.73 0.514924
4329.46 0.5409702
4332.2 0.5619533
4334.94 0.5741358
4337.67 0.5366519
4340.41 0.5185544
4343.139999999999 0.5240564
4345.88 0.5437196
4348.62 0.5524368
4351.35 0.5683072
4354.09 0.5604407
4356.82 0.5775212
4359.56 0.5929489
4362.3 0.6090642
4365.03 0.6135213
4367.77 0.6106874
4370.51 0.5953677
4373.24 0.5811781
4375.98 0.5689661
4378.71 0.5692152
4381.45 0.5336262
4384.19 0.5194617
4386.92 0.5241111
4389.66 0.5357436
4392.39 0.5551892
4395.13 0.5735873
4397.87 0.5687184
4400.6 0.5657222
4403.34 0.5607984
4406.08 0.556782
4408.81 0.5649242
4411.55 0.5782344
4414.28 0.584149
4417.0199999999995 0.6040871
4419.76 0.6011433
4422.49 0.607388
4425.23 0.6070569
4427.96 0.6051059
4430.7 0.601667
4433.4400000000005 0.6013085
4436.17 0.6131912
4438.91 0.6085972
4441.65 0.6266926
4444.38 0.6307373
4447.12 0.6349164
4449.85 0.6414086
4452.59 0.6384649
4455.33 0.5985305
4458.0599999999995 0.5817283
4460.8 0.5861003
4463.53 0.593005
4466.2699999999995 0.6080751
4469.01 0.6218252
4471.74 0.6340928
4474.4800000000005 0.6635742
4477.22 0.6677534
4479.95 0.665225
4482.69 0.6568082
4485.42 0.6563975
4488.16 0.6653346
4490.9 0.6551027
4493.63 0.6476788
4496.37 0.6510879
4499.099999999999 0.6665461
4501.84 0.6829088
4504.58 0.7046893
4507.3099999999995 0.7141245
4510.05 0.7054603
4512.79 0.6967957
4515.52 0.6854943
4518.26 0.6816153
4520.99 0.6747414
4523.7300000000005 0.651446
4526.47 0.6402514
4529.2 0.6153361
4531.94 0.6093121
4534.67 0.6228725
4537.41 0.6439104
4540.15 0.6532603
4542.88 0.6577999
4545.62 0.6546084
4548.360000000001 0.6571101
4551.09 0.6593671
4553.83 0.6633813
4556.56 0.6774918
4559.3 0.6944321
4562.04 0.6984736
4564.77 0.6975129
4567.51 0.7007571
4570.24 0.6931407
4572.98 0.6931122
4575.719999999999 0.6918458
4578.45 0.6789491
4581.19 0.6758127
4583.93 0.6683585
4586.66 0.6818639
4589.400000000001 0.6849705
4592.13 0.679857
4594.87 0.6722651
4597.61 0.6718791
4600.34 0.6765563
4603.08 0.6807079
4605.81 0.6914081
4608.55 0.7074684
4611.29 0.7155803
4614.0199999999995 0.7203951
4616.759999999999 0.7197064
4619.5 0.716845
4622.23 0.7173693
4624.97 0.7189908
4627.7 0.723778
4630.4400000000005 0.7242445
4633.18 0.7106021
4635.91 0.6936076
4638.650000000001 0.6832382
4641.38 0.6752368
4644.12 0.6670949
4646.86 0.6578257
4649.59 0.6632179
4652.33 0.6634643
4655.07 0.6764993
4657.8 0.6864844
4660.54 0.6813127
4663.2699999999995 0.6820296
4666.01 0.6629145
4668.75 0.6434967
4671.4800000000005 0.6505116
4674.22 0.6612912
4676.950000000001 0.6683886
4679.6900000000005 0.6708353
4682.43 0.6727043
4685.16 0.6759514
4687.9 0.6745202
4690.639999999999 0.6725664
4693.37 0.6718256
4696.11 0.6659115
4698.84 0.6607979
4701.58 0.6505934
4704.320000000001 0.6463296
4707.05 0.6535369
4709.79 0.6607688
4712.52 0.6681962
4715.26 0.6801587
4718.0 0.693826
4720.7300000000005 0.7051313
4723.47 0.7047451
4726.21 0.6932481
4728.94 0.6794713
4731.679999999999 0.6694592
4734.41 0.6722937
4737.15 0.6796909
4739.89 0.6941283
4742.62 0.7056536
4745.360000000001 0.7079352
4748.09 0.7102472
4750.83 0.7107685
4753.57 0.7091174
4756.3 0.7025736
4759.04 0.6932767
4761.78 0.6802121
4764.51 0.6751534
4767.25 0.6796076
4769.98 0.6838173
4772.719999999999 0.7019951
4775.46 0.7148101
4778.19 0.7200648
4780.93 0.717616
4783.66 0.7054342
4786.400000000001 0.7034805
4789.14 0.699244
4791.87 0.7101917
4794.610000000001 0.7227867
4797.35 0.7179726
4800.08 0.7265551
4802.82 0.7317244
4805.55 0.727656
4808.29 0.7257571
4811.03 0.7296338
4813.76 0.7347511
4816.5 0.7378852
4819.23 0.7491079
4821.97 0.7477041
4824.71 0.7301015
4827.4400000000005 0.7238053
4830.18 0.7262519
4832.92 0.7219054
4835.650000000001 0.7144267
4838.39 0.7121152
4841.12 0.7128322
4843.86 0.7081832
4846.599999999999 0.702324
4849.33 0.697788
4852.07 0.6900863
4854.8 0.684505
4857.54 0.6684151
4860.28 0.654168
4863.01 0.646579
4865.75 0.6408299
4868.49 0.6464943
4871.22 0.6488887
4873.96 0.6573859
4876.6900000000005 0.6670959
4879.43 0.6830736
4882.17 0.6923408
4884.9 0.6834593
4887.639999999999 0.6776827
4890.37 0.6769143
4893.11 0.6902519
4895.85 0.710905
4898.58 0.7252905
4901.32 0.7274895
4904.06 0.7228955
4906.79 0.7171768
4909.53 0.7121704
4912.26 0.7113747
4915.0 0.7030127
4917.74 0.6750419
4920.47 0.6590922
4923.21 0.6696246
4925.94 0.690363
4928.679999999999 0.7097235
4931.42 0.7214109
4934.15 0.7170398
4936.89 0.7057077
4939.63 0.703259
4942.36 0.7172319
4945.1 0.7338695
4947.83 0.7456149
4950.570000000001 0.7471814
4953.31 0.739012
4956.04 0.7307358
4958.78 0.723749
4961.51 0.725126
4964.25 0.7239422
4966.99 0.7088423
4969.72 0.7105217
4972.46 0.7111807
4975.2 0.7056516
4977.93 0.6963026
4980.67 0.6806252
4983.4 0.6643731
4986.14 0.6716877
4988.88 0.6868954
4991.610000000001 0.692865
4994.35 0.700152
4997.08 0.7036741
4999.82 0.7082109
5002.56 0.7099149
5005.29 0.7148671
5008.03 0.7142336
5010.7699999999995 0.6960534
5013.5 0.6773811
5016.24 0.6515829
5018.97 0.6515294
5021.71 0.657359
5024.450000000001 0.663601
5027.18 0.668828
5029.92 0.679718
5032.65 0.6889054
5035.389999999999 0.6806811
5038.129999999999 0.6699543
5040.860000000001 0.6577449
5043.6 0.6646193
5046.34 0.6772969
5049.07 0.6923974
5051.8099999999995 0.6947339
5054.54 0.6985034
5057.28 0.7088983
5060.0199999999995 0.7112624
5062.75 0.7103015
5065.490000000001 0.7021322
5068.22 0.691573
5070.96 0.6826613
5073.7 0.6743821
5076.429999999999 0.6713309
5079.169999999999 0.6613192
5081.91 0.6503172
5084.64 0.6584045
5087.38 0.6767751
5090.11 0.6904178
5092.849999999999 0.6915169
5095.59 0.6853828
5098.32 0.684807
5101.0599999999995 0.6733649
5103.79 0.6625306
5106.530000000001 0.6694327
5109.27 0.6642613
5112.0 0.6742462
5114.74 0.6826334
5117.48 0.6909105
5120.209999999999 0.682359
5122.95 0.6622262
5125.68 0.652602
5128.42 0.6526012
5131.16 0.6515275
5133.889999999999 0.6617049
5136.63 0.6537009
5139.36 0.6629432
5142.099999999999 0.6444881
5144.84 0.6355489
5147.570000000001 0.6390158
5150.31 0.6384923
5153.05 0.6498498
5155.78 0.6616498
5158.5199999999995 0.6654441
5161.249999999999 0.6557924
5163.990000000001 0.6205884
5166.7300000000005 0.5850272
5169.46 0.5496331
5172.2 0.5345061
5174.929999999999 0.5513663
5177.67 0.5765026
5180.41 0.580352
5183.14 0.5799958
5185.88 0.5812876
5188.620000000001 0.5987506
5191.35 0.6339825
5194.09 0.6535357
5196.82 0.6655832
5199.5599999999995 0.6657472
5202.299999999999 0.6698991
5205.030000000001 0.6519416
5207.77 0.6338992
5210.5 0.6378336
5213.24 0.649796
5215.9800000000005 0.6713843
5218.71 0.6779591
5221.45 0.679058
5224.19 0.672209
5226.92 0.6681953
5229.660000000001 0.6725397
5232.39 0.6791968
5235.13 0.6904993
5237.87 0.7100523
5240.599999999999 0.7172871
5243.339999999999 0.7198713
5246.070000000001 0.7126124
5248.81 0.6985576
5251.55 0.6929461
5254.28 0.6975682
5257.02 0.6974296
5259.76 0.6901131
5262.49 0.6693778
5265.23 0.6310113
5267.96 0.6194893
5270.700000000001 0.6308743
5273.4400000000005 0.6516376
5276.17 0.6888772
5278.91 0.7064776
5281.639999999999 0.7246583
5284.379999999999 0.7355756
5287.12 0.7452278
5289.85 0.7626385
5292.59 0.7552394
5295.33 0.7478676
5298.06 0.7422589
5300.8 0.7391227
5303.53 0.7452025
5306.2699999999995 0.7624727
5309.009999999999 0.7794955
5311.740000000001 0.7859878
5314.4800000000005 0.7785885
5317.22 0.7698141
5319.95 0.7527921
5322.69 0.7416801
5325.419999999999 0.7188549
5328.16 0.7056803
5330.9 0.7076045
5333.63 0.7288653
5336.37 0.7423403
5339.1 0.7424245
5341.84 0.735548
5344.58 0.7352443
5347.3099999999995 0.745752
5350.049999999999 0.7572194
5352.789999999999 0.773252
5355.52 0.7909927
5358.26 0.7940995
5360.99 0.7839253
5363.73 0.7722908
5366.47 0.7547707
5369.2 0.7390962
5371.94 0.7301569
5374.67 0.7368966
5377.41 0.7524343
5380.150000000001 0.7629117
5382.88 0.7627209
5385.62 0.7591445
5388.36 0.7492701
5391.089999999999 0.7395086
5393.829999999999 0.7226485
5396.56 0.7161597
5399.3 0.7057079
5402.04 0.7005364
5404.7699999999995 0.7029857
5407.51 0.7008121
5410.24 0.7122545
5412.98 0.72958
5415.72 0.7411848
5418.45 0.7440192
5421.1900000000005 0.7494363
5423.93 0.7471799
5426.66 0.739591
5429.4 0.7390124
5432.129999999999 0.7321386
5434.870000000001 0.7315324
5437.610000000001 0.7439075
5440.34 0.7549375
5443.08 0.7599693
5445.8099999999995 0.7497127
5448.55 0.7434962
5451.29 0.7402223
5454.02 0.7403065
5456.76 0.7310098
5459.500000000001 0.7325213
5462.2300000000005 0.7375008
5464.97 0.7419826
5467.7 0.7462747
5470.44 0.7422033
5473.179999999999 0.733209
5475.910000000001 0.7246024
5478.650000000001 0.7220987
5481.38 0.7282059
5484.12 0.7314226
5486.86 0.7374996
5489.59 0.7476221
5492.33 0.7492437
5495.07 0.7453098
5497.8 0.7488869
5500.540000000001 0.7500958
5503.27 0.7410218
5506.01 0.7342827
5508.75 0.7323565
5511.48 0.7292503
5514.219999999999 0.7344197
5516.950000000001 0.7420395
5519.6900000000005 0.7452562
5522.43 0.7493805
5525.16 0.7417091
5527.9 0.7268844
5530.64 0.7403044
5533.37 0.7381334
5536.11 0.7459706
5538.84 0.7458072
5541.580000000001 0.768413
5544.320000000001 0.7558984
5547.05 0.7715215
5549.79 0.7532313
5552.5199999999995 0.7630238
5555.259999999999 0.7569998
5558.0 0.7600514
5560.7300000000005 0.7432767
5563.47 0.7480336
5566.21 0.7476201
5568.94 0.7492994
5571.68 0.727929
5574.41 0.7395366
5577.15 0.7397556
5579.889999999999 0.7412672
5582.620000000001 0.7392062
5585.360000000001 0.7276543
5588.09 0.7205603
5590.83 0.7188266
5593.57 0.7244912
5596.299999999999 0.7301857
5599.04 0.7315323
5601.78 0.7259484
5604.51 0.7364833
5607.25 0.7549638
5609.98 0.7580457
5612.72 0.7561745
5615.46 0.7470427
5618.19 0.7338433
5620.929999999999 0.7336773
5623.660000000001 0.735329
5626.400000000001 0.7408009
5629.14 0.7511957
5631.87 0.7573303
5634.61 0.751389
5637.349999999999 0.7486101
5640.08 0.7425338
5642.82 0.7469606
5645.55 0.7540304
5648.29 0.7572195
5651.030000000001 0.7491879
5653.76 0.7508397
5656.5 0.7443206
5659.23 0.7272433
5661.969999999999 0.7272423
5664.709999999999 0.7331818
5667.4400000000005 0.745642
5670.18 0.7550191
5672.92 0.7656341
5675.65 0.7754266
5678.389999999999 0.7679448
5681.12 0.7651687
5683.86 0.7578522
5686.6 0.7584286
5689.33 0.749657
5692.070000000001 0.7587593
5694.8 0.7634914
5697.54 0.7687433
5700.28 0.7582364
5703.009999999999 0.7370888
5705.750000000001 0.7327974
5708.490000000001 0.7279559
5711.22 0.7331829
5713.96 0.7450355
5716.69 0.7529852
5719.429999999999 0.7767736
5722.17 0.7819431
5724.900000000001 0.7851075
5727.64 0.7810086
5730.37 0.7818078
5733.110000000001 0.7771864
5735.85 0.7783404
5738.58 0.7849977
5741.32 0.7829615
5744.0599999999995 0.7815853
5746.790000000001 0.7806794
5749.530000000001 0.7745729
5752.26 0.7648938
5755.0 0.768358
5757.74 0.7642041
5760.469999999999 0.7673685
5763.21 0.7668449
5765.9400000000005 0.7745473
5768.68 0.778534
5771.42 0.7788356
5774.150000000001 0.7727317
5776.89 0.7672577
5779.63 0.7562009
5782.36 0.744954
5785.099999999999 0.7377199
5787.830000000001 0.744267
5790.570000000001 0.7557345
5793.31 0.7714647
5796.04 0.7756192
5798.78 0.7863166
5801.509999999999 0.7956416
5804.25 0.7882149
5806.99 0.7758653
5809.72 0.7866753
5812.46 0.7824115
5815.200000000001 0.784748
5817.93 0.7832645
5820.67 0.7855738
5823.4 0.7980339
5826.139999999999 0.79366
5828.879999999999 0.7932741
5831.610000000001 0.8054867
5834.35 0.7947322
5837.08 0.7929737
5839.82 0.7967681
5842.56 0.8068604
5845.29 0.7964111
5848.03 0.7889021
5850.7699999999995 0.7739947
5853.5 0.7512244
5856.240000000001 0.7513885
5858.97 0.7418742
5861.71 0.7406082
5864.45 0.7300463
5867.179999999999 0.7323856
5869.919999999999 0.7514438
5872.650000000001 0.7579908
5875.39 0.7649204
5878.13 0.7670922
5880.86 0.7420942
5883.6 0.7321373
5886.34 0.7094196
5889.07 0.6802686
5891.8099999999995 0.6548557
5894.54 0.6521893
5897.280000000001 0.6730077
5900.02 0.7027642
5902.75 0.7270228
5905.49 0.7368674
5908.219999999999 0.7446796
5910.959999999999 0.7540296
5913.7 0.7520758
5916.43 0.7535901
5919.17 0.7551568
5921.91 0.7514154
5924.64 0.7547447
5927.38 0.7563665
5930.11 0.7481448
5932.849999999999 0.7495464
5935.589999999999 0.7536159
5938.320000000001 0.760878
5941.06 0.7665424
5943.79 0.7631613
5946.53 0.7527921
5949.2699999999995 0.7518284
5951.999999999999 0.7459719
5954.74 0.7446233
5957.4800000000005 0.7478677
5960.21 0.7547723
5962.95 0.7651396
5965.68 0.7737219
5968.42 0.7791939
5971.16 0.7769377
5973.889999999999 0.7741065
5976.63 0.7635172
5979.360000000001 0.7544706
5982.1 0.7514994
5984.84 0.7496283
5987.57 0.7503174
5990.3099999999995 0.7545241
5993.05 0.7540833
5995.780000000001 0.75601
5998.52 0.7555689
6001.25 0.7526827
6003.99 0.7450911
6006.7300000000005 0.7405524
6009.46 0.7376935
6012.2 0.7415153
6014.93 0.7404444
6017.67 0.734558
6020.410000000001 0.7375272
6023.14 0.7483096
6025.88 0.7541392
6028.62 0.7563383
6031.349999999999 0.7669283
6034.09 0.7758655
6036.820000000001 0.7723194
6039.56 0.7705308
6042.3 0.7712999
6045.03 0.7725115
6047.77 0.7747657
6050.5 0.7749597
6053.24 0.7732261
6055.98 0.7681098
6058.71 0.7632984
6061.450000000001 0.759227
6064.1900000000005 0.7601612
6066.92 0.7667359
6069.66 0.7763056
6072.389999999999 0.78101
6075.13 0.779909
6077.87 0.7714923
6080.6 0.7677535
6083.34 0.7509763
6086.07 0.7579633
6088.81 0.7514443
6091.55 0.7541386
6094.28 0.7570005
6097.0199999999995 0.7566144
6099.759999999999 0.7585386
6102.490000000001 0.7461365
6105.2300000000005 0.7550189
6107.96 0.7558454
6110.7 0.7494639
6113.44 0.7602439
6116.17 0.7526823
6118.91 0.748391
6121.64 0.7463023
6124.38 0.7473465
6127.12 0.752571
6129.85 0.7540027
6132.59 0.745311
6135.33 0.7396446
6138.0599999999995 0.7430289
6140.799999999999 0.7395076
6143.530000000001 0.7475123
6146.27 0.7466037
6149.01 0.7575212
6151.74 0.7431939
6154.48 0.7373626
6157.21 0.7249056
6159.95 0.7027103
6162.69 0.6916536
6165.42 0.6948728
6168.16 0.6960819
6170.900000000001 0.7049919
6173.63 0.7140414
6176.37 0.7229512
6179.099999999999 0.7276006
6181.839999999999 0.7249595
6184.58 0.7293039
6187.31 0.7228148
6190.05 0.7213838
6192.78 0.7205328
6195.5199999999995 0.7217694
6198.26 0.7240238
6200.99 0.7433042
6203.73 0.745091
6206.469999999999 0.7415972
6209.200000000001 0.7202844
6211.9400000000005 0.7157182
6214.67 0.7051587
6217.41 0.7016101
6220.15 0.7103274
6222.879999999999 0.7160768
6225.62 0.717891
6228.35 0.711897
6231.09 0.6982551
6233.83 0.7008942
6236.5599999999995 0.7042784
6239.3 0.6949544
6242.04 0.6931659
6244.7699999999995 0.6944874
6247.509999999999 0.7032598
6250.240000000001 0.6794715
6252.9800000000005 0.6894816
6255.72 0.6974289
6258.45 0.6957526
6261.19 0.6856035
6263.919999999999 0.7090918
6266.66 0.7162964
6269.400000000001 0.7155256
6272.13 0.7318908
6274.87 0.716241
6277.610000000001 0.7169004
6280.34 0.7112638
6283.08 0.7116754
6285.8099999999995 0.7329635
6288.55 0.7453662
6291.290000000001 0.7431926
6294.02 0.7500146
6296.76 0.7472636
6299.49 0.7508127
6302.23 0.7445138
6304.969999999999 0.7328794
6307.700000000001 0.735961
6310.4400000000005 0.7422308
6313.18 0.7323565
6315.91 0.7445965
6318.650000000001 0.7068625
6321.38 0.7292783
6324.12 0.7204491
6326.86 0.7380771
6329.59 0.7485571
6332.330000000001 0.7428906
6335.06 0.7357689
6337.8 0.7319728
6340.54 0.7303492
6343.2699999999995 0.740279
6346.009999999999 0.7387105
6348.75 0.7387096
6351.4800000000005 0.7412137
6354.22 0.756724
6356.95 0.7284806
6359.6900000000005 0.718689
6362.43 0.7186056
6365.16 0.7247125
6367.9 0.7410755
6370.63 0.7521053
6373.370000000001 0.7553222
6376.110000000001 0.7602442
6378.84 0.7544977
6381.58 0.7522416
6384.32 0.7565586
6387.049999999999 0.7606028
6389.79 0.756009
6392.52 0.7493824
6395.26 0.7437436
6398.0 0.7348044
6400.7300000000005 0.730818
6403.47 0.7488036
6406.2 0.7526003
6408.94 0.7491892
6411.679999999999 0.7357121
6414.410000000001 0.7358236
6417.150000000001 0.7405806
6419.89 0.7326866
6422.62 0.7503719
6425.36 0.7506186
6428.089999999999 0.7543329
6430.83 0.7589523
6433.57 0.7477855
6436.3 0.7443492
6439.04 0.7496837
6441.77 0.755158
6444.51 0.7478691
6447.25 0.752131
6449.98 0.7459719
6452.719999999999 0.7375278
6455.459999999999 0.7491879
6458.1900000000005 0.7604378
6460.93 0.762032
6463.66 0.769734
6466.4 0.7602725
6469.14 0.7583463
6471.87 0.7616756
6474.61 0.7691004
6477.34 0.7603836
6480.08 0.766378
6482.820000000001 0.7549088
6485.55 0.7522425
6488.29 0.750674
6491.03 0.7350794
6493.759999999999 0.7149491
6496.499999999999 0.7120054
6499.2300000000005 0.7175623
6501.97 0.719184
6504.71 0.7320267
6507.44 0.7559551
6510.18 0.7633523
6512.91 0.7634912
6515.65 0.7636279
6518.389999999999 0.7703375
6521.12 0.7659385
6523.860000000001 0.757192
6526.6 0.7582087
6529.33 0.7681109
6532.07 0.7623071
6534.799999999999 0.7629961
6537.539999999999 0.7772688
6540.280000000001 0.8001223
6543.01 0.8126099
6545.75 0.8230597
6548.48 0.8184683
6551.22 0.8129669
6553.96 0.8017176
6556.69 0.8082371
6559.43 0.8336207
6562.17 0.86687
6564.900000000001 0.859776
6567.64 0.8083733
6570.37 0.7871705
6573.11 0.773116
6575.849999999999 0.8052101
6578.580000000001 0.8530105
6581.320000000001 0.9397243
6584.05 0.9632954
6586.79 0.9400274
6589.53 0.8621126
6592.26 0.8092548
6595.0 0.7682754
6597.74 0.7538082
6600.47 0.7523246
6603.21 0.7523513
6605.9400000000005 0.738904
6608.68 0.7423134
6611.42 0.747483
6614.15 0.7496846
6616.889999999999 0.7589519
6619.620000000001 0.761071
6622.360000000001 0.7580725
6625.1 0.7503433
6627.83 0.7516098
6630.57 0.7408557
6633.31 0.7305139
6636.04 0.7315879
6638.78 0.7301845
6641.51 0.7460272
6644.25 0.743166
6646.990000000001 0.7423125
6649.72 0.737886
6652.46 0.7294971
6655.19 0.7349439
6657.929999999999 0.7460539
6660.67 0.7306518
6663.400000000001 0.7292505
6666.14 0.7320825
6668.88 0.7294139
6671.61 0.7266375
6674.35 0.7277092
6677.08 0.7276555
6679.82 0.7272973
6682.5599999999995 0.7310917
6685.29 0.7335957
6688.030000000001 0.7296896
6690.76 0.7330462
6693.5 0.7338704
6696.24 0.7349697
6698.969999999999 0.7369512
6701.71 0.7325225
6704.45 0.7294414
6707.18 0.7384359
6709.92 0.7583192
6712.65 0.7794974
6715.39 0.7906624
6718.13 0.7887639
6720.86 0.7813122
6723.599999999999 0.7709705
6726.33 0.7756198
6729.070000000001 0.7833745
6731.81 0.782851
6734.54 0.7613732
6737.28 0.7423683
6740.0199999999995 0.7319166
6742.75 0.7214946
6745.49 0.7105753
6748.22 0.7124193
6750.96 0.7073306
6753.7 0.7009492
6756.43 0.705901
6759.17 0.7140408
6761.9 0.7167099
6764.639999999999 0.7183866
6767.379999999999 0.7112353
6770.110000000001 0.7093939
6772.85 0.7165162
6775.59 0.7152228
6778.32 0.7206695
6781.0599999999995 0.7220438
6783.79 0.7052688
6786.53 0.6989149
6789.2699999999995 0.7054322
6792.0 0.7370335
6794.74 0.7230065
6804.69 0.7250966
6820.37 0.7250417
6836.09 0.7283147
6851.85 0.7265821
6867.65 0.6970447
6883.48 0.7148385
6899.349999999999 0.7230616
6915.249999999999 0.721329
6931.1900000000005 0.7262791
6947.17 0.7397298
6963.1900000000005 0.7362622
6979.24 0.7481428
6995.320000000001 0.7361262
7011.45 0.719322
7027.62 0.7479514
7043.81 0.7376397
7060.05 0.7291136
7076.33 0.704306
7092.64 0.693002
7108.99 0.6961368
7125.38 0.6960538
7141.8 0.6864569
7158.2699999999995 0.6911591
7174.77 0.6863199
7191.3099999999995 0.6629698
7207.89 0.6644266
7224.5 0.7053787
7241.16 0.695642
7257.85 0.6939635
7274.580000000001 0.7282874
7291.349999999999 0.6938555
7308.16 0.711566
7325.009999999999 0.716433
7341.889999999999 0.738133
7358.820000000001 0.7296338
7375.78 0.7448434
7392.78 0.724465
7409.83 0.7585389
7426.91 0.7446236
7444.030000000001 0.7654161
7461.19 0.7706674
7478.39 0.7513065
7495.63 0.761703
7512.910000000001 0.7529006
7530.23 0.7545788
7547.589999999999 0.7720706
7564.9800000000005 0.7509768
7582.42 0.7595854
7599.900000000001 0.7337336
7617.42 0.7319737
7634.9800000000005 0.7524062
7652.58 0.736895
7670.22 0.6782346
7687.91 0.7117583
7705.63 0.7116759
7723.39 0.695422
7741.200000000001 0.7066429
7759.04 0.6873362
7776.92 0.7048844
7794.86 0.6919564
7812.820000000001 0.7096421
7830.83 0.7194327
7848.889999999999 0.712775
7866.9800000000005 0.7242725
7885.11 0.7093659
7903.289999999999 0.6852186
7921.51 0.6726497
7939.77 0.6772439
7958.08 0.6865924
7976.42 0.7057628
7994.81 0.6912135
8013.240000000001 0.7072467
8031.71 0.7087881
8050.22 0.7235579
8068.78 0.7251524
8087.379999999999 0.7069469
8106.03 0.6876104
8124.710000000001 0.6955043
8143.44 0.7051036
8162.21 0.6969637
8181.030000000001 0.7180846
8199.89 0.714701
8218.79 0.7179194
8237.74 0.6223481
8256.73 0.7311201
8275.76 0.7344211
8294.84 0.6996845
8313.960000000001 0.6650598
8333.13 0.6979238
8352.34 0.701087
8371.59 0.6961921
8390.89 0.6617321
8410.23 0.6928375
8429.619999999999 0.6927536
8449.05 0.6676444
8468.529999999999 0.6752903
8488.050000000001 0.6767757
8507.62 0.4982035
8527.23 0.6536739
8546.89 0.5575811
8566.59 0.6626124
8586.34 0.6764185
8606.13 0.6533715
8625.97 0.6716056
8645.85 0.6761983
8665.789999999999 0.6353848
8685.76 0.6367597
8705.779999999999 0.6621181
8725.86 0.6743547
8745.97 0.6543897
8766.13 0.6618974
8786.34 0.6819461
8806.59 0.677162
8826.9 0.6833478
8847.24 0.6510338
8867.64 0.6630519
8888.08 0.6244657
8908.57 0.6418755
8929.11 0.6359344
8949.69 0.6417384
8970.32 0.6270514
8991.0 0.6342578
9011.73 0.6056273
9032.5 0.5945157
9053.32 0.6825235
9074.19 0.6638501
9095.109999999999 0.625181
9116.08 0.6179748
9137.09 0.6530145
9158.15 0.6380536
9179.27 0.6050763
9200.43 0.6408571
9221.64 0.6077446
9242.89 0.6175359
9264.2 0.6188836
9285.560000000001 0.6435247
9306.96 0.5708376
9328.42 0.6523258
9349.92 0.6507309
9371.48 0.6402525
9393.08 0.6490809
9414.73 0.6371724
9436.44 0.6519397
9458.19 0.6444055
9480.0 0.6562851
9501.85 0.6442405
9523.75 0.6471282
9545.71 0.6337893
9567.710000000001 0.64402
9589.76 0.6529044
9611.87 0.645341
9634.03 0.6482285
9656.24 0.6378047
9678.5 0.6377218
9700.81 0.6450386
9723.17 0.6288117
9745.59 0.6272987
9768.06 0.6301035
9790.57 0.6213859
9813.14 0.6343115
9835.76 0.6298844
9858.44 0.6312588
9881.16 0.6268316
9903.94 0.6195702
9926.77 0.6237788
9949.65 0.6251543
9972.59 0.6250711
9995.58 0.6221276
10018.62 0.6220454
10064.869999999999 0.6133555
10134.63 0.6188007
10181.420000000002 0.6129706
10228.409999999998 0.6128057
10275.62 0.6140699
10299.3 0.6097532
10490.779999999999 0.5911607
10710.46 0.5679761
10909.580000000002 0.5486973
11112.4 0.5264208
11292.960000000001 0.5144295
11502.92 0.5097273
11689.830000000002 0.4958107
11907.160000000002 0.4789793
12100.630000000001 0.4691611
12297.25 0.4606075
12497.06 0.4480396
12700.119999999999 0.4378639
12906.48 0.4278803
13086.029999999999 0.4191071
13298.66 0.4076934
13514.75 0.4002401
13702.76 0.3929519
13893.38 0.3796136
14086.66 0.3650375
14315.55 0.3591797
14514.7 0.3600318
14716.62 0.3485913
14887.03 0.3510114
15094.140000000001 0.3518361
15304.1 0.3567318
15517.0 0.3534592
15696.69 0.3477933
15915.05 0.3359951
16099.34 0.3375351
16285.769999999999 0.3344547
16512.309999999998 0.3290919
16703.52 0.3245816
16896.94 0.3179261
17092.6 0.309978
17290.51 0.2980695
17490.73 0.2886086
17693.27 0.2775525
17898.149999999998 0.2681194
18105.4 0.2560517
18315.04 0.2490741
18484.52 0.2406172
18698.56 0.2308485
18915.059999999998 0.2240416
19090.09 0.2194461
19311.149999999998 0.2119955
19489.82 0.2033875
19715.510000000002 0.1969354
19897.940000000002 0.1906896
20082.04 0.187208
20314.59 0.1804368
20502.56 0.1775518
20692.26 0.1727141
20883.73 0.1680058
21076.969999999998 0.1649393
21321.010000000002 0.160814
21518.3 0.1571535
21717.420000000002 0.151818
21918.350000000002 0.1487047
22121.170000000002 0.1443209
22274.5 0.1403881
22480.609999999997 0.136876
22688.609999999997 0.1331466
22898.550000000003 0.1194891
23110.44 0.1181195
23324.26 0.1033535
23485.95 0.09757251
23703.249999999996 0.09892837
23922.58 0.09085097
24088.39 0.08796872
24311.289999999997 0.08696218
24479.8 0.08134337
24706.320000000003 0.08022681
24877.56 0.06781505
25107.76 0.06688547
25281.81 0.06734755
25515.73 0.06673147
25692.61 0.06781504
25870.690000000002 0.06642342
26110.08 0.0662722
26291.05 0.06446527
26473.309999999998 0.0637282
26718.239999999998 0.0625649
26903.46 0.06156379
27089.93 0.06057924
27277.73 0.05920133
27530.109999999997 0.05838728
27720.95 0.05692694
27913.09 0.05614586
28106.6 0.05499623
28301.409999999996 0.05411617
28497.57 0.0528841
28695.12 0.05180052
28894.01 0.05097267
29094.31 0.04992486
29295.969999999998 0.04878902
29499.059999999998 0.04789792
29703.52 0.04702611
29909.43 0.04606077
30116.74 0.04521921
30325.52 0.04439413
30465.48 0.04378636
30676.649999999998 0.04308502
30889.3 0.04229847
31103.399999999998 0.04162193
31319.02 0.04105261
31536.1 0.0403018
31681.65 0.0395675
31901.280000000002 0.03902295
32122.39 0.03839865
32270.68 0.03778535
32494.36 0.0372683
32719.62 0.03692453
32870.63 0.03692454
33098.46 0.03641849
33327.909999999996 0.03494162
33481.73 0.03406704
33713.84 0.03329148
33869.44 0.03260942
34104.2 0.03193838
34261.64 0.03135534
34499.119999999995 0.03078326
34738.28 0.03022222
34898.61 0.02960343
35059.68 0.02906163
35302.72 0.02846485
35465.659999999996 0.0279478
35711.48 0.02743625
35876.34 0.02687356
36125.01 0.02644397
36291.74 0.02590163
36459.29 0.02537028
36711.99 0.02490742
36881.43 0.02434032
37137.11 0.02389616
37308.51 0.02351387
37480.75 0.02292588
37740.53 0.02261126
37914.72 0.02219872
38089.76 0.0217936
38265.56 0.02139565
38530.78 0.02105353
38708.659999999996 0.02057444
38887.32 0.02024551
39066.8 0.01987588
39337.62 0.01951313
39519.19 0.01911296
39701.590000000004 0.01876397
39884.87 0.01833686
40068.96 0.01808521
40253.89 0.01779616
40532.94 0.01743121
40720.020000000004 0.01715234
40907.96 0.01683936
41096.82 0.01657011
41286.50000000001 0.01630526
41477.05 0.01604455
41668.54 0.01575164
41860.850000000006 0.01549973
42054.06 0.015217
42345.59 0.01500826
42541.04 0.01473433
42737.38 0.01453192
42934.68 0.013942
43132.85 0.01334519
43331.920000000006 0.01331467
43531.92 0.01277397
43732.89 0.01248328
43934.73 0.01225528
44137.51 0.01186668
44341.270000000004 0.01164996
44545.93 0.01146376
44648.61 0.01117692
44854.68 0.01107461
45061.76 0.01089749
45269.74 0.0106739
45478.68 0.01057599
45688.64 0.01043105
45899.51 0.01014668
46111.36 0.0101233
46324.23 0.009961591
46538.04 0.009824905
46752.83 0.009779803
46860.600000000006 0.009601314
47076.94 0.00944785
47294.219999999994 0.00942585
47512.5 0.009232786
47731.85 0.009148075
47952.15 0.009043293
48062.69 0.008837571
48284.520000000004 0.008857927
48507.420000000006 0.008676138
48731.31 0.008537526
48956.229999999996 0.008439618
49069.07000000001 0.008304856
49295.600000000006 0.008247653
49523.12 0.008115642
49751.700000000004 0.008059811
49866.380000000005 0.007912674
50096.590000000004 0.007840068
50327.81 0.007732533
50443.82 0.007609047
50676.64 0.007539192
50793.51 0.007487212
50910.59 0.007470164
51027.94 0.007401682
51145.560000000005 0.007333753
51263.46 0.007300198
51381.63 0.00724987
51500.12 0.007183314
51618.83 0.007150312
51737.82 0.007133809
51857.08 0.007052127
51976.61 0.007003724
52096.42 0.006971548
52216.5 0.006907468
52336.93 0.006860162
52457.56 0.00681286
52578.48 0.006797184
52699.68000000001 0.006781506
52821.16 0.00671935
52942.91 0.006657746
53065.01 0.006611817
53187.33 0.00656644
53309.93 0.006536187
53432.810000000005 0.006506209
53555.979999999996 0.006461379
53679.43 0.006416827
53803.159999999996 0.0063874
53927.240000000005 0.006357972
54051.549999999996 0.006314243
54176.14000000001 0.006270789
54301.02 0.006213311
54426.189999999995 0.006184708
54551.64 0.006156382
54677.39 0.006114027
54803.490000000005 0.006057921
54929.810000000005 0.006030147
55056.43 0.005988617
55183.340000000004 0.005961114
55310.54 0.005961114
55438.03 0.005906385
55565.88 0.005838731
55693.97 0.005838729
55822.35 0.005798575
55951.02 0.005758697
56079.990000000005 0.005732297
56209.26 0.005705893
56338.83 0.005653638
56468.75 0.005640713
56598.92 0.005627511
56729.380000000005 0.005589008
56860.15 0.005550505
56991.21 0.005512278
57122.58 0.005512278
57254.32 0.005486974
57386.29 0.005461675
57518.57 0.005436647
57651.159999999996 0.005411619
57784.05 0.005386865
57917.240000000005 0.005374491
58050.75000000001 0.005349738
58184.62 0.005324988
58318.74 0.005312886
58453.17 0.005300509
58587.91 0.005288408
58722.96000000001 0.005276306
58858.32 0.005264206
58993.99 0.005264208
59130.04 0.005252106
59266.34 0.005264207
59402.95 0.005264208
59539.88 0.005264207
59677.119999999995 0.00528841
59814.689999999995 0.005312886
59952.63 0.005324987
60090.82 0.005362115
60229.340000000004 0.005399243
60368.17 0.005449021
60507.32 0.005486975
60646.8 0.005550505
60786.590000000004 0.005640713
60926.770000000004 0.005732295
61067.21000000001 0.005838729
61207.979999999996 0.005974865
61349.07 0.006156381
61490.479999999996 0.006314243
61632.22 0.006536186
61774.36 0.006765828
61916.75 0.007019952
62059.48 0.007300199
62202.520000000004 0.007574123
62345.9 0.007804043
62489.619999999995 0.008004257
62633.66 0.008134343
62778.1 0.008190723
62922.81 0.008115641
63067.85 0.00796768
63213.229999999996 0.007750411
63358.939999999995 0.00755652
63504.99 0.007300198
63651.44 0.007068356
63798.159999999996 0.006812859
63945.22 0.006581567
64092.62 0.006357972
64240.36 0.006213308
64388.439999999995 0.006043895
64536.86 0.005892908
64685.689999999995 0.005758697
64834.8 0.005614585
64984.24 0.005499626
65134.04 0.005386866
65284.18 0.00528841
65434.659999999996 0.005203977
65585.49 0.005132471
65736.73999999999 0.005085442
65888.27 0.005038687
66040.15000000001 0.004992485
66192.38 0.004958106
66344.95 0.004924004
66497.88 0.004890176
66651.23999999999 0.004856623
66804.87000000001 0.004834348
66958.87 0.004801069
67113.20999999999 0.004778791
67267.91 0.004756791
67422.95999999999 0.004724062
67578.37999999999 0.004702611
67734.23 0.004670158
67890.37000000001 0.004637981
68046.85 0.00461653
68203.70999999999 0.004584901
68360.92 0.004563724
68518.5 0.004542823
68676.51000000001 0.004521923
68834.81999999999 0.004511469
68993.49 0.004490843
69152.52 0.004480392
69311.92 0.004470217
69471.69 0.004460041
69631.83 0.004449589
69792.41 0.004439415
69953.29 0.004429238
70114.53 0.004419063
70276.15 0.004419063
70438.15000000001 0.004408886
70600.51 0.004408887
70763.33 0.004419062
70926.44 0.004419063
71089.93 0.004439415
71253.8 0.00444959
71418.05 0.004470217
71582.67 0.004490844
71747.68000000001 0.004521921
71913.14 0.004553274
72078.9 0.004584901
72245.05 0.004616529
72411.57 0.004670159
72578.49 0.004724061
72745.79000000001 0.004801069
72913.47 0.004890175
73081.62000000001 0.004992484
73250.08 0.005097269
73418.93 0.005215803
73588.17 0.005324986
73757.79 0.005461674
73927.81 0.005614585
74098.3 0.005758696
74269.1 0.005920135
74440.29 0.006071949
74611.89 0.006213309
74783.87 0.006387399
74956.25 0.00662722
75129.03 0.00687584
75302.29000000001 0.007084856
75475.87 0.007249871
75649.84 0.007384631
75824.23000000001 0.007487215
75999.01 0.007591448
76174.19 0.007679457
76349.86 0.007732534
76525.85 0.007750411
76702.25 0.007732534
76879.05 0.007679457
77056.27 0.007626649
77233.88 0.00755652
77411.91 0.007470164
77590.44 0.007350529
77769.29 0.007249869
77948.56 0.007133809
78128.23 0.007019952
78308.32 0.006907467
78488.83 0.006797182
78669.75 0.006673148
78851.18000000001 0.00655131
79032.94 0.006416826
79215.11 0.006270789
79397.71 0.006114026
79580.73 0.005920136
79900.29 0.005321413
80518.12 0.005407494
81135.93 0.004100311
81753.73999999999 0.004309053
82371.56000000001 0.003927597
82989.37000000001 0.003392404
83607.20000000001 0.003457308
84225.01000000001 0.002911939
84842.83 0.002478943
85460.64 0.002941091
86078.47 0.002815681
86696.27 0.002752151
87314.09 0.002761501
87931.91 0.002398554
88549.72 0.002484197
89167.53 0.002171771
89785.35 0.002351222
90403.16 0.002259641
91020.99 0.002289892
91638.8 0.002140171
92256.62 0.002202491
92874.44 0.002295998
93492.25 0.002522672
94110.06 0.002286263
94727.87000000001 0.002318881
95345.7 0.002340827
95963.51000000001 0.002835483
96581.32 0.004560699
97199.15000000001 0.003580519
97816.97 0.002498195
98434.78 0.002209146
99052.6 0.002068637
99670.37 0.002254223
100288.24 0.002054831
100906.01 0.001965861
101523.89 0.00197975
102141.66 0.002043033
102759.53 0.002111623
103377.32 0.002095754
103995.09 0.002217177
104612.96 0.002223365
105230.73 0.002381476
105848.61 0.002060194
106466.37999999999 0.002184724
107084.15000000001 0.002119764
107702.03 0.002126777
108319.81000000001 0.002082278
108937.67 0.002016108
109555.45000000001 0.001836105
110173.31999999999 0.001817184
110791.1 0.002040557
111408.87 0.002408978
112026.75 0.00323509
112644.52 0.003583544
113262.39 0.003404504
113880.16 0.002751051
114498.04000000001 0.002489724
115115.81 0.002123669
115733.58 0.002017538
116351.46 0.001745624
116969.23999999999 0.001645817
117587.1 0.001910692
118204.87999999999 0.001934096
118822.76 0.002145451
119440.53 0.001951148
120058.29999999999 0.002041355
120676.18 0.002150264
121293.95999999999 0.001935471
121911.81999999999 0.002031372
122529.59000000001 0.00250001
123147.38 0.002426634
123765.25000000001 0.001840781
124383.02 0.001634212
125000.88999999998 0.001962231
125618.67 0.001882419
126236.54000000001 0.001859703
126854.32 0.001864956
127472.09 0.002193883
128089.97 0.00275105
128707.74 0.002011075
129325.61 0.001562678
129943.38 0.001347391
130561.15999999999 0.001346538
131179.03 0.001333502
131796.81 0.001332374
132414.69 0.001330202
133032.45 0.001316148
133650.31 0.001267607
134268.09 0.001313343
134885.88 0.001269009
135503.77 0.001271017
136121.52 0.001346813
136739.41 0.001132378
137357.19 0.001137383
137975.05 0.001058479
138592.81 0.001054272
139210.59 0.0011219
139828.47 0.001338205
140446.25 0.001389441
141064.11 0.001274537
141681.88999999998 0.00121494
142299.77 0.001237546
142917.55 0.001118764
143535.31 0.001096955
144153.19 0.0009694821
144684.8 0.001161778
145597.08000000002 0.001046873
146509.45 0.001015328
147421.75 0.0009228932
148334.02 0.0009981395
149246.31 0.0009710222
150158.69999999998 0.0009375243
151070.98 0.0009503405
151983.27000000002 0.001000395
152895.64 0.0009676945
153807.94 0.0009829581
154720.2 0.001132571
155632.5 0.001290791
156544.88 0.001128033
157457.17 0.001095277
158369.45 0.001058947
159281.83000000002 0.001193681
160194.13 0.001071158
161106.41 0.00103568
162018.78 0.001073496
162931.06000000003 0.001250225
163843.34 0.001449809
164755.63 0.00155462
165668.03 0.001416119
166580.3 0.001309795
167492.58000000002 0.001414111
168404.88 0.001476706
169317.25 0.001797355
170229.55 0.002579712
171141.83000000002 0.002179141
172054.21999999997 0.001631654
172966.48 0.001452669
173878.78 0.001367742
174791.16999999998 0.001301902
175703.43999999997 0.001174841
176615.73 0.001094425
177528.02 0.0011252
178440.38999999998 0.0010392
179352.69 0.001065217
180264.95 0.0009895312
181177.34 0.0009152751
182089.63 0.0008230876
183001.91 0.0008668436
183914.28 0.0008354911
184826.56 0.0008578779
185738.86000000002 0.0009100772
186651.13999999998 0.001071625
187563.52 0.001250143
188475.81000000003 0.0009217656
189388.09 0.0009079595
190300.48 0.0009260285
191212.78 0.0008459419
192125.03000000003 0.0007340902
193037.31 0.000796603
193949.72 0.0007909924
194862.0 0.0008725091
195774.3 0.0007508115
196686.66999999998 0.000750289
197598.95 0.0007195965
198511.23 0.000718524
199423.53 0.0007428085
200335.91 0.0006799383
201248.18999999997 0.0006408025
202160.47 0.0007019951
203072.86000000002 0.0007177813
204167.40999999997 0.0006922869
205923.84 0.000690004
207681.34 0.000676638
209439.73 0.0006601917
211199.22 0.0007025452
212959.72 0.000621991
214721.31 0.0006441303
216483.78 0.0006526286
218247.36000000002 0.0006984198
220011.94000000003 0.0006466057
221777.59 0.0005931962
223544.27000000002 0.0006249339
225311.92 0.0006575515
227080.65999999997 0.0005968265
228850.41 0.0006114027
230621.16 0.0006099175
232392.98 0.000602767
234165.81 0.0006129979
235939.72999999998 0.0006383824
237714.77000000002 0.0006148679
239490.77 0.0005950388
241267.78000000003 0.0005848355
243045.89 0.0005799126
244824.98 0.0005599459
246605.30000000002 0.0005565631
248386.47999999998 0.0005496051
250168.73 0.0005445447
251952.12999999998 0.0005611835
253736.59 0.0005345338
255522.06000000003 0.0005290884
257308.61000000002 0.0005829929
259096.27000000002 0.0006538662
260885.02 0.0006196258
262674.78 0.0005424269
264465.59 0.0005063715
266257.56 0.0005075816
268050.44 0.0005142647
269844.59 0.0005342588
271639.69 0.0005217178
273435.91 0.0005088193
275233.22000000003 0.0005033738
277031.63 0.0005161624
278831.13 0.0005104693
280631.69 0.0005512828
282433.38 0.0005816453
284236.16 0.0005295835
286040.02999999997 0.0004887702
287845.0 0.0004983409
289651.06 0.0005130545
291458.22 0.0004917953
293266.47000000003 0.0004871475
295075.81 0.0004712512
296886.34 0.000469161
298698.0 0.0004863224
300510.58999999997 0.0004941881
302324.44 0.0004992209
304139.34 0.0005068115
305955.47 0.0004969933
307772.59 0.0005048313
309590.88 0.0005071416
311410.38 0.0004977358
313230.87 0.0004669058
315052.56 0.0004853598
316875.38 0.0004901728
318699.25 0.0004862674
320524.33999999997 0.0005312061
322350.62999999995 0.0005129446
324177.94 0.0004998261
326006.37999999995 0.0005032088
327836.06 0.0004944355
329666.87 0.0005063716
331498.81 0.0004987809
333331.84 0.0005888508
335166.06000000006 0.0006895641
337001.5 0.00057939
338838.06 0.0005068666
340675.77999999997 0.000463248
342514.58999999997 0.0004977084
344354.66 0.0005136047
346195.88 0.0006374473
348038.25000000006 0.001022066
