102.03 2.843693e-08
103.92999999999999 3.688297e-08
106.1 4.884951e-08
108.08 6.573745e-08
110.09 9.950496e-08
113.96 1.577023e-07
117.96 2.343253e-07
120.99000000000001 9.59044e-07
124.94999999999999 1.311676e-06
126.97999999999999 1.482031e-06
127.86 1.60264e-06
131.14000000000001 1.887306e-06
132.05 2.284628e-06
133.89 2.522741e-06
137.0 3.395061e-06
139.87 3.916232e-06
143.13 1.155774e-05
147.14 3.117903e-05
150.92 3.571515e-05
155.14 4.129573e-05
159.12 4.796023e-05
162.08 5.294755e-05
165.86 6.135429e-05
170.10999999999999 6.900336e-05
172.88000000000002 7.582893e-05
176.9 8.489421e-05
180.19 9.202029e-05
181.86 9.701897e-05
186.09 0.000107619
190.87 0.0001215836
193.97 0.0001317886
198.03 0.0001438361
202.18 0.0001577094
204.99 0.0001686032
209.76999999999998 0.0001781765
216.14000000000001 0.0002098246
220.16 0.0002274406
223.22000000000003 0.0002375999
226.85 0.0002575382
230.0 0.0004072521
233.73999999999998 0.0006979901
239.73999999999998 0.0009265309
245.89 0.00090748
252.19 0.001011277
256.88 0.0008646841
259.86 0.001034811
264.08 0.001116491
268.99 0.00114774
273.99 0.001174512
279.08 0.001201921
284.27 0.001232701
290.21999999999997 0.001207451
296.3 0.001255657
301.12 0.001261439
308.13 0.001317839
318.22 0.001399146
327.89 0.00144499
337.85999999999996 0.001471791
348.12 0.001495784
357.05 0.001523622
366.21 0.001569856
374.74 0.001580783
385.24 0.001541248
395.12 0.001621349
405.26 0.00166668
413.75 0.001666642
422.41 0.0016476
430.26 0.001640097
441.3 0.001666718
450.53999999999996 0.001655261
459.97 0.001628815
469.61 0.001628758
480.55 0.001647605
489.47999999999996 0.001591712
499.72999999999996 0.001636285
505.52 0.001580697
512.5500000000001 0.001701564
519.68 0.00168596
530.56 0.001647632
540.42 0.001573497
550.47 0.001551909
559.42 0.00161383
569.8199999999999 0.001662851
580.41 0.001624994
589.84 0.001632521
599.4200000000001 0.001537659
610.57 0.001360987
620.49 0.001599035
630.57 0.001559048
639.34 0.001588043
649.73 0.001559068
657.2600000000001 0.001509548
664.87 0.001562639
675.6700000000001 0.001569837
685.0699999999999 0.001468453
694.5999999999999 0.001555471
704.26 0.00143174
715.7099999999999 0.001551851
725.6600000000001 0.00154476
735.76 0.001541172
744.28 0.001523546
754.63 0.001516539
765.13 0.001383106
775.77 0.001516571
784.75 0.001465115
795.67 0.001502637
804.8900000000001 0.001516552
814.2099999999999 0.001513044
825.53 0.001537658
835.09 0.001336174
844.76 0.001513083
854.5400000000001 0.001499229
864.4399999999999 0.001530573
874.4499999999999 0.001555451
884.5699999999999 0.001584417
894.82 0.001599034
905.1800000000001 0.001566248
915.66 0.001967244
924.13 0.008411342
934.8299999999999 0.01721328
945.66 0.03212621
954.41 0.04708162
965.46 0.04817962
974.39 0.007886124
985.6800000000001 0.03402939
994.8 0.04072539
1004.0 0.06758597
1015.63 0.06805474
1025.02 0.03089287
1034.51 0.04313833
1044.08 0.09329672
1056.17 0.09180416
1065.94 0.06635205
1075.81 0.08334176
1085.76 0.06037475
1095.81 0.08971395
1105.95 0.08587369
1116.1799999999998 0.07995781
1123.92 0.06996111
1134.3200000000002 0.0976917
1144.81 0.08706733
1155.4 0.09546997
1166.1000000000001 0.09814291
1174.1799999999998 0.06206707
1185.04 0.09524856
1196.01 0.0577901
1204.3 0.03731247
1215.44 0.03117893
1223.87 0.06499252
1235.19 0.1063803
1243.75 0.1177219
1255.26 0.1093616
1263.96 0.09033516
1275.66 0.1258515
1284.5 0.1339252
1296.39 0.09568847
1305.37 0.09415775
1314.42 0.1284879
1323.53 0.1215794
1335.78 0.1015918
1345.0400000000002 0.1317822
1354.36 0.1270149
1363.75 0.108858
1376.3700000000001 0.1171809
1385.9099999999999 0.1182653
1395.51 0.1011255
1405.19 0.105163
1414.93 0.1068708
1424.7399999999998 0.1124217
1434.6100000000001 0.1108812
1441.23 0.1190864
1447.89 0.1221386
1454.57 0.1171813
1464.65 0.1054063
1474.8 0.1061356
1485.03 0.1098644
1495.32 0.1126839
1505.68 0.1046792
1512.63 0.0899214
1516.12 0.09882495
1526.6299999999999 0.09437637
1533.68 0.07885961
1544.3100000000002 0.09033532
1555.01 0.08489084
1565.79 0.08607164
1576.65 0.09265268
1583.92 0.09950821
1594.8999999999999 0.1013587
1605.9599999999998 0.09996817
1613.3700000000001 0.1011247
1624.55 0.09394278
1635.81 0.1020616
1643.3700000000001 0.1037192
1654.7600000000002 0.09459402
1666.23 0.1049204
1673.92 0.0901273
1677.7800000000002 0.1054047
1685.52 0.1124231
1693.3000000000002 0.1041979
1705.04 0.09928079
1716.8600000000001 0.09222754
1724.78 0.09180523
1736.74 0.09973879
1744.75 0.09724319
1756.8500000000001 0.1058905
1764.9599999999998 0.09503009
1773.1 0.09746762
1785.39 0.09996882
1793.6399999999999 0.1088575
1806.07 0.1083578
1814.3999999999999 0.09769227
1826.98 0.1006594
1835.41 0.09590966
1843.8899999999999 0.08666857
1856.67 0.08646832
1865.24 0.08992042
1873.85 0.1001992
1886.84 0.09075296
1895.55 0.0868668
1904.29 0.09329644
1913.0800000000002 0.08868755
1926.35 0.08726782
1935.24 0.09054449
1944.17 0.09481167
1953.1399999999999 0.08807659
1966.68 0.09882429
1975.76 0.1018255
1984.8799999999999 0.09568871
1994.04 0.09265288
2003.25 0.09635156
2017.13 0.09180485
2026.4399999999998 0.09746761
2035.8000000000002 0.09138141
2045.19 0.09612974
2054.63 0.09075393
2064.1200000000003 0.09096033
2073.64 0.09928113
2078.42 0.09524871
2083.21 0.1006606
2092.83 0.094376
2107.34 0.09481204
2117.06 0.0963523
2126.84 0.09746639
2136.65 0.0895069
2146.52 0.09329581
2156.42 0.09746763
2166.38 0.09372564
2176.38 0.09286643
2186.42 0.09201686
2196.51 0.09657553
2206.65 0.09372586
2216.84 0.08747071
2227.0699999999997 0.08508677
2237.35 0.09286657
2242.51 0.08848165
2252.8599999999997 0.08276703
2263.26 0.08508636
2273.71 0.08807617
2284.2000000000003 0.09222791
2294.7400000000002 0.08567522
2305.3399999999997 0.08685613
2315.98 0.08104817
2326.67 0.06091
2337.41 0.07305225
2342.79 0.07008247
2353.6099999999997 0.07844167
2364.47 0.06974298
2375.39 0.07268426
2386.3500000000004 0.06597568
2397.37 0.07150304
2402.89 0.06843907
2413.98 0.07099697
2425.12 0.07801651
2436.3199999999997 0.07518511
2447.57 0.0809223
2453.21 0.08036071
2464.53 0.07834008
2475.91 0.07497547
2487.33 0.07462174
2493.07 0.07012
2504.58 0.08180384
2510.35 0.06850935
2516.14 0.07026061
2527.7500000000005 0.06755529
2533.5800000000004 0.07057121
2545.27 0.06943464
2557.02 0.07952547
2562.92 0.07438315
2574.74 0.08080169
2586.6299999999997 0.07840863
2592.59 0.07644122
2604.5600000000004 0.07282314
2616.58 0.07131856
2622.61 0.07676745
2634.72 0.08572574
2646.8799999999997 0.09773403
2652.9799999999996 0.1081484
2665.23 0.08769114
2677.53 0.09438213
2683.7 0.09679779
2696.0899999999997 0.08786077
2702.3 0.09457214
2714.7799999999997 0.08446962
2727.31 0.08121558
2733.59 0.08802386
2746.21 0.07039546
2752.54 0.07473164
2765.25 0.08080572
2778.01 0.08518825
2784.42 0.07522228
2797.27 0.05731629
2803.7200000000003 0.0621217
2816.6600000000003 0.08282835
2823.1499999999996 0.0940035
2836.18 0.09100716
2842.7200000000003 0.08453613
2855.84 0.07498492
2862.42 0.09614988
2875.64 0.1034841
2882.27 0.09904667
2895.57 0.1034599
2908.94 0.1220955
2929.1 0.1131347
2949.3999999999996 0.1095214
2969.85 0.1143907
2990.43 0.1148909
3011.16 0.1172682
3032.03 0.1194193
3053.0499999999997 0.1207712
3067.14 0.1249935
3088.4 0.1261192
3109.81 0.1320282
3131.37 0.1278087
3153.07 0.1280692
3167.63 0.1325475
3189.59 0.1202976
3211.6899999999996 0.1294616
3226.52 0.115629
3248.88 0.138341
3271.3999999999996 0.1516462
3286.5 0.148853
3309.28 0.1460961
3324.56 0.1460692
3332.2200000000003 0.1498023
3339.91 0.1394686
3347.6 0.1604887
3355.32 0.1536032
3363.06 0.1200482
3370.8100000000004 0.1359323
3378.58 0.1504099
3386.3700000000003 0.1493609
3394.17 0.1490046
3402.0 0.1706693
3409.84 0.146933
3417.7000000000003 0.1396627
3425.58 0.1552508
3433.48 0.1709997
3441.39 0.1496085
3449.33 0.1422043
3457.2799999999997 0.1506171
3465.2500000000005 0.139261
3473.2400000000002 0.159509
3481.24 0.1451264
3489.27 0.1551335
3497.31 0.1441
3505.37 0.1642951
3513.4500000000003 0.1501703
3521.55 0.1684772
3529.6699999999996 0.1353614
3537.81 0.1627237
3545.96 0.1668819
3554.14 0.1695783
3562.3300000000004 0.1611866
3570.54 0.1403739
3578.77 0.145627
3587.02 0.1239375
3595.29 0.1535172
3603.58 0.1746288
3611.89 0.1409511
3620.21 0.152065
3628.56 0.1832236
3634.1200000000003 0.1237394
3636.86 0.136761
3639.6099999999997 0.099527
3642.35 0.1148907
3645.09 0.127324
3647.8300000000004 0.1438224
3650.57 0.1646592
3653.3199999999997 0.1575947
3656.06 0.1606861
3658.7999999999997 0.174838
3661.54 0.1929736
3664.2799999999997 0.1637492
3667.03 0.1680471
3669.77 0.1804452
3672.5099999999998 0.1752743
3675.25 0.184861
3677.99 0.15331
3680.7400000000002 0.1413939
3683.48 0.1345991
3686.2200000000003 0.1773013
3688.96 0.1795004
3691.7 0.1688785
3694.4500000000003 0.1537918
3697.19 0.1797159
3699.9300000000003 0.1823513
3702.67 0.1544709
3705.4100000000003 0.166814
3708.16 0.1504582
3710.8999999999996 0.1518773
3713.6400000000003 0.1745582
3716.38 0.2271599
3719.1200000000003 0.198471
3721.87 0.2205052
3724.6099999999997 0.2412604
3727.35 0.2170619
3730.0899999999997 0.2277768
3732.83 0.1839953
3735.58 0.1499471
3738.32 0.1452873
3741.06 0.1524151
3743.7999999999997 0.1395987
3746.54 0.1505051
3749.29 0.1505155
3752.03 0.1676066
3754.77 0.1567049
3757.51 0.1887828
3760.25 0.1516553
3763.0000000000005 0.1920277
3765.7400000000002 0.187423
3768.48 0.1905717
3771.2200000000003 0.1710199
3773.96 0.1897922
3776.7099999999996 0.2192361
3779.45 0.2037164
3782.19 0.2220039
3784.9300000000003 0.2085376
3787.67 0.2007888
3790.42 0.194068
3793.16 0.1869912
3795.8999999999996 0.1822675
3798.64 0.1842771
3801.3799999999997 0.1982529
3804.13 0.2050734
3806.87 0.2166916
3809.61 0.2078455
3812.35 0.2112234
3815.0899999999997 0.1886663
3817.84 0.2028415
3820.58 0.1794052
3823.32 0.1766139
3826.06 0.1653045
3828.8 0.1424411
3831.55 0.1586413
3834.2900000000004 0.1535694
3837.03 0.1398585
3839.77 0.149877
3842.51 0.1945491
3845.2599999999998 0.1799294
3847.9999999999995 0.1970955
3850.7400000000002 0.2011586
3853.48 0.199742
3856.2200000000003 0.1941899
3858.97 0.1912059
3861.71 0.2006692
3864.45 0.207059
3867.1899999999996 0.209582
3869.93 0.2149671
3872.68 0.1871915
3875.42 0.1960401
3878.16 0.174014
3880.9 0.1753736
3883.64 0.1954392
3886.3900000000003 0.1749059
3889.13 0.1847835
3891.87 0.2002001
3894.61 0.2226871
3897.35 0.1892457
3900.1000000000004 0.2117559
3902.84 0.2390571
3905.5800000000004 0.2335712
3908.32 0.2290767
3911.06 0.2320294
3913.81 0.2421195
3916.5499999999997 0.2308389
3919.2900000000004 0.2142439
3922.03 0.2000461
3924.77 0.1898538
3927.52 0.1610891
3930.2599999999998 0.1395653
3933.0 0.1426258
3935.74 0.1389993
3938.4799999999996 0.1677878
3941.23 0.1804759
3943.97 0.2067723
3946.71 0.2005438
3949.45 0.219217
3952.19 0.2085158
3954.94 0.2071731
3957.6800000000003 0.1990233
3960.42 0.1759
3963.16 0.1721127
3965.9 0.1495599
3968.65 0.1515268
3971.3900000000003 0.1625545
3974.13 0.1911292
3976.8700000000003 0.2100336
3979.61 0.231148
3982.3599999999997 0.240467
3985.1 0.2463721
3987.84 0.2569922
3990.5800000000004 0.2650565
3993.32 0.2696617
3996.0699999999997 0.2737146
3998.81 0.2654746
4001.5499999999997 0.2672155
4004.29 0.2709834
4007.0299999999997 0.2721734
4009.78 0.2796635
4012.52 0.2849738
4015.2599999999998 0.2839385
4018.0 0.2940078
4020.74 0.2907252
4023.4900000000002 0.2910105
4026.23 0.300573
4028.9700000000003 0.2849741
4031.71 0.2812508
4034.45 0.2860983
4037.2000000000003 0.2852599
4039.94 0.2838501
4042.6800000000003 0.2793116
4045.42 0.279422
4048.1600000000003 0.2788054
4050.91 0.289336
4053.6499999999996 0.2902617
4056.3900000000003 0.2858113
4059.13 0.2725477
4061.8700000000003 0.2682515
4064.62 0.2738468
4067.3599999999997 0.2874855
4070.1 0.2786946
4072.8399999999997 0.266048
4075.58 0.2679431
4078.33 0.2742434
4081.07 0.279796
4083.81 0.2820657
4086.5499999999997 0.2865386
4089.29 0.2867592
4092.04 0.2795534
4094.78 0.2656288
4097.52 0.2587548
4100.26 0.2567721
4103.0 0.2581825
4105.75 0.2657387
4108.49 0.2721285
4111.2300000000005 0.2699255
4113.97 0.2729663
4116.71 0.2888965
4119.46 0.2890716
4122.2 0.2811841
4124.9400000000005 0.289645
4127.68 0.2932146
4130.42 0.2933471
4133.17 0.2903495
4135.91 0.2953512
4138.65 0.2953956
4141.389999999999 0.2826608
4144.13 0.2717988
4146.88 0.2763146
4149.62 0.2808976
4152.36 0.2817792
4155.099999999999 0.2890063
4157.84 0.2911438
4160.59 0.2920681
4163.33 0.2902616
4166.07 0.2873095
4168.81 0.2764034
4171.55 0.2664448
4174.3 0.270564
4177.04 0.2712472
4179.78 0.2786506
4182.52 0.282132
4185.26 0.280568
4188.01 0.2874412
4190.75 0.288477
4193.490000000001 0.2893585
4196.2300000000005 0.2877725
4198.97 0.285944
4201.72 0.2838057
4204.46 0.2825281
4207.2 0.2868688
4209.94 0.2935451
4212.679999999999 0.2957486
4215.43 0.300793
4218.17 0.293853
4220.91 0.2933465
4223.65 0.2797084
4226.389999999999 0.2753902
4229.14 0.2784076
4231.88 0.289182
4234.62 0.2946684
4237.36 0.2879046
4240.1 0.3045398
4242.85 0.2970254
4245.59 0.2936988
4248.33 0.2949109
4251.07 0.2942942
4253.81 0.277946
4256.5599999999995 0.2816685
4259.3 0.2849517
4262.04 0.3019614
4264.780000000001 0.3016312
4267.52 0.2991197
4270.2699999999995 0.2919138
4273.01 0.2881685
4275.75 0.2836961
4278.49 0.2877724
4281.23 0.2949775
4283.98 0.2685149
4286.72 0.2762487
4289.46 0.2823962
4292.2 0.2712918
4294.94 0.2703667
4297.6900000000005 0.2539071
4300.43 0.2469669
4303.17 0.2423843
4305.91 0.2445878
4308.65 0.2415475
4311.400000000001 0.2598339
4314.14 0.2942716
4316.88 0.309717
4319.62 0.3006397
4322.36 0.2983485
4325.1 0.2961014
4327.849999999999 0.299185
4330.59 0.3040766
4333.33 0.3150712
4336.070000000001 0.2982384
4338.81 0.3071399
4341.5599999999995 0.2966071
4344.3 0.303041
4347.04 0.3091003
4349.78 0.3010366
4352.5199999999995 0.2952422
4355.2699999999995 0.3120081
4358.01 0.3365311
4360.75 0.3374788
4363.49 0.3451465
4366.23 0.3362896
4368.9800000000005 0.3275854
4371.72 0.3193013
4374.46 0.3125595
4377.2 0.3036364
4379.94 0.3102687
4382.6900000000005 0.2900413
4385.43 0.2900195
4388.17 0.3005295
4390.91 0.3177375
4393.65 0.3246562
4396.4 0.3191248
4399.14 0.3250078
4401.88 0.3100037
4404.62 0.3205577
4407.360000000001 0.3110618
4410.11 0.3299649
4412.849999999999 0.329128
4415.59 0.3293486
4418.33 0.3291946
4421.070000000001 0.3293492
4423.82 0.3382934
4426.5599999999995 0.3218351
4429.3 0.3353416
4432.04 0.3205136
4434.78 0.3323237
4437.53 0.344066
4440.27 0.3424138
4443.01 0.341004
4445.75 0.3456533
4448.49 0.3402995
4451.24 0.336112
4453.9800000000005 0.3280924
4456.72 0.3227827
4459.46 0.3381841
4462.2 0.3288865
4464.95 0.3243685
4467.6900000000005 0.3394834
4470.43 0.3502578
4473.17 0.3615611
4475.91 0.3525278
4478.66 0.3576162
4481.4 0.364623
4484.139999999999 0.3703519
4486.88 0.3570223
4489.62 0.3616495
4492.37 0.3568671
4495.11 0.3589606
4497.849999999999 0.3538712
4500.59 0.3712336
4503.33 0.3876044
4506.08 0.3875369
4508.82 0.3822935
4511.56 0.3706383
4514.3 0.3766096
4517.04 0.3807081
4519.79 0.3659887
4522.53 0.3665179
4525.27 0.3539594
4528.01 0.3376333
4530.75 0.3400572
4533.5 0.3491335
4536.240000000001 0.3534523
4538.9800000000005 0.3645132
4541.72 0.3746046
4544.46 0.3608123
4547.21 0.3512487
4549.95 0.3590266
4552.69 0.3633454
4555.429999999999 0.3623542
4558.17 0.3662985
4560.92 0.3758815
4563.66 0.3815222
4566.4 0.3744501
4569.139999999999 0.3790332
4571.88 0.3799589
4574.63 0.3751324
4577.37 0.3813239
4580.11 0.3672452
4582.85 0.3631915
4585.59 0.3622444
4588.34 0.3734799
4591.08 0.3665178
4593.82 0.3781736
4596.56 0.3671574
4599.3 0.3687221
4602.05 0.370836
4604.79 0.3828662
4607.530000000001 0.3752432
4610.27 0.3807077
4613.01 0.3915703
4615.76 0.3758595
4618.5 0.3861051
4621.24 0.3908645
4623.98 0.3919225
4626.72 0.3829113
4629.47 0.3933976
4632.21 0.385378
4634.95 0.3852241
4637.69 0.3786586
4640.429999999999 0.3676424
4643.18 0.3723562
4645.92 0.3648654
4648.66 0.3682146
4651.4 0.3703963
4654.14 0.3766098
4656.89 0.3783712
4659.63 0.3751107
4662.37 0.3738771
4665.11 0.3580137
4667.85 0.3557887
4670.599999999999 0.3580568
4673.34 0.3640722
4676.08 0.3653283
4678.820000000001 0.3720708
4681.56 0.3739879
4684.3099999999995 0.3720477
4687.05 0.3694042
4689.79 0.3687434
4692.53 0.376235
4695.27 0.3674221
4698.0199999999995 0.358806
4700.76 0.3630146
4703.5 0.3670689
4706.24 0.362905
4708.98 0.3661442
4711.7300000000005 0.3590043
4714.47 0.3658568
4717.21 0.3754415
4719.95 0.3713436
4722.69 0.3657255
4725.4400000000005 0.3613177
4728.18 0.3582334
4730.92 0.3679943
4733.66 0.3631914
4736.4 0.3719389
4739.15 0.3847607
4741.89 0.382051
4744.63 0.3901595
4747.37 0.3823601
4750.110000000001 0.3840791
4752.86 0.3787678
4755.599999999999 0.3821612
4758.34 0.3805531
4761.08 0.3760807
4763.820000000001 0.3769183
4766.57 0.3681039
4769.3099999999995 0.3688092
4772.05 0.3856868
4774.79 0.3911292
4777.53 0.3884636
4780.28 0.3850252
4783.02 0.3912387
4785.76 0.3908425
4788.5 0.3894106
4791.24 0.3926718
4793.99 0.3945433
4796.7300000000005 0.3996773
4799.47 0.4006691
4802.21 0.3921648
4804.95 0.3982682
4807.7 0.396967
4810.4400000000005 0.3984876
4813.18 0.3937948
4815.92 0.3966815
4818.66 0.3980479
4821.41 0.4006244
4824.15 0.4025857
4826.889999999999 0.3917898
4829.63 0.3947867
4832.37 0.3897635
4835.12 0.3905113
4837.86 0.3998756
4840.599999999999 0.3981794
4843.34 0.3919665
4846.08 0.386084
4848.83 0.374934
4851.57 0.3760581
4854.31 0.3787684
4857.05 0.3900937
4859.79 0.4087559
4862.54 0.3964382
4865.28 0.3847611
4868.02 0.3701535
4870.76 0.3530122
4873.5 0.357419
4876.25 0.3637634
4878.990000000001 0.3736564
4881.7300000000005 0.3809717
4884.47 0.3686114
4887.21 0.3756844
4889.96 0.381588
4892.7 0.3790104
4895.44 0.3816767
4898.179999999999 0.3922088
4900.92 0.3983343
4903.67 0.3965263
4906.41 0.3868762
4909.15 0.3824699
4911.889999999999 0.38767
4914.63 0.3805097
4917.38 0.3712105
4920.12 0.3702193
4922.86 0.3833953
4925.6 0.3881327
4928.34 0.3889262
4931.09 0.3873827
4933.83 0.3888371
4936.57 0.3807734
4939.31 0.3907546
4942.05 0.3960429
4944.8 0.4058683
4947.54 0.4042161
4950.280000000001 0.3981794
4953.02 0.4047015
4955.76 0.4084695
4958.51 0.4111562
4961.25 0.4062211
4963.99 0.3867443
4966.73 0.3886835
4969.47 0.395448
4972.22 0.3924501
4974.96 0.398091
4977.7 0.387229
4980.44 0.3714978
4983.179999999999 0.3687219
4985.93 0.3673767
4988.67 0.3823374
4991.41 0.3859291
4994.15 0.3835058
4996.89 0.3903803
4999.64 0.3967025
5002.379999999999 0.4033789
5005.12 0.4105839
5007.86 0.4095928
5010.599999999999 0.3904244
5013.349999999999 0.3707257
5016.09 0.3637637
5018.83 0.3673994
5021.57 0.3718724
5024.3099999999995 0.3627951
5027.0599999999995 0.3774237
5029.8 0.3869203
5032.54 0.3802886
5035.28 0.3783501
5038.0199999999995 0.3742963
5040.7699999999995 0.3660548
5043.51 0.3673991
5046.25 0.3745601
5048.99 0.3868988
5051.73 0.3874279
5054.4800000000005 0.3929349
5057.22 0.394852
5059.96 0.393883
5062.7 0.3916139
5065.44 0.3873618
5068.1900000000005 0.3880216
5070.93 0.3895862
5073.67 0.381853
5076.41 0.3792533
5079.15 0.3783724
5081.900000000001 0.3733697
5084.64 0.3784596
5087.38 0.3883307
5090.12 0.3906224
5092.860000000001 0.3916362
5095.610000000001 0.3891012
5098.35 0.3832187
5101.09 0.3774023
5103.83 0.3749129
5106.570000000001 0.3797384
5109.320000000001 0.3834167
5112.06 0.3817204
5114.8 0.392539
5117.540000000001 0.3874937
5120.280000000001 0.3793639
5123.03 0.3776662
5125.7699999999995 0.3716294
5128.509999999999 0.3655266
5131.250000000001 0.3652845
5133.990000000001 0.3673558
5136.74 0.3701969
5139.48 0.3711667
5142.219999999999 0.3687653
5144.959999999999 0.3695148
5147.7 0.3742522
5150.45 0.3788338
5153.19 0.378724
5155.929999999999 0.3770938
5158.67 0.3806194
5161.41 0.3637204
5164.16 0.3439778
5166.9 0.3261754
5169.639999999999 0.3109289
5172.38 0.3178475
5175.12 0.3299879
5177.87 0.3328291
5180.61 0.3340853
5183.349999999999 0.3342618
5186.09 0.3407397
5188.83 0.35678
5191.58 0.3685445
5194.32 0.3688973
5197.06 0.3783497
5199.8 0.3833074
5202.54 0.3746267
5205.29 0.3694919
5208.03 0.3690516
5210.77 0.3735686
5213.51 0.3795178
5216.25 0.3836161
5219.0 0.3867877
5221.740000000001 0.381456
5224.4800000000005 0.3786802
5227.22 0.3713655
5229.96 0.3718065
5232.71 0.3844522
5235.450000000001 0.3937504
5238.1900000000005 0.3962625
5240.93 0.3975407
5243.67 0.3951614
5246.42 0.3958432
5249.160000000001 0.3938385
5251.900000000001 0.3898068
5254.64 0.3872292
5257.38 0.3871414
5260.129999999999 0.3846505
5262.87 0.3693379
5265.61 0.3550168
5268.35 0.3549069
5271.09 0.3631916
5273.839999999999 0.3795389
5276.58 0.3881981
5279.32 0.3971218
5282.0599999999995 0.4085351
5284.799999999999 0.4226586
5287.55 0.4230319
5290.29 0.4223491
5293.03 0.4232969
5295.7699999999995 0.4163568
5298.509999999999 0.416225
5301.26 0.4162898
5304.0 0.4274167
5306.74 0.4373979
5309.48 0.4322867
5312.219999999999 0.4386324
5314.97 0.4338059
5317.71 0.4296201
5320.45 0.4214901
5323.19 0.4116197
5325.929999999999 0.4089981
5328.68 0.40307
5331.42 0.4003383
5334.16 0.4026079
5336.9 0.4083588
5339.64 0.4163791
5342.39 0.4212471
5345.13 0.4225915
5347.87 0.428034
5350.61 0.4397559
5353.35 0.4475558
5356.1 0.4468714
5358.84 0.4428397
5361.58 0.4359658
5364.320000000001 0.4317579
5367.06 0.4224602
5369.81 0.4185812
5372.55 0.4264473
5375.29 0.4319778
5378.030000000001 0.4349967
5380.77 0.4337852
5383.52 0.4357889
5386.26 0.4333436
5389.000000000001 0.4241121
5391.740000000001 0.4138671
5394.4800000000005 0.4055389
5397.23 0.4033124
5399.969999999999 0.4044363
5402.709999999999 0.4069044
5405.450000000001 0.4096808
5408.1900000000005 0.4084473
5410.94 0.4074766
5413.679999999999 0.4133376
5416.419999999999 0.4195733
5419.16 0.4220853
5421.9 0.4270651
5424.65 0.4236268
5427.389999999999 0.4198153
5430.13 0.4141752
5432.87 0.4133162
5435.61 0.4186485
5438.36 0.4232963
5441.099999999999 0.4317131
5443.84 0.4262713
5446.58 0.4217989
5449.32 0.4140657
5452.07 0.4194405
5454.8099999999995 0.4235609
5457.55 0.4229443
5460.29 0.4240462
5463.03 0.4261838
5465.78 0.4346873
5468.52 0.426976
5471.26 0.4125668
5474.0 0.4171279
5476.74 0.4160266
5479.49 0.4127865
5482.2300000000005 0.4216881
5484.97 0.4198156
5487.71 0.4342255
5490.45 0.4279244
5493.200000000001 0.4290468
5495.9400000000005 0.4303251
5498.68 0.428805
5501.42 0.4201685
5504.16 0.4214907
5506.910000000001 0.4166643
5509.650000000001 0.4247066
5512.39 0.4288491
5515.13 0.4253022
5517.87 0.4382578
5520.620000000001 0.4419581
5523.360000000001 0.4385434
5526.1 0.4320219
5528.84 0.4283868
5531.580000000001 0.4322649
5534.33 0.4232081
5537.07 0.430986
5539.8099999999995 0.4269543
5542.55 0.4295325
5545.290000000001 0.4222178
5548.04 0.4355025
5550.78 0.4394246
5553.5199999999995 0.4416723
5556.259999999999 0.4245971
5558.999999999999 0.4358562
5561.75 0.4357228
5564.49 0.4285624
5567.23 0.4110906
5569.969999999999 0.4199922
5572.71 0.4301938
5575.46 0.4282756
5578.2 0.4285844
5580.94 0.420102
5583.679999999999 0.4258309
5586.42 0.4084472
5589.17 0.4102528
5591.91 0.4143071
5594.65 0.4112889
5597.389999999999 0.4228344
5600.13 0.4202128
5602.88 0.4296417
5605.62 0.4298402
5608.36 0.4322863
5611.1 0.4464978
5613.84 0.4318242
5616.59 0.4280113
5619.33 0.427637
5622.07 0.419397
5624.81 0.4250377
5627.55 0.4321547
5630.3 0.4323958
5633.04 0.4430601
5635.780000000001 0.439403
5638.52 0.4394693
5641.26 0.421006
5644.01 0.4329687
5646.75 0.433674
5649.490000000001 0.4471805
5652.2300000000005 0.4320883
5654.97 0.4275057
5657.72 0.4234724
5660.460000000001 0.4235609
5663.200000000001 0.4320218
5665.9400000000005 0.4329255
5668.68 0.4462998
5671.429999999999 0.4429054
5674.169999999999 0.4432363
5676.91 0.4325286
5679.650000000001 0.4328374
5682.39 0.4318241
5685.139999999999 0.4266452
5687.879999999999 0.4308538
5690.62 0.4428841
5693.36 0.4499349
5696.099999999999 0.4356579
5698.849999999999 0.4393582
5701.59 0.4379264
5704.33 0.4301931
5707.07 0.4183838
5709.8099999999995 0.4188247
5712.5599999999995 0.431911
5715.3 0.4384111
5718.04 0.4384554
5720.78 0.4443166
5723.5199999999995 0.4532182
5726.2699999999995 0.4570506
5729.01 0.4644981
5731.75 0.4606867
5734.49 0.4614141
5737.23 0.4576468
5739.969999999999 0.4551794
5742.72 0.4514545
5745.46 0.4532837
5748.2 0.4496044
5750.94 0.4627144
5753.68 0.4486797
5756.43 0.4390059
5759.17 0.4469602
5761.91 0.4402845
5764.65 0.44912
5767.39 0.4457934
5770.14 0.4516308
5772.88 0.4509481
5775.62 0.44403
5778.360000000001 0.4384781
5781.1 0.4322871
5783.85 0.4275488
5786.59 0.4367149
5789.33 0.4443606
5792.070000000001 0.4451541
5794.81 0.451566
5797.56 0.4623829
5800.3 0.4603342
5803.040000000001 0.4525788
5805.780000000001 0.4564129
5808.52 0.4543641
5811.2699999999995 0.4526884
5814.009999999999 0.4518956
5816.750000000001 0.4522043
5819.490000000001 0.4571179
5822.2300000000005 0.4653807
5824.98 0.4605762
5827.719999999999 0.4668558
5830.459999999999 0.4676053
5833.2 0.4512792
5835.94 0.455598
5838.69 0.4600915
5841.429999999999 0.4638594
5844.17 0.465358
5846.91 0.4630228
5849.65 0.4523151
5852.4 0.4434787
5855.139999999999 0.4400197
5857.88 0.4228124
5860.62 0.4407034
5863.36 0.4508609
5866.11 0.4500665
5868.849999999999 0.4409231
5871.59 0.4489655
5874.33 0.450464
5877.07 0.4206096
5879.82 0.38952
5882.56 0.3943014
5885.3 0.3927374
5888.04 0.3891463
5890.78 0.3661882
5893.53 0.3731936
5896.27 0.3861272
5899.01 0.4004269
5901.75 0.4084471
5904.49 0.4188469
5907.240000000001 0.4408346
5909.9800000000005 0.4456161
5912.72 0.4454401
5915.46 0.435768
5918.2 0.4349089
5920.950000000001 0.4353925
5923.6900000000005 0.4407028
5926.43 0.451367
5929.17 0.4505301
5931.91 0.4458594
5934.660000000001 0.4478852
5937.400000000001 0.4489651
5940.14 0.4404827
5942.88 0.4419152
5945.620000000001 0.454342
5948.37 0.4399313
5951.11 0.4422451
5953.85 0.4477756
5956.59 0.4538571
5959.330000000001 0.4492084
5962.08 0.4436329
5964.82 0.4460128
5967.5599999999995 0.4575142
5970.299999999999 0.4529978
5973.039999999999 0.4528659
5975.79 0.451102
5978.53 0.449516
5981.2699999999995 0.4368253
5984.009999999999 0.4393594
5986.75 0.4393376
5989.5 0.4387415
5992.24 0.4443822
5994.98 0.4429504
5997.719999999999 0.4377729
6000.46 0.4501779
6003.21 0.4411431
6005.95 0.438896
6008.69 0.4387201
6011.429999999999 0.4300394
6014.17 0.451654
6016.92 0.4342689
6019.66 0.4403943
6022.4 0.4314713
6025.14 0.4505741
6027.88 0.4435238
6030.63 0.4488326
6033.37 0.4527548
6036.11 0.4559058
6038.85 0.4574704
6041.59 0.4585504
6044.34 0.4578661
6047.08 0.4698303
6049.820000000001 0.4669884
6052.56 0.4586382
6055.3 0.4513897
6058.05 0.4492293
6060.79 0.4503752
6063.530000000001 0.4583295
6066.27 0.4613482
6069.01 0.4618773
6071.76 0.4612812
6074.5 0.4666355
6077.240000000001 0.4523144
6079.9800000000005 0.4513452
6082.72 0.4484592
6085.469999999999 0.4494054
6088.209999999999 0.4513226
6090.950000000001 0.4611716
6093.6900000000005 0.451191
6096.43 0.4467626
6099.179999999999 0.4562797
6101.919999999999 0.4498024
6104.66 0.4551566
6107.4 0.4537689
6110.139999999999 0.451676
6112.889999999999 0.4574254
6115.63 0.4415841
6118.37 0.4456605
6121.11 0.4377509
6123.849999999999 0.448305
6126.599999999999 0.4575796
6129.34 0.4511024
6132.08 0.4458367
6134.82 0.4432151
6137.5599999999995 0.4370681
6140.3099999999995 0.4421346
6143.05 0.4463212
6145.79 0.4479959
6148.53 0.4517419
6151.2699999999995 0.4456831
6154.02 0.4351281
6156.76 0.4234951
6159.5 0.4154092
6162.24 0.4081826
6164.98 0.4123251
6167.7300000000005 0.4220185
6170.47 0.4285405
6173.21 0.4279019
6175.95 0.4229447
6178.69 0.4357462
6181.4400000000005 0.4402618
6184.18 0.4349301
6186.92 0.4261833
6189.66 0.4225261
6192.400000000001 0.4314718
6195.150000000001 0.4339824
6197.89 0.4350182
6200.63 0.4389404
6203.37 0.4347544
6206.110000000001 0.4256331
6208.860000000001 0.4372874
6211.6 0.4473567
6214.34 0.4370235
6217.080000000001 0.4297309
6219.820000000001 0.4199045
6222.57 0.410914
6225.3099999999995 0.4157394
6228.05 0.40924
6230.790000000001 0.4165552
6233.530000000001 0.428938
6236.28 0.4313825
6239.0199999999995 0.4371554
6241.759999999999 0.4180091
6244.499999999999 0.4101436
6247.24 0.4094388
6249.99 0.4248387
6252.73 0.4237594
6255.469999999999 0.4150346
6258.21 0.4099012
6260.95 0.4130742
6263.7 0.4277911
6266.44 0.442906
6269.179999999999 0.422636
6271.92 0.4400203
6274.66 0.4245534
6277.41 0.4167747
6280.15 0.4334319
6282.889999999999 0.4288933
6285.63 0.4008016
6288.37 0.4214247
6291.12 0.4251913
6293.86 0.4316472
6296.6 0.449384
6299.34 0.4488555
6302.08 0.4466525
6304.83 0.4446243
6307.57 0.440879
6310.31 0.4492298
6313.05 0.4213804
6315.79 0.4440085
6318.54 0.4369789
6321.280000000001 0.4490973
6324.02 0.4398658
6326.76 0.4346663
6329.5 0.4554436
6332.25 0.4508817
6334.990000000001 0.4488108
6337.7300000000005 0.4500009
6340.47 0.4415185
6343.21 0.4359444
6345.96 0.4528205
6348.700000000001 0.4466736
6351.4400000000005 0.4479298
6354.18 0.4325951
6356.92 0.4232094
6359.669999999999 0.4425312
6362.41 0.4352165
6365.150000000001 0.4368913
6367.89 0.4423777
6370.63 0.4506624
6373.379999999999 0.4554866
6376.12 0.4455499
6378.86 0.4529753
6381.599999999999 0.4509266
6384.339999999999 0.4474236
6387.09 0.4507274
6389.83 0.4505073
6392.57 0.4458587
6395.3099999999995 0.4451098
6398.049999999999 0.4451101
6400.8 0.4440294
6403.54 0.4390723
6406.28 0.4409894
6409.0199999999995 0.4522044
6411.759999999999 0.4489879
6414.51 0.4431041
6417.25 0.4464092
6419.99 0.4469603
6422.73 0.4461234
6425.469999999999 0.447754
6428.22 0.4470038
6430.96 0.4473787
6433.7 0.444096
6436.44 0.4521824
6439.18 0.4543639
6441.93 0.4550458
6444.67 0.4530632
6447.41 0.452755
6450.15 0.4443387
6452.89 0.4455728
6455.64 0.4469157
6458.38 0.4453957
6461.12 0.4409013
6463.860000000001 0.4488995
6466.6 0.4529538
6469.35 0.4522697
6472.09 0.4506616
6474.83 0.4744794
6477.570000000001 0.4611278
6480.31 0.4615467
6483.06 0.4483258
6485.8 0.4414078
6488.540000000001 0.4316694
6491.280000000001 0.4286732
6494.02 0.4329038
6496.7699999999995 0.4246184
6499.509999999999 0.4311625
6502.250000000001 0.4496263
6504.990000000001 0.4472911
6507.7300000000005 0.4581096
6510.48 0.4586372
6513.219999999999 0.4544733
6515.959999999999 0.445418
6518.7 0.4406591
6521.44 0.4608637
6524.19 0.4542306
6526.929999999999 0.4496039
6529.67 0.4619427
6532.41 0.4689494
6535.15 0.4539233
6537.9 0.459805
6540.639999999999 0.4699844
6543.38 0.5041578
6546.12 0.5149983
6548.86 0.5108124
6551.61 0.5136093
6554.349999999999 0.561333
6557.09 0.6810384
6559.83 0.7764194
6562.57 0.7914684
6565.32 0.765666
6568.06 0.6806853
6570.8 0.5708516
6573.54 0.5098867
6576.28 0.5418569
6579.03 0.6058391
6581.77 0.6628608
6584.51 0.6491126
6587.25 0.5944492
6589.99 0.5389925
6592.740000000001 0.4905849
6595.4800000000005 0.4525343
6598.22 0.4464755
6600.96 0.4557297
6603.7 0.4555757
6606.450000000001 0.4557288
6609.1900000000005 0.4557512
6611.93 0.4581971
6614.67 0.4642344
6617.41 0.4610839
6620.160000000001 0.4570288
6622.900000000001 0.4559935
6625.64 0.4571836
6628.38 0.4537027
6631.120000000001 0.4503759
6633.87 0.4403498
6636.61 0.4513446
6639.35 0.4593208
6642.09 0.4540332
6644.830000000001 0.4462117
6647.58 0.4446242
6650.32 0.4470041
6653.0599999999995 0.446101
6655.799999999999 0.4527553
6658.539999999999 0.4428406
6661.29 0.4481055
6664.03 0.4450432
6666.7699999999995 0.4433689
6669.509999999999 0.4415846
6672.25 0.4555536
6675.0 0.4620082
6677.74 0.4498683
6680.48 0.4506618
6683.219999999999 0.4503536
6685.96 0.4641245
6688.71 0.4640573
6691.45 0.4416941
6694.19 0.4477535
6696.929999999999 0.4416286
6699.67 0.4618551
6702.42 0.4479071
6705.16 0.4419144
6707.9 0.4662611
6710.64 0.4757135
6713.38 0.4912251
6716.13 0.4981202
6718.87 0.4897479
6721.61 0.4876111
6724.35 0.4755152
6727.09 0.4843948
6729.84 0.4917527
6732.58 0.4756689
6735.320000000001 0.4626478
6738.06 0.4562805
6740.8 0.4416068
6743.55 0.43775
6746.29 0.4392705
6749.030000000001 0.4440519
6751.77 0.4408574
6754.51 0.435768
6757.26 0.4432803
6760.0 0.4520276
6762.740000000001 0.4445145
6765.4800000000005 0.4436776
6768.22 0.4470049
6770.969999999999 0.4462106
6773.709999999999 0.444272
6776.450000000001 0.4430163
6779.1900000000005 0.4460572
6781.93 0.4433694
6784.679999999999 0.4373093
6787.419999999999 0.4391383
6790.16 0.4333219
6792.9 0.4357678
6795.639999999999 0.438434
6798.389999999999 0.4356568
6801.13 0.4310302
6803.87 0.4411656
6806.61 0.4602464
6809.349999999999 0.4593433
6819.21 0.4384342
6834.93 0.4342471
6850.6900000000005 0.4271519
6866.4800000000005 0.418229
6882.31 0.4278138
6898.17 0.4336089
6914.08 0.4334318
6930.01 0.4352831
6945.99 0.445241
6962.0 0.4369583
6978.05 0.4511027
6994.139999999999 0.4498899
7010.26 0.4405043
7026.42 0.4526669
7042.620000000001 0.4535485
7058.849999999999 0.4575588
7075.129999999999 0.4133157
7091.44 0.4169735
7107.780000000001 0.4168195
7124.17 0.4185813
7140.59 0.3959317
7157.05 0.3939489
7173.549999999999 0.3992811
7190.09 0.3963729
7206.66 0.3998984
7223.27 0.4137793
7239.93 0.4213136
7256.62 0.4299506
7273.34 0.4278136
7290.11 0.4188684
7306.92 0.4334102
7323.76 0.4362526
7340.65 0.4431697
7357.57 0.4440071
7374.530000000001 0.4500001
7391.52 0.4446694
7408.57 0.4485901
7425.64 0.446366
7442.76 0.4629128
7459.92 0.4627365
7477.120000000001 0.457249
7494.349999999999 0.4623618
7511.63 0.4611059
7528.95 0.4598487
7546.3 0.4660632
7563.7 0.4594752
7581.13 0.4550685
7598.61 0.4414741
7616.12 0.4402633
7633.68 0.444163
7651.280000000001 0.4308758
7668.92 0.4122578
7686.6 0.4265581
7704.32 0.4224819
7722.08 0.4117296
7739.88 0.4221069
7757.72 0.39558
7775.6 0.4178771
7793.53 0.4167532
7811.5 0.4213799
7829.5 0.4270652
7847.55 0.4239363
7865.64 0.4266901
7883.7699999999995 0.4196843
7901.95 0.4166203
7920.17 0.4004479
7938.42 0.4086668
7956.72 0.405671
7975.07 0.4197266
7993.45 0.419551
8011.87 0.4193754
8030.34 0.4279458
8048.86 0.4367145
8067.410000000001 0.4365388
8086.01 0.4273727
8104.65 0.4165111
8123.33 0.4221069
8142.0599999999995 0.4209387
8160.83 0.4256323
8179.64 0.4186263
8198.49 0.4213368
8217.39 0.4260294
8236.34 0.3928693
8255.32 0.4375525
8274.35 0.4373547
8293.43 0.4213361
8312.55 0.4096801
8331.71 0.4085348
8350.92 0.4178542
8370.17 0.4186257
8389.46 0.4136467
8408.8 0.4143961
8428.19 0.4141971
8447.61 0.3890578
8467.09 0.3997652
8486.61 0.4069923
8506.17 0.3092985
8525.779999999999 0.3812363
8545.44 0.3715191
8565.13 0.3933329
8584.880000000001 0.4022997
8604.67 0.3965933
8624.5 0.3973205
8644.39 0.4008011
8664.31 0.3834613
8684.29 0.3685451
8704.31 0.3902028
8724.37 0.3972543
8744.48 0.3835719
8764.64 0.3941259
8784.84 0.3975852
8805.1 0.3955573
8825.39 0.4054951
8845.74 0.3915474
8866.13 0.3995454
8886.57 0.371828
8907.05 0.38117
8927.59 0.3809717
8948.17 0.3896527
8968.8 0.3858851
8989.470000000001 0.3725991
9010.2 0.3483628
9030.960000000001 0.3595784
9051.78 0.401396
9072.65 0.3804866
9093.57 0.3811696
9114.529999999999 0.3714529
9135.539999999999 0.3923401
9156.6 0.3701977
9177.71 0.3558101
9198.86 0.3758378
9220.07 0.3521743
9241.32 0.3479666
9262.62 0.3718061
9283.98 0.3828885
9305.38 0.33717
9326.83 0.3878022
9348.33 0.3867004
9369.880000000001 0.3794514
9391.48 0.3862821
9413.13 0.3781517
9434.83 0.391239
9456.58 0.384783
9478.38 0.3962407
9500.23 0.3969454
9522.13 0.3894988
9544.08 0.3786583
9566.09 0.3872728
9588.140000000001 0.3951603
9610.24 0.3877356
9632.39 0.3911071
9654.6 0.3828664
9676.85 0.3826685
9699.16 0.3895643
9721.52 0.3752434
9743.93 0.3741853
9766.390000000001 0.3774246
9788.91 0.3711887
9811.47 0.3831309
9834.09 0.3785256
9856.76 0.3818088
9879.480000000001 0.3789668
9902.26 0.3744055
9925.08 0.3794072
9947.960000000001 0.381809
9970.89 0.3824703
9993.880000000001 0.3813681
10016.910000000002 0.3855545
10086.35 0.3796062
10132.91 0.3915697
10179.68 0.3884184
10226.67 0.3951607
10273.87 0.4001844
10297.55 0.3999422
10489.0 0.3827125
10708.640000000001 0.3588067
10907.720000000001 0.3563388
11110.51 0.3302738
11291.04 0.3340856
11500.960000000001 0.3395056
11687.83 0.3325434
11905.13 0.3075137
12098.580000000002 0.3117879
12295.16 0.3110611
12494.94 0.2977531
12697.970000000001 0.2923108
12904.29 0.2883012
13113.97 0.2843572
13296.4 0.2728118
13512.45 0.2641529
13700.429999999998 0.2587328
13891.02 0.245381
14084.27 0.2300679
14313.119999999999 0.2279529
14512.23 0.2316543
14714.119999999999 0.2222683
14884.49 0.2284817
15091.550000000001 0.2327343
15301.499999999998 0.2398067
15514.369999999999 0.2376031
15694.02 0.232734
15912.35 0.2238104
16096.61 0.2232817
16282.98 0.2232818
16509.5 0.2222686
16700.68 0.2238107
16894.07 0.2248241
17089.7 0.2222682
17287.57 0.2142196
17487.760000000002 0.2055232
17690.26 0.1935793
17895.11 0.1823313
18102.309999999998 0.1705526
18311.93 0.1655225
18481.38 0.1588023
18695.36 0.1499211
18911.85 0.146508
19086.85 0.1458338
19307.87 0.1421874
19486.51 0.1370427
19712.16 0.1314794
19894.559999999998 0.1270155
20078.63 0.1258522
20311.13 0.1221396
20499.079999999998 0.1224217
20688.74 0.1204651
20880.18 0.1190859
21121.97 0.1185394
21317.39 0.1169112
21514.649999999998 0.1155738
21713.710000000003 0.1124231
21914.63 0.1106274
22117.41 0.1076111
22322.05 0.1049209
22476.79 0.1027683
22684.75 0.09996791
22894.66 0.08909683
23106.49 0.08787393
23320.3 0.07635955
23481.960000000003 0.07142638
23699.219999999998 0.07208739
23918.52 0.06589615
24084.3 0.06264185
24307.16 0.06065448
24475.64 0.05506251
24702.12 0.05282838
24873.33 0.04394031
25103.49 0.04284087
25277.49 0.04284087
25511.39 0.04225258
25688.21 0.04313832
25925.92 0.04244865
26105.64 0.04244866
26286.58 0.04129194
26529.820000000003 0.04081823
26713.7 0.04007353
26898.89 0.03943237
27085.33 0.03880222
27273.06 0.0379187
27525.43 0.03739873
27716.210000000003 0.03646454
27908.35 0.03596437
28101.79 0.03522628
28296.600000000002 0.03474155
28492.730000000003 0.0341092
28690.25 0.03348566
28889.100000000002 0.03302739
29089.37 0.03249859
29290.989999999998 0.031831
29494.05 0.03132203
29698.47 0.03089239
29904.350000000002 0.03032835
30111.620000000003 0.02998244
30320.33 0.02957043
30530.52 0.02936772
30671.43 0.02909671
30884.05 0.02889843
31098.12 0.0286979
31313.7 0.02850181
31530.74 0.02823963
31676.27 0.02798184
31895.850000000002 0.02791575
32116.93 0.02785185
32265.199999999997 0.02791574
32488.84 0.02830572
32714.02 0.02950213
32865.05 0.03325432
33092.84 0.03302739
33322.25 0.02869791
33476.05 0.02696832
33708.07 0.02611345
33863.69 0.02551855
34098.4 0.02499639
34334.78 0.02465267
34493.26 0.02425826
34732.340000000004 0.02387049
34892.68 0.02348932
35134.52 0.02316544
35296.68 0.02279529
35459.63 0.02243175
35705.409999999996 0.02207261
35870.25 0.02177009
36118.869999999995 0.02147132
36285.57 0.02112805
36537.12 0.02074247
36705.75 0.02041088
36875.17 0.02003829
37130.79 0.01967256
37302.17 0.01940265
37474.340000000004 0.01904835
37734.12 0.01878706
37908.28 0.01848674
38083.24 0.01814921
38259.06 0.01790022
38524.24 0.01761402
38702.09 0.0172529
38880.71 0.01697705
39060.17 0.01670559
39330.94 0.01643834
39512.47 0.01610124
39694.84 0.01580732
39878.09 0.01548322
40062.15 0.01527081
40339.83 0.01502647
40526.06 0.01475238
40713.100000000006 0.01451641
40901.009999999995 0.0142844
41089.78999999999 0.01405592
41279.479999999996 0.01386313
41470.01 0.01364147
41661.409999999996 0.01342335
41853.740000000005 0.01320875
42143.84 0.01299746
42338.35 0.01284873
42533.81 0.01264338
42730.119999999995 0.01246977
42927.340000000004 0.01201875
43125.520000000004 0.01153072
43324.56 0.01150428
43524.520000000004 0.01111364
43725.46 0.01088581
43927.27 0.01071175
44130.01 0.01044384
44333.69 0.01027683
44538.36 0.01013582
44743.93 0.009928046
44950.44 0.009836828
45054.100000000006 0.009679736
45262.05 0.009524843
45470.95 0.009437592
45680.82000000001 0.009329629
45891.71000000001 0.009117234
46103.52 0.009075373
46316.31 0.008950667
46530.13 0.008848211
46744.89000000001 0.00880767
46852.64 0.008666877
47068.89000000001 0.008567509
47286.18 0.008528294
47504.43 0.008372521
47723.69 0.00831501
47944.00000000001 0.008238779
48054.52 0.008088294
48276.310000000005 0.008088295
48499.13 0.007940673
48723.03 0.007849897
48947.909999999996 0.007760003
49060.740000000005 0.007671211
49287.17 0.007618331
49514.71 0.007513893
49743.240000000005 0.007479306
49857.909999999996 0.00737751
50088.08 0.00736231
50319.25 0.007347108
50551.5 0.007297972
50668.03 0.007273515
50784.82 0.007265803
50901.94 0.007258091
51019.27 0.007250382
51136.88 0.007225922
51254.75 0.007218212
51372.89 0.007210502
51491.31 0.007186048
51610.060000000005 0.007194859
51729.03 0.007203449
51848.26 0.007178996
51967.78 0.00717106
52087.57 0.00716313
52207.63 0.007138897
52327.969999999994 0.007130964
52448.65 0.007123032
52569.549999999996 0.007131403
52690.729999999996 0.007156299
52812.18 0.007131624
52933.92 0.007107165
53055.93 0.007099236
53178.28999999999 0.007107389
53300.869999999995 0.007115541
53423.73 0.007123914
53546.880000000005 0.007115539
53670.31 0.007123691
53794.02 0.007115542
53918.020000000004 0.007123472
54042.36 0.007131624
54166.939999999995 0.00712325
54291.799999999996 0.007114876
54416.94 0.007122812
54542.380000000005 0.007130963
54668.1 0.007138895
54794.11 0.007130303
54920.479999999996 0.007138233
55047.08 0.007146165
55173.96 0.007153878
55301.14 0.00719486
55428.61 0.007202571
55556.38 0.007193978
55684.5 0.007218436
55812.86 0.007242891
55941.520000000004 0.007250601
56070.46000000001 0.007291803
56199.71 0.007316481
56329.25 0.007324413
56459.1 0.007365832
56589.299999999996 0.007407696
56719.74 0.007432595
56850.490000000005 0.00745771
56981.53 0.007500014
57112.88 0.007559723
57244.520000000004 0.007620095
57376.54 0.007663278
57508.8 0.007724311
57641.36 0.007786004
57774.229999999996 0.007847915
57907.4 0.007947063
58040.880000000005 0.008028585
58174.67 0.008111207
58308.83 0.008232392
58443.240000000005 0.008336163
58577.950000000004 0.008441263
58712.98 0.008586898
58848.32 0.008715129
58983.97 0.008885886
59072.52 0.00933007
59381.47 0.009472185
59690.42 0.0102993
59999.37 0.01081113
60308.33 0.01234021
60617.28 0.01161797
60926.229999999996 0.01382633
61235.19 0.01579365
61544.13 0.02120143
61853.08 0.02634259
62162.04 0.02888519
62470.990000000005 0.02612226
62779.939999999995 0.02389252
63088.89 0.02003103
63397.84 0.01671287
63706.8 0.01567556
64015.75 0.01373401
64324.69 0.01237547
64633.649999999994 0.0115012
64942.6 0.01122931
65251.549999999996 0.01063398
65560.51 0.01023959
65869.45 0.01084924
66178.40000000001 0.00986371
66487.37 0.01164023
66796.31 0.0105399
67105.26 0.009701547
67414.22 0.01033367
67723.17 0.01193767
68032.13 0.01014441
68341.07 0.01151398
68650.01999999999 0.01107772
68958.98 0.009885082
69267.92 0.01043524
69576.88 0.0115988
69885.83 0.01257266
70194.78 0.01161423
70503.73999999999 0.01136988
70812.69 0.01066527
71121.64 0.01131634
71430.6 0.01284785
71739.54000000001 0.0116887
72048.5 0.01266652
72357.44 0.01238164
72666.39 0.01441417
72975.36 0.01599702
73284.3 0.01639053
73593.25 0.01640243
73902.21 0.01674019
74211.15999999999 0.01807759
74520.11 0.02023307
74829.06 0.02245817
75117.79 0.02141602
75138.02 0.02498315
75446.97 0.02529603
75736.92 0.02768219
75755.92 0.02516602
76356.05 0.02770423
76975.18 0.02703664
77594.32 0.02517484
78213.45 0.02462402
78832.6 0.02329543
79451.73 0.02006915
80070.85999999999 0.01700635
80690.00000000001 0.01430974
81309.14 0.01348835
81928.26999999999 0.01258984
82547.4 0.01244641
83166.53 0.01248034
83785.68 0.01277272
84404.81 0.0127974
85023.95 0.01380121
85643.08 0.01413678
86262.22 0.01360843
86881.35 0.01137032
87500.48 0.00960284
88119.62 0.008022416
88738.75 0.006952716
89357.88 0.006040993
89977.02 0.005539522
90596.15000000001 0.005095119
91215.3 0.004600919
91834.43000000001 0.004647409
92453.57 0.004378166
93072.70000000001 0.00418626
93691.83 0.004263375
94310.96 0.00371806
94930.09000000001 0.003877579
95549.23999999999 0.003938389
96168.37000000001 0.004175685
96787.50000000001 0.004319118
97406.65 0.003952931
98025.78 0.003656588
98644.90999999999 0.003640504
99264.05 0.003381176
99883.14000000001 0.003500154
100502.33 0.003658351
101121.42 0.003539593
101740.62 0.003488697
102359.70999999999 0.003316179
102978.90000000001 0.003279824
103598.0 0.003419513
104217.09 0.003731719
104836.28 0.003727533
105455.37 0.004268884
106074.57 0.004397335
106693.66 0.004315814
107312.75 0.004378828
107931.95000000001 0.004151447
108551.05 0.004296204
109170.23000000001 0.005279975
109789.32 0.006200732
110408.51 0.006664305
111027.60999999999 0.008142716
111646.7 0.01258103
112265.9 0.0166774
112884.99 0.01560505
113504.18 0.01255944
114123.26999999999 0.01010453
114742.47 0.008478937
115361.56 0.007488557
115980.65 0.006872297
116599.85 0.006122074
117218.94 0.00570455
117838.12 0.00560386
118457.22 0.005903287
119076.42 0.006206019
119695.51 0.006342845
120314.59999999999 0.006501481
120933.8 0.005994723
121552.89 0.005648807
122172.07999999999 0.00591166
122791.17 0.006426789
123410.27 0.006480991
124029.46 0.006455653
124648.55 0.006797164
125267.73999999999 0.007168859
125886.84000000001 0.007460354
126506.03 0.007781374
127125.12 0.008308845
127744.22 0.01015476
128363.40999999999 0.009659685
128982.50000000001 0.006235765
129601.69 0.004927007
130220.78 0.004672968
130839.87999999999 0.004268883
131459.06 0.004359439
132078.17 0.004354371
132697.36 0.004075874
133316.44 0.004244647
133935.63999999998 0.004096365
134554.72999999998 0.003893222
135173.83000000002 0.003841664
135793.03 0.003874493
136412.11000000002 0.003861494
137031.3 0.003480324
137650.41 0.003419072
138269.59 0.00329723
138888.69 0.003351211
139507.78 0.003419292
140126.97 0.003440445
140746.06 0.003478341
141365.25 0.003452783
141984.34 0.003620674
142603.55000000002 0.003681484
143222.64 0.003354736
143841.72 0.003215268
144460.94 0.002792455
144993.66999999998 0.002940958
145907.88999999998 0.00276888
146822.22 0.002744203
147736.45 0.002639988
148650.69 0.002586227
149564.92 0.002532907
150479.25 0.002450063
151393.48 0.002504705
152307.69999999998 0.002511536
153222.05000000002 0.00250823
154136.28 0.00257477
155050.5 0.003045394
155964.72999999998 0.003232233
156879.06 0.00278232
157793.31 0.002675901
158707.53 0.002718645
159621.86000000002 0.002801489
160536.09000000003 0.002798845
161450.31 0.002786727
162364.66 0.002977973
163278.88999999998 0.003625301
164193.11000000002 0.004434131
165107.34 0.004354591
166021.7 0.003943236
166935.91 0.003910848
167850.14 0.003944779
168764.38 0.004009776
169678.7 0.004791946
170592.94999999998 0.005238112
171507.18999999997 0.004390945
172421.52000000002 0.004044147
173335.73 0.003980692
174249.97 0.003761685
175164.3 0.003244792
176078.53 0.002906806
176992.77 0.002791354
177906.97999999998 0.002722831
178821.31 0.002612667
179735.56 0.002411285
180649.78 0.002222904
181564.11 0.002212548
182478.34 0.002172449
183392.56 0.002189546
184306.91 0.002149402
185221.13999999998 0.002125452
186135.37 0.002555821
187049.59 0.003341296
187963.94 0.002785404
188878.16 0.002299138
189792.38999999998 0.002197279
190706.72999999998 0.002165442
191620.97 0.002103265
192535.19 0.00208674
193449.40999999997 0.002022536
194363.77 0.001890405
195277.98 0.001965647
196192.22 0.001942997
197106.55 0.001874497
198020.77000000002 0.001908692
198935.02000000002 0.001886306
199849.25 0.001795156
200763.58 0.001814964
201677.80000000002 0.001790595
202592.05000000002 0.001830916
203506.38 0.001764729
204603.27 0.001814809
206363.44 0.001861696
208124.69 0.00171987
209886.84 0.00166829
211650.08000000002 0.001746287
213414.34 0.001696361
215179.69 0.00168292
216945.92 0.00173212
218713.27000000002 0.001785374
220481.62999999998 0.001714119
222251.05 0.001666374
224021.48 0.001716058
225792.91 0.00173245
227565.41999999998 0.001706672
229338.94999999998 0.001668379
231113.46999999997 0.00170784
232889.09 0.001728176
234665.7 0.001740228
236443.42 0.001725973
238222.22 0.001726964
240002.03 0.001716719
241782.83000000002 0.001706672
243564.73 0.001730489
245347.63 0.001685212
247131.73 0.001658993
248916.72 0.001684397
250702.80000000002 0.001708412
252489.98 0.001707399
254278.27000000002 0.001666748
256067.55 0.001749394
257857.91 0.00192482
259649.38 0.001976554
261441.94 0.00176149
263235.53 0.001650334
265030.16 0.001636695
266825.94 0.001627287
268622.66000000003 0.001629579
270420.63 0.001621933
272219.58999999997 0.001625657
274019.62 0.001606532
275820.77999999997 0.00160087
277623.02999999997 0.00161052
279426.34 0.001624467
281230.77999999997 0.001833229
283036.31 0.001859008
284842.94 0.001638965
286650.66 0.001571346
288459.5 0.001587341
290269.38 0.001591594
292080.41000000003 0.001601222
293892.53 0.001606136
295705.75 0.001626979
297520.13 0.001608163
299335.66 0.001612679
301152.13 0.001620281
302969.81 0.001635461
304788.59 0.001647117
306608.58999999997 0.001671596
308429.59 0.001671992
310251.78 0.00165441
312075.16 0.00163826
313899.52999999997 0.001638789
315725.13 0.001695325
317551.84 0.001703675
319379.63 0.001695677
321208.59 0.001753095
323038.77999999997 0.001806503
324870.0 0.001760366
326702.31 0.001754594
328535.91000000003 0.001791631
330370.66000000003 0.001819392
332206.47 0.001911072
334043.44 0.002437945
335881.56 0.00258182
337720.91000000003 0.001955534
339561.41000000003 0.001844091
341403.03 0.001811968
343245.78 0.001730423
345089.77999999997 0.001926406
346934.91000000003 0.002893367
348781.22 0.004024317
