102.07000000000001 1.502062e-06
103.97 1.650625e-06
105.9 1.873665e-06
108.12 2.160943e-06
109.88 3.017255e-06
114.0 3.704138e-06
118.01 4.321229e-06
121.02999999999999 1.258058e-05
125.0 1.447527e-05
127.03 1.529914e-05
127.91 1.58727e-05
130.89 1.700853e-05
132.1 1.91709e-05
133.94 1.998379e-05
137.06 2.347629e-05
139.93 2.504073e-05
142.86 4.916759e-05
146.85999999999999 9.134098e-05
150.98 9.697518e-05
154.85 0.0001036741
158.82 0.0001113419
162.15 0.0001171182
165.92 0.0001257983
170.17999999999998 0.000132945
172.94 0.0001392151
176.97 0.0001464495
179.85000000000002 0.0001522809
181.93 0.0001565564
186.17000000000002 0.0001643138
190.94 0.000174061
194.04999999999998 0.0001809975
198.10999999999999 0.0001886572
201.79 0.0001970949
205.07000000000002 0.0002035526
209.85 0.0002059049
216.23 0.0002257596
220.25 0.0002347707
222.8 0.0002385925
226.94 0.0002486906
230.09 0.0003746838
233.83 0.0006048859
239.83 0.0007356571
245.98 0.0006961017
251.70999999999998 0.000723913
256.97999999999996 0.0006035142
259.96 0.0006945116
264.18 0.0007188994
269.1 0.0007122527
274.1 0.0007025201
279.19 0.0006929411
283.72999999999996 0.0006865501
289.67 0.000648147
295.74 0.0006511186
301.24 0.0006275821
308.25 0.0006275914
318.35 0.0006246931
328.02 0.0006090714
337.99 0.000588366
348.26000000000005 0.0005684416
357.20000000000005 0.0005542088
366.36 0.000544073
374.89000000000004 0.0005280601
385.39 0.00049623
395.28000000000003 0.0004962171
405.42 0.0004871406
413.90999999999997 0.0004738587
421.60999999999996 0.0004599116
430.43 0.0004473975
441.46999999999997 0.0004412546
450.72 0.0004311997
460.16 0.0004194502
469.79 0.0004137074
479.63 0.0004155903
489.66999999999996 0.0004033434
499.93 0.000417519
505.71999999999997 0.0004213729
511.57 0.0005580332
519.88 0.0005631929
529.5500000000001 0.0005670847
539.39 0.000544084
549.42 0.0006007172
559.64 0.0007009074
570.04 0.0007738928
580.64 0.0007810066
590.0699999999999 0.0008683028
599.66 0.0008563909
609.41 0.0008987755
619.31 0.001100693
629.3700000000001 0.001144645
639.6 0.001246403
649.99 0.001329441
657.5200000000001 0.001347884
665.13 0.001491673
674.38 0.001598324
685.34 0.001544076
694.8699999999999 0.001856422
704.5400000000001 0.001720573
715.99 0.00213631
725.95 0.002257702
734.36 0.002369561
744.5699999999999 0.002498439
754.9300000000001 0.002628232
765.43 0.002598152
774.29 0.002935464
785.0699999999999 0.002983088
794.16 0.003225988
805.1999999999999 0.003409395
814.53 0.003553536
825.86 0.003790205
835.4200000000001 0.003278481
845.1 0.004033339
854.88 0.004137021
864.78 0.004422648
874.79 0.004631143
884.92 0.004860523
895.17 0.005066146
905.54 0.005124788
916.02 0.005993283
924.5 0.02408063
935.2 0.04793855
946.0300000000001 0.08564049
954.79 0.1157855
965.84 0.133867
974.78 0.03038578
986.07 0.1218027
995.1899999999999 0.1226516
1004.4 0.1639337
1016.03 0.1544062
1025.43 0.07041473
1034.92 0.1155234
1044.49 0.1998336
1054.1599999999999 0.196187
1063.91 0.1613124
1076.23 0.1860696
1086.1899999999998 0.1529925
1096.24 0.1908413
1103.84 0.183513
1114.05 0.1785102
1124.36 0.1613116
1134.77 0.1943851
1145.27 0.1780977
1155.86 0.1856398
1163.8700000000001 0.1895289
1174.64 0.1372996
1185.51 0.1809965
1193.73 0.133251
1204.78 0.1027198
1215.92 0.06556399
1224.35 0.1240705
1235.68 0.1756583
1244.25 0.190837
1255.76 0.1847879
1264.46 0.1631823
1276.16 0.1998318
1285.01 0.2068567
1293.92 0.1720549
1305.89 0.1693045
1314.94 0.2012195
1324.05 0.1930502
1336.31 0.1752553
1345.5700000000002 0.1989122
1354.9 0.1926027
1364.29 0.1760629
1373.74 0.1814155
1386.4599999999998 0.1822477
1396.0700000000002 0.1576417
1405.74 0.1609411
1415.49 0.1696955
1425.3 0.1704785
1435.18 0.1700857
1441.8 0.1764698
1448.46 0.1780995
1455.14 0.1732458
1465.2299999999998 0.1624305
1475.39 0.1613102
1485.61 0.1624302
1495.91 0.163558
1506.2800000000002 0.156196
1513.23 0.1421255
1516.72 0.14951
1523.72 0.145436
1534.2900000000002 0.128726
1544.9199999999998 0.1347924
1555.63 0.1284315
1566.41 0.1320295
1573.64 0.1395283
1584.5500000000002 0.1441035
1595.53 0.1464445
1606.59 0.1417992
1614.01 0.1411435
1625.2 0.1351033
1636.46 0.1414712
1644.02 0.1421237
1655.4099999999999 0.1332519
1666.89 0.1427782
1670.73 0.1293181
1678.4399999999998 0.1437674
1686.1899999999998 0.1471168
1693.97 0.1392086
1705.71 0.1341744
1713.5900000000001 0.1284318
1725.46 0.1269596
1733.43 0.1335582
1745.44 0.1302182
1753.5 0.1363518
1765.66 0.1263748
1773.8100000000002 0.1287271
1786.1 0.1299184
1794.3500000000001 0.1357249
1806.78 0.1344849
1815.1200000000001 0.1260878
1823.5000000000002 0.127254
1836.14 0.1232149
1844.62 0.1141992
1853.13 0.114727
1865.9800000000002 0.1171304
1874.59 0.1232153
1883.24 0.1147275
1896.3 0.110578
1905.0500000000002 0.1155229
1913.84 0.1118593
1927.11 0.1090612
1936.0 0.1110874
1944.94 0.1155228
1953.92 0.10856
1967.46 0.1163231
1976.54 0.1184872
1985.6699999999998 0.1128904
1994.83 0.1095655
2004.04 0.1116023
2013.2900000000002 0.1088093
2027.2399999999998 0.1116036
2036.6000000000001 0.1070717
2046.0 0.1095656
2055.4500000000003 0.1024844
2064.9300000000003 0.1039114
2074.47 0.1110864
2079.25 0.1073153
2084.04 0.1098182
2093.66 0.1046323
2103.3199999999997 0.1048732
2113.0299999999997 0.1056017
2122.79 0.1063341
2132.58 0.1001522
2147.37 0.1015464
2157.28 0.1041515
2167.23 0.1006175
2177.24 0.09992346
2187.29 0.09855265
2197.38 0.1020166
2207.53 0.09923334
2212.62 0.09498625
2222.83 0.09261057
2233.09 0.09720059
2243.4 0.09368532
2253.75 0.0900889
2264.15 0.09113262
2274.61 0.09282644
2285.1 0.09433276
2295.65 0.08926886
2306.25 0.08971832
2316.89 0.0867081
2327.59 0.07282175
2332.95 0.08153435
2343.72 0.07862191
2354.54 0.08370123
2365.41 0.07796753
2376.33 0.07963444
2387.29 0.07418177
2392.7999999999997 0.07787301
2403.8399999999997 0.07543862
2414.94 0.07634443
2426.0899999999997 0.07997689
2437.28 0.07729821
2442.9 0.08040296
2454.18 0.07915397
2465.5099999999998 0.0782826
2476.89 0.07583179
2482.6 0.07655322
2494.06 0.07114711
2505.5699999999997 0.07894908
2511.34 0.07152575
2517.13 0.07270367
2522.94 0.07057561
2534.5800000000004 0.07109971
2546.28 0.0703156
2552.15 0.07415776
2563.93 0.07233731
2575.76 0.07526108
2587.65 0.07426417
2593.62 0.07309357
2605.5899999999997 0.07097366
2617.62 0.06970879
2623.65 0.07217967
2635.7599999999998 0.07406706
2647.93 0.07903584
2654.03 0.08052495
2666.2799999999997 0.07415392
2672.4300000000003 0.0764272
2684.7599999999998 0.07664049
2697.1600000000003 0.07289257
2703.37 0.07460685
2715.8500000000004 0.070958
2722.1099999999997 0.07032382
2734.68 0.07283323
2747.2999999999997 0.06494505
2753.63 0.06632044
2766.3399999999997 0.06836933
2772.7200000000003 0.07062684
2785.5200000000004 0.06671003
2791.94 0.05588606
2804.83 0.0588215
2817.77 0.06914164
2824.27 0.07192322
2837.31 0.06967707
2843.85 0.06764009
2856.97 0.06477577
2863.56 0.07023286
2876.7799999999997 0.07059126
2883.4100000000003 0.06996491
2896.72 0.06983866
2910.09 0.07453191
2930.26 0.07156084
2950.57 0.07015014
2971.02 0.07069431
2991.62 0.07042579
3012.35 0.07064287
3033.24 0.07037875
3047.24 0.07025241
3068.36 0.07015027
3089.6299999999997 0.07004767
3111.04 0.06994547
3132.61 0.06856615
3147.07 0.06844811
3168.88 0.06866461
3190.85 0.06532731
3212.97 0.06690716
3227.8 0.0639323
3250.17 0.06747089
3272.7000000000003 0.06942108
3287.8 0.06866503
3310.59 0.0680973
3318.2299999999996 0.06780575
3325.88 0.06782508
3333.54 0.06942529
3341.23 0.0660169
3348.93 0.07092268
3356.65 0.06806201
3364.39 0.06124087
3372.1400000000003 0.06182443
3379.92 0.06780947
3387.71 0.0675179
3395.52 0.06585114
3403.35 0.06929107
3411.19 0.06453903
3419.06 0.06575659
3426.94 0.06669441
3434.84 0.07002006
3442.76 0.06461784
3450.69 0.06629643
3458.6499999999996 0.06525618
3466.6200000000003 0.06437747
3474.61 0.0665092
3482.6200000000003 0.06442079
3490.65 0.06670226
3498.7000000000003 0.06226936
3506.7599999999998 0.06613483
3514.84 0.06274252
3522.9500000000003 0.06617421
3531.07 0.06468867
3539.21 0.06667458
3547.3700000000003 0.06856199
3555.54 0.06717928
3563.7400000000002 0.06627691
3571.96 0.06201701
3580.1899999999996 0.06132777
3588.44 0.05633531
3596.71 0.06250622
3605.01 0.06487006
3613.3199999999997 0.06083903
3621.65 0.06085872
3630.0 0.06989783
3638.36 0.06540615
3646.7500000000005 0.06497662
3655.16 0.0659022
3663.5800000000004 0.07015022
3672.03 0.06701365
3680.4900000000002 0.06520927
3680.58 0.08297596
3683.3199999999997 0.06922425
3686.06 0.06488602
3688.81 0.07545774
3691.55 0.05747013
3694.29 0.05360079
3697.04 0.04906524
3699.7799999999997 0.04847821
3702.5200000000004 0.06087468
3705.27 0.06765579
3708.0099999999998 0.06265165
3710.75 0.06946071
3713.49 0.06928744
3716.2400000000002 0.06896802
3718.98 0.08683766
3721.7200000000003 0.1588047
3724.47 0.2844501
3727.21 0.3453054
3729.9500000000003 0.2998303
3732.7 0.2093075
3735.44 0.119712
3738.18 0.08195169
3740.9300000000003 0.08113573
3743.67 0.06137104
3746.41 0.05709979
3749.15 0.05217836
3751.9 0.07164746
3754.6400000000003 0.0740906
3757.38 0.07383066
3760.1299999999997 0.07874795
3762.87 0.08240078
3765.6099999999997 0.06844414
3768.36 0.06697808
3771.1 0.06602463
3773.84 0.07784188
3776.59 0.07544587
3779.3300000000004 0.08187271
3782.07 0.07824771
3784.81 0.08528534
3787.56 0.08803933
3790.2999999999997 0.07803096
3793.04 0.07946932
3795.79 0.06773073
3798.5299999999997 0.06178089
3801.27 0.0582189
3804.02 0.07148585
3806.76 0.08694793
3809.5 0.08593145
3812.25 0.08477662
3814.99 0.088394
3817.7299999999996 0.08507636
3820.4700000000003 0.09349707
3823.22 0.08808269
3825.96 0.0769316
3828.7 0.07409072
3831.4500000000003 0.07202177
3834.19 0.06795149
3836.93 0.06001965
3839.68 0.06654465
3842.4199999999996 0.0724159
3845.1600000000003 0.07879546
3847.91 0.09408768
3850.65 0.09920635
3853.39 0.09224783
3856.1299999999997 0.09895054
3858.88 0.09888715
3861.62 0.09053767
3864.36 0.09521109
3867.11 0.1021812
3869.8500000000004 0.1003491
3872.59 0.08796077
3875.3399999999997 0.09403254
3878.08 0.08221949
3880.8199999999997 0.08070259
3883.57 0.07970934
3886.31 0.07673055
3889.05 0.07809798
3891.8 0.08357873
3894.5400000000004 0.06606399
3897.28 0.08644758
3900.02 0.08699148
3902.77 0.08526136
3905.5099999999998 0.09523849
3908.25 0.09966761
3911.0 0.1000613
3913.74 0.1015706
3916.48 0.09452539
3919.23 0.0931223
3921.9700000000003 0.09128624
3924.71 0.08468233
3927.46 0.0814076
3930.2 0.07559177
3932.9399999999996 0.06803822
3935.68 0.07353513
3938.43 0.07655713
3941.17 0.08480048
3943.91 0.08562415
3946.6600000000003 0.08212088
3949.4 0.08689278
3952.14 0.09069537
3954.89 0.09603816
3957.6299999999997 0.08350404
3960.37 0.07695134
3963.12 0.07099326
3965.86 0.07200998
3968.6 0.06974045
3971.3399999999997 0.06519337
3974.09 0.07353487
3976.83 0.08615597
3979.57 0.0897103
3982.3199999999997 0.08559626
3985.0600000000004 0.09692887
3987.8 0.09728365
3990.5499999999997 0.09350846
3993.29 0.09287815
3996.0299999999997 0.09562078
3998.78 0.08781856
4001.52 0.09827246
4004.26 0.09882032
4007.0 0.0936783
4009.7500000000005 0.09867434
4012.4900000000002 0.1031153
4015.23 0.09514013
4017.98 0.1016296
4020.72 0.1038836
4023.46 0.1002271
4026.21 0.1005932
4028.95 0.09691308
4031.69 0.08935167
4034.44 0.108793
4037.1800000000003 0.1017754
4039.92 0.1025834
4042.6600000000003 0.09446243
4045.41 0.09567574
4048.1499999999996 0.09948227
4050.89 0.09518349
4053.64 0.09426111
4056.38 0.09541972
4059.12 0.09136916
4061.8700000000003 0.1006287
4064.61 0.09926547
4067.35 0.1021973
4070.1 0.09759851
4072.8399999999997 0.09893838
4075.58 0.09827655
4078.3199999999997 0.08901683
4081.07 0.08977702
4083.81 0.08834287
4086.5499999999997 0.09234246
4089.3 0.08582087
4092.04 0.08889841
4094.78 0.08752731
4097.53 0.08500914
4100.2699999999995 0.08720403
4103.01 0.09060471
4105.76 0.08649856
4108.5 0.07999709
4111.24 0.08126205
4113.98 0.08985218
4116.7300000000005 0.09438723
4119.47 0.08878024
4122.21 0.08744065
4124.96 0.09214515
4127.7 0.09498627
4130.4400000000005 0.09158194
4133.19 0.09552198
4135.93 0.09445035
4138.67 0.09502184
4141.42 0.09058865
4144.16 0.09119952
4146.9 0.09546708
4149.64 0.09965976
4152.39 0.09267317
4155.13 0.08599048
4157.87 0.09192084
4160.62 0.09103396
4163.36 0.09078192
4166.099999999999 0.09620398
4168.85 0.0936582
4171.59 0.08801182
4174.33 0.08933984
4177.08 0.09128214
4179.820000000001 0.09276386
4182.56 0.09241329
4185.3 0.09112494
4188.05 0.08918598
4190.79 0.09621177
4193.53 0.09772107
4196.28 0.0946197
4199.0199999999995 0.09028544
4201.76 0.09386342
4204.51 0.0957269
4207.25 0.1002033
4209.99 0.1020751
4212.74 0.09905645
4215.48 0.09790208
4218.219999999999 0.09751606
4220.96 0.09860375
4223.71 0.09425721
4226.45 0.09002145
4229.19 0.08837452
4231.9400000000005 0.09140831
4234.68 0.09061247
4237.42 0.09118397
4240.17 0.0959909
4242.91 0.09220829
4245.650000000001 0.09068352
4248.4 0.09373699
4251.14 0.09220038
4253.88 0.08887486
4256.62 0.0880081
4259.37 0.0898913
4262.11 0.09206652
4264.85 0.09116037
4267.599999999999 0.09273226
4270.34 0.08557672
4273.08 0.08389823
4275.83 0.0879053
4278.57 0.08544665
4281.3099999999995 0.08708202
4284.06 0.08769643
4286.8 0.08651446
4289.54 0.08853204
4292.28 0.08989161
4295.030000000001 0.08573031
4297.77 0.08448525
4300.51 0.0819675
4303.26 0.08236127
4306.0 0.08089557
4308.74 0.0813764
4311.49 0.08031619
4314.23 0.08493834
4316.97 0.08811439
4319.72 0.09022613
4322.46 0.07801117
4325.2 0.07678582
4327.9400000000005 0.08311417
4330.69 0.08320059
4333.429999999999 0.08151423
4336.17 0.09062842
4338.92 0.099951
4341.66 0.1100109
4344.4 0.09320538
4347.150000000001 0.08551747
4349.89 0.08213674
4352.63 0.0819635
4355.38 0.0795675
4358.12 0.0858249
4360.86 0.0889852
4363.6 0.09282717
4366.35 0.09127437
4369.09 0.08753906
4371.83 0.08958422
4374.58 0.08871706
4377.32 0.08495809
4380.06 0.08596299
4382.8099999999995 0.09014738
4385.549999999999 0.08043847
4388.29 0.08424496
4391.04 0.08408708
4393.78 0.09068337
4396.5199999999995 0.08829563
4399.26 0.08950151
4402.01 0.09021838
4404.75 0.08325193
4407.49 0.08684565
4410.240000000001 0.08714092
4412.9800000000005 0.08482411
4415.72 0.08866213
4418.47 0.08812597
4421.21 0.08735379
4423.95 0.08919012
4426.7 0.09071475
4429.44 0.0910183
4432.18 0.08018636
4434.92 0.09324092
4437.67 0.08812999
4440.41 0.09463563
4443.150000000001 0.09131799
4445.9 0.0938947
4448.639999999999 0.08834285
4451.38 0.09153862
4454.13 0.09178263
4456.87 0.08896146
4459.61 0.08554135
4462.360000000001 0.08356303
4465.1 0.09103406
4467.84 0.0878819
4470.59 0.09013552
4473.33 0.09380409
4476.07 0.09815439
4478.8099999999995 0.09533715
4481.56 0.08898107
4484.3 0.09136906
4487.04 0.09204298
4489.79 0.09232247
4492.53 0.09002537
4495.27 0.0936388
4498.0199999999995 0.09407984
4500.759999999999 0.09112076
4503.5 0.08447742
4506.25 0.09669225
4508.99 0.09284264
4511.73 0.0988873
4514.47 0.09280744
4517.22 0.09396562
4519.96 0.08572252
4522.7 0.09217302
4525.45 0.0934494
4528.1900000000005 0.08354347
4530.93 0.08907978
4533.68 0.08425259
4536.42 0.08762961
4539.16 0.08682194
4541.91 0.08442594
4544.65 0.09368196
4547.39 0.08771636
4550.13 0.08638465
4552.88 0.08906383
4555.62 0.08306278
4558.360000000001 0.09101849
4561.11 0.08897712
4563.849999999999 0.08688095
4566.59 0.09101847
4569.34 0.08651043
4572.08 0.08860286
4574.82 0.09548286
4577.570000000001 0.09477331
4580.31 0.09564031
4583.05 0.09063225
4585.79 0.09309509
4588.54 0.08503679
4591.28 0.08946587
4594.0199999999995 0.09096333
4596.77 0.08931204
4599.51 0.09245658
4602.25 0.08576595
4605.0 0.08747187
4607.74 0.08957218
4610.4800000000005 0.08971811
4613.23 0.0928583
4615.969999999999 0.0866957
4618.71 0.09132575
4621.45 0.08958817
4624.2 0.09412324
4626.94 0.09277972
4629.68 0.09170016
4632.43 0.09011981
4635.17 0.0895998
4637.91 0.09139673
4640.66 0.09385918
4643.4 0.09033269
4646.14 0.08908371
4648.89 0.08777131
4651.63 0.08898112
4654.37 0.09357176
4657.11 0.09253163
4659.86 0.0888944
4662.6 0.09036427
4665.34 0.09251584
4668.09 0.08807479
4670.83 0.09038394
4673.570000000001 0.08711751
4676.32 0.08852002
4679.0599999999995 0.08726709
4681.8 0.08949747
4684.55 0.09191264
4687.29 0.09148718
4690.03 0.09256303
4692.77 0.09056145
4695.52 0.08914658
4698.26 0.09006876
4701.0 0.08907196
4703.75 0.08574603
4706.49 0.08836254
4709.23 0.08864636
4711.9800000000005 0.08757827
4714.72 0.08766113
4717.46 0.08760213
4720.21 0.08419743
4722.95 0.08582489
4725.6900000000005 0.08841778
4728.43 0.08656591
4731.179999999999 0.08852006
4733.92 0.08184917
4736.66 0.08501337
4739.41 0.08781077
4742.15 0.08721196
4744.89 0.08976936
4747.64 0.08727487
4750.38 0.08004837
4753.12 0.08404794
4755.87 0.08754672
4758.61 0.08976526
4761.349999999999 0.08609295
4764.09 0.08544291
4766.84 0.08533234
4769.58 0.08527727
4772.32 0.08687718
4775.07 0.08773593
4777.81 0.08677853
4780.55 0.08576203
4783.3 0.08706998
4786.04 0.08802759
4788.780000000001 0.08616786
4791.53 0.08755067
4794.2699999999995 0.09065184
4797.01 0.08887486
4799.75 0.08894984
4802.5 0.09151869
4805.24 0.08816161
4807.9800000000005 0.08570295
4810.73 0.08789353
4813.47 0.08492261
4816.21 0.08557683
4818.96 0.08488308
4821.7 0.08594314
4824.44 0.08977328
4827.1900000000005 0.08760584
4829.93 0.087866
4832.67 0.08716869
4835.41 0.0866329
4838.16 0.08335428
4840.900000000001 0.08527335
4843.64 0.08517493
4846.389999999999 0.08149046
4849.13 0.07979228
4851.87 0.07798375
4854.62 0.09054536
4857.36 0.1120914
4860.1 0.1373335
4862.85 0.1411434
4865.59 0.1224584
4868.33 0.09478145
4871.08 0.08162042
4873.82 0.07710883
4876.5599999999995 0.07741626
4879.3 0.07978452
4882.05 0.07628527
4884.79 0.07875595
4887.53 0.0840204
4890.28 0.08507617
4893.02 0.08227468
4895.76 0.08550982
4898.51 0.08257009
4901.25 0.08807485
4903.99 0.08310223
4906.74 0.08148644
4909.48 0.08539539
4912.22 0.08645939
4914.96 0.08474938
4917.71 0.08028866
4920.45 0.08310611
4923.1900000000005 0.08214083
4925.94 0.08207362
4928.679999999999 0.08304698
4931.42 0.08628213
4934.17 0.08421714
4936.91 0.08358285
4939.65 0.08169946
4942.400000000001 0.0842447
4945.14 0.08680209
4947.88 0.08569103
4950.62 0.08510401
4953.37 0.09351643
4956.110000000001 0.1126076
4958.85 0.125142
4961.599999999999 0.1204093
4964.34 0.105243
4967.08 0.09183016
4969.83 0.08255037
4972.57 0.08213675
4975.31 0.08463897
4978.06 0.08037922
4980.8 0.07996558
4983.54 0.07658091
4986.28 0.0773612
4989.03 0.08379559
4991.7699999999995 0.08141571
4994.51 0.08283041
4997.26 0.08948543
5000.0 0.1040885
5002.74 0.1467943
5005.49 0.1977623
5008.2300000000005 0.2103954
5010.97 0.168813
5013.72 0.1190971
5016.46 0.09045087
5019.200000000001 0.08004448
5021.9400000000005 0.07669528
5024.6900000000005 0.07593852
5027.43 0.08191219
5030.17 0.0823812
5032.919999999999 0.08381921
5035.66 0.08104528
5038.4 0.07820046
5041.15 0.07566658
5043.889999999999 0.08283419
5046.63 0.08535219
5049.38 0.08276315
5052.12 0.08357889
5054.86 0.08430009
5057.599999999999 0.0829053
5060.35 0.08394138
5063.09 0.08362626
5065.83 0.08201081
5068.58 0.08387043
5071.320000000001 0.08184125
5074.06 0.07714838
5076.81 0.07550898
5079.55 0.0749456
5082.290000000001 0.07694345
5085.04 0.07895282
5087.78 0.07974888
5090.5199999999995 0.08275546
5093.259999999999 0.08514344
5096.009999999999 0.08000104
5098.75 0.07727046
5101.49 0.08000909
5104.24 0.07901197
5106.98 0.07909482
5109.72 0.07988692
5112.47 0.07991429
5115.21 0.07786541
5117.95 0.07982385
5120.7 0.0782475
5123.4400000000005 0.07539084
5126.18 0.07677793
5128.92 0.07889795
5131.67 0.07946909
5134.410000000001 0.08004447
5137.150000000001 0.07906341
5139.9 0.07881103
5142.64 0.07545787
5145.38 0.07456351
5148.129999999999 0.07663593
5150.87 0.07458309
5153.61 0.07511907
5156.36 0.07900012
5159.099999999999 0.07874014
5161.84 0.07755025
5164.58 0.07636035
5167.33 0.07390137
5170.07 0.06947643
5172.8099999999995 0.07134424
5175.56 0.0734482
5178.3 0.07693946
5181.04 0.08003667
5183.79 0.07765648
5186.530000000001 0.07500866
5189.27 0.0744965
5192.02 0.07277042
5194.76 0.07657295
5197.5 0.07818859
5200.240000000001 0.08074597
5202.99 0.07945727
5205.73 0.07725471
5208.469999999999 0.07417342
5211.219999999999 0.07308174
5213.96 0.07554063
5216.7 0.07841717
5219.45 0.07634434
5222.19 0.07778661
5224.93 0.07479595
5227.68 0.07671471
5230.42 0.07543025
5233.16 0.072743
5235.9 0.07640765
5238.650000000001 0.07774322
5241.39 0.08037546
5244.13 0.08193595
5246.88 0.0798631
5249.620000000001 0.07721132
5252.360000000001 0.07536341
5255.11 0.0758124
5257.849999999999 0.07787329
5260.59 0.07834229
5263.339999999999 0.07661622
5266.08 0.07426784
5268.82 0.07469349
5271.5599999999995 0.07547771
5274.3099999999995 0.073992
5277.05 0.07490232
5279.79 0.07715235
5282.54 0.08011135
5285.28 0.07871656
5288.0199999999995 0.07993422
5290.77 0.07941389
5293.51 0.07665573
5296.25 0.07399213
5299.0 0.07565082
5301.740000000001 0.07803088
5304.4800000000005 0.08199104
5307.23 0.08164802
5309.97 0.07887016
5312.71 0.07991051
5315.450000000001 0.07972933
5318.2 0.07856672
5320.94 0.07724287
5323.679999999999 0.07724295
5326.429999999999 0.07568631
5329.17 0.07522143
5331.91 0.07661246
5334.66 0.07722696
5337.4 0.08040693
5340.14 0.0788821
5342.89 0.07825537
5345.63 0.07939818
5348.37 0.07799549
5351.11 0.08038345
5353.860000000001 0.08016653
5356.6 0.0828894
5359.34 0.08335052
5362.09 0.07960303
5364.830000000001 0.07810578
5367.570000000001 0.07595444
5370.32 0.07522922
5373.0599999999995 0.07583217
5375.799999999999 0.07787732
5378.549999999999 0.0797212
5381.29 0.07836974
5384.03 0.0776921
5386.7699999999995 0.07751092
5389.5199999999995 0.07818452
5392.26 0.07645086
5395.0 0.07334593
5397.75 0.07532381
5400.49 0.07612378
5403.23 0.07698286
5405.9800000000005 0.07583209
5408.72 0.07387775
5411.46 0.07397635
5414.21 0.07478393
5416.950000000001 0.07742011
5419.6900000000005 0.07447282
5422.43 0.07558408
5425.179999999999 0.07817664
5427.92 0.07710102
5430.660000000001 0.07695137
5433.41 0.07590304
5436.15 0.07686458
5438.889999999999 0.07661641
5441.639999999999 0.07620248
5444.38 0.07724283
5447.12 0.07446495
5449.87 0.07300684
5452.61 0.07613951
5455.35 0.07619869
5458.09 0.07526097
5460.84 0.07573362
5463.58 0.07572583
5466.32 0.07629333
5469.070000000001 0.07855491
5471.81 0.07588343
5474.55 0.07254209
5477.3 0.07417321
5480.040000000001 0.07712462
5482.780000000001 0.07747539
5485.53 0.07650194
5488.2699999999995 0.07745558
5491.009999999999 0.07960712
5493.749999999999 0.0794417
5496.5 0.07732159
5499.24 0.07463829
5501.98 0.0772469
5504.73 0.07723882
5507.47 0.07788512
5510.21 0.07612388
5512.96 0.07584786
5515.7 0.07995774
5518.44 0.07862599
5521.1900000000005 0.07777073
5523.93 0.077692
5526.67 0.07627751
5529.41 0.07588749
5532.160000000001 0.0736807
5534.900000000001 0.07545789
5537.64 0.07456745
5540.389999999999 0.07456332
5543.129999999999 0.07666362
5545.870000000001 0.07521759
5548.62 0.07998523
5551.36 0.07576126
5554.099999999999 0.07864174
5556.849999999999 0.0781096
5559.59 0.07703397
5562.33 0.0740315
5565.07 0.07252637
5567.82 0.07257742
5570.56 0.07899239
5573.3 0.07632092
5576.05 0.0784367
5578.79 0.07537118
5581.53 0.08061196
5584.280000000001 0.06968515
5587.02 0.07277053
5589.76 0.07126146
5592.51 0.07722697
5595.250000000001 0.07298723
5597.990000000001 0.07268389
5600.7300000000005 0.07210081
5603.48 0.07841308
5606.219999999999 0.07883477
5608.959999999999 0.07698684
5611.71 0.07802296
5614.45 0.0768961
5617.19 0.0739882
5619.94 0.07480761
5622.68 0.0743309
5625.42 0.07370054
5628.17 0.07360184
5630.91 0.07579669
5633.65 0.07626175
5636.39 0.0735548
5639.14 0.07426782
5641.88 0.07279422
5644.62 0.07512699
5647.370000000001 0.07843276
5650.110000000001 0.07366108
5652.85 0.07236477
5655.599999999999 0.07335756
5658.339999999999 0.07588342
5661.079999999999 0.07257359
5663.83 0.06988215
5666.57 0.07217947
5669.3099999999995 0.07433097
5672.049999999999 0.07834629
5674.8 0.07724674
5677.54 0.07354682
5680.28 0.07470537
5683.03 0.07805843
5685.77 0.07621836
5688.51 0.07344049
5691.26 0.07226215
5694.0 0.07636414
5696.74 0.07712864
5699.490000000001 0.07628916
5702.2300000000005 0.07449245
5704.97 0.0744216
5707.719999999999 0.07563505
5710.460000000001 0.07211639
5713.200000000001 0.07281391
5715.9400000000005 0.07525702
5718.69 0.07310934
5721.429999999999 0.07472102
5724.169999999999 0.07504028
5726.92 0.07392892
5729.66 0.07453581
5732.4 0.07719958
5735.15 0.07701026
5737.89 0.08053302
5740.63 0.07548944
5743.38 0.07453176
5746.12 0.07562724
5748.86 0.07915791
5751.6 0.0734878
5754.35 0.07360977
5757.09 0.07250656
5759.83 0.07248298
5762.580000000001 0.07544596
5765.320000000001 0.07533965
5768.06 0.07552099
5770.8099999999995 0.07558385
5773.549999999999 0.07387776
5776.289999999999 0.07525696
5779.04 0.07132037
5781.78 0.07257743
5784.5199999999995 0.07272329
5787.259999999999 0.06979174
5790.01 0.06652108
5792.75 0.06987439
5795.49 0.07503634
5798.24 0.07655713
5800.9800000000005 0.07514657
5803.72 0.07323163
5806.47 0.07669503
5809.21 0.07728617
5811.95 0.06994929
5814.700000000001 0.07488638
5817.4400000000005 0.07470522
5820.18 0.07567462
5822.92 0.07854723
5825.669999999999 0.07666355
5828.410000000001 0.07335766
5831.150000000001 0.07457138
5833.9 0.07148196
5836.639999999999 0.07396052
5839.379999999999 0.07622631
5842.13 0.08109641
5844.87 0.07323548
5847.61 0.07033151
5850.36 0.07332207
5853.1 0.07311725
5855.84 0.07355077
5858.58 0.07270367
5861.33 0.06868039
5864.07 0.07344042
5866.81 0.07402761
5869.56 0.06810902
5872.3 0.07466586
5875.04 0.08424889
5877.790000000001 0.08940662
5880.530000000001 0.07902387
5883.27 0.07446495
5886.0199999999995 0.07111548
5888.759999999999 0.07044569
5891.499999999999 0.0665724
5894.24 0.06276607
5896.99 0.06786474
5899.73 0.06913755
5902.469999999999 0.07405519
5905.22 0.06913351
5907.96 0.06769142
5910.7 0.07252236
5913.45 0.07257737
5916.1900000000005 0.06682058
5918.93 0.06751415
5921.68 0.0711864
5924.42 0.07130469
5927.16 0.07260114
5929.900000000001 0.07020548
5932.650000000001 0.07224642
5935.39 0.07433488
5938.13 0.07392517
5940.879999999999 0.06918869
5943.62 0.06874349
5946.360000000001 0.06915731
5949.11 0.06802233
5951.849999999999 0.07171451
5954.589999999999 0.07193131
5957.34 0.07127311
5960.08 0.07284537
5962.82 0.07138752
5965.5599999999995 0.07281794
5968.31 0.07245132
5971.05 0.07433095
5973.79 0.07651005
5976.54 0.07269166
5979.28 0.07108013
5982.02 0.06825102
5984.77 0.06600092
5987.51 0.07167905
5990.25 0.07418519
5993.000000000001 0.07628129
5995.740000000001 0.0712574
5998.4800000000005 0.07041031
6001.22 0.06955532
6003.969999999999 0.06804994
6006.709999999999 0.07048515
6009.45 0.06867266
6012.2 0.06529168
6014.94 0.06673786
6017.679999999999 0.06646604
6020.43 0.06818388
6023.17 0.07185636
6025.91 0.07083982
6028.66 0.07165531
6031.400000000001 0.07210853
6034.14 0.07257356
6036.88 0.07174223
6039.63 0.07134409
6042.37 0.07232136
6045.110000000001 0.07279822
6047.860000000001 0.07002405
6050.6 0.06819579
6053.34 0.07098171
6056.089999999999 0.06950785
6058.83 0.06900355
6061.57 0.06958285
6064.32 0.06507099
6067.0599999999995 0.06768745
6069.799999999999 0.06959466
6072.54 0.07088322
6075.29 0.06922811
6078.03 0.06929124
6080.7699999999995 0.06811708
6083.52 0.06962607
6086.26 0.06814852
6089.0 0.06992568
6091.75 0.06643043
6094.49 0.07065062
6097.2300000000005 0.0705443
6099.9800000000005 0.06967727
6102.72 0.06539416
6105.46 0.06466527
6108.200000000001 0.06781368
6110.950000000001 0.07016591
6113.6900000000005 0.06943308
6116.43 0.06834168
6119.179999999999 0.0684085
6121.919999999999 0.07049303
6124.66 0.06401907
6127.41 0.06546898
6130.15 0.06780568
6132.889999999999 0.0659459
6135.64 0.06755341
6138.38 0.06758107
6141.12 0.06653299
6143.87 0.06822326
6146.610000000001 0.06775442
6149.35 0.06837706
6152.09 0.07023306
6154.84 0.06594579
6157.58 0.0665172
6160.320000000001 0.06239959
6163.070000000001 0.06294717
6165.81 0.06543358
6168.55 0.06526816
6171.299999999999 0.06680476
6174.04 0.0628881
6176.78 0.06740776
6179.53 0.0675534
6182.2699999999995 0.06451545
6185.009999999999 0.07001626
6187.75 0.06690345
6190.5 0.06349489
6193.24 0.06682455
6195.98 0.06195827
6198.7300000000005 0.06459817
6201.47 0.06876713
6204.21 0.06988626
6206.96 0.06360912
6209.7 0.06345156
6212.4400000000005 0.06454706
6215.1900000000005 0.06551624
6217.93 0.06690725
6220.67 0.06421606
6223.410000000001 0.06243113
6226.16 0.06654866
6228.900000000001 0.0678451
6231.64 0.0649293
6234.389999999999 0.06323874
6237.129999999999 0.0650435
6239.87 0.06230107
6242.62 0.06489762
6245.36 0.06308119
6248.099999999999 0.06492533
6250.85 0.0637549
6253.59 0.06637531
6256.33 0.06362894
6259.07 0.06636362
6261.82 0.0614262
6264.56 0.06710038
6267.3 0.063893
6270.05 0.06436175
6272.79 0.07185244
6275.530000000001 0.06866082
6278.280000000001 0.06476366
6281.02 0.06223007
6283.76 0.06033087
6286.509999999999 0.06104001
6289.25 0.05938118
6291.99 0.05851435
6294.73 0.06462986
6297.48 0.07313694
6300.219999999999 0.07481954
6302.96 0.07442953
6305.71 0.07231339
6308.45 0.06944882
6311.19 0.06666306
6313.9400000000005 0.0654611
6316.68 0.06216308
6319.42 0.06245867
6322.17 0.06754159
6324.91 0.06769532
6327.650000000001 0.06687974
6330.39 0.06714381
6333.14 0.06535473
6335.88 0.0655203
6338.620000000001 0.06430278
6341.37 0.06717123
6344.11 0.06752987
6346.85 0.06793185
6349.599999999999 0.06738005
6352.339999999999 0.06106766
6355.08 0.07202193
6357.83 0.06637131
6360.57 0.06185573
6363.3099999999995 0.06745897
6366.05 0.06866479
6368.8 0.06642652
6371.54 0.06762445
6374.28 0.06396392
6377.03 0.06668263
6379.77 0.06597737
6382.51 0.06751811
6385.26 0.06743917
6388.0 0.06732495
6390.740000000001 0.06777815
6393.49 0.06732881
6396.2300000000005 0.06444454
6398.97 0.06967346
6401.71 0.06546916
6404.46 0.06847156
6407.2 0.06459431
6409.94 0.06445647
6412.69 0.06760073
6415.429999999999 0.06763231
6418.17 0.0636014
6420.92 0.06464545
6423.66 0.06423571
6426.4 0.0692361
6429.150000000001 0.06395194
6431.89 0.07351918
6434.63 0.07075312
6437.37 0.07266426
6440.12 0.07568635
6442.860000000001 0.07059155
6445.6 0.07105263
6448.35 0.06122918
6451.09 0.06573701
6453.830000000001 0.06392844
6456.58 0.06055536
6459.32 0.066529
6462.0599999999995 0.06837316
6464.8099999999995 0.06775043
6467.549999999999 0.06509864
6470.29 0.0676757
6473.03 0.06811314
6475.78 0.07041023
6478.5199999999995 0.06898782
6481.26 0.0640782
6484.01 0.06334121
6486.75 0.06222614
6489.49 0.06101257
6492.24 0.06232458
6494.9800000000005 0.06431847
6497.72 0.062305
6500.47 0.06056323
6503.21 0.0639323
6505.950000000001 0.06272266
6508.6900000000005 0.06173764
6511.44 0.06428691
6514.18 0.06342403
6516.92 0.06414912
6519.67 0.06203695
6522.41 0.06217098
6525.15 0.0640309
6527.9 0.06406228
6530.639999999999 0.06637139
6533.38 0.07004387
6536.13 0.06692297
6538.87 0.06735646
6541.61 0.06650147
6544.349999999999 0.07105659
6547.1 0.08045813
6549.84 0.08025331
6552.58 0.08030855
6555.33 0.09643626
6558.070000000001 0.157969
6560.81 0.2682875
6563.56 0.3343627
6566.3 0.2792453
6569.040000000001 0.1597186
6571.79 0.08592335
6574.53 0.06743527
6577.2699999999995 0.0759544
6580.0199999999995 0.0871409
6582.759999999999 0.1045298
6585.5 0.1107596
6588.24 0.09188534
6590.99 0.07115887
6593.73 0.06444064
6596.47 0.06169426
6599.22 0.06282107
6601.96 0.07005169
6604.7 0.06651725
6607.45 0.06263586
6610.1900000000005 0.06279353
6612.93 0.06407027
6615.68 0.06157983
6618.42 0.06730523
6621.160000000001 0.06625321
6623.900000000001 0.06557554
6626.65 0.06349489
6629.389999999999 0.06534692
6632.13 0.06583953
6634.88 0.06322694
6637.62 0.0627305
6640.36 0.06274239
6643.11 0.06152862
6645.849999999999 0.06051207
6648.59 0.06431063
6651.34 0.0623088
6654.08 0.06239948
6656.82 0.06451947
6659.5599999999995 0.06321526
6662.31 0.061308
6665.05 0.06379048
6667.79 0.06545337
6670.54 0.06497645
6673.280000000001 0.06526416
6676.02 0.06325857
6678.77 0.06278954
6681.51 0.06150111
6684.250000000001 0.06278966
6687.0 0.06483063
6689.74 0.0648031
6692.48 0.06138687
6695.219999999999 0.06329012
6697.969999999999 0.06079968
6700.71 0.06452732
6703.45 0.06583952
6706.2 0.06375494
6708.94 0.06605223
6711.68 0.08409914
6714.43 0.1080721
6717.17 0.116079
6719.91 0.1056529
6722.66 0.08760587
6725.400000000001 0.08086006
6728.14 0.09383968
6730.88 0.1091284
6733.63 0.1007076
6736.370000000001 0.08439855
6739.110000000001 0.06417669
6741.86 0.06025986
6744.599999999999 0.06085884
6747.339999999999 0.05958222
6750.09 0.06322298
6752.83 0.05687512
6755.57 0.06068944
6758.32 0.06441296
6761.0599999999995 0.05856158
6763.8 0.06062638
6766.54 0.05762388
6769.29 0.06016135
6772.03 0.06347525
6774.7699999999995 0.05956647
6777.52 0.05868765
6780.26 0.05715491
6783.0 0.05717072
6785.75 0.06299444
6788.490000000001 0.06436574
6791.2300000000005 0.05670574
6793.98 0.0599446
6796.72 0.0576553
6799.460000000001 0.05895961
6802.200000000001 0.05865625
6804.95 0.0579981
6807.69 0.05964916
6810.429999999999 0.06362898
6821.91 0.06089045
6837.64 0.06102819
6853.4 0.06102426
6869.2 0.05881372
6885.03 0.05976746
6900.9 0.05976353
6916.820000000001 0.0597594
6932.76 0.05948359
6948.74 0.06016919
6964.76 0.0598896
6980.8099999999995 0.06030332
6996.91 0.05933775
7013.03 0.05811641
7029.2 0.0585183
7045.41 0.05864833
7061.650000000001 0.05864437
7077.93 0.05810451
7094.240000000001 0.05717473
7110.6 0.05704058
7126.99 0.05651255
7143.42 0.05664256
7159.879999999999 0.05663876
7176.39 0.05560242
7192.94 0.052127
7209.51 0.05371115
7226.129999999999 0.05649695
7242.79 0.05483014
7259.49 0.0543218
7276.22 0.05727704
7292.999999999999 0.05622887
7309.8099999999995 0.05583889
7326.660000000001 0.05648113
7343.55 0.05792721
7360.4800000000005 0.05621705
7377.45 0.05752125
7394.45 0.05544086
7411.5 0.05791536
7428.58 0.05556307
7445.71 0.0569855
7462.87 0.0576397
7480.08 0.05671744
7497.32 0.05671362
7514.610000000001 0.05657959
7531.93 0.05644949
7549.29 0.05749379
7566.6900000000005 0.05631176
7584.14 0.0566977
7601.62 0.05515318
7619.139999999999 0.05464496
7636.71 0.05565758
7654.3099999999995 0.05476304
7671.95 0.05087004
7689.639999999999 0.05302156
7707.37 0.05109859
7725.13 0.05216651
7742.95 0.05325778
7760.79 0.05216257
7778.68 0.05156356
7796.610000000001 0.05120505
7814.59 0.05227282
7832.599999999999 0.05312006
7850.660000000001 0.05287568
7868.76 0.05311597
7886.9 0.05202455
7905.08 0.05095269
7923.3 0.05025136
7941.57 0.0500188
7959.87 0.05059427
7978.22 0.05105914
7996.61 0.0505903
8015.05 0.05117339
8033.5199999999995 0.04988887
8052.04 0.0512838
8070.6 0.05187489
8089.21 0.05046022
8107.86 0.05010957
8126.55 0.0509212
8145.280000000001 0.05091728
8164.0599999999995 0.04975491
8182.88 0.05150051
8201.74 0.04828521
8220.65 0.04997947
8239.6 0.04568451
8258.59 0.05172905
8277.630000000001 0.05172513
8296.72 0.04782802
8315.84 0.04815509
8335.01 0.04837578
8354.23 0.04904553
8373.48 0.04837186
8392.779999999999 0.0474853
8412.13 0.04915208
8431.52 0.04869897
8450.96 0.04780439
8470.44 0.04847032
8489.97 0.04780047
8509.539999999999 0.04191753
8529.16 0.04746555
8548.82 0.03813833
8568.53 0.04757195
8588.28 0.04789901
8608.08 0.04511317
8627.92 0.04712669
8647.81 0.0474498
8667.74 0.04151561
8687.73 0.04479005
8707.75 0.04530623
8727.82 0.04646479
8747.95 0.04571995
8768.11 0.04592889
8788.32 0.04645689
8808.59 0.04699266
8828.890000000001 0.04645293
8849.24 0.04539295
8869.64 0.04177963
8890.09 0.04384436
8910.58 0.0448649
8931.12 0.04475859
8951.710000000001 0.04414387
8972.35 0.0419609
8993.029999999999 0.04454574
9013.76 0.04166542
9034.539999999999 0.040436
9055.37 0.04663407
9076.24 0.04567663
9097.17 0.04033349
9118.14 0.04301684
9139.15 0.04174417
9160.23 0.0427174
9181.34 0.04116891
9202.5 0.04310753
9223.72 0.04097577
9244.98 0.04125559
9266.29 0.04201999
9287.66 0.04153529
9309.07 0.03902998
9330.52 0.04348982
9352.03 0.04328488
9373.59 0.04278835
9395.2 0.04307999
9416.86 0.04229188
9438.57 0.04307596
9460.33 0.04257943
9482.13 0.04287115
9503.99 0.04208698
9525.9 0.04170086
9547.86 0.0399119
9569.87 0.04150384
9591.93 0.04217365
9614.04 0.0418821
9636.2 0.04187819
9658.42 0.04149199
9680.68 0.04129895
9703.0 0.04110581
9725.369999999999 0.0408182
9747.789999999999 0.04053443
9770.26 0.0406251
9792.78 0.04016016
9815.359999999999 0.04062112
9837.98 0.04033743
9860.66 0.04033746
9883.39 0.03987253
9906.18 0.03968727
9929.01 0.03977397
9951.9 0.03967942
9974.84 0.03958881
9997.84 0.03940276
10020.880000000001 0.03876996
10067.140000000001 0.0379697
10113.609999999999 0.03867031
10183.71 0.03821987
10230.72 0.0381269
10277.94 0.03794643
10301.63 0.03768244
10493.15 0.03621588
10688.24 0.03448802
10912.04 0.03263365
11089.35 0.03159854
11295.51 0.03052597
11505.51 0.02989985
11692.460000000001 0.02888481
11909.85 0.02777595
12103.37 0.02695676
12300.029999999999 0.02628258
12499.89 0.02544879
12702.99 0.02469818
12909.4 0.02397
13088.99 0.02342425
13301.670000000002 0.02262906
13486.71 0.0221141
13705.849999999999 0.02156087
13896.52 0.02082914
14089.84 0.02002925
14285.85 0.01961865
14484.59 0.01952842
14686.09 0.018909
14890.380000000001 0.01890901
15097.529999999999 0.01877897
15307.56 0.01886566
15484.82 0.01864932
15700.23 0.01822495
15882.039999999999 0.01756571
16102.98 0.01756572
16289.43 0.01740456
16516.04 0.01700857
16707.29 0.0167753
16900.76 0.01635563
17096.46 0.01598328
17294.42 0.01529922
17494.68 0.01488234
17697.27 0.01431098
17902.19 0.01379323
18109.48 0.01314227
18319.18 0.01281365
18488.690000000002 0.01240701
18702.77 0.01184866
18919.34 0.01155234
19094.41 0.01128912
19315.51 0.01090613
19494.22 0.0104392
19719.96 0.0101547
19902.44 0.009832768
20086.58 0.009631026
20319.18 0.00930397
20507.2 0.00915503
20696.93 0.008905608
20888.45 0.008682975
21081.71 0.008504872
21276.79 0.008292091
21523.170000000002 0.008084827
21722.3 0.007792457
21923.309999999998 0.007667542
22075.260000000002 0.007441765
22279.53 0.007238834
22485.69 0.007057578
22693.73 0.00686529
22903.730000000003 0.006204093
23115.640000000003 0.006146955
23275.88 0.005428237
23491.260000000002 0.005136649
23708.61 0.005183935
23872.96 0.004782808
24093.84 0.004631102
24316.79 0.004577906
24485.329999999998 0.004282381
24711.9 0.004213818
24883.18 0.003653147
25113.44 0.003603023
25287.5 0.003603025
25521.49 0.003553574
25698.39 0.003586474
25876.53 0.003504831
26115.98 0.003480715
26296.99 0.003385832
26479.26 0.003354821
26724.28 0.003278457
26909.54 0.003233459
27096.06 0.003181759
27283.86 0.003116508
27473.0 0.00305961
27727.19 0.002996879
27919.399999999998 0.002955741
28112.92 0.002895139
28307.8 0.0028423
28504.010000000002 0.002783982
28701.61 0.00272062
28900.54 0.002683306
29100.890000000003 0.002634326
29302.59 0.002580265
29505.73 0.002527345
29710.230000000003 0.002486957
29916.19 0.002430335
30123.55 0.002391482
30332.340000000004 0.002337027
30472.37 0.002310311
30683.579999999998 0.00227335
30896.28 0.002237022
31110.43 0.002201242
31326.100000000002 0.002166054
31470.68 0.002131419
31688.809999999998 0.002097335
31908.49 0.002073338
32129.65 0.002044888
32277.98 0.002030781
32501.699999999997 0.002044889
32726.98 0.002131419
32878.06 0.002413628
33105.94 0.00238049
33335.439999999995 0.002021484
33489.3 0.001873562
33721.420000000006 0.001793376
33877.100000000006 0.001740456
34111.91 0.001693054
34269.35 0.0016583
34506.909999999996 0.001624295
34666.18 0.001590999
34906.49 0.001558373
35067.6 0.001529923
35310.66 0.00149509
35473.68 0.001467783
35719.55 0.001441029
35884.450000000004 0.001411476
36133.17 0.001388898
36299.94 0.001360409
36467.520000000004 0.001332512
36720.29 0.001308198
36889.77 0.00127841
37060.07 0.001255083
37316.94 0.001234987
37489.17 0.001204095
37662.25 0.001190343
37923.29 0.001168592
38098.32 0.001147275
38274.21 0.001126351
38539.49 0.001108344
38717.41 0.001085608
38896.11 0.001065788
39075.630000000005 0.001046323
39255.979999999996 0.001029616
39528.12 0.001008495
39710.56 0.0009923401
39893.88 0.0009720081
40078.009999999995 0.0009564433
40262.99 0.000941155
40542.100000000006 0.000921847
40729.23 0.0009091983
40917.21 0.0008946975
41106.06 0.000882404
41295.83 0.0008682976
41486.43 0.0008524572
41677.91 0.0008388235
41870.32 0.0008253867
42063.560000000005 0.0008122263
42257.71 0.0008029267
42452.79 0.0007882689
42747.04 0.000777433
42944.34 0.0007493378
43142.59 0.0007238834
43341.719999999994 0.0007222281
43541.759999999995 0.0006961036
43742.770000000004 0.0006818003
43944.66 0.0006709248
44147.49 0.0006496469
44249.25 0.0006421998
44453.53 0.0006319153
44658.7 0.0006146959
44864.82 0.0006132774
45071.950000000004 0.0006020868
45279.97 0.0005883745
45488.96 0.0005856948
45698.91 0.0005789962
45909.880000000005 0.0005631956
46121.78 0.0005631955
46334.65 0.0005542116
46548.56 0.0005466065
46655.86 0.0005428237
46871.19 0.0005366373
47087.53 0.0005280473
47304.909999999996 0.0005268259
47523.24 0.0005183938
47742.59 0.0005124829
47852.69 0.0005077545
48073.55 0.0004984947
48295.43 0.0004984947
48518.340000000004 0.0004916779
48742.32 0.0004849006
48854.68 0.0004793841
49080.17 0.0004738675
49306.69 0.0004695331
49534.32 0.0004641741
49648.5 0.0004609825
49877.649999999994 0.0004557419
50107.91 0.0004548751
50339.18 0.0004540082
50455.22 0.0004493978
50688.09 0.000449595
50804.93 0.0004491221
50922.1 0.0004486885
51039.47 0.0004472309
51157.130000000005 0.0004467971
51275.04 0.0004453
51393.240000000005 0.0004448664
51511.7 0.0004444332
51630.5 0.0004449847
51749.51 0.0004455756
51868.8 0.0004440783
51988.36 0.0004436449
52108.189999999995 0.0004431722
52228.310000000005 0.0004426993
52348.7 0.0004412413
52469.42 0.000441793
52590.37 0.0004423446
52711.59 0.0004439208
52833.090000000004 0.0004424235
52954.88 0.0004409655
53076.939999999995 0.0004404927
53199.35 0.0004400198
53321.98 0.0004405715
53444.89 0.0004410837
53568.08 0.0004416354
53691.560000000005 0.0004411625
53815.32 0.0004416749
53939.37 0.0004422265
54063.76 0.0004427387
54188.39 0.0004422658
54313.3 0.0004417929
54438.490000000005 0.0004433298
54563.98 0.0004448665
54689.75 0.0004443543
54815.810000000005 0.000444906
54942.229999999996 0.0004464425
55068.869999999995 0.000446955
55195.81 0.0004475066
55323.04 0.0004511318
55450.56 0.000451644
55578.380000000005 0.0004511317
55706.55 0.0004537324
55834.96 0.000456333
55963.67 0.0004568451
56092.67 0.0004594851
56221.97 0.0004610614
56351.560000000005 0.0004626769
56481.46 0.0004663807
56611.71000000001 0.0004690602
56742.2 0.0004728431
56872.99999999999 0.0004744585
57004.1 0.0004782806
57135.490000000005 0.0004832457
57267.19 0.0004882499
57399.259999999995 0.0004921902
57531.57 0.0004972733
57664.19 0.0005024351
57797.11 0.0005088185
57930.33 0.0005152807
58063.87 0.0005217821
58197.71 0.0005296235
58331.920000000006 0.0005375832
58466.38 0.0005468824
58601.15 0.0005576396
58736.23 0.0005673328
58871.62 0.0005811634
59095.909999999996 0.0003312265
59404.99 0.0006658812
59714.06 0.0007393295
60023.13 0.0007255383
60332.21 0.0005951124
60641.28 0.0007403934
60950.35 0.00107891
61259.439999999995 0.001294959
61568.509999999995 0.001488234
61877.57000000001 0.002274809
62186.649999999994 0.002493341
62495.729999999996 0.002136462
62804.799999999996 0.001860913
63113.869999999995 0.001559476
63422.95 0.001277779
63732.03 0.001075403
64041.1 0.001095183
64350.170000000006 0.001014327
64659.25000000001 0.0008863836
64968.32000000001 0.0008286575
65277.39000000001 0.0008126596
65586.47 0.0007606469
65895.54 0.000807143
66204.61 0.001070123
66513.7 0.0007149781
66822.76 0.0008804732
67131.83 0.0005442818
67440.91 0.0007779846
67749.99 0.0007129684
68059.07 0.0006858981
68368.14 0.0006880653
68677.21 0.0007930758
68986.29 0.0005004256
69295.34999999999 0.000787796
69604.43 0.00110468
69913.51 0.0009530939
70222.58 0.0006555575
70531.66 0.0007729802
70840.73 0.000564023
71149.8 0.0009058098
71458.88 0.0009024209
71767.95 0.0009366627
72077.03 0.001011136
72386.1 0.0007480376
72695.17 0.001067916
73004.26 0.001023154
73313.31999999999 0.00101547
73622.39 0.00146672
73931.47 0.001259378
74240.55 0.001797946
74549.62 0.001877857
74858.69 0.002011553
75147.54 0.002023611
75167.77 0.001846137
75476.85 0.001564638
75766.91 0.002086381
75785.91 0.00257932
76386.29 0.002242655
77005.67 0.002098714
77625.05 0.001938026
78244.43 0.001919624
78863.82 0.001556442
79483.19 0.001387755
80102.56999999999 0.001145068
80721.96 0.001029103
81341.33 0.0009046276
81960.70999999999 0.0007892142
82580.09 0.0008080493
83199.47000000002 0.0008000504
83818.86 0.0007504019
84438.23 0.0008892603
85057.62000000001 0.0008692825
85676.98999999999 0.001013736
86296.38 0.001064567
86915.75 0.0008929641
87535.13 0.0007682911
88154.52 0.0005411688
88773.89000000001 0.0005233978
89393.27 0.0004689814
90012.65 0.0002984348
90632.03 0.0003324126
91251.42 0.0003741252
91870.79000000001 0.000286736
92490.18 0.0003465782
93109.56 0.0002374696
93728.94 0.0003402342
94348.31000000001 0.0003888385
94967.69 0.0003801698
95587.07999999999 0.0003293037
96206.45 0.0002699816
96825.82999999999 0.0002504728
97445.22 0.0001764296
98064.59999999999 0.0002113293
98683.98 0.0002880127
99303.36 0.0002267991
99922.7 0.0002335411
100542.13 0.0002276306
101161.46 0.0002339706
101780.91 0.0002565686
102400.24999999999 0.0002352551
103019.68000000001 0.0002205655
103639.03 0.000216172
104258.37 0.0002529552
104877.8 0.00028726
105497.13 0.0003762649
106116.58 0.0003710281
106735.91 0.0002981158
107355.25000000001 0.0003117572
107974.69 0.0002793438
108594.03 0.0002962992
109213.45999999999 0.0002688506
109832.8 0.0003953756
110452.23999999999 0.000471188
111071.58 0.0005228462
111690.92 0.0008679428
112310.35 0.001159569
112929.68999999999 0.001098099
113549.13 0.0008265689
114168.47 0.000659616
114787.9 0.0005157142
115407.24 0.0004056993
116026.58 0.0003811509
116646.02 0.0003056615
117265.36 0.0003562635
117884.79000000001 0.0003801697
118504.12000000001 0.0003508299
119123.57 0.0003248037
119742.90999999999 0.0003414794
120362.24 0.0003439263
120981.69 0.000270742
121601.03 0.0003088256
122220.46 0.0003142988
122839.79000000001 0.0003280546
123459.14 0.0003571502
124078.56999999999 0.0003531664
124697.91 0.0002984743
125317.34999999999 0.0003256115
125936.69 0.000369247
126556.12 0.0004177569
127175.47 0.0004586183
127794.79999999999 0.0005642594
128414.24 0.0005961368
129033.58 0.0003701218
129653.01999999999 0.0002487115
130272.34999999999 0.0001972346
130891.69 0.0002250733
131511.12 0.0002254437
132130.47 0.0001988857
132749.91 0.0001875532
133369.23 0.0002207941
133988.66999999998 0.0002240252
134608.02 0.000219281
135227.36000000002 0.0002057852
135846.80000000002 0.0002006234
136466.12 0.0001988345
137085.56 0.0001589226
137704.91 0.0001887117
138324.34 0.0001669294
138943.69 0.0001388346
139563.02000000002 0.0001335861
140182.45 0.0001521491
140801.80000000002 0.0001342244
141421.23 0.0001789198
142040.56 0.0001714805
142660.02 0.0001561446
143279.34 0.0001489771
143898.69 0.0001424085
144518.13 0.0001305086
145051.09 0.0001259023
145965.67 0.000109278
146880.36000000002 0.0001227185
147794.95 0.0001358518
148709.55000000002 0.0001503996
149624.16 0.0001306032
150538.84 0.000124338
151453.44 6.144989e-05
152368.02000000002 0.0001089903
153282.72 0.0001165952
154197.31 0.0001386967
155111.91 0.0002748361
156026.5 0.0003013547
156941.19 0.0001582409
157855.8 0.0001198184
158770.38 0.00012751
159685.06 0.0001407654
160599.67 0.0001324867
161514.25 0.0001321754
162428.95 0.000121363
163343.55 0.0001705702
164258.12 0.0002014036
165172.72999999998 0.0001820249
166087.44 0.0001775998
167002.02000000002 0.0001737343
167916.61000000002 0.0001935031
168831.2 0.0001942636
169745.91 0.0001998156
170660.5 0.0002351252
171575.09 0.0002053124
172489.8 0.0001800153
173404.37999999998 0.0001778126
174318.98 0.0001941887
175233.67 0.0001683282
176148.25 0.0001694512
177062.84 0.0001386849
177977.44 0.0001853348
178892.12 0.0001447648
179806.72999999998 0.0001476571
180721.31 0.0001495642
181636.02000000002 0.0001538592
182550.61000000002 0.0001359818
183465.19 0.0001430429
184379.88 0.0001670594
185294.47999999998 0.0001927072
186209.08 0.0002112505
187123.67 0.0003074977
188038.36000000002 0.0002194622
188952.95 0.0001414234
189867.55 0.000157303
190782.25 0.0001473221
191696.84 0.0001219462
192611.41999999998 0.0001537449
193526.02000000002 0.0001488746
194440.72999999998 0.0001542296
195355.31 0.0001269662
196269.91 0.0001613065
197184.61000000002 0.0001621576
198099.19 0.00011139
199013.8 0.0001415613
199928.39 0.0001502774
200843.08 0.0001622758
201757.67 0.0001808585
202672.27 0.000117868
203586.95 0.0001291059
205035.31 0.0001663738
206785.88 0.000144753
208537.45 0.0001510773
210290.05000000002 0.0001732142
212043.52 0.0001687813
213797.91 0.0001773792
215553.27 0.0001716538
217309.55000000002 0.000181686
219066.81 0.0001909734
220825.08000000002 0.0001834631
222584.23 0.0001662043
224344.41 0.0001893382
226105.47 0.0001887038
227867.52 0.0002019906
229630.56000000003 0.0002149308
231394.52 0.0002104388
233159.47 0.0002188081
234925.42 0.000206262
236692.27 0.000212476
238460.19999999998 0.0002142688
240228.94999999998 0.0002050996
241998.77000000002 0.0001958595
243769.63 0.0002046819
245541.34000000003 0.0002177876
247314.06 0.0002324103
249087.8 0.0002297662
250862.41999999998 0.0002171295
252638.14 0.0002156046
254414.77 0.0002094616
256192.47999999998 0.0002194268
257971.08000000002 0.0002446293
259750.72 0.00024128
261531.31 0.000228726
263312.91 0.0002216097
265095.53 0.0002279143
266879.16000000003 0.0002270277
268663.75 0.0002266967
270449.34 0.0002184377
272235.91 0.0002349124
274023.5 0.0002436639
275812.22000000003 0.0002402161
277601.77999999997 0.0002286433
279392.38 0.0002298726
281184.03 0.0002418395
282976.75 0.0002473796
284770.31 0.0002519111
286564.97000000003 0.0002406377
288360.66 0.0002367959
290157.44 0.0002573567
291955.19 0.0002550752
293753.88 0.0002457129
295553.72 0.0002374578
297354.47000000003 0.0002436206
299156.31 0.0002539837
300959.16 0.0002406495
302763.02999999997 0.0002481874
304567.97000000003 0.000250792
306373.91000000003 0.0002414652
308180.88 0.0002427142
309988.91000000003 0.0002512373
311798.06 0.0002664864
313608.16 0.000259717
315419.31 0.0002578059
317231.44 0.0002613601
319044.78 0.0002680823
320859.0 0.0002732127
322674.41 0.0002689768
324490.72000000003 0.0002631135
326308.25 0.0002650285
328126.77999999997 0.000284415
329946.25 0.0002602449
331766.87 0.0002580028
333588.59 0.0003879362
335411.37999999995 0.0003748266
337235.22000000003 0.0002910191
339060.08999999997 0.0002816213
340885.97 0.0002720108
342712.99999999994 0.0003115917
344541.19 0.0002917993
346370.28 0.0004111764
348200.56 0.0005109857
