101.98 2.761945e-05
104.11 3.275497e-05
106.05 3.974216e-05
108.02000000000001 4.922971e-05
110.03 6.905916e-05
113.9 9.422979e-05
117.9 0.000121125
120.92 0.0004531919
124.88000000000001 0.0005436544
126.91 0.0005771607
128.09 0.0006056387
131.07 0.0006520223
131.98 0.0007660403
134.12 0.0008003895
136.93 0.0009937795
140.12 0.001059889
143.06 0.002919011
147.06 0.006938747
150.84 0.007265219
155.06 0.007696251
159.04000000000002 0.008170664
162.0 0.008496428
166.15 0.009083852
170.02 0.009512466
173.18 0.009891659
176.80999999999997 0.01030979
180.10000000000002 0.0106228
182.18 0.01087102
185.99999999999997 0.01130457
191.20999999999998 0.0118377
193.87 0.01228179
197.93 0.01265419
202.07 0.01316014
204.88 0.01349856
210.14000000000001 0.01340478
216.03 0.01462981
220.04 0.01514468
223.1 0.0152857
227.25 0.01585849
229.88000000000002 0.0237277
234.16 0.03901581
240.16 0.04844954
245.76000000000002 0.04490195
252.06 0.04734575
256.75 0.03892608
259.71999999999997 0.04521505
263.94 0.04734443
268.84999999999997 0.04669127
273.85 0.0459478
278.94 0.04521109
284.12 0.04480004
290.07 0.04219552
296.15 0.04199845
300.96000000000004 0.0406669
307.97 0.04048247
318.06 0.04038835
327.72 0.03929079
337.68 0.0377779
347.94 0.03633027
356.87000000000006 0.03550214
366.02000000000004 0.03517715
375.40999999999997 0.03398348
385.03999999999996 0.03156841
394.92 0.03193563
405.05 0.03142353
413.53000000000003 0.03035679
422.19 0.02912531
430.04 0.02820056
441.07 0.02755914
451.34000000000003 0.02650093
459.74 0.02536716
470.44 0.02450568
480.29 0.02400305
490.35 0.02271235
499.46999999999997 0.02255506
506.42 0.0216395
512.28 0.0226075
519.41 0.02194099
530.28 0.02090517
540.14 0.01946481
550.18 0.01863224
560.41 0.01889135
569.52 0.01884733
580.11 0.01808198
589.53 0.01767079
600.49 0.01645335
610.25 0.01413373
620.1700000000001 0.01615296
630.24 0.01539092
640.4799999999999 0.01535536
649.39 0.014732
658.43 0.01406842
664.52 0.01426443
675.3199999999999 0.01403628
684.71 0.0130094
694.24 0.01322057
705.52 0.01211326
715.33 0.01259669
725.28 0.01228202
735.37 0.01202984
745.6 0.0115681
754.24 0.01125258
764.73 0.009959988
775.37 0.01069681
784.35 0.01005217
795.26 0.01009848
804.47 0.00995986
815.66 0.009755562
825.1 0.009577644
834.66 0.008516196
844.3199999999999 0.009062702
854.1 0.008795346
865.9799999999999 0.008694678
876.01 0.008555538
884.11 0.008361138
894.35 0.008208378
904.7099999999999 0.007966104
915.1800000000001 0.008634958
925.78 0.01567675
934.35 0.02372787
945.1700000000001 0.03305516
953.9100000000001 0.04020339
964.96 0.042879
973.89 0.01672058
985.1600000000001 0.03541966
994.28 0.03583013
1005.79 0.04680187
1015.1 0.0461582
1024.49 0.02577771
1033.97 0.03607811
1045.94 0.05639839
1055.6200000000001 0.0546093
1065.3899999999999 0.04459248
1075.25 0.05061304
1085.2 0.04057599
1095.24 0.05191016
1105.37 0.04945972
1115.6000000000001 0.04734376
1125.92 0.04229174
1133.73 0.05155255
1144.22 0.04756148
1154.8 0.04912052
1165.49 0.0494599
1176.27 0.03477366
1184.43 0.04723497
1195.39 0.03550274
1203.67 0.02768609
1214.81 0.02038261
1226.05 0.03493545
1234.55 0.04701731
1245.97 0.05014903
1254.61 0.04789132
1266.22 0.04268387
1274.99 0.05179159
1283.83 0.05336519
1295.7099999999998 0.04297825
1304.69 0.04258548
1313.7299999999998 0.05131743
1325.89 0.0488947
1335.08 0.04357661
1344.34 0.05049608
1353.65 0.04878128
1366.1799999999998 0.04377897
1375.6499999999999 0.04510925
1385.18 0.04510985
1394.79 0.03786715
1404.4499999999998 0.03839471
1414.1899999999998 0.0413284
1423.99 0.04171153
1433.8600000000001 0.04171146
1440.48 0.04337643
1447.13 0.04377887
1453.8100000000002 0.04229158
1463.8899999999999 0.03910634
1474.03 0.03901809
1484.25 0.03946906
1494.54 0.03965141
1504.9 0.03743411
1511.8500000000001 0.03351627
1515.33 0.03550316
1525.84 0.03453509
1536.41 0.02994098
1543.4999999999998 0.03113454
1554.2 0.02980199
1564.98 0.03085057
1575.82 0.03267785
1586.75 0.03390418
1594.07 0.03429702
1605.12 0.03344043
1616.25 0.03328576
1623.7099999999998 0.0316413
1634.96 0.03344069
1646.3 0.03367075
1653.89 0.03149708
1665.36 0.03374964
1673.0500000000002 0.030217
1676.9 0.03398264
1684.64 0.03493546
1696.3200000000002 0.03282963
1704.15 0.03156776
1715.96 0.02980185
1723.88 0.02946233
1735.83 0.0312081
1743.8400000000001 0.03042767
1755.93 0.03200872
1764.04 0.02959644
1776.27 0.02987251
1784.46 0.03035686
1796.8300000000002 0.03200885
1805.13 0.03171458
1813.46 0.02912525
1826.03 0.02966484
1834.46 0.02852712
1842.93 0.02619844
1855.7 0.02619832
1864.27 0.02686981
1872.8700000000001 0.02872466
1885.8500000000001 0.0264392
1894.5600000000002 0.02536734
1903.3 0.02680663
1916.4999999999998 0.02566115
1925.3400000000001 0.02496078
1934.23 0.02560034
1943.1599999999999 0.02674567
1956.63 0.02490311
1965.6599999999999 0.02711828
1974.73 0.02768588
1983.8500000000001 0.02631754
1993.0 0.02560042
2006.82 0.02625657
2016.0800000000002 0.02542568
2025.3899999999999 0.02619826
2034.7299999999998 0.02501819
2044.13 0.02589694
2053.56 0.02422452
2063.04 0.02444876
2072.56 0.02637834
2077.34 0.02711837
2086.93 0.02919112
2096.56 0.02743253
2106.2400000000002 0.02749585
2115.96 0.02839538
2125.73 0.02794177
2135.54 0.0263783
2145.4 0.02807095
2155.3 0.0285929
2165.25 0.02711812
2175.24 0.02687001
2185.28 0.02826618
2195.37 0.02879067
2205.5 0.02820048
2215.68 0.02548403
2225.9100000000003 0.02613776
2236.1800000000003 0.0297334
2246.5099999999998 0.02852694
2256.88 0.02554216
2267.29 0.02513365
2272.52 0.02613769
2283.01 0.02959648
2293.55 0.02643914
2304.13 0.02852224
2314.77 0.02600574
2325.45 0.02128087
2336.19 0.02290255
2346.97 0.02050135
2352.38 0.0251611
2363.2400000000002 0.02087513
2374.15 0.0224659
2385.11 0.01924927
2396.12 0.02095609
2407.18 0.02052139
2412.72 0.0213379
2423.86 0.0263657
2435.05 0.02605904
2446.29 0.02909463
2457.58 0.02990314
2463.25 0.02701936
2474.62 0.02515103
2486.04 0.02067521
2497.51 0.02120037
2503.2700000000004 0.02730833
2514.83 0.01946141
2520.62 0.01879833
2526.4300000000003 0.01870944
2532.26 0.02259463
2543.94 0.02279798
2555.69 0.03394475
2567.4799999999996 0.02764803
2573.4 0.03315923
2585.2799999999997 0.03058465
2597.2099999999996 0.0286666
2603.2 0.02626174
2615.22 0.02478591
2627.29 0.02965475
2633.35 0.04518759
2645.5 0.05674258
2657.7099999999996 0.07976323
2663.84 0.05078525
2676.13 0.05657557
2682.3 0.06584949
2694.68 0.04835539
2707.12 0.05947417
2713.36 0.04438717
2725.8900000000003 0.03468458
2732.17 0.04335836
2744.78 0.02903639
2757.4500000000003 0.03621013
2763.81 0.04526621
2776.56 0.04749627
2782.96 0.03225466
2795.8100000000004 0.01969988
2802.2599999999998 0.02220254
2815.19 0.0425879
2828.1800000000003 0.05782976
2834.7 0.05334477
2847.79 0.03792807
2854.35 0.02552193
2867.5299999999997 0.05137816
2874.14 0.07357053
2887.4100000000003 0.06769915
2894.06 0.08639974
2907.42 0.1189562
2927.5699999999997 0.1026095
2947.8700000000003 0.09289416
2968.2999999999997 0.09611523
2988.8799999999997 0.09740735
3009.5899999999997 0.09536538
3030.46 0.1047578
3051.4599999999996 0.1086402
3072.61 0.1232489
3086.79 0.118754
3108.19 0.1443567
3129.74 0.1306856
3151.4300000000003 0.1330503
3173.28 0.1481842
3187.92 0.1255041
3210.02 0.1384977
3232.27 0.1154062
3247.1899999999996 0.1694648
3269.7 0.2008457
3292.3599999999997 0.1975343
3307.56 0.1809209
3322.83 0.1719257
3330.49 0.1858944
3338.16 0.1589243
3345.86 0.1879812
3353.57 0.1729981
3361.2999999999997 0.1629181
3369.05 0.1674505
3376.8199999999997 0.1454838
3384.6 0.1551433
3392.3999999999996 0.1882165
3400.23 0.2053906
3408.06 0.1838685
3415.92 0.1739523
3423.8 0.2134767
3431.69 0.2043015
3439.6 0.195073
3447.5299999999997 0.1361817
3455.48 0.182405
3463.44 0.1465432
3471.42 0.1922582
3479.43 0.1411908
3487.4500000000003 0.1689375
3495.49 0.1561868
3503.55 0.2101699
3511.62 0.202064
3519.7200000000003 0.1969734
3527.83 0.1384622
3535.96 0.1933095
3544.1099999999997 0.2133885
3552.29 0.2193244
3560.47 0.2004529
3568.6800000000003 0.1513324
3576.91 0.1658992
3585.1499999999996 0.1166174
3593.42 0.1712713
3601.7 0.2325964
3610.01 0.1743907
3618.3300000000004 0.2140139
3626.67 0.222001
3630.14 0.2325911
3632.89 0.2178913
3635.64 0.1949005
3638.38 0.2084198
3641.13 0.2027865
3643.88 0.2152405
3646.62 0.2135055
3649.37 0.191285
3652.12 0.2052973
3654.87 0.2350479
3657.61 0.2624408
3660.3599999999997 0.2680404
3663.11 0.2730064
3665.85 0.2782274
3668.6000000000004 0.2802033
3671.35 0.2452041
3674.0899999999997 0.2721967
3676.84 0.2371999
3679.5899999999997 0.2477508
3682.33 0.2342813
3685.08 0.2130338
3687.8300000000004 0.2332441
3690.57 0.2381102
3693.3199999999997 0.2569927
3696.07 0.2576511
3698.8199999999997 0.2653538
3701.56 0.2631503
3704.31 0.2403672
3707.06 0.2306998
3709.7999999999997 0.2320893
3712.55 0.2406561
3715.3 0.2304719
3718.0400000000004 0.2458538
3720.79 0.2256274
3723.54 0.2224545
3726.28 0.2261169
3729.0299999999997 0.2179344
3731.78 0.2033411
3734.5299999999997 0.1883602
3737.27 0.1867112
3740.02 0.182948
3742.7700000000004 0.2015544
3745.51 0.1791095
3748.2599999999998 0.1790686
3751.01 0.2041847
3753.75 0.1993963
3756.5 0.2190214
3759.25 0.2193022
3761.9900000000002 0.2205346
3764.74 0.225298
3767.49 0.2261389
3770.23 0.2380493
3772.98 0.2388218
3775.73 0.2598556
3778.48 0.2691041
3781.2200000000003 0.2653801
3783.97 0.2677616
3786.7200000000003 0.27141
3789.46 0.2449617
3792.2099999999996 0.2292432
3794.96 0.2200599
3797.7 0.2158518
3800.4500000000003 0.2224752
3803.2 0.2267065
3805.94 0.2260003
3808.69 0.2370454
3811.44 0.2234707
3814.18 0.2211935
3816.93 0.2195486
3819.68 0.1985013
3822.43 0.1829933
3825.17 0.1796872
3827.92 0.1668119
3830.67 0.1534958
3833.41 0.1474149
3836.1600000000003 0.1495457
3838.91 0.1597978
3841.6499999999996 0.173023
3844.4 0.1919133
3847.1499999999996 0.1993754
3849.8900000000003 0.1970956
3852.64 0.1928028
3855.3900000000003 0.1915406
3858.13 0.1896585
3860.8799999999997 0.1854823
3863.63 0.1970013
3866.3799999999997 0.2128076
3869.12 0.2027334
3871.87 0.2034654
3874.62 0.2010122
3877.36 0.2048316
3880.11 0.2024113
3882.86 0.2091766
3885.6000000000004 0.212545
3888.35 0.2165838
3891.1 0.2362924
3893.84 0.2571958
3896.5899999999997 0.261123
3899.34 0.2748312
3902.0899999999997 0.2803801
3904.8300000000004 0.2751104
3907.58 0.2812168
3910.3300000000004 0.292543
3913.07 0.3025532
3915.8199999999997 0.2973581
3918.57 0.2745522
3921.31 0.2620101
3924.06 0.2364979
3926.81 0.2126507
3929.55 0.182315
3932.3 0.1517072
3935.0499999999997 0.14372
3937.79 0.1631255
3940.54 0.1853276
3943.29 0.2070128
3946.04 0.2254494
3948.78 0.2628715
3951.5299999999997 0.2803553
3954.28 0.2866137
3957.02 0.289174
3959.7700000000004 0.2606413
3962.52 0.227426
3965.2599999999998 0.1967129
3968.01 0.1771834
3970.7599999999998 0.1788302
3973.5 0.2040284
3976.25 0.2431167
3978.9999999999995 0.2886664
3981.74 0.3241428
3984.49 0.3423613
3987.2400000000002 0.3567535
3989.99 0.3702842
3992.73 0.3808014
3995.48 0.385818
3998.23 0.3910626
4000.97 0.3957264
4003.7200000000003 0.4007684
4006.47 0.4107261
4009.2100000000005 0.4015293
4011.96 0.4050002
4014.71 0.415414
4017.4500000000003 0.427097
4020.2 0.4371814
4022.9500000000003 0.4318848
4025.69 0.4275532
4028.4399999999996 0.4174675
4031.19 0.3971446
4033.9399999999996 0.3935205
4036.6800000000003 0.4093337
4039.43 0.4136661
4042.1800000000003 0.4175677
4044.92 0.3930152
4047.67 0.4155159
4050.42 0.4088511
4053.1600000000003 0.3953211
4055.91 0.4103469
4058.66 0.400844
4061.4 0.3869339
4064.15 0.3936736
4066.9 0.3967898
4069.65 0.3920507
4072.3900000000003 0.3907344
4075.14 0.3946867
4077.8900000000003 0.4024653
4080.63 0.4134133
4083.3799999999997 0.4240552
4086.13 0.4437433
4088.87 0.443314
4091.6200000000003 0.4449857
4094.37 0.4237759
4097.11 0.4207366
4099.860000000001 0.3883522
4102.61 0.3878702
4105.349999999999 0.3915203
4108.1 0.4020356
4110.849999999999 0.4126775
4113.59 0.4160745
4116.34 0.4144267
4119.09 0.4215972
4121.84 0.4077359
4124.58 0.411006
4127.33 0.4031755
4130.08 0.4072799
4132.82 0.3958278
4135.57 0.3862996
4138.32 0.398538
4141.0599999999995 0.3864017
4143.81 0.392888
4146.56 0.3789
4149.3 0.384552
4152.05 0.3826003
4154.8 0.3861726
4157.55 0.3872362
4160.29 0.3903543
4163.04 0.4048225
4165.79 0.4048726
4168.53 0.3900757
4171.28 0.379914
4174.030000000001 0.3819153
4176.77 0.3780902
4179.5199999999995 0.3790019
4182.27 0.3920764
4185.01 0.4063946
4187.76 0.4029225
4190.51 0.3993237
4193.25 0.4004399
4196.0 0.3984374
4198.75 0.3948387
4201.5 0.3871856
4204.24 0.4024412
4206.99 0.4185564
4209.74 0.4258536
4212.4800000000005 0.4203057
4215.23 0.4254743
4217.9800000000005 0.4205072
4220.72 0.4210659
4223.469999999999 0.420888
4226.22 0.3929633
4228.96 0.3920777
4231.71 0.3979812
4234.46 0.418987
4237.2 0.431126
4239.95 0.4450114
4242.7 0.4593021
4245.45 0.4599856
4248.19 0.4500795
4250.9400000000005 0.4333548
4253.69 0.4286917
4256.43 0.4315817
4259.18 0.4308463
4261.93 0.4445796
4264.67 0.4536019
4267.42 0.4411596
4270.17 0.4218503
4272.91 0.4146045
4275.66 0.4071288
4278.41 0.4162757
4281.150000000001 0.4274772
4283.9 0.4271725
4286.650000000001 0.4249419
4289.4 0.4183532
4292.139999999999 0.4034801
4294.89 0.3908605
4297.639999999999 0.370259
4300.38 0.3474548
4303.13 0.3367103
4305.88 0.3318447
4308.62 0.3436286
4311.37 0.3687395
4314.12 0.414958
4316.860000000001 0.4568202
4319.61 0.475444
4322.36 0.4841854
4325.11 0.4784073
4327.849999999999 0.4689065
4330.6 0.4930036
4333.35 0.5095495
4336.09 0.5024562
4338.84 0.4903939
4341.59 0.4851986
4344.33 0.4819313
4347.08 0.4967288
4349.83 0.5080042
4352.57 0.507575
4355.32 0.5041535
4358.07 0.506636
4360.81 0.5146702
4363.56 0.5298985
4366.3099999999995 0.5349149
4369.06 0.5321268
4371.8 0.5098299
4374.55 0.4980209
4377.3 0.4859587
4380.04 0.4754443
4382.79 0.464649
4385.54 0.457604
4388.28 0.4571494
4391.030000000001 0.469261
4393.78 0.4900133
4396.5199999999995 0.5012655
4399.27 0.5042802
4402.0199999999995 0.5062813
4404.76 0.4995173
4407.51 0.4953609
4410.259999999999 0.5108425
4413.01 0.528174
4415.75 0.5365883
4418.5 0.5440374
4421.25 0.5452782
4423.99 0.5511332
4426.74 0.549384
4429.49 0.5540964
4432.23 0.5534141
4434.9800000000005 0.549511
4437.73 0.5503717
4440.47 0.5612187
4443.22 0.5784994
4445.97 0.5828063
4448.71 0.5815665
4451.46 0.5738372
4454.21 0.5561241
4456.96 0.5413505
4459.7 0.527238
4462.45 0.5304301
4465.2 0.5449234
4467.9400000000005 0.5643859
4470.69 0.5779671
4473.4400000000005 0.5966921
4476.18 0.6010775
4478.93 0.6151401
4481.68 0.6216262
4484.42 0.6092117
4487.17 0.6116435
4489.92 0.5996825
4492.67 0.5955513
4495.41 0.5995567
4498.16 0.5996065
4500.91 0.6216763
4503.650000000001 0.6324223
4506.4 0.6485372
4509.150000000001 0.6586467
4511.89 0.6557347
4514.639999999999 0.6424812
4517.39 0.6253002
4520.13 0.6202597
4522.88 0.6182823
4525.63 0.5930941
4528.37 0.5775627
4531.12 0.5565555
4533.87 0.5634471
4536.62 0.5783966
4539.36 0.5937541
4542.11 0.5984411
4544.86 0.6095642
4547.6 0.6061198
4550.35 0.6107561
4553.1 0.6117182
4555.84 0.6288243
4558.59 0.6378949
4561.34 0.6493981
4564.08 0.6519593
4566.83 0.6605485
4569.58 0.6568988
4572.320000000001 0.649679
4575.07 0.6442555
4577.820000000001 0.6415433
4580.57 0.6348275
4583.3099999999995 0.6276329
4586.06 0.628595
4588.8099999999995 0.6322937
4591.55 0.6302178
4594.3 0.6240594
4597.05 0.628341
4599.79 0.6301166
4602.54 0.6384017
4605.29 0.634904
4608.03 0.6554056
4610.78 0.6639187
4613.53 0.6723305
4616.27 0.6798329
4619.0199999999995 0.6765633
4621.77 0.6859125
4624.5199999999995 0.6842392
4627.26 0.6821636
4630.01 0.6692142
4632.76 0.6609273
4635.5 0.6570776
4638.25 0.6414929
4641.0 0.6413148
4643.74 0.6241871
4646.49 0.6208922
4649.24 0.6126053
4651.98 0.6331828
4654.7300000000005 0.6313576
4657.48 0.6426581
4660.2300000000005 0.6417957
4662.97 0.6466373
4665.72 0.6312048
4668.47 0.6098683
4671.21 0.6049542
4673.96 0.6064231
4676.71 0.6209924
4679.45 0.6171426
4682.2 0.6181553
4684.95 0.6215754
4687.69 0.6148369
4690.4400000000005 0.6300905
4693.19 0.6227413
4695.929999999999 0.6219575
4698.68 0.6270246
4701.429999999999 0.6160264
4704.18 0.6174192
4706.92 0.6088563
4709.67 0.6163307
4712.42 0.6192186
4715.16 0.6324222
4717.91 0.6383508
4720.66 0.6436205
4723.4 0.6499827
4726.15 0.6546443
4728.9 0.6506144
4731.639999999999 0.6435212
4734.39 0.6345501
4737.14 0.6487648
4739.88 0.6625007
4742.63 0.6644509
4745.38 0.6769678
4748.13 0.679957
4750.87 0.6770195
4753.62 0.6771452
4756.37 0.6718991
4759.11 0.6593328
4761.86 0.6596614
4764.610000000001 0.6452424
4767.35 0.6327771
4770.099999999999 0.6463076
4772.85 0.6592298
4775.59 0.6627287
4778.34 0.6660219
4781.09 0.6677694
4783.83 0.6573061
4786.58 0.6540618
4789.33 0.6582926
4792.08 0.6700746
4794.820000000001 0.6801363
4797.57 0.7033717
4800.32 0.6994938
4803.06 0.7019284
4805.8099999999995 0.6878387
4808.56 0.6855066
4811.3 0.6906526
4814.05 0.7009902
4816.8 0.6972644
4819.54 0.6990654
4822.29 0.7008636
4825.04 0.6999505
4827.79 0.6871025
4830.53 0.6862177
4833.28 0.6771199
4836.03 0.6829725
4838.77 0.6809218
4841.52 0.6827201
4844.2699999999995 0.672026
4847.01 0.6778814
4849.76 0.6833031
4852.51 0.6758525
4855.25 0.6471701
4858.0 0.633866
4860.75 0.6094633
4863.49 0.6081727
4866.24 0.6101231
4868.990000000001 0.6172933
4871.74 0.6275296
4874.48 0.6377433
4877.2300000000005 0.6516031
4879.98 0.6526159
4882.72 0.6491969
4885.47 0.6482838
4888.219999999999 0.6542377
4890.96 0.6532514
4893.71 0.6696198
4896.46 0.6851774
4899.2 0.7028662
4901.95 0.6990644
4904.7 0.7000771
4907.4400000000005 0.7006873
4910.19 0.6882447
4912.9400000000005 0.6798311
4915.69 0.6625741
4918.429999999999 0.6613343
4921.18 0.6515778
4923.93 0.6667046
4926.67 0.6714956
4929.42 0.687484
4932.17 0.6991392
4934.91 0.6917674
4937.66 0.6777538
4940.41 0.682162
4943.15 0.6876626
4945.9 0.7072745
4948.65 0.7128483
4951.39 0.7176393
4954.14 0.7086683
4956.89 0.6903977
4959.64 0.6751932
4962.38 0.6696204
4965.13 0.6704051
4967.88 0.674864
4970.62 0.6748405
4973.37 0.6717229
4976.12 0.6677184
4978.86 0.6572044
4981.610000000001 0.6386045
4984.36 0.6336372
4987.099999999999 0.6334615
4989.85 0.6407838
4992.599999999999 0.6503866
4995.35 0.6549469
4998.09 0.6473215
5000.84 0.6381226
5003.59 0.6214738
5006.33 0.6234772
5009.08 0.6171163
5011.830000000001 0.6062703
5014.570000000001 0.6160277
5017.32 0.6105282
5020.07 0.6053329
5022.8099999999995 0.6109092
5025.56 0.6183076
5028.31 0.633181
5031.05 0.6423303
5033.8 0.6410626
5036.549999999999 0.6326998
5039.3 0.6245398
5042.04 0.6157487
5044.79 0.6194981
5047.54 0.6287715
5050.280000000001 0.6384783
5053.03 0.6419237
5055.78 0.6563156
5058.5199999999995 0.6643247
5061.2699999999995 0.6601935
5064.02 0.6542126
5066.76 0.6450669
5069.51 0.6412652
5072.259999999999 0.6337639
5074.999999999999 0.6347032
5077.75 0.6112381
5080.5 0.6067523
5083.25 0.6098683
5085.99 0.6142535
5088.740000000001 0.6239072
5091.49 0.6341688
5094.23 0.6367046
5096.98 0.6298875
5099.7300000000005 0.6232224
5102.47 0.618739
5105.22 0.6166604
5107.969999999999 0.6144804
5110.710000000001 0.6240351
5113.46 0.6244398
5116.21 0.6288988
5118.95 0.6312823
5121.7 0.6230969
5124.450000000001 0.6145821
5127.2 0.603356
5129.94 0.6000636
5132.69 0.6030529
5135.44 0.6089816
5138.18 0.6107822
5140.93 0.607006
5143.68 0.6035591
5146.42 0.600216
5149.169999999999 0.5965156
5151.92 0.5964389
5154.66 0.6031808
5157.41 0.6010515
5160.16 0.5984154
5162.910000000001 0.5806265
5165.650000000001 0.5412
5168.4 0.5093983
5171.15 0.488062
5173.89 0.4865935
5176.64 0.4924716
5179.39 0.5037978
5182.13 0.5080816
5184.879999999999 0.5164683
5187.63 0.5368659
5190.37 0.5622574
5193.12 0.589826
5195.87 0.610705
5198.610000000001 0.6166361
5201.360000000001 0.6167874
5204.11 0.6048518
5206.86 0.5945633
5209.599999999999 0.596516
5212.35 0.6143795
5215.1 0.6413399
5217.84 0.6547209
5220.59 0.6580142
5223.339999999999 0.6622198
5226.08 0.6586993
5228.83 0.6590786
5231.58 0.6603702
5234.32 0.6892083
5237.070000000001 0.685077
5239.82 0.6915378
5242.56 0.6966835
5245.3099999999995 0.6954664
5248.06 0.6931089
5250.81 0.6919172
5253.55 0.6851788
5256.3 0.6859128
5259.049999999999 0.6736478
5261.79 0.6561906
5264.54 0.6365517
5267.29 0.6199537
5270.03 0.610301
5272.780000000001 0.6275057
5275.530000000001 0.6596354
5278.27 0.6793258
5281.0199999999995 0.701345
5283.7699999999995 0.7113279
5286.51 0.7251651
5289.26 0.7306123
5292.01 0.7262531
5294.759999999999 0.7328912
5297.500000000001 0.7199698
5300.25 0.7131527
5303.0 0.722426
5305.74 0.7328677
5308.49 0.751618
5311.240000000001 0.7585602
5313.9800000000005 0.7629205
5316.73 0.7606898
5319.48 0.7443957
5322.219999999999 0.7375812
5324.97 0.7094789
5327.72 0.6933369
5330.47 0.6993669
5333.21 0.7021561
5335.96 0.7040557
5338.71 0.7217164
5341.45 0.7210594
5344.2 0.7234151
5346.950000000001 0.7159899
5349.6900000000005 0.7286362
5352.4400000000005 0.7506807
5355.19 0.7514906
5357.929999999999 0.7662401
5360.68 0.7598535
5363.43 0.7496156
5366.17 0.7426493
5368.92 0.7304094
5371.669999999999 0.7213624
5374.42 0.7241742
5377.16 0.7389236
5379.91 0.741558
5382.66 0.7484496
5385.400000000001 0.7449293
5388.150000000001 0.7342351
5390.9 0.7182198
5393.639999999999 0.7021311
5396.389999999999 0.7012434
5399.14 0.6943249
5401.88 0.6851285
5404.63 0.6862933
5407.38 0.6799577
5410.120000000001 0.6852553
5412.87 0.6975695
5415.62 0.7159144
5418.37 0.7299263
5421.11 0.7409762
5423.860000000001 0.7287618
5426.61 0.7272406
5429.349999999999 0.7207808
5432.099999999999 0.7278749
5434.85 0.7151285
5437.59 0.7198434
5440.34 0.7255693
5443.09 0.726126
5445.830000000001 0.7290418
5448.58 0.7248346
5451.33 0.708718
5454.07 0.7082383
5456.82 0.7048928
5459.570000000001 0.703777
5462.320000000001 0.7041816
5465.06 0.7013707
5467.8099999999995 0.719006
5470.5599999999995 0.7096803
5473.3 0.7026124
5476.05 0.6999257
5478.8 0.7001276
5481.54 0.6827464
5484.290000000001 0.7031947
5487.04 0.7201712
5489.78 0.7201477
5492.53 0.7215406
5495.28 0.7248592
5498.030000000001 0.7172059
5500.77 0.7224782
5503.5199999999995 0.7095544
5506.2699999999995 0.712873
5509.009999999999 0.7077563
5511.76 0.7032958
5514.51 0.7023574
5517.25 0.7194379
5520.000000000001 0.7186769
5522.75 0.7258979
5525.49 0.7221493
5528.24 0.7166498
5530.99 0.7268101
5533.7300000000005 0.7248102
5536.4800000000005 0.7211352
5539.2300000000005 0.7311687
5541.98 0.7312947
5544.719999999999 0.7322339
5547.47 0.7375038
5550.22 0.7372241
5552.96 0.7419392
5555.71 0.7407474
5558.459999999999 0.7509076
5561.2 0.7267609
5563.95 0.7256199
5566.7 0.7152806
5569.44 0.7105946
5572.1900000000005 0.7290156
5574.9400000000005 0.7138872
5577.68 0.7251143
5580.429999999999 0.7089722
5583.179999999999 0.7161425
5585.93 0.7012928
5588.67 0.6849
5591.42 0.6865969
5594.170000000001 0.6928803
5596.910000000001 0.6836331
5599.66 0.6956939
5602.41 0.713304
5605.15 0.7199955
5607.900000000001 0.7299277
5610.650000000001 0.7345893
5613.39 0.7286617
5616.139999999999 0.7199694
5618.889999999999 0.7174853
5621.63 0.7189315
5624.38 0.714471
5627.13 0.7176377
5629.88 0.7142414
5632.620000000001 0.7289653
5635.37 0.7270387
5638.12 0.7255681
5640.86 0.7238723
5643.61 0.7232127
5646.360000000001 0.7214888
5649.1 0.7209837
5651.85 0.7367187
5654.599999999999 0.721945
5657.339999999999 0.7316011
5660.09 0.7236438
5662.84 0.7245805
5665.58 0.7159921
5668.33 0.7225289
5671.079999999999 0.7384159
5673.83 0.7323844
5676.57 0.7457654
5679.32 0.7393284
5682.070000000001 0.7303321
5684.81 0.72818
5687.56 0.7266081
5690.3099999999995 0.7315232
5693.049999999999 0.7310182
5695.8 0.7358572
5698.55 0.7394547
5701.29 0.7245567
5704.04 0.7092256
5706.790000000001 0.7101117
5709.54 0.7117073
5712.28 0.7135842
5715.03 0.7314477
5717.78 0.744446
5720.52 0.753646
5723.27 0.76297
5726.02 0.7650217
5728.76 0.7677096
5731.509999999999 0.7671007
5734.26 0.7632229
5737.0 0.767659
5739.75 0.7602084
5742.5 0.7658076
5745.240000000001 0.76026
5747.99 0.7570664
5750.74 0.7618294
5753.49 0.7577996
5756.23 0.7542793
5758.9800000000005 0.7510604
5761.7300000000005 0.7557727
5764.47 0.7618559
5767.219999999999 0.7597013
5769.97 0.761981
5772.71 0.7560788
5775.46 0.7455621
5778.21 0.7377568
5780.95 0.7290923
5783.700000000001 0.7240744
5786.45 0.7182962
5789.19 0.7256971
5791.94 0.7423696
5794.6900000000005 0.7529101
5797.4400000000005 0.7657816
5800.18 0.7578522
5802.929999999999 0.764617
5805.679999999999 0.7687972
5808.42 0.7679123
5811.17 0.7742715
5813.92 0.7730038
5816.66 0.766696
5819.410000000001 0.7723965
5822.16 0.7771342
5824.9 0.7799488
5827.65 0.7808348
5830.4 0.7720413
5833.14 0.7744249
5835.89 0.7706738
5838.64 0.7678096
5841.389999999999 0.77574
5844.129999999999 0.7677854
5846.88 0.7599801
5849.63 0.757572
5852.37 0.7385691
5855.12 0.7226298
5857.87 0.7334236
5860.610000000001 0.7322344
5863.36 0.7324871
5866.11 0.732461
5868.849999999999 0.7337042
5871.6 0.7351985
5874.35 0.7247831
5877.099999999999 0.7178141
5879.839999999999 0.7083135
5882.59 0.6821119
5885.34 0.6331301
5888.08 0.5942355
5890.83 0.550423
5893.580000000001 0.5357256
5896.320000000001 0.5520201
5899.07 0.5906114
5901.82 0.6311539
5904.5599999999995 0.662855
5907.31 0.6869522
5910.06 0.7084645
5912.8 0.7172337
5915.55 0.7155858
5918.299999999999 0.7203743
5921.05 0.7239717
5923.79 0.7300041
5926.54 0.7375039
5929.29 0.7291664
5932.030000000001 0.7225039
5934.78 0.7354769
5937.53 0.7293694
5940.2699999999995 0.7263302
5943.0199999999995 0.7303331
5945.77 0.731954
5948.51 0.7235937
5951.26 0.7221993
5954.009999999999 0.729015
5956.75 0.7239993
5959.5 0.731195
5962.25 0.7378584
5965.0 0.7420894
5967.740000000001 0.7493634
5970.490000000001 0.7514912
5973.24 0.7460931
5975.98 0.734236
5978.73 0.7313972
5981.4800000000005 0.7312951
5984.22 0.732285
5986.97 0.7362879
5989.719999999999 0.7301296
5992.459999999999 0.7435106
5995.21 0.7337794
5997.96 0.7325878
6000.7 0.7374039
6003.45 0.7299026
6006.200000000001 0.7290656
6008.95 0.7310668
6011.69 0.7336784
6014.44 0.7246315
6017.19 0.7250616
6019.93 0.7256966
6022.68 0.7263293
6025.43 0.7313205
6028.17 0.7380625
6030.919999999999 0.7478681
6033.67 0.7572429
6036.41 0.7672536
6039.16 0.7600058
6041.910000000001 0.7625135
6044.66 0.7635771
6047.400000000001 0.7664929
6050.15 0.764845
6052.9 0.7575212
6055.64 0.7556731
6058.39 0.7537972
6061.14 0.7572172
6063.88 0.7491864
6066.629999999999 0.7558499
6069.38 0.7611198
6072.12 0.762363
6074.87 0.7570916
6077.62 0.7617786
6080.360000000001 0.752126
6083.110000000001 0.7484765
6085.86 0.744472
6088.61 0.748703
6091.349999999999 0.7455371
6094.1 0.7459672
6096.85 0.7491592
6099.59 0.7431808
6102.34 0.7375547
6105.089999999999 0.7396317
6107.83 0.7447266
6110.58 0.7394806
6113.33 0.7415577
6116.07 0.7453856
6118.820000000001 0.7416347
6121.57 0.7400629
6124.3099999999995 0.7370745
6127.0599999999995 0.7363135
6129.81 0.7433318
6132.56 0.7388206
6135.3 0.7407228
6138.05 0.7395058
6140.799999999999 0.7322072
6143.54 0.7365926
6146.29 0.7426226
6149.04 0.7473603
6151.78 0.7386453
6154.530000000001 0.7204508
6157.280000000001 0.7084392
6160.02 0.6961004
6162.7699999999995 0.6854319
6165.5199999999995 0.6777533
6168.26 0.6794019
6171.01 0.6878139
6173.76 0.6990639
6176.509999999999 0.7043592
6179.249999999999 0.708491
6182.0 0.7127726
6184.75 0.70778
6187.49 0.7064639
6190.24 0.6982532
6192.990000000001 0.6976191
6195.7300000000005 0.7008642
6198.48 0.7066662
6201.23 0.7070456
6203.969999999999 0.7060082
6206.72 0.7081106
6209.47 0.7098583
6212.22 0.7019263
6214.96 0.6900692
6217.71 0.6790711
6220.46 0.6760551
6223.2 0.6746121
6225.95 0.6758784
6228.700000000001 0.6816805
6231.4400000000005 0.6742829
6234.19 0.677475
6236.94 0.6767141
6239.679999999999 0.6756767
6242.43 0.679629
6245.18 0.6780572
6247.92 0.6782362
6250.67 0.6786409
6253.419999999999 0.6730149
6256.17 0.6691626
6258.91 0.6706338
6261.66 0.6835814
6264.41 0.6842397
6267.150000000001 0.7104929
6269.900000000001 0.7012686
6272.65 0.6997476
6275.389999999999 0.7077563
6278.139999999999 0.7024597
6280.89 0.6938183
6283.63 0.7062615
6286.38 0.7047658
6289.13 0.7166999
6291.870000000001 0.7398364
6294.62 0.7332474
6297.37 0.7157371
6300.12 0.6790957
6302.860000000001 0.7010918
6305.610000000001 0.700103
6308.36 0.7026615
6311.099999999999 0.7160422
6313.849999999999 0.7153828
6316.6 0.7225024
6319.34 0.7075791
6322.09 0.7146987
6324.84 0.7150528
6327.580000000001 0.7162959
6330.33 0.7353251
6333.08 0.7351724
6335.82 0.7359342
6338.57 0.7343118
6341.320000000001 0.7251382
6344.070000000001 0.7168515
6346.81 0.729244
6349.5599999999995 0.7240487
6352.3099999999995 0.7408987
6355.05 0.7303084
6357.8 0.7153828
6360.55 0.7101621
6363.29 0.7150795
6366.039999999999 0.7226554
6368.79 0.7295976
6371.53 0.7424717
6374.28 0.7467026
6377.03 0.7470566
6379.780000000001 0.7440405
6382.52 0.753443
6385.2699999999995 0.7441681
6388.0199999999995 0.7365655
6390.76 0.7335771
6393.51 0.7299022
6396.26 0.7302055
6399.0 0.7271663
6401.750000000001 0.7271403
6404.5 0.735831
6407.24 0.7292189
6409.99 0.7368707
6412.74 0.7316754
6415.4800000000005 0.7313223
6418.2300000000005 0.7393035
6420.98 0.7403417
6423.73 0.7402397
6426.469999999999 0.7333742
6429.22 0.7356287
6431.97 0.7448769
6434.71 0.7469563
6437.46 0.7383149
6440.209999999999 0.7386436
6442.95 0.7418632
6445.7 0.7425214
6448.45 0.7431794
6451.19 0.737277
6453.9400000000005 0.7356545
6456.6900000000005 0.737453
6459.43 0.7346164
6462.179999999999 0.7362375
6464.93 0.7382892
6467.68 0.7408224
6470.42 0.7436367
6473.17 0.7484252
6475.919999999999 0.7493113
6478.660000000001 0.7452332
6481.41 0.7482986
6484.16 0.7398092
6486.9 0.7285601
6489.650000000001 0.717106
6492.400000000001 0.7053985
6495.14 0.7096569
6497.889999999999 0.7055767
6500.639999999999 0.7120374
6503.38 0.7248355
6506.13 0.7312964
6508.88 0.7308649
6511.63 0.7340569
6514.370000000001 0.7349453
6517.12 0.7460433
6519.87 0.7469041
6522.61 0.7481473
6525.36 0.7484254
6528.110000000001 0.7590925
6530.85 0.7540516
6533.6 0.7638066
6536.349999999999 0.7564574
6539.089999999999 0.7590943
6541.84 0.7436872
6544.59 0.7514657
6547.34 0.7343102
6550.08 0.7325379
6552.83 0.7255183
6555.58 0.7159139
6558.32 0.7026629
6561.07 0.6770948
6563.820000000001 0.6841385
6566.56 0.6888784
6569.31 0.7069701
6572.0599999999995 0.7233387
6574.799999999999 0.7239231
6577.55 0.7275459
6580.3 0.7344629
6583.04 0.7455884
6585.79 0.7423695
6588.540000000001 0.7486784
6591.29 0.7408224
6594.03 0.7351734
6596.78 0.7274695
6599.53 0.7242
6602.27 0.7268114
6605.02 0.7352995
6607.7699999999995 0.7326635
6610.51 0.738113
6613.259999999999 0.7399368
6616.01 0.7391759
6618.75 0.741914
6621.5 0.7418627
6624.25 0.7405443
6626.990000000001 0.7394055
6629.74 0.7284075
6632.49 0.7217679
6635.24 0.7193346
6637.98 0.7218701
6640.7300000000005 0.7307889
6643.4800000000005 0.7336009
6646.22 0.7312712
6648.969999999999 0.7330442
6651.72 0.7312445
6654.46 0.7251645
6657.21 0.7269376
6659.96 0.7254927
6662.700000000001 0.7221999
6665.450000000001 0.7214644
6668.2 0.7184991
6670.94 0.7199703
6673.69 0.721566
6676.4400000000005 0.7186259
6679.1900000000005 0.7184226
6681.93 0.7138629
6684.679999999999 0.7233898
6687.429999999999 0.7179412
6690.17 0.7155608
6692.92 0.7132796
6695.67 0.7216916
6698.41 0.7200207
6701.160000000001 0.7162951
6703.91 0.7107958
6706.65 0.7155865
6709.4 0.7193867
6712.15 0.7075018
6714.900000000001 0.7046632
6717.64 0.706565
6720.39 0.70213
6723.139999999999 0.7026868
6725.879999999999 0.7019787
6728.63 0.7010912
6731.38 0.7168517
6734.12 0.7126974
6736.870000000001 0.7056017
6739.62 0.7054237
6742.36 0.6972152
6745.11 0.6959982
6747.86 0.6967072
6750.6 0.7015737
6753.35 0.6925268
6756.1 0.6969353
6758.849999999999 0.7048152
6761.589999999999 0.7027388
6764.34 0.7013953
6767.09 0.7019774
6769.83 0.7005344
6772.58 0.7047654
6775.330000000001 0.7026869
6778.070000000001 0.7069201
6780.82 0.707629
6783.57 0.7000518
6786.3099999999995 0.6943266
6789.06 0.6919946
6791.81 0.6966818
6794.55 0.7002814
6797.299999999999 0.6960238
6800.049999999999 0.6939707
6802.8 0.7019773
6805.54 0.696556
6808.29 0.7028142
6811.040000000001 0.6975683
6813.780000000001 0.6910575
6816.53 0.6990388
6819.28 0.7011414
6822.0199999999995 0.7049183
6831.37 0.723492
6847.12 0.6751682
6862.9 0.6829732
6878.72 0.6829735
6894.58 0.6829486
6910.469999999999 0.6908549
6926.400000000001 0.6924263
6942.37 0.7118094
6958.370000000001 0.7052721
6974.42 0.7367949
6990.490000000001 0.7333996
7006.61 0.7035988
7022.76 0.6797042
7038.950000000001 0.7299778
7055.169999999999 0.7661397
7071.44 0.6875349
7087.74 0.7165994
7104.080000000001 0.6672386
7120.450000000001 0.6687591
7136.87 0.6327756
7153.32 0.6460285
7169.8099999999995 0.6564938
7186.34 0.6415438
7202.91 0.6489684
7219.51 0.6764114
7236.15 0.6842161
7252.84 0.6748135
7269.55 0.667087
7286.31 0.6857604
7303.110000000001 0.7147743
7319.9400000000005 0.7017012
7336.82 0.716371
7353.7300000000005 0.7280019
7370.679999999999 0.7016491
7387.669999999999 0.7483751
7404.7 0.7483499
7421.78 0.7113779
7438.88 0.7346669
7456.03 0.7500229
7473.22 0.7621857
7490.45 0.7431032
7507.71 0.763909
7525.02 0.7763255
7542.370000000001 0.7780971
7559.76 0.7568629
7577.1900000000005 0.7430276
7594.65 0.7311434
7612.16 0.7194366
7629.700000000001 0.7260774
7647.3 0.7227055
7664.919999999999 0.6949588
7682.59 0.693337
7700.3 0.6965317
7718.049999999999 0.6933135
7735.84 0.6822148
7753.679999999999 0.669746
7771.55 0.6916664
7789.469999999999 0.6774743
7807.42 0.6743339
7825.419999999999 0.7126472
7843.46 0.6681257
7861.54 0.6947827
7879.67 0.6931592
7897.83 0.7076549
7916.04 0.6820601
7934.290000000001 0.6788926
7952.58 0.6438734
7970.91 0.6820109
7989.28 0.6930588
8007.7 0.6695181
8026.16 0.712443
8044.66 0.72567
8063.209999999999 0.7140645
8081.79 0.6882197
8100.42 0.6572295
8119.1 0.7042085
8137.8099999999995 0.7090736
8156.57 0.6849756
8175.38 0.6881428
8194.22 0.672459
8213.11 0.7073764
8232.04 0.6928568
8251.02 0.7073507
8270.039999999999 0.7288129
8289.109999999999 0.695998
8308.22 0.6895869
8327.369999999999 0.6879902
8346.56 0.6707862
8365.81 0.6943246
8385.09 0.6722805
8404.42 0.68794
8423.8 0.6926782
8443.21 0.6230467
8462.68 0.6614594
8482.18 0.662981
8501.74 0.6690874
8521.34 0.6463576
8540.98 0.6493234
8560.67 0.6463331
8580.41 0.6598386
8600.18 0.6583196
8620.01 0.6344747
8639.88 0.6689866
8659.8 0.6462568
8679.76 0.6432662
8699.77 0.6171424
8719.82 0.6597376
8739.92 0.6704319
8760.08 0.6566706
8780.27 0.662728
8800.51 0.6611818
8820.8 0.679679
8841.130000000001 0.6859643
8861.51 0.6875095
8881.94 0.6313568
8902.42 0.6357148
8922.94 0.6415676
8943.5 0.6474996
8964.119999999999 0.6183334
8984.79 0.6126569
9005.5 0.6625244
9026.26 0.575687
9047.07 0.6716976
9067.92 0.6794764
9088.83 0.604167
9109.779999999999 0.6153933
9130.779999999999 0.6518308
9151.82 0.6282407
9172.93 0.6384267
9194.07 0.6311043
9215.26 0.6354622
9236.51 0.6181295
9257.800000000001 0.6181049
9279.14 0.6577353
9300.53 0.6109847
9321.970000000001 0.6607254
9343.460000000001 0.6576854
9365.0 0.6456487
9386.59 0.6576337
9408.23 0.6471185
9429.91 0.6652117
9451.65 0.6545683
9473.44 0.672888
9495.28 0.6728634
9517.17 0.6560122
9539.109999999999 0.6635893
9561.1 0.6605227
9583.14 0.6727876
9605.23 0.6620176
9627.369999999999 0.668125
9649.56 0.6543918
9671.81 0.6558861
9694.11 0.6649821
9716.449999999999 0.6513248
9738.85 0.6423808
9761.300000000001 0.6453194
9783.800000000001 0.6349815
9806.359999999999 0.654264
9828.97 0.6482579
9851.619999999999 0.651223
9874.33 0.6467133
9897.1 0.6466872
9919.91 0.6348794
9942.78 0.6451664
9965.699999999999 0.6466367
9988.67 0.6436472
10034.769999999999 0.6465864
10081.1 0.6406059
10127.630000000001 0.648006
10174.369999999999 0.6420254
10221.34 0.6449404
10268.52 0.6463842
10292.19 0.6433933
10507.7 0.6228183
10703.06 0.5960091
10902.039999999999 0.5797669
11104.72 0.5498664
11311.17 0.5398315
11494.960000000001 0.5361068
11708.670000000002 0.521511
11898.93 0.5003275
12092.27 0.4912055
12288.76 0.4833492
12488.429999999998 0.4690834
12691.349999999999 0.4584155
12897.57 0.4479754
13107.14 0.4387773
13289.48 0.4248661
13505.41 0.4152122
13693.29 0.4076102
13915.789999999999 0.3901765
14109.380000000001 0.3717547
14305.66 0.3666614
14504.67 0.3700571
14706.46 0.3558412
14911.03 0.3607828
15083.69 0.3641278
15293.529999999999 0.3708931
15506.29 0.3666613
15685.84 0.3616191
15904.06 0.35014
16088.199999999999 0.3509513
16312.009999999998 0.3485439
16500.9 0.343755
16691.98 0.3406126
16885.27 0.3359249
17080.77 0.3275375
17318.39 0.3149691
17518.940000000002 0.302882
17681.05 0.2892495
17885.77 0.2768586
18092.88 0.2631754
18302.39 0.2554213
18514.33 0.2461826
18685.62 0.2345621
18902.0 0.2276442
19120.88 0.2234886
19297.79 0.215902
19521.25 0.2076136
19701.89 0.1996443
19884.170000000002 0.192866
20114.43 0.1897822
20300.55 0.1829177
20488.38 0.180409
20677.96 0.1758962
20917.41 0.1718926
21110.94 0.1687556
21306.289999999997 0.1652941
21503.44 0.1615313
21702.4 0.1564076
21903.21 0.1531997
22105.87 0.1486817
22310.42 0.1442979
22516.87 0.1410114
22725.2 0.1368532
22882.73 0.1222526
23094.45 0.1205752
23308.149999999998 0.1047735
23523.83 0.09845883
23686.88 0.09959914
23906.06 0.09125489
24127.239999999998 0.08795315
24294.5 0.08634918
24519.280000000002 0.07984705
24689.25 0.07803026
24917.68 0.0649019
25090.42 0.06357154
25322.559999999998 0.06386297
25498.1 0.06327764
25674.83 0.06445593
25912.41 0.06327759
26092.010000000002 0.06327763
26272.890000000003 0.06155452
26515.97 0.06071073
26699.79 0.05960089
26884.85 0.05864812
27071.22 0.05757879
27321.69 0.05626619
27511.09 0.05536665
27701.78 0.05410727
27893.81 0.05324324
28087.149999999998 0.05215107
28281.86 0.05119831
28477.88 0.05014928
28675.3 0.04912049
28874.050000000003 0.04822349
29074.22 0.04734418
29275.730000000003 0.04626473
29478.65 0.04542093
29683.0 0.04459233
29888.74 0.04367756
30095.94 0.04297821
30304.54 0.04229149
30514.62 0.04171122
30726.12 0.04113855
30867.93 0.04057604
31081.92 0.04001857
31297.350000000002 0.03946869
31514.31 0.03883775
31732.75 0.0383056
31879.24 0.03777855
32100.2 0.03726163
32322.730000000003 0.03666614
32471.91 0.03616192
32696.98 0.03558416
32923.65 0.03501402
33075.6 0.03453511
33304.86 0.03390414
33535.729999999996 0.03344045
33690.52 0.03282975
33924.07 0.03222922
34080.64 0.03164135
34316.86 0.03113457
34475.29 0.03063789
34714.24 0.03000949
34874.5 0.02953058
35116.22 0.02899084
35278.299999999996 0.02839535
35522.86 0.02794179
35686.810000000005 0.02736912
35934.2 0.02686993
36100.05 0.02643916
36266.67 0.02595772
36518.08 0.0254256
36686.63 0.0249606
36940.909999999996 0.02439249
37111.450000000004 0.0238923
37282.74 0.02356441
37541.15 0.02302796
37714.46 0.02265979
37888.53 0.02224625
38063.41 0.0218403
38327.270000000004 0.02144146
38504.170000000006 0.02105022
38681.88 0.02061845
38860.46 0.02024215
39129.81 0.0198727
39310.41 0.01951009
39491.89 0.01910973
39674.16 0.01876106
39857.28 0.01829177
40133.58 0.01804091
40318.810000000005 0.01775231
40504.9 0.01738818
40691.89 0.01707092
40879.71 0.01679802
41068.39 0.01649141
41257.979999999996 0.01622763
41543.95 0.0159314
41735.689999999995 0.01567674
41928.37 0.01539066
42121.880000000005 0.01510965
42316.29 0.01490237
42511.65 0.01463048
42707.86 0.0143966
42904.98 0.01378034
43103.049999999996 0.01316003
43301.990000000005 0.01312988
43501.85 0.01256759
43702.63 0.01228177
43904.39 0.01205751
44107.03 0.01167488
44310.600000000006 0.01143543
44515.159999999996 0.01125273
44720.62 0.01097121
44927.03 0.01084578
45134.42999999999 0.01067221
45342.75 0.0104776
45552.03 0.01035749
45657.03 0.01021534
45867.810000000005 0.00991405
46079.51 0.009891245
46292.18 0.009710831
46505.9 0.009599586
46720.54 0.009555498
46936.18 0.009359623
47152.81 0.00920987
47261.55 0.009167554
47479.69 0.008959008
47698.83 0.008876909
47919.03 0.008775297
48140.200000000004 0.008575369
48251.17 0.00859513
48473.87 0.008399514
48697.65 0.008246209
48922.41 0.008133197
49148.21 0.008002954
49261.5 0.007947964
49488.92 0.007803022
49717.33 0.007749305
49946.799999999996 0.007589666
50061.93 0.007465502
50293.049999999996 0.007323093
50525.17 0.007150278
50758.37 0.007045628
50875.37 0.0069615
50992.7 0.006878387
51110.24 0.006796288
51228.049999999996 0.006730405
51346.13 0.006665031
51464.49 0.006584958
51583.119999999995 0.006521103
51702.079999999994 0.006472197
51821.26 0.006394403
51940.71 0.006302675
52060.44 0.006241099
52180.44 0.006179778
52300.72 0.006105029
52421.27 0.006044975
52542.17 0.005999109
52663.28 0.005967435
52784.67 0.005908395
52906.34 0.005823001
53028.3 0.005751796
53150.53 0.005694782
53273.11 0.005638022
53395.91 0.005594692
53518.990000000005 0.005526023
53642.35 0.005470782
53766.0 0.005416049
53889.94 0.005373986
54014.15 0.005307852
54138.719999999994 0.005254383
54263.52 0.005177351
54388.6 0.005125151
54513.97 0.005073207
54639.62 0.005021769
54765.57 0.004947778
54891.810000000005 0.004897352
55018.399999999994 0.004836284
55145.22 0.004775977
55272.34 0.004759758
55399.74 0.004711108
55527.439999999995 0.004630527
55655.44 0.004582888
55783.79 0.004545894
55912.369999999995 0.004488628
56041.26 0.004431866
56170.44 0.004386
56299.91 0.004320374
56429.69 0.004275521
56559.76 0.004240553
56690.2 0.004196209
56820.87 0.004142743
56951.850000000006 0.004080408
57083.130000000005 0.004046706
57214.71 0.004013258
57346.59 0.00396182
57478.84 0.003910887
57611.340000000004 0.003860462
57744.14 0.003819412
57877.24 0.003778616
58010.65 0.00372971
58144.369999999995 0.003681312
58278.4 0.003641782
58412.8 0.00360276
58547.44 0.003555628
58682.4 0.003509257
58817.659999999996 0.003463393
58953.24 0.003425637
59177.850000000006 0.003205184
59487.35 0.002903898
59796.85 0.00298169
60106.35 0.003093437
60415.85999999999 0.003101799
60725.36 0.003183645
61034.86 0.003034903
61344.37 0.002712079
61653.87 0.002849418
61963.35999999999 0.002901618
62272.869999999995 0.002937853
62582.37 0.002980677
62891.87 0.002970035
63201.38 0.002704477
63510.88 0.002952296
63820.39 0.003045039
64129.89 0.002592983
64439.380000000005 0.002287974
64748.9 0.002427314
65058.39 0.002257439
65367.89 0.002367159
65677.4 0.002498037
65986.90000000001 0.002374051
66296.40000000001 0.002394931
66605.91 0.002502928
66915.41 0.002578287
67224.91 0.002377573
67534.42 0.001972066
67843.92 0.002303557
68153.42 0.001990057
68462.93000000001 0.002193837
68772.43 0.001466418
69081.93 0.002121645
69391.43 0.001977007
69700.94 0.001813898
70010.44 0.002007136
70319.94 0.001767096
70629.45 0.00123332
70938.95 0.001489223
71248.45 0.0017805
71557.95 0.001728605
71867.45 0.001431222
72176.96 0.001238566
72486.46 0.001671135
72795.95999999999 0.001627957
73105.47 0.001831611
73414.97 0.002022542
73724.47 0.00179469
74033.98 0.001581358
74343.48 0.001633836
74652.98 0.001688949
74962.48 0.001502907
75251.73 0.001734611
75871.95 0.002012508
76492.2 0.001604644
77112.43 0.001622281
77732.67 0.001348767
78352.91 0.001253161
78973.16 0.001418552
79593.39 0.001316865
80213.62 0.001409101
80833.87 0.001183808
81454.10999999999 0.001023814
82074.34 0.00116536
82694.58 0.001234943
83314.81999999999 0.000992368
83935.06999999999 0.0009375335
84555.29999999999 0.001047937
85175.54000000001 0.0009988044
85795.78 0.0009706267
86416.03 0.0009928494
87036.25 0.001057389
87656.50000000001 0.0009951046
88276.74 0.001043452
88896.97 0.0008522664
89517.20999999999 0.001040462
90137.45 0.001027792
90757.68000000001 0.0009968532
91377.93000000001 0.001029718
91998.17 0.0009623153
92618.41 0.0008918972
93238.65 0.0009512422
93858.87999999999 0.0009690305
94479.12000000001 0.0009864386
95099.35 0.001028553
95719.6 0.001042008
96339.84 0.0009857798
96960.06999999999 0.0007773884
97580.32 0.0008373161
98200.56 0.0009148041
98820.8 0.0009431842
99441.04 0.0008245702
100061.23000000001 0.0007916292
100681.51999999999 0.0008794811
101301.72 0.0008817107
101922.02 0.0009241542
102542.22 0.0008367586
103162.51 0.0008645813
103782.72 0.0007774897
104402.91 0.0008374174
105023.2 0.0008097721
105643.4 0.0007886898
106263.7 0.0007676326
106883.9 0.0007830643
107504.09 0.000734742
108124.39 0.0007492108
108744.59 0.0008210734
109364.88 0.0006409101
109985.07 0.0007337032
110605.37 0.0006136196
111225.57 0.0006800343
111845.77 0.0007240995
112466.06999999999 0.000651958
113086.26000000001 0.0007304091
113706.56 0.000650007
114326.75 0.0007019529
114947.05 0.0007040814
115567.24 0.0005836684
116187.44 0.0006118965
116807.73999999999 0.0005702891
117427.94 0.0005192049
118048.23000000001 0.0005358782
118668.42 0.0004750636
119288.73 0.0004944989
119908.92 0.0005356502
120529.12 0.0004619124
121149.42 0.0004059883
121769.62 0.0004485332
122389.91 0.0003954725
123010.09999999999 0.0003888842
123630.31 0.0004859849
124250.6 0.0004270961
124870.79 0.0005392991
125491.09 0.0003920516
126111.29 0.000447545
126731.58 0.0004981478
127351.79000000001 0.0004569712
127971.98 0.0005444176
128592.28 0.0004351033
129212.46999999999 0.0004669297
129832.76999999999 0.0004457965
130452.96 0.0003557149
131073.16 0.0003499375
131693.45 0.0003385094
132313.66 0.0003454271
132933.95 0.0003657747
133554.13999999998 0.0003431972
134174.44 0.0003516606
134794.64 0.0003695756
135414.84 0.0003337456
136035.14 0.0003762398
136655.33 0.0003204678
137275.63 0.0002962433
137895.83000000002 0.0002993093
138516.12 0.000306227
139136.31 0.0003679538
139756.52 0.0002544585
140376.81 0.0003029075
140997.02000000002 0.0003499375
141617.30000000002 0.0003697276
142237.5 0.0002207774
142504.48 0.0002604387
143420.36000000002 0.0002633527
144336.31 0.0002838016
145252.19 0.0002524137
146168.05 0.0002597545
147084.0 0.000257778
147999.88 0.0002585635
148915.72 0.0002500976
149831.59 0.000253521
150747.55 0.0002280523
151663.42 0.0002301276
152579.27000000002 0.0002442645
153495.22999999998 0.0002406308
154411.09 0.00022564
155326.95 0.0002864115
156242.81 0.0002787591
157158.78 0.0002355857
158074.66 0.000215446
158990.5 0.0002115741
159906.45 0.0002118605
160822.33 0.0001995277
161738.19000000003 0.0002081533
162654.13999999998 0.000206491
163570.02000000002 0.0001972776
164485.86 0.0002075223
165401.72999999998 0.0001798593
166317.69999999998 0.0001952783
167233.55000000002 0.0002097724
168149.41 0.000191599
169065.28000000003 0.000184466
169981.23 0.0001842582
170897.11000000002 0.0001757391
171812.98 0.0001767526
172728.94 0.00018346
173644.80000000002 0.000182008
174560.66 0.0001708181
175476.63 0.0001710361
176392.47 0.0001792131
177308.34000000003 0.0001793702
178224.19 0.0001550114
179140.16 0.0001741123
180056.02 0.0001621774
180971.88 0.0001537799
181887.83000000002 0.0001742593
182803.7 0.0001601477
183719.55 0.0001488996
184635.52 0.0001488438
185551.38 0.000156737
186467.25 0.0001809666
187383.09 0.0001846864
188299.06 0.0001482078
189214.94 0.0001489984
190130.78 0.0001307185
191046.77 0.0001430943
191962.62 0.0001577329
192878.45 0.0001468192
193794.33 0.0001521278
194710.31 0.0001446805
195626.15999999997 0.0001483522
196542.03 0.0001316865
197457.98 0.0001378034
198373.84 0.0001172886
199289.69999999998 0.0001463656
200205.58000000002 0.0001292919
201121.55000000002 0.0001068031
202037.38999999998 0.0001335743
202953.27 0.0001085972
203869.21999999997 0.0001211655
204785.06 0.0001143644
204968.06 0.0001115315
206731.37 0.0001091369
208495.77 0.0001231851
210261.06 0.0001010258
212027.45 0.0001197263
213794.84000000003 0.000104439
215563.34 9.408023e-05
217332.73 0.000106304
219103.22 0.0001091217
220874.72999999998 0.0001012006
222647.31 8.694718e-05
224420.91 8.324003e-05
226195.48 8.695732e-05
227971.17 8.852329e-05
229747.86000000002 9.164257e-05
231525.55 8.278138e-05
233304.31 7.346914e-05
235084.13 7.34514e-05
236864.98 6.713175e-05
238646.97 6.964035e-05
240429.95 6.974171e-05
242213.92 7.007112e-05
243999.02000000002 6.793501e-05
245785.08 6.24769e-05
247572.36 6.118712e-05
249360.55 6.455979e-05
251149.8 7.008885e-05
252940.17 6.246676e-05
254731.63 5.62434e-05
256524.09 5.838458e-05
258317.65999999997 6.826696e-05
260112.33000000002 6.655401e-05
261908.09000000003 5.637009e-05
263704.88 5.212573e-05
265502.69 4.993388e-05
267301.69 5.682114e-05
269101.63 5.56986e-05
270902.81 4.998455e-05
272704.94 5.736087e-05
274508.22 4.994908e-05
276312.56 5.302782e-05
278118.03 5.474076e-05
279924.56 4.863397e-05
281732.19 4.993389e-05
283540.97 4.579595e-05
285350.81 5.205225e-05
287161.75 5.050402e-05
288973.81 4.890256e-05
290786.94 4.815759e-05
292601.19 4.554509e-05
294416.52999999997 4.60316e-05
296232.97000000003 4.832736e-05
298050.59 4.207359e-05
299869.34 4.240047e-05
301689.06 3.938001e-05
303510.0 4.859849e-05
305332.03 4.33507e-05
307155.27999999997 4.604934e-05
308979.53 4.478237e-05
310804.94 4.623686e-05
312631.56 4.665496e-05
314459.22 3.831828e-05
316288.06 4.577821e-05
318118.03 4.034037e-05
319949.06 3.860715e-05
321781.28 4.711107e-05
323614.75 4.635341e-05
325449.22 4.500789e-05
327284.84 3.727683e-05
329121.69 3.994507e-05
330959.68999999994 5.148465e-05
332798.77999999997 5.420611e-05
334639.03 6.9876e-05
336480.44 6.213988e-05
338323.06 3.94839e-05
340166.83999999997 4.156933e-05
342011.75 3.889855e-05
343857.78 2.680405e-05
345705.06 4.436174e-05
347553.5 6.985573e-05
349403.08999999997 8.001432e-05
