100.00999999999999 8.520685e-06
102.10000000000001 1.043701e-05
104.0 1.176215e-05
105.94 1.375368e-05
107.89999999999999 1.620004e-05
109.91000000000001 2.341676e-05
114.03999999999999 3.023142e-05
118.04 3.720021e-05
121.07 0.0001008125
125.03999999999999 0.000123439
127.07 0.0001347318
127.95 0.0001417481
130.93 0.0001597643
132.14 0.0001801002
133.98 0.0001938759
137.1 0.0002336133
139.97 0.0002603016
142.9 0.0004704619
146.91 0.0008155722
151.02 0.0009173843
154.9 0.001036321
158.86999999999998 0.001170885
161.82 0.001277873
165.97 0.001433811
169.84 0.001583089
173.0 0.001715869
177.03 0.001885829
179.89999999999998 0.002020808
181.99 0.002115874
185.79999999999998 0.002309381
191.0 0.002561676
194.11 0.002731907
198.17000000000002 0.002947933
201.85999999999999 0.003180426
205.14000000000001 0.003360969
209.91 0.003552267
215.79000000000002 0.00405059
219.81 0.004339922
222.86 0.004513436
227.01 0.004813669
230.17 0.007319777
233.91 0.01231591
239.91 0.01665238
246.06 0.0163864
251.79 0.01788562
257.06 0.01467337
260.04 0.01800991
264.27 0.01943062
269.18 0.0198387
274.18 0.02016054
279.28000000000003 0.02029958
283.82 0.02082057
289.76 0.02029996
295.83000000000004 0.0208214
301.33 0.02006736
308.35 0.02091617
317.72 0.02205366
328.13 0.0224126
338.1 0.02246457
348.37 0.02246502
357.31 0.02282913
365.63 0.02352285
375.01 0.02346838
384.63 0.02251638
395.4 0.02352352
404.60999999999996 0.02396082
414.04 0.02379567
421.74 0.02336053
429.58000000000004 0.02304056
440.6 0.02330746
450.86 0.02304096
460.3 0.02251616
469.94 0.02230946
479.78 0.02236128
489.82 0.02160255
500.08 0.02195303
505.87 0.02140461
511.73 0.02293441
520.04 0.02251702
529.7099999999999 0.02185265
539.56 0.02067756
549.59 0.02020697
559.8100000000001 0.02101349
570.22 0.02120796
579.48 0.02072536
590.26 0.02053523
599.85 0.01956549
609.59 0.01739797
619.5 0.01974656
629.56 0.01912085
639.79 0.01934242
650.1899999999999 0.01881458
657.72 0.01821778
665.3299999999999 0.01855702
674.59 0.01851368
685.5500000000001 0.01747847
695.09 0.01788525
704.76 0.01669182
716.21 0.01743819
726.17 0.01723899
734.5799999999999 0.0170409
744.8000000000001 0.0166151
755.16 0.01631205
765.67 0.01484189
774.53 0.01583083
785.3100000000001 0.01511803
794.4 0.01525806
805.45 0.01518811
814.78 0.01497958
824.2099999999999 0.01484208
835.6800000000001 0.01353644
845.36 0.0143381
855.15 0.014044
865.05 0.01397961
875.0600000000001 0.0138201
885.2 0.01359857
895.45 0.01344305
905.8199999999999 0.01313678
914.2 0.01310687
924.7800000000001 0.02140478
935.4899999999999 0.02981939
944.15 0.03719634
955.0799999999999 0.04097304
963.9200000000001 0.04380265
975.0799999999999 0.02480295
984.1 0.03823845
995.5 0.03668606
1004.71 0.04163842
1014.0 0.04183161
1025.75 0.02854332
1035.24 0.03762679
1044.8200000000002 0.04629107
1054.48 0.0449261
1064.24 0.04004013
1074.0900000000001 0.04251103
1084.03 0.03618227
1094.06 0.04280555
1104.18 0.04097345
1114.3999999999999 0.04013258
1124.71 0.03660172
1135.1200000000001 0.04078481
1145.62 0.03903906
1156.22 0.03903919
1164.23 0.03868149
1175.01 0.03009533
1185.8799999999999 0.03711083
1194.1 0.03292282
1205.1499999999999 0.02887353
1216.3 0.02155254
1224.73 0.032026
1236.06 0.03601642
1244.63 0.03668629
1256.15 0.03576852
1264.85 0.03455406
1273.6200000000001 0.03685511
1285.4099999999999 0.03694022
1294.32 0.03284715
1306.29 0.03292294
1315.3500000000001 0.0359335
1324.46 0.03455408
1333.64 0.03239699
1345.98 0.03463376
1355.3100000000002 0.03384569
1364.71 0.03180509
1374.17 0.03173175
1383.6899999999998 0.03158624
1396.5 0.02639362
1406.1799999999998 0.02597192
1415.9199999999998 0.02981971
1425.74 0.02914051
1435.62 0.02968256
1442.25 0.0299571
1445.57 0.02981954
1455.59 0.02907385
1465.68 0.02782915
1475.84 0.02776532
1486.07 0.02782907
1496.37 0.02744761
1503.28 0.02639388
1513.7 0.02468895
1517.1899999999998 0.02532224
1524.19 0.02514786
1534.76 0.0226725
1545.4 0.02160216
1556.11 0.02125693
1563.29 0.02251632
1574.1299999999999 0.02341555
1585.04 0.0236323
1596.03 0.02368649
1603.39 0.0230411
1614.5100000000002 0.02277739
1625.6999999999998 0.02230991
1633.1999999999998 0.0229349
1644.52 0.02277751
1655.9199999999998 0.02225869
1663.57 0.02288225
1671.24 0.02145347
1675.1 0.02325397
1686.7099999999998 0.02320057
1694.4899999999998 0.02231014
1706.24 0.02175209
1714.1200000000001 0.02091673
1726.0 0.02072527
1733.96 0.02160234
1745.98 0.02120796
1754.04 0.02185248
1766.2 0.02082115
1774.3500000000001 0.02072554
1786.6499999999999 0.02111045
1794.9 0.02190308
1803.18 0.02185242
1815.68 0.02048812
1824.0600000000002 0.0209168
1836.71 0.02048801
1845.1899999999998 0.01872805
1853.7 0.0192534
1866.55 0.0201605
1875.1699999999998 0.02082109
1883.82 0.01970172
1896.8799999999999 0.01970174
1905.64 0.02034675
1914.43 0.01997554
1923.27 0.01885846
1936.6 0.0180094
1945.54 0.02086897
1954.52 0.02002163
1968.0700000000002 0.02210533
1977.15 0.02165246
1986.28 0.0219531
1995.45 0.02200379
2004.66 0.02190288
2013.9099999999999 0.02215669
2023.21 0.02086894
2037.2299999999998 0.02256834
2046.63 0.0239609
2056.08 0.02236129
2065.5699999999997 0.02236123
2075.11 0.02491696
2079.89 0.0333812
2084.68 0.03823857
2094.31 0.03560424
2103.97 0.0347139
2113.68 0.03841491
2123.44 0.03487388
2133.2400000000002 0.03361229
2143.09 0.04004027
2152.98 0.03985659
2162.92 0.03552239
2172.9 0.03593353
2182.93 0.04310255
2193.0099999999998 0.04330118
2203.13 0.04212106
2213.3 0.03439557
2223.52 0.03921934
2233.7799999999997 0.04960173
2244.09 0.04736945
2254.4500000000003 0.0374538
2264.85 0.0352777
2275.31 0.03762692
2285.81 0.04892178
2296.36 0.04126942
2306.96 0.04929794
2317.61 0.04295751
2322.95 0.03557446
2333.67 0.03246014
2344.45 0.0240743
2355.27 0.04080922
2366.14 0.02599955
2377.06 0.03244729
2382.54 0.02139356
2393.54 0.025615
2404.58 0.02562732
2415.68 0.0295746
2426.83 0.0479875
2432.43 0.0479994
2443.66 0.0569441
2454.94 0.06007338
2466.27 0.05222493
2477.65 0.04571933
2483.36 0.02852388
2494.82 0.03462805
2506.34 0.05280113
2512.12 0.0249891
2517.91 0.02013118
2523.71 0.02238617
2535.3599999999997 0.03640792
2547.07 0.03831921
2552.94 0.0684715
2564.72 0.050904
2576.56 0.06515731
2582.5 0.05755634
2594.42 0.05156036
2606.39 0.0442125
2612.4 0.03987105
2624.46 0.05456133
2636.58 0.09641012
2642.65 0.1306846
2654.8500000000004 0.1834258
2667.1 0.1179515
2673.25 0.1332949
2685.59 0.1563288
2697.9900000000002 0.1112413
2704.21 0.1387996
2716.69 0.0985434
2722.9500000000003 0.07669172
2735.52 0.09953445
2748.1499999999996 0.05600468
2754.4800000000005 0.07822482
2767.2000000000003 0.1046124
2773.58 0.1113507
2786.38 0.06425817
2792.7999999999997 0.02877785
2805.69 0.03461809
2812.1600000000003 0.09669875
2825.14 0.1434401
2838.1800000000003 0.1327131
2844.72 0.09141901
2857.85 0.04992136
2864.4399999999996 0.1298369
2877.6600000000003 0.1826652
2884.3 0.1662536
2897.61 0.2075028
2910.99 0.2839734
2931.16 0.2475459
2951.48 0.2270023
2971.94 0.2357287
2992.5400000000004 0.2408829
3013.2799999999997 0.2405422
3027.19 0.259686
3048.18 0.2746816
3069.31 0.3000733
3090.58 0.2901483
3111.9999999999995 0.3412075
3133.57 0.3129118
3148.0399999999995 0.3123862
3169.8599999999997 0.3492134
3191.83 0.3044378
3206.56 0.3386659
3228.7900000000004 0.2871978
3251.17 0.4098237
3273.71 0.4819554
3288.82 0.4734653
3311.6200000000003 0.4402574
3319.2500000000005 0.4025705
3326.8999999999996 0.4101919
3334.57 0.4551247
3342.26 0.4248848
3349.96 0.4596324
3357.69 0.4737503
3365.43 0.3248591
3373.1800000000003 0.3242203
3380.96 0.4305036
3388.76 0.4530225
3396.5699999999997 0.3901777
3404.4 0.5168999
3412.2400000000002 0.4340622
3420.11 0.4473989
3427.9900000000002 0.4675629
3435.9 0.4841563
3443.82 0.3468367
3451.7599999999998 0.4616066
3459.7099999999996 0.4768942
3467.69 0.4683444
3475.68 0.4706625
3483.69 0.4751826
3491.73 0.4841787
3499.78 0.4103448
3507.8399999999997 0.5398793
3515.93 0.4410057
3524.03 0.4949874
3532.16 0.5125544
3540.3 0.5443617
3548.46 0.5754888
3556.64 0.5025622
3564.84 0.5276339
3573.06 0.3814916
3581.3 0.4252395
3589.55 0.3067494
3597.16 0.4421419
3599.8999999999996 0.4167735
3602.64 0.5015108
3605.37 0.3410686
3608.11 0.3746499
3610.85 0.4380142
3613.5899999999997 0.4105131
3616.32 0.6495587
3619.06 0.5185223
3621.8 0.4810261
3624.54 0.4430574
3627.2700000000004 0.471655
3630.01 0.501697
3632.75 0.4996674
3635.4900000000002 0.5448515
3638.22 0.5501106
3640.9599999999996 0.5557761
3643.7000000000003 0.515513
3646.44 0.4887497
3649.17 0.5290141
3651.91 0.5701634
3654.6499999999996 0.5977383
3657.39 0.6964765
3660.1299999999997 0.673131
3662.86 0.5879401
3665.6 0.5382296
3668.34 0.6181425
3671.08 0.6493254
3673.81 0.6567062
3676.55 0.5621393
3679.29 0.5424542
3682.03 0.5687493
3684.76 0.5601977
3687.5 0.5762443
3690.2400000000002 0.5879966
3692.98 0.5991781
3695.71 0.6233323
3698.45 0.6405662
3701.1899999999996 0.5965852
3703.93 0.545722
3706.66 0.4889534
3709.4 0.5402016
3712.14 0.5673268
3714.8799999999997 0.5161985
3717.62 0.5696309
3720.35 0.570763
3723.09 0.5766993
3725.83 0.5521723
3728.57 0.5644491
3731.3 0.5837324
3734.04 0.4912004
3736.78 0.4204108
3739.52 0.4189865
3742.2499999999995 0.4837193
3744.9900000000002 0.4256279
3747.73 0.4197423
3750.4700000000003 0.4725121
3753.2 0.5281896
3755.94 0.5219522
3758.68 0.5170002
3761.4199999999996 0.497292
3764.15 0.4937779
3766.89 0.5549404
3769.63 0.6545147
3772.37 0.6133581
3775.1099999999997 0.573683
3777.84 0.6720386
3780.58 0.688523
3783.32 0.6270192
3786.06 0.5542813
3788.7900000000004 0.5933008
3791.53 0.5474005
3794.27 0.5511522
3797.01 0.5563334
3799.74 0.5670915
3802.4799999999996 0.5617936
3805.2200000000003 0.6192956
3807.96 0.5483907
3810.69 0.520777
3813.43 0.4800817
3816.1699999999996 0.4532722
3818.91 0.442072
3821.64 0.4126767
3824.38 0.3688113
3827.12 0.3593692
3829.86 0.4128596
3832.6 0.3132959
3835.33 0.3185482
3838.07 0.3809039
3840.81 0.4646559
3843.55 0.5145782
3846.28 0.4605877
3849.0200000000004 0.5743073
3851.76 0.5286837
3854.5 0.4477782
3857.23 0.530057
3859.97 0.4777298
3862.7099999999996 0.5415263
3865.4500000000003 0.5367299
3868.18 0.5507446
3870.92 0.4554285
3873.66 0.4723802
3876.3999999999996 0.5204061
3879.13 0.564204
3881.87 0.5221886
3884.61 0.5935303
3887.35 0.5701101
3890.09 0.5462748
3892.82 0.5863837
3895.56 0.6346286
3898.3 0.700915
3901.04 0.6398147
3903.7699999999995 0.6688108
3906.51 0.6773408
3909.25 0.6768213
3911.9900000000002 0.7182643
3914.72 0.6538242
3917.46 0.6591264
3920.2 0.65071
3922.9399999999996 0.5194953
3925.67 0.4575733
3928.41 0.3806737
3931.15 0.3451433
3933.89 0.3727298
3936.6200000000003 0.4268794
3939.36 0.5098879
3942.1 0.5920893
3944.84 0.6481156
3947.58 0.6689233
3950.3100000000004 0.6744017
3953.05 0.6484624
3955.79 0.6395273
3958.53 0.6220614
3961.2599999999998 0.4789695
3963.9999999999995 0.3730533
3966.7400000000002 0.4174653
3969.48 0.4688978
3972.21 0.5647627
3974.95 0.6670809
3977.69 0.7510055
3980.43 0.8048413
3983.16 0.8576436
3985.9 0.8994326
3988.64 0.9089422
3991.38 0.9329198
3994.11 0.9215104
3996.85 0.9241031
3999.59 0.9250242
4002.33 0.9270405
4005.07 0.9710196
4007.8 0.9737901
4010.5400000000004 1.008258
4013.28 1.056041
4016.02 1.04382
4018.75 1.015234
4021.49 1.043881
4024.2299999999996 1.001629
4026.9700000000003 0.9986301
4029.7 0.9831284
4032.44 0.9411069
4035.18 0.9721166
4037.9199999999996 1.007968
4040.65 0.9852038
4043.39 0.9618578
4046.13 0.9536717
4048.87 0.9367241
4051.6000000000004 0.9558068
4054.34 0.9392051
4057.08 0.9153405
4059.82 0.9110165
4062.5499999999997 0.9052557
4065.29 0.920299
4068.03 0.941625
4070.7700000000004 0.9149938
4073.51 0.9287113
4076.24 0.9664121
4078.98 1.029528
4081.72 1.095238
4084.4599999999996 1.072641
4087.19 1.052356
4089.93 1.023995
4092.67 0.9944814
4095.41 0.9696947
4098.14 0.9408776
4100.88 0.946756
4103.62 0.9729239
4106.36 0.9871602
4109.09 0.9846852
4111.83 0.996731
4114.570000000001 1.030796
4117.31 1.051027
4120.05 1.009755
4122.78 0.9930999
4125.5199999999995 0.9564966
4128.26 0.9926366
4131.0 0.9907908
4133.73 1.016329
4136.47 0.9925801
4139.21 0.9892935
4141.95 0.9860067
4144.68 0.9817449
4147.42 0.9855482
4150.16 0.9740764
4152.9 0.9708475
4155.63 0.982898
4158.37 0.9925806
4161.11 1.031257
4163.85 1.055004
4166.58 1.004975
4169.320000000001 0.9902753
4172.06 0.993329
4174.8 0.9776496
4177.54 1.011426
4180.2699999999995 1.030624
4183.01 1.039385
4185.75 1.08515
4188.490000000001 1.036442
4191.22 1.008548
4193.96 0.9818589
4196.7 0.9978242
4199.44 0.9902147
4202.17 1.038579
4204.91 1.059559
4207.65 1.087629
4210.39 1.060883
4213.12 1.050338
4215.860000000001 1.054084
4218.6 1.018633
4221.34 1.017767
4224.07 0.9548846
4226.8099999999995 0.9503875
4229.55 0.9821468
4232.29 1.029988
4235.03 1.041054
4237.76 1.078178
4240.5 1.095008
4243.24 1.045378
4245.98 1.042552
4248.71 1.048147
4251.45 1.015636
4254.19 1.01627
4256.93 1.038575
4259.66 1.057428
4262.4 1.060309
4265.14 1.039326
4267.88 1.015807
4270.610000000001 1.00019
4273.35 0.9709074
4276.09 1.02751
4278.83 1.015058
4281.5599999999995 1.025841
4284.3 1.019096
4287.04 0.964105
4289.780000000001 0.901794
4292.52 0.9262327
4295.25 0.8583348
4297.99 0.8348162
4300.73 0.790374
4303.469999999999 0.7693917
4306.2 0.8306094
4308.94 0.944738
4311.68 1.014252
4314.42 1.136853
4317.150000000001 1.130805
4319.89 1.116393
4322.63 1.125327
4325.37 1.128669
4328.099999999999 1.166197
4330.84 1.205911
4333.58 1.165848
4336.320000000001 1.149304
4339.05 1.111957
4341.79 1.129248
4344.53 1.189712
4347.2699999999995 1.211384
4350.01 1.186367
4352.74 1.172248
4355.48 1.26845
4358.22 1.292658
4360.96 1.279918
4363.6900000000005 1.293699
4366.43 1.24989
4369.17 1.184754
4371.91 1.182101
4374.64 1.143082
4377.38 1.122503
4380.12 1.087687
4382.86 1.067511
4385.59 1.091206
4388.33 1.163486
4391.070000000001 1.188963
4393.81 1.201469
4396.54 1.203606
4399.28 1.177378
4402.0199999999995 1.156741
4404.76 1.181526
4407.5 1.220778
4410.23 1.235481
4412.97 1.27969
4415.71 1.306723
4418.45 1.306317
4421.18 1.274446
4423.92 1.298943
4426.66 1.286145
4429.4 1.244181
4432.13 1.300731
4434.87 1.295888
4437.610000000001 1.301017
4440.35 1.350125
4443.08 1.364598
4445.82 1.354625
4448.5599999999995 1.327186
4451.3 1.281302
4454.03 1.25825
4456.7699999999995 1.237844
4459.51 1.259573
4462.25 1.257266
4464.99 1.308219
4467.72 1.386443
4470.46 1.353298
4473.2 1.422062
4475.94 1.44431
4478.67 1.459417
4481.41 1.418721
4484.15 1.422466
4486.89 1.426557
4489.62 1.399931
4492.360000000001 1.415839
4495.1 1.433649
4497.84 1.466214
4500.57 1.498095
4503.3099999999995 1.544667
4506.05 1.563226
4508.79 1.534634
4511.5199999999995 1.498441
4514.26 1.474749
4517.0 1.455841
4519.74 1.439008
4522.48 1.405863
4525.21 1.346152
4527.95 1.326206
4530.69 1.341826
4533.43 1.343381
4536.16 1.388633
4538.900000000001 1.440048
4541.64 1.431689
4544.38 1.464773
4547.11 1.450137
4549.849999999999 1.446043
4552.59 1.490771
4555.33 1.509387
4558.0599999999995 1.516367
4560.8 1.519767
4563.54 1.537345
4566.28 1.532329
4569.01 1.510258
4571.75 1.496307
4574.49 1.514635
4577.23 1.49273
4579.96 1.466162
4582.7 1.441548
4585.4400000000005 1.454804
4588.18 1.471979
4590.92 1.471056
4593.650000000001 1.465008
4596.39 1.467197
4599.13 1.472729
4601.87 1.493017
4604.599999999999 1.49135
4607.34 1.543975
4610.08 1.569739
4612.820000000001 1.549621
4615.55 1.545707
4618.29 1.55804
4621.03 1.577521
4623.7699999999995 1.559305
4626.5 1.564037
4629.24 1.562594
4631.98 1.527201
4634.72 1.480625
4637.45 1.442933
4640.1900000000005 1.454978
4642.93 1.447137
4645.67 1.422696
4648.41 1.412896
4651.14 1.436937
4653.88 1.476938
4656.62 1.507659
4659.360000000001 1.484198
4662.09 1.428637
4664.83 1.393705
4667.57 1.387248
4670.3099999999995 1.433647
4673.04 1.4276
4675.78 1.433132
4678.5199999999995 1.463853
4681.26 1.469616
4683.99 1.463856
4686.7300000000005 1.452153
4689.47 1.440508
4692.21 1.435319
4694.9400000000005 1.428984
4697.68 1.429616
4700.42 1.42581
4703.16 1.431054
4705.9 1.4431
4708.63 1.416186
4711.37 1.447945
4714.110000000001 1.505123
4716.85 1.525872
4719.58 1.525993
4722.32 1.538845
4725.0599999999995 1.519073
4727.8 1.483276
4730.53 1.456247
4733.2699999999995 1.48962
4736.01 1.510254
4738.75 1.531176
4741.4800000000005 1.565132
4744.22 1.5898
4746.96 1.582248
4749.7 1.566107
4752.43 1.548877
4755.17 1.531007
4757.91 1.530198
4760.650000000001 1.489848
4763.39 1.446904
4766.12 1.461377
4768.86 1.512215
4771.599999999999 1.532214
4774.34 1.542646
4777.07 1.543285
4779.8099999999995 1.539652
4782.55 1.538152
4785.29 1.513999
4788.02 1.532507
4790.76 1.564899
4793.5 1.575676
4796.24 1.580632
4798.97 1.573605
4801.71 1.588821
4804.45 1.593949
4807.1900000000005 1.566222
4809.92 1.577698
4812.66 1.602828
4815.400000000001 1.609051
4818.14 1.60807
4820.88 1.583974
4823.61 1.580348
4826.349999999999 1.589972
4829.09 1.57827
4831.83 1.577
4834.56 1.563344
4837.3 1.555965
4840.04 1.561727
4842.78 1.571121
4845.51 1.561385
4848.25 1.541151
4850.99 1.498437
4853.73 1.451401
4856.46 1.408347
4859.2 1.398893
4861.9400000000005 1.397566
4864.68 1.40477
4867.41 1.425755
4870.15 1.43832
4872.89 1.477745
4875.63 1.499301
4878.37 1.509329
4881.099999999999 1.514118
4883.84 1.51256
4886.58 1.517977
4889.32 1.520397
4892.05 1.544553
4894.79 1.578214
4897.53 1.613028
4900.2699999999995 1.614525
4903.0 1.603232
4905.74 1.60323
4908.4800000000005 1.580922
4911.22 1.547546
4913.95 1.52461
4916.6900000000005 1.509679
4919.43 1.496824
4922.17 1.522127
4924.9 1.562135
4927.639999999999 1.574353
4930.38 1.581326
4933.12 1.558902
4935.860000000001 1.559189
4938.59 1.576659
4941.33 1.584381
4944.07 1.600462
4946.8099999999995 1.610835
4949.54 1.620639
4952.28 1.607207
4955.0199999999995 1.574696
4957.76 1.538669
4960.49 1.515329
4963.2300000000005 1.511408
4965.97 1.524837
4968.71 1.546105
4971.44 1.539769
4974.18 1.523628
4976.92 1.496248
4979.66 1.484487
4982.39 1.45936
4985.13 1.447197
4987.87 1.47982
4990.61 1.501953
4993.349999999999 1.504199
4996.08 1.488468
4998.82 1.486795
5001.56 1.455437
5004.3 1.438028
5007.03 1.415494
5009.77 1.393878
5012.51 1.393127
5015.25 1.392607
5017.98 1.39336
5020.719999999999 1.406213
5023.46 1.431343
5026.2 1.446098
5028.93 1.446794
5031.67 1.437743
5034.41 1.422928
5037.150000000001 1.416413
5039.88 1.428349
5042.62 1.456419
5045.36 1.469099
5048.099999999999 1.473478
5050.84 1.487772
5053.57 1.51066
5056.31 1.528527
5059.05 1.523914
5061.790000000001 1.499012
5064.52 1.479879
5067.26 1.469042
5070.0 1.453938
5072.74 1.442236
5075.469999999999 1.434631
5078.21 1.417626
5080.95 1.419239
5083.69 1.44898
5086.42 1.477286
5089.160000000001 1.487775
5091.900000000001 1.486852
5094.64 1.473823
5097.37 1.451175
5100.11 1.445583
5102.849999999999 1.436474
5105.59 1.419353
5108.33 1.445463
5111.0599999999995 1.46812
5113.799999999999 1.462355
5116.540000000001 1.472729
5119.280000000001 1.456531
5122.01 1.430942
5124.75 1.395434
5127.49 1.40673
5130.2300000000005 1.418027
5132.96 1.423622
5135.7 1.401198
5138.44 1.396816
5141.179999999999 1.388918
5143.910000000001 1.39532
5146.650000000001 1.387768
5149.39 1.394741
5152.13 1.412148
5154.86 1.4095
5157.6 1.36794
5160.34 1.31047
5163.08 1.249658
5165.82 1.214092
5168.549999999999 1.180952
5171.289999999999 1.167232
5174.03 1.210578
5176.77 1.220029
5179.5 1.222915
5182.24 1.241071
5184.9800000000005 1.288163
5187.72 1.327645
5190.45 1.368229
5193.19 1.407885
5195.929999999999 1.429441
5198.67 1.437279
5201.400000000001 1.421835
5204.14 1.390131
5206.88 1.397278
5209.620000000001 1.428864
5212.35 1.45204
5215.09 1.457629
5217.83 1.479128
5220.57 1.477974
5223.3099999999995 1.46241
5226.04 1.461838
5228.78 1.476362
5231.5199999999995 1.521551
5234.259999999999 1.556653
5236.990000000001 1.569338
5239.7300000000005 1.580577
5242.47 1.574581
5245.21 1.55429
5247.94 1.539654
5250.679999999999 1.511177
5253.42 1.503279
5256.16 1.514691
5258.89 1.474404
5261.63 1.447657
5264.370000000001 1.404137
5267.110000000001 1.402291
5269.84 1.411403
5272.58 1.438262
5275.32 1.519074
5278.06 1.561265
5280.8 1.57821
5283.53 1.60156
5286.2699999999995 1.627266
5289.009999999999 1.664328
5291.749999999999 1.642423
5294.4800000000005 1.611993
5297.22 1.591875
5299.96 1.619195
5302.7 1.649455
5305.43 1.675225
5308.17 1.680181
5310.91 1.703005
5313.65 1.686634
5316.38 1.651708
5319.120000000001 1.598504
5321.860000000001 1.56778
5324.6 1.537863
5327.33 1.54219
5330.07 1.524032
5332.81 1.572103
5335.55 1.595043
5338.29 1.591583
5341.0199999999995 1.605364
5343.759999999999 1.598388
5346.5 1.610549
5349.24 1.658216
5351.97 1.692921
5354.71 1.699664
5357.45 1.703063
5360.1900000000005 1.686288
5362.92 1.632456
5365.66 1.63476
5368.4 1.626401
5371.139999999999 1.614179
5373.87 1.616489
5376.61 1.657413
5379.35 1.678451
5382.09 1.662541
5384.82 1.65217
5387.56 1.631129
5390.3 1.590376
5393.04 1.553368
5395.78 1.550024
5398.509999999999 1.526165
5401.25 1.52576
5403.99 1.544895
5406.73 1.54622
5409.46 1.588245
5412.200000000001 1.613605
5414.9400000000005 1.626285
5417.68 1.652164
5420.41 1.636721
5423.15 1.623347
5425.89 1.604209
5428.63 1.595388
5431.36 1.575795
5434.099999999999 1.607093
5436.839999999999 1.593776
5439.580000000001 1.607147
5442.31 1.625482
5445.05 1.6377
5447.79 1.611703
5450.53 1.581267
5453.27 1.615389
5456.0 1.616085
5458.74 1.590088
5461.48 1.622711
5464.219999999999 1.59556
5466.950000000001 1.593778
5469.6900000000005 1.560806
5472.43 1.563744
5475.17 1.56968
5477.9 1.577812
5480.64 1.582249
5483.38 1.592854
5486.12 1.57994
5488.849999999999 1.594758
5491.589999999999 1.612914
5494.33 1.606861
5497.07 1.594351
5499.8 1.591301
5502.54 1.570433
5505.28 1.603806
5508.02 1.577059
5510.76 1.55573
5513.49 1.583287
5516.23 1.586744
5518.969999999999 1.61931
5521.71 1.60853
5524.4400000000005 1.599139
5527.18 1.575159
5529.92 1.573774
5532.660000000001 1.612507
5535.39 1.59153
5538.13 1.61643
5540.87 1.62323
5543.61 1.633777
5546.339999999999 1.664043
5549.08 1.658278
5551.82 1.664559
5554.5599999999995 1.638562
5557.29 1.645771
5560.030000000001 1.62548
5562.77 1.57487
5565.51 1.574696
5568.25 1.658966
5570.98 1.587092
5573.719999999999 1.613547
5576.46 1.574465
5579.2 1.5853
5581.93 1.588129
5584.67 1.563112
5587.410000000001 1.551986
5590.150000000001 1.567375
5592.88 1.555217
5595.62 1.573603
5598.36 1.553024
5601.1 1.620289
5603.83 1.626288
5606.57 1.621387
5609.3099999999995 1.628533
5612.049999999999 1.635622
5614.780000000001 1.621159
5617.52 1.6211
5620.26 1.627266
5623.0 1.60807
5625.73 1.663583
5628.47 1.628305
5631.21 1.603172
5633.95 1.612624
5636.69 1.604553
5639.420000000001 1.60352
5642.160000000001 1.613029
5644.900000000001 1.625305
5647.64 1.607147
5650.37 1.608073
5653.11 1.606055
5655.85 1.572621
5658.59 1.584033
5661.32 1.574123
5664.0599999999995 1.590953
5666.799999999999 1.613662
5669.54 1.62565
5672.27 1.627614
5675.01 1.632628
5677.75 1.632396
5680.490000000001 1.606398
5683.22 1.616778
5685.96 1.631994
5688.7 1.631243
5691.44 1.632395
5694.179999999999 1.634814
5696.91 1.623117
5699.650000000001 1.58686
5702.39 1.580172
5705.13 1.570833
5707.860000000001 1.55977
5710.6 1.577811
5713.34 1.5966
5716.08 1.634181
5718.8099999999995 1.660124
5721.549999999999 1.680758
5724.29 1.674128
5727.03 1.685136
5729.76 1.675399
5732.5 1.696148
5735.240000000001 1.699951
5737.9800000000005 1.682023
5740.71 1.692634
5743.45 1.689174
5746.19 1.676837
5748.93 1.658909
5751.67 1.660522
5754.4 1.677358
5757.139999999999 1.662715
5759.88 1.661677
5762.620000000001 1.683118
5765.35 1.697302
5768.09 1.689404
5770.83 1.667787
5773.57 1.63983
5776.3 1.621101
5779.04 1.59689
5781.78 1.594698
5784.5199999999995 1.621788
5787.25 1.640872
5789.990000000001 1.667904
5792.7300000000005 1.683005
5795.47 1.687038
5798.2 1.690732
5800.94 1.69782
5803.68 1.685137
5806.42 1.714879
5809.16 1.716665
5811.889999999999 1.704103
5814.629999999999 1.710154
5817.37 1.695454
5820.11 1.708883
5822.84 1.722722
5825.58 1.719953
5828.320000000001 1.718972
5831.06 1.713495
5833.79 1.720128
5836.53 1.707446
5839.2699999999995 1.69972
5842.009999999999 1.7256
5844.740000000001 1.698916
5847.4800000000005 1.696091
5850.22 1.672514
5852.96 1.661791
5855.6900000000005 1.63188
5858.43 1.594181
5861.17 1.57268
5863.91 1.532272
5866.65 1.547085
5869.379999999999 1.544034
5872.12 1.557463
5874.86 1.592219
5877.599999999999 1.578269
5880.33 1.536944
5883.070000000001 1.456418
5885.81 1.369667
5888.55 1.322343
5891.28 1.293237
5894.0199999999995 1.304131
5896.76 1.399987
5899.5 1.49077
5902.2300000000005 1.54023
5904.97 1.566225
5907.71 1.581671
5910.450000000001 1.614295
5913.18 1.634243
5915.92 1.621215
5918.66 1.61764
5921.4 1.591816
5924.14 1.621845
5926.87 1.607785
5929.61 1.572046
5932.349999999999 1.593487
5935.089999999999 1.618906
5937.820000000001 1.639026
5940.56 1.642138
5943.3 1.657469
5946.04 1.620059
5948.7699999999995 1.634531
5951.51 1.616776
5954.25 1.657469
5956.99 1.651243
5959.719999999999 1.635741
5962.460000000001 1.622194
5965.200000000001 1.639658
5967.9400000000005 1.634815
5970.67 1.650901
5973.41 1.650554
5976.15 1.626113
5978.89 1.619079
5981.63 1.590027
5984.36 1.616316
5987.099999999999 1.618908
5989.839999999999 1.620463
5992.58 1.670033
5995.31 1.662429
5998.05 1.616026
6000.79 1.627957
6003.530000000001 1.633835
6006.26 1.611302
6009.0 1.594008
6011.74 1.598214
6014.48 1.632683
6017.209999999999 1.6177
6019.95 1.653205
6022.6900000000005 1.607091
6025.43 1.695569
6028.16 1.661911
6030.900000000001 1.660469
6033.64 1.676837
6036.38 1.693148
6039.12 1.68329
6041.849999999999 1.689116
6044.589999999999 1.685599
6047.33 1.697414
6050.07 1.684501
6052.8 1.684851
6055.54 1.686752
6058.280000000001 1.681621
6061.02 1.682023
6063.75 1.656838
6066.49 1.659603
6069.23 1.686405
6071.97 1.701967
6074.7 1.669807
6077.44 1.648652
6080.179999999999 1.63009
6082.920000000001 1.637467
6085.650000000001 1.656608
6088.39 1.643349
6091.13 1.632454
6093.87 1.639715
6096.61 1.624727
6099.34 1.605998
6102.08 1.626056
6104.82 1.644557
6107.5599999999995 1.642538
6110.290000000001 1.638738
6113.030000000001 1.64502
6115.77 1.631473
6118.51 1.6166
6121.24 1.61695
6123.98 1.637354
6126.72 1.625536
6129.46 1.610836
6132.19 1.593433
6134.929999999999 1.59297
6137.669999999999 1.615565
6140.41 1.613949
6143.14 1.636491
6145.88 1.625711
6148.62 1.616314
6151.360000000001 1.590374
6154.1 1.568181
6156.83 1.552622
6159.57 1.52259
6162.3099999999995 1.520744
6165.049999999999 1.539419
6167.780000000001 1.522534
6170.52 1.549105
6173.26 1.569855
6176.0 1.573485
6178.7300000000005 1.603923
6181.47 1.598158
6184.21 1.570201
6186.95 1.548526
6189.679999999999 1.541037
6192.419999999999 1.545359
6195.16 1.543283
6197.9 1.568471
6200.63 1.589686
6203.37 1.574698
6206.110000000001 1.546568
6208.85 1.533367
6211.59 1.530311
6214.32 1.530949
6217.0599999999995 1.530198
6219.8 1.529736
6222.54 1.542243
6225.27 1.549221
6228.01 1.535732
6230.75 1.500339
6233.490000000001 1.505295
6236.22 1.519997
6238.96 1.503511
6241.7 1.506507
6244.44 1.476994
6247.17 1.521727
6249.91 1.49671
6252.65 1.505931
6255.389999999999 1.496765
6258.120000000001 1.549972
6260.860000000001 1.562306
6263.6 1.548586
6266.34 1.608704
6269.08 1.532329
6271.8099999999995 1.536713
6274.55 1.512215
6277.29 1.54749
6280.03 1.557922
6282.759999999999 1.566514
6285.500000000001 1.600233
6288.240000000001 1.59977
6290.9800000000005 1.563109
6293.71 1.605768
6296.45 1.624211
6299.1900000000005 1.54651
6301.93 1.564724
6304.66 1.582827
6307.4 1.559827
6310.139999999999 1.585994
6312.879999999999 1.572044
6315.610000000001 1.543112
6318.35 1.587841
6321.09 1.580807
6323.83 1.615679
6326.570000000001 1.647611
6329.3 1.673899
6332.04 1.582709
6334.78 1.565186
6337.5199999999995 1.598904
6340.249999999999 1.637182
6342.99 1.582594
6345.7300000000005 1.59343
6348.47 1.586281
6351.2 1.559539
6353.9400000000005 1.553255
6356.68 1.584438
6359.42 1.574695
6362.15 1.557868
6364.889999999999 1.583344
6367.63 1.614239
6370.37 1.625535
6373.1 1.648826
6375.84 1.651131
6378.58 1.636777
6381.320000000001 1.617523
6384.06 1.639829
6386.79 1.634242
6389.53 1.599253
6392.2699999999995 1.58657
6395.01 1.584725
6397.74 1.588705
6400.48 1.60934
6403.219999999999 1.616313
6405.960000000001 1.614871
6408.6900000000005 1.602309
6411.43 1.596371
6414.17 1.595793
6416.91 1.584725
6419.639999999999 1.585651
6422.38 1.587437
6425.12 1.579942
6427.86 1.589164
6430.59 1.611014
6433.330000000001 1.598619
6436.070000000001 1.580346
6438.81 1.5917
6441.55 1.600864
6444.28 1.573027
6447.0199999999995 1.557808
6449.76 1.550256
6452.5 1.552561
6455.23 1.558444
6457.969999999999 1.579309
6460.709999999999 1.590663
6463.45 1.598674
6466.18 1.614183
6468.92 1.628765
6471.66 1.594064
6474.400000000001 1.618676
6477.13 1.60156
6479.87 1.58663
6482.61 1.595967
6485.349999999999 1.577981
6488.080000000001 1.539365
6490.820000000001 1.509967
6493.56 1.511868
6496.3 1.535212
6499.04 1.566337
6501.77 1.564381
6504.51 1.552794
6507.25 1.582305
6509.99 1.616254
6512.719999999999 1.616315
6515.46 1.614585
6518.2 1.597638
6520.94 1.630376
6523.67 1.62012
6526.41 1.60202
6529.150000000001 1.670554
6531.89 1.654874
6534.62 1.626807
6537.36 1.645539
6540.099999999999 1.693322
6542.84 1.705599
6545.570000000001 1.66289
6548.31 1.615739
6551.05 1.590837
6553.790000000001 1.556251
6556.530000000001 1.564493
6559.26 1.54876
6562.0 1.584439
6564.74 1.566281
6567.48 1.582938
6570.21 1.608707
6572.95 1.619196
6575.69 1.631588
6578.429999999999 1.717933
6581.160000000001 1.736613
6583.900000000001 1.73177
6586.64 1.714707
6589.38 1.67136
6592.11 1.631706
6594.849999999999 1.642772
6597.59 1.624441
6600.33 1.612105
6603.0599999999995 1.629689
6605.799999999999 1.648248
6608.540000000001 1.641215
6611.280000000001 1.659198
6614.01 1.663755
6616.75 1.640582
6619.49 1.627554
6622.2300000000005 1.643116
6624.97 1.646112
6627.7 1.618333
6630.44 1.602308
6633.179999999999 1.597926
6635.919999999999 1.601556
6638.650000000001 1.603001
6641.39 1.598676
6644.13 1.611702
6646.87 1.623748
6649.6 1.614183
6652.34 1.584785
6655.08 1.560575
6657.82 1.582708
6660.549999999999 1.583115
6663.289999999999 1.586515
6666.03 1.566743
6668.77 1.577981
6671.5 1.586746
6674.24 1.564611
6676.9800000000005 1.574063
6679.72 1.584264
6682.46 1.574522
6685.19 1.593374
6687.929999999999 1.572046
6690.67 1.564379
6693.41 1.578442
6696.14 1.563286
6698.88 1.547318
6701.620000000001 1.538556
6704.360000000001 1.586915
6707.09 1.567494
6709.83 1.568184
6712.57 1.58121
6715.3099999999995 1.587953
6718.04 1.555101
6720.78 1.566052
6723.5199999999995 1.605593
6726.259999999999 1.580287
6728.990000000001 1.608189
6731.7300000000005 1.568877
6734.47 1.559538
6737.21 1.553657
6739.95 1.537862
6742.679999999999 1.534407
6745.42 1.517229
6748.16 1.540976
6750.9 1.531753
6753.63 1.515213
6756.370000000001 1.551295
6759.110000000001 1.55556
6761.85 1.534808
6764.58 1.545648
6767.32 1.556944
6770.06 1.535904
6772.8 1.519361
6775.53 1.550144
6778.2699999999995 1.546685
6781.009999999999 1.548701
6783.749999999999 1.528641
6786.4800000000005 1.513312
6789.22 1.527894
6791.96 1.543917
6794.7 1.52841
6797.4400000000005 1.502298
6808.32 1.573086
6824.0199999999995 1.587491
6839.75 1.587376
6855.52 1.576365
6871.32 1.501839
6887.16 1.558096
6903.04 1.55798
6918.950000000001 1.568701
6934.900000000001 1.539937
6950.889999999999 1.612453
6966.91 1.597522
6982.969999999999 1.564666
6999.06 1.615797
7015.200000000001 1.586225
7031.37 1.549972
7047.58 1.649286
7063.83 1.589511
7080.11 1.585767
7096.43 1.507316
7112.79 1.524664
7129.19 1.510598
7145.62 1.496651
7162.1 1.513826
7178.61 1.506797
7195.150000000001 1.406099
7211.74 1.489331
7228.37 1.513423
7245.03 1.545012
7261.73 1.548468
7278.47 1.551929
7295.25 1.530488
7312.070000000001 1.587838
7328.92 1.617237
7345.82 1.64715
7362.75 1.554925
7379.719999999999 1.650726
7396.740000000001 1.590892
7413.79 1.635334
7430.88 1.590664
7448.01 1.608995
7465.18 1.657756
7482.379999999999 1.642429
7499.639999999999 1.604901
7516.92 1.623404
7534.25 1.664907
7551.62 1.687906
7569.03 1.668477
7586.48 1.672225
7603.96 1.62652
7621.5 1.615218
7639.0599999999995 1.574696
7656.67 1.585476
7674.33 1.361828
7692.02 1.549162
7709.75 1.396528
7727.5199999999995 1.531178
7745.33 1.563115
7763.19 1.52743
7781.08 1.509796
7799.0199999999995 1.530719
7816.999999999999 1.523571
7835.02 1.566109
7853.08 1.573199
7871.18 1.573087
7889.33 1.544261
7907.52 1.544145
7925.75 1.484716
7944.02 1.522705
7962.33 1.533136
7980.68 1.557925
7999.08 1.568587
8017.52 1.561265
8036.0 1.490888
8054.53 1.518497
8073.09 1.593606
8091.71 1.553601
8110.36 1.593314
8129.06 1.585876
8147.799999999999 1.596715
8166.58 1.600291
8185.400000000001 1.549396
8204.27 1.409729
8223.19 1.559882
8242.14 1.510255
8261.14 1.603347
8280.189999999999 1.599482
8299.27 1.5204
8318.41 1.516766
8337.58 1.506162
8356.8 1.513022
8376.07 1.558844
8395.38 1.461374
8414.73 1.565763
8434.13 1.478088
8453.57 1.495035
8473.06 1.481202
8492.59 1.498264
8512.17 1.453939
8531.79 1.484258
8551.46 0.8779895
8571.17 1.484029
8590.93 1.453479
8610.73 1.4906
8630.58 1.453191
8650.48 1.483507
8670.42 0.9446231
8690.41 1.432898
8710.44 1.432785
8730.52 1.493251
8750.65 1.449098
8770.82 1.49642
8791.04 1.489445
8811.3 1.462126
8831.61 1.438608
8851.97 1.482184
8872.38 1.376815
8892.83 1.415261
8913.33 1.438089
8933.88 1.424773
8954.47 1.376299
8975.119999999999 1.3356
8995.81 1.305053
9016.539999999999 1.372783
9037.33 1.375834
9058.16 1.518843
9079.04 1.378719
9099.97 1.362809
9120.95 1.470308
9141.98 1.378372
9163.050000000001 1.271507
9184.17 1.231041
9205.35 1.35906
9226.57 1.34027
9247.83 1.361944
9269.16 1.37128
9290.52 1.324592
9311.94 1.429039
9333.4 1.428867
9354.92 1.425464
9376.49 1.405809
9398.1 1.421949
9419.77 1.402291
9441.48 1.408632
9463.24 1.424775
9485.06 1.421372
9506.93 1.405002
9528.84 1.408115
9550.81 1.385462
9572.83 1.39814
9594.890000000001 1.41094
9617.01 1.394627
9639.18 1.39774
9661.4 1.378429
9683.67 1.387825
9706.0 1.371801
9728.369999999999 1.362232
9750.8 1.358946
9773.279999999999 1.361943
9795.8 1.343154
9818.39 1.367994
9841.02 1.358428
9863.71 1.352086
9886.44 1.348803
9909.23 1.330184
9932.08 1.33929
9954.97 1.339119
9977.92 1.339003
10000.92 1.332719
10023.97 1.326437
10070.25 1.31099
10116.73 1.313756
10163.42 1.298481
10233.88 1.295081
10281.11 1.291852
10304.81 1.282803
10496.39 1.243951
10691.539999999999 1.192595
10890.310000000001 1.152129
11092.77 1.107919
11298.999999999998 1.077715
11509.07 1.060482
11696.08 1.026818
11913.52 0.9942524
12107.1 0.9694081
12303.820000000002 0.9495218
12503.740000000002 0.9236417
12706.91 0.9026029
12913.380000000001 0.8800648
13093.03 0.861965
13305.769999999999 0.8385049
13490.869999999999 0.8250747
13710.08 0.8100302
13900.81 0.7861666
14094.19 0.7612086
14290.259999999998 0.7473174
14489.06 0.7490457
14690.62 0.72697
14894.99 0.7303127
15102.199999999999 0.730313
15312.28 0.737057
15489.59 0.7303128
15705.08 0.7219545
15886.94 0.7022409
16107.949999999999 0.703855
16294.470000000001 0.6974573
16483.14 0.684719
16712.45 0.6722104
16905.969999999998 0.6553796
17101.74 0.6375104
17299.75 0.6130709
17500.08 0.5949713
17702.73 0.5734533
17907.72 0.5552621
18115.079999999998 0.5327251
18282.69 0.5182049
18494.4 0.5029244
18708.56 0.4836146
18881.65 0.4704378
19100.3 0.459728
19321.47 0.4430985
19500.24 0.4251089
19680.68 0.4125721
19908.58 0.4004036
20092.780000000002 0.3930951
20278.7 0.3797511
20513.52 0.3728226
20703.32 0.3618247
20894.89 0.3527751
21088.239999999998 0.3447456
21283.35 0.3361227
21480.29 0.3284737
21679.03 0.3173202
21879.64 0.3115328
22082.1 0.3023447
22286.41 0.2941022
22492.63 0.286747
22700.73 0.2789311
22910.789999999997 0.2509003
23122.79 0.2486005
23283.06 0.2185232
23498.510000000002 0.2072543
23715.920000000002 0.2096523
23880.33 0.1929766
24101.27 0.1872817
24324.29 0.1855698
24492.88 0.1739781
24719.52 0.1719896
24890.86 0.1470597
25121.18 0.1450423
25295.329999999998 0.146051
25529.37 0.1450423
25706.34 0.1467254
25884.52 0.144045
26124.04 0.1433822
26305.109999999997 0.1397969
26487.46 0.1378775
26671.05 0.1353643
26917.84 0.1331971
27104.420000000002 0.1307703
27292.31 0.1280843
27481.48 0.1257498
27671.960000000003 0.1231675
27928.02 0.1212019
28121.62 0.1187118
28316.539999999997 0.1165445
28512.8 0.1138931
28710.460000000003 0.1115586
28909.46 0.1095238
29109.87 0.1072758
29311.63 0.105074
29514.83 0.1029182
29719.4 0.1010391
29925.42 0.09873918
30132.84 0.0969408
30271.92 0.09495218
30481.77 0.09343047
30693.039999999997 0.09193758
30905.82 0.09005264
31120.030000000002 0.08861168
31335.760000000002 0.08699771
31480.39 0.08540683
31698.590000000004 0.08365452
31918.329999999998 0.08231726
32065.649999999998 0.08062835
32287.93 0.07915853
32511.73 0.07771172
32737.11 0.07629376
32888.2 0.07490464
33116.159999999996 0.0735385
33269.04 0.07186118
33499.63 0.07038555
33731.86 0.06894452
33887.55 0.06737666
34122.43 0.06599331
34279.96 0.06478861
34517.56 0.06346285
34676.88 0.06216015
34917.26 0.06102465
35078.42 0.0597738
35321.6 0.05841348
35484.619999999995 0.05734541
35730.57 0.05616952
35895.52 0.05501729
36061.200000000004 0.05401316
36311.14 0.05302752
36478.78 0.05182049
36731.62 0.05075758
36901.15 0.0497166
37071.51 0.04869691
37328.450000000004 0.04780811
37500.78 0.04671984
37673.869999999995 0.04597281
37934.990000000005 0.04513356
38110.119999999995 0.04420783
38286.01 0.04340087
38462.72 0.04260889
38729.35 0.04173505
38908.11 0.04097302
39087.69 0.04022541
39268.14 0.03949107
39540.31 0.03859245
39722.810000000005 0.03797512
39906.19 0.03711108
40090.380000000005 0.03651737
40275.41 0.03585104
40461.340000000004 0.03511554
40741.79 0.03455412
40929.83 0.03400192
41118.79 0.03338111
41308.57 0.03284736
41499.22 0.03224791
41690.810000000005 0.03173201
41883.229999999996 0.03115329
42076.54 0.03058438
42270.74 0.03016474
42465.89 0.02961426
42661.89 0.0292079
42858.79 0.02795766
43056.65 0.02682272
43255.38 0.02676103
43455.02 0.02561513
43655.64 0.02503237
43857.13 0.02457528
44059.549999999996 0.02374121
44262.9 0.02330776
44467.24 0.02293482
44672.479999999996 0.02230999
44878.66 0.02210536
45085.85 0.02170187
45293.94 0.02125688
45502.99 0.02106206
45713.06 0.02077328
45924.05 0.02016055
46136.01 0.02011386
46349.0 0.01974668
46455.83 0.01952074
46670.25 0.01938643
46885.649999999994 0.01903252
47102.11 0.01872817
47319.5 0.01868552
47537.9 0.01826013
47647.48 0.01809239
47867.45 0.01788545
48088.38 0.01743816
48310.329999999994 0.01747851
48533.350000000006 0.01711998
48645.23 0.01680757
48869.74999999999 0.016577
49095.310000000005 0.01631185
49321.96 0.01616198
49549.6 0.01590375
49663.82 0.01579424
49893.04 0.01547029
50123.369999999995 0.01518901
50354.71 0.01491175
50470.78 0.01460625
50703.73 0.01440508
50820.66 0.01427251
50937.799999999996 0.01414109
51055.219999999994 0.01397854
51172.899999999994 0.01381773
51290.86 0.01372147
51409.09 0.01359408
51527.649999999994 0.0134373
51646.43 0.01331278
51765.47 0.01321941
51884.8 0.01306608
52004.39 0.01291507
52124.27 0.0127946
52244.42 0.01264588
52364.9 0.01252772
52485.60999999999 0.01241013
52606.590000000004 0.01235076
52727.85 0.01226314
52849.399999999994 0.01209195
52971.22 0.01192306
53093.380000000005 0.01181066
53215.76 0.01169941
53338.43 0.01161584
53461.38 0.01150574
53584.61 0.0113968
53708.13 0.01128901
53831.920000000006 0.0111818
53956.07 0.01107516
54080.44 0.01096968
54205.1 0.01083998
54330.049999999996 0.01071202
54455.280000000006 0.01060942
54580.81 0.01053218
54706.62 0.0104071
54832.780000000006 0.01028375
54959.17999999999 0.01018461
55085.86 0.01006356
55212.84 0.009989204
55340.10999999999 0.009938478
55467.67 0.009774777
55595.590000000004 0.009657767
55723.74 0.009608196
55852.19 0.009492912
55980.93000000001 0.009378782
56109.97 0.00930904
56239.31 0.009197214
56368.95 0.009085964
56498.939999999995 0.009017948
56629.170000000006 0.00892976
56759.71 0.008841567
56890.53999999999 0.008734933
57021.68 0.008628873
57153.12 0.008583336
57284.92 0.008478429
57416.97 0.008394851
57549.32 0.008311272
57681.979999999996 0.008228841
57814.94 0.008146991
57948.2 0.00806572
58081.78 0.007985596
58215.729999999996 0.007887608
58349.92 0.007826505
58484.420000000006 0.007748115
58619.23 0.007652431
58754.350000000006 0.007575191
58889.78 0.007499108
59286.659999999996 0.00827726
59595.11 0.008093388
59903.560000000005 0.006864481
60212.03 0.00807206
60520.48 0.007405153
60828.939999999995 0.00703452
61137.41 0.00773947
61445.86 0.006609705
61754.31 0.006390094
62062.78 0.006719222
62371.23 0.006435629
62679.69 0.00727546
62988.15 0.005392441
63296.61 0.006513444
63605.08 0.00634052
63913.53 0.006799343
64221.979999999996 0.006432171
64530.450000000004 0.00651748
64838.899999999994 0.005968737
65147.36 0.006542841
65455.829999999994 0.006511714
65764.27 0.005768145
66072.73 0.004800812
66381.2 0.00581253
66689.65 0.00502688
66998.11 0.005437285
67306.56999999999 0.004863122
67615.03 0.004851536
67923.48999999999 0.005255831
68231.95 0.004705069
68540.40999999999 0.004599931
68848.87 0.004291438
69157.32 0.004685818
69465.78 0.004426491
69774.24 0.004874015
70082.70000000001 0.004795911
70391.16 0.00470997
70699.62000000001 0.004716598
71008.06999999999 0.004043581
71316.54000000001 0.003817109
71624.99 0.003065815
71933.46 0.004011359
72241.91 0.004255181
72550.36 0.003512591
72858.83 0.003831117
73167.28 0.003829733
73475.74 0.004256795
73784.2 0.004421822
74092.66 0.003124321
74401.12 0.003349294
74709.57 0.004561428
74997.85 0.00369439
75615.98 0.003450627
76234.13 0.003511553
76852.27 0.002696163
77470.42 0.002950475
78088.56 0.003119191
78706.72 0.002441908
79324.86 0.002620711
79943.0 0.002845108
80561.15999999999 0.002964424
81179.29999999999 0.002233766
81797.43999999999 0.002667572
82415.59000000001 0.002400982
83033.74 0.002006832
83651.89000000001 0.002339422
84270.02999999998 0.002082861
84888.18000000001 0.002094735
85506.33 0.002507272
86124.48000000001 0.002605032
86742.62000000001 0.002610911
87360.77 0.001975418
87978.92 0.002096925
88597.06 0.001814311
89215.2 0.001846936
89833.35 0.00191305
90451.49 0.001820767
91069.65000000001 0.001958414
91687.79000000001 0.001635047
92305.94 0.002116754
92924.09 0.001825493
93542.23 0.001822611
94160.37 0.002221258
94778.51 0.001617237
95396.67 0.001683639
96014.81 0.001848723
96632.95 0.002097617
97251.11 0.001682083
97869.26 0.001471462
98487.4 0.001874489
99105.55 0.001515096
99723.65 0.001591183
100341.85 0.001696897
100959.95 0.001589684
101578.16 0.001686925
102196.26999999999 0.001375547
102814.46 0.001532735
103432.58 0.001454112
104050.68 0.001365402
104668.88 0.001648305
105286.98000000001 0.001429557
105905.19 0.001436128
106523.29999999999 0.001498784
107141.40000000001 0.001506969
107759.59999999999 0.001473768
108377.71 0.001569221
108995.90999999999 0.001468984
109614.01000000001 0.001391053
110232.22 0.001425291
110850.32999999999 0.001341769
111468.43000000001 0.001353298
112086.62999999999 0.001886593
112704.74 0.001922388
113322.93999999999 0.001680469
113941.04000000001 0.001527374
114559.25 0.00138062
115177.35 0.001360791
115795.45 0.00129093
116413.66 0.001285858
117031.77 0.001150055
117649.96 0.001022092
118268.07 0.0008238065
118886.28000000001 0.001313468
119504.38 0.001127806
120122.48 0.001162852
120740.69 0.001284878
121358.8 0.001193517
121976.99 0.001015002
122595.1 0.001228966
123213.20999999999 0.001262686
123831.41 0.001185908
124449.51 0.00115824
125067.72 0.0009442764
125685.83 0.001001975
126304.02 0.001106767
126922.13 0.001038001
127540.23999999999 0.001114087
128158.44 0.001307127
128776.54 0.0008837535
129394.75 0.0009541907
130012.84999999999 0.0008077247
130630.95000000001 0.000878335
131249.16 0.0009472738
131867.27 0.0009103835
132485.47 0.0007915276
133103.56 0.0007548679
133721.77000000002 0.0009927527
134339.88 0.0006925002
134957.98 0.0008191378
135576.2 0.0008749341
136194.3 0.0006470789
136812.48 0.0006203912
137430.59 0.000562289
138048.81 0.0007728518
138666.91 0.0007435126
139285.02 0.0006977454
139903.22 0.0006258094
140521.33 0.0008132582
141139.52 0.0007608048
141757.63 0.0005617125
142023.72 0.0005998709
142936.5 0.0006713458
143849.38 0.0005711714
144762.16 0.0005684737
145674.91 0.0005244303
146587.78 0.0005276351
147500.56 0.0005024286
148413.31 0.0004911195
149326.09 0.0004978923
150238.97 0.0004939381
151151.75 0.0004813781
152064.52000000002 0.0004890674
152977.38 0.0004731355
153890.16 0.0004949122
154802.92 0.0006358965
155715.69999999998 0.0007644938
156628.56 0.0005858642
157541.34 0.0004812283
158454.11000000002 0.0004746917
159366.98 0.0004750721
160279.77 0.0004803347
161192.52 0.0004621548
162105.39 0.0004300314
163018.16999999998 0.0004433407
163930.94 0.0004948373
164843.69999999998 0.0004928891
165756.59000000003 0.0005122852
166669.34000000003 0.0005064635
167582.12 0.0005022729
168494.91 0.0004560333
169407.77000000002 0.0005519712
170320.55 0.0007161907
171233.31 0.0006070185
172146.2 0.0004927161
173058.94999999998 0.0004413003
173971.72999999998 0.0004332305
174884.61000000002 0.0004418767
175797.37999999998 0.0004343487
176710.16 0.000398104
177622.91 0.0003944092
178535.78 0.0003832153
179448.56000000003 0.0003612483
180361.31 0.0003826159
181274.19 0.0003549078
182186.97 0.000346031
183099.72999999998 0.0003739697
184012.59 0.0003429185
184925.38 0.000344763
185838.15999999997 0.0003455872
186750.91999999998 0.0004073785
187663.80000000002 0.0004283194
188576.56 0.000347524
189489.33000000002 0.0003157061
190402.22 0.0003234818
191314.98 0.000309821
192227.73 0.0002902114
193140.52 0.0003164958
194053.41 0.0002973647
194966.17 0.0002545431
195878.94999999998 0.0002687286
196791.81 0.0002706019
197704.58000000002 0.0002533787
198617.36000000002 0.0002613044
199530.12000000002 0.0002561283
200443.02 0.000251978
201355.77000000002 0.0002839689
202268.55000000002 0.0002898828
203181.42 0.0002038593
204094.19 0.0002040091
204276.56 0.0002186961
206033.91999999998 0.000258699
207792.36000000002 0.0002567738
209551.69999999998 0.0002282184
211312.12999999998 0.0002087818
213073.56 0.0001881233
214836.09000000003 0.0002085224
216599.52000000002 0.0002279821
218364.03 0.0001996342
220129.56 0.0001849933
221896.16 0.0001974496
223663.77 0.0001948903
225432.37999999998 0.000187616
227202.05 0.000176376
228972.75 0.0001816674
230744.44 0.000187518
232517.22 0.0001778689
234290.99999999997 0.0001748889
236065.87000000002 0.0001747966
237841.84 0.0001647959
239618.80000000002 0.0001694072
241396.77 0.0001733844
243175.81 0.00016973
244955.86 0.0001684215
246737.13 0.0001575735
248519.27 0.0001543398
250302.48 0.0001550776
252086.81 0.0001501666
253872.22999999998 0.0001577061
255658.66 0.0001508986
257446.16 0.0001577176
259234.78 0.0001822323
261024.47999999998 0.0001736323
262815.19 0.0001505931
264606.97 0.0001383386
266399.88 0.0001491752
268193.75 0.0001450711
269988.84 0.000149302
271784.91000000003 0.0001532734
273582.08999999997 0.0001451345
275380.38 0.000138817
277179.72 0.0001371916
278980.16 0.0001439587
280781.72 0.0001504375
282584.38 0.0001523512
284388.13 0.0001399238
286192.97 0.0001444486
287998.88 0.0001420392
289805.91000000003 0.0001520284
291614.03 0.000146858
293423.25 0.0001544148
295233.56 0.0001428635
297045.06 0.0001468753
298857.66 0.0001466851
300671.25 0.0001520053
302486.02999999997 0.0001559422
304301.91000000003 0.0001496363
306119.03 0.0001619081
307937.13 0.0001619657
309756.38 0.0001548009
311576.84 0.0001603114
313398.31 0.0001575274
315220.97 0.0001644443
317044.78 0.0001603518
318869.63 0.0001623462
320695.69 0.0001614239
322522.94 0.0001691075
324351.25 0.0001736496
326180.66 0.0001819729
328011.31 0.0001817308
329843.13 0.0001875295
331676.02999999997 0.0001817136
333510.02999999997 0.0002279821
335345.22000000003 0.000250929
337181.66 0.0002045279
339019.22 0.0002148975
340857.88 0.0002055021
342697.68999999994 0.0001897487
344538.74999999994 0.0002001241
346380.94 0.0002913354
348224.28 0.0004781502
