101.98 3.665663e-08
104.11999999999999 4.820548e-08
106.05 6.429197e-08
108.03 8.752393e-08
110.03 1.324919e-07
113.9 2.14848e-07
117.9 3.274449e-07
120.92999999999999 1.300503e-06
124.89 1.81185e-06
126.92 2.070917e-06
128.09 2.250037e-06
131.08 2.692381e-06
131.99 3.26693e-06
134.13 3.648885e-06
136.94 4.956155e-06
140.13 5.796216e-06
143.06 1.774888e-05
147.07 5.048124e-05
150.84 5.823189e-05
155.07 6.778661e-05
159.04999999999998 7.890473e-05
162.0 8.753555e-05
166.16 0.0001021224
170.03 0.0001156497
173.19 0.0001276902
176.82 0.0001436026
180.10999999999999 0.0001563651
182.19 0.0001660152
186.01 0.0001849893
191.22 0.0002109131
193.88 0.0002296801
197.94 0.0002524154
202.08 0.0002787198
204.89000000000001 0.0002986404
210.14999999999998 0.0003185159
216.04000000000002 0.0003785517
220.05 0.0004122617
223.11 0.0004326589
226.74 0.0004711324
229.89 0.0007415584
234.17000000000002 0.001312642
240.18 0.00168703
245.77 0.001675516
252.07 0.001849949
256.76 0.001626025
259.73 0.001897365
263.95 0.002037678
268.86 0.002099641
273.86 0.002153546
278.95 0.002208721
284.14 0.002265272
290.09 0.002223931
296.16 0.002328804
300.96999999999997 0.002366719
307.98 0.002461124
318.07 0.002601168
327.73999999999995 0.002692447
337.7 0.002754988
347.96 0.002806354
356.89 0.002851802
366.03999999999996 0.002904972
375.43 0.002931918
385.06 0.002878299
394.94 0.002986365
405.07 0.003027858
413.55 0.003027903
422.21000000000004 0.003020947
430.06 0.003013962
441.09000000000003 0.003027938
451.36999999999995 0.003007024
459.76000000000005 0.002993185
470.46999999999997 0.00297946
480.32 0.002979495
490.38 0.002925023
499.49 0.002938573
506.44 0.002905024
512.3 0.002993327
519.4300000000001 0.00297947
530.3100000000001 0.002938579
540.1700000000001 0.002865067
550.21 0.002858545
560.4399999999999 0.002891672
569.55 0.002924971
580.13 0.002858645
589.5600000000001 0.002891651
600.52 0.002819287
610.28 0.002571179
620.1999999999999 0.002878258
630.27 0.002851972
640.51 0.002845501
649.42 0.002851952
658.46 0.002838833
664.55 0.002871663
675.35 0.002851938
684.7399999999999 0.0027615
694.27 0.002931902
705.5500000000001 0.002812813
715.37 0.00296581
725.3199999999999 0.002965815
735.41 0.002979463
745.6400000000001 0.003055859
754.27 0.003091325
764.77 0.00297265
775.4 0.003199934
784.3799999999999 0.003237047
795.3000000000001 0.003289567
804.4999999999999 0.003343099
815.7 0.003373956
825.14 0.003508579
834.7 0.003062883
844.36 0.003541171
854.14 0.003557395
864.03 0.003690934
874.03 0.003838423
884.15 0.004028542
894.3900000000001 0.004150842
904.75 0.004084583
915.2299999999999 0.005986123
925.8199999999999 0.03516792
934.39 0.07570798
945.2099999999999 0.1449236
953.9599999999999 0.211901
965.0 0.2234341
973.93 0.03327723
985.2099999999999 0.1652498
994.32 0.1919362
1005.84 0.3105555
1015.15 0.3091314
1024.54 0.1371358
1034.02 0.2000475
1045.99 0.4237814
1055.6699999999998 0.4170072
1065.44 0.3077113
1075.3 0.3829461
1085.25 0.2838827
1095.29 0.4103336
1105.42 0.3936777
1115.6499999999999 0.3699518
1125.97 0.3266962
1133.78 0.4458037
1144.27 0.3991507
1154.8600000000001 0.4346496
1165.54 0.4478643
1176.33 0.2898227
1184.48 0.4356526
1195.44 0.2711053
1203.73 0.1795356
1214.87 0.1403233
1226.11 0.2945314
1234.61 0.4765844
1246.03 0.5274
1254.6699999999998 0.49333
1266.28 0.4103336
1275.0500000000002 0.5651229
1283.89 0.599991
1295.77 0.4396848
1304.75 0.4316595
1313.8 0.5796212
1325.9499999999998 0.5497182
1335.1399999999999 0.4657401
1344.4 0.5917547
1353.72 0.5716703
1366.24 0.4944763
1375.71 0.5298381
1385.25 0.5359695
1394.85 0.4614686
1404.52 0.4810017
1414.26 0.4865629
1424.06 0.5094956
1433.9299999999998 0.5036617
1440.55 0.5384431
1447.1999999999998 0.5509845
1453.8799999999999 0.5310608
1463.96 0.4798949
1474.1000000000001 0.4810053
1484.3200000000002 0.4967516
1494.6100000000001 0.5094985
1504.97 0.4754885
1511.9199999999998 0.4112849
1515.4 0.4499285
1525.91 0.4306688
1536.49 0.3631899
1543.58 0.4160477
1554.2800000000002 0.3900718
1565.05 0.3945853
1575.9 0.4237853
1586.82 0.4530496
1594.15 0.4625288
1605.2 0.4551401
1616.32 0.4582883
1623.78 0.4277032
1635.0400000000002 0.4614649
1646.3700000000001 0.4700449
1653.9699999999998 0.4277003
1665.44 0.4743942
1673.12 0.4093946
1676.9800000000002 0.4765882
1684.72 0.5059936
1696.4 0.4700432
1704.23 0.4478654
1716.04 0.4189367
1723.96 0.4170085
1735.9099999999999 0.4509682
1743.9299999999998 0.4396841
1756.02 0.4765814
1764.1200000000001 0.4286879
1776.35 0.4417151
1784.55 0.4509669
1796.9199999999998 0.4910661
1805.2099999999998 0.4865686
1813.54 0.4406954
1826.12 0.4530464
1834.54 0.4316586
1843.01 0.3909737
1855.79 0.3918732
1864.35 0.4075148
1872.9599999999998 0.449926
1885.94 0.409393
1894.6499999999999 0.3927707
1903.39 0.4189361
1916.59 0.400069
1925.4299999999998 0.3936755
1934.32 0.4047043
1943.25 0.4257376
1956.72 0.3973161
1965.75 0.4427318
1974.82 0.4551451
1983.9399999999998 0.4286849
1993.1 0.4150823
2006.91 0.4296733
2016.1699999999998 0.4103358
2025.48 0.4326565
2034.83 0.4084588
2044.22 0.4296764
2053.66 0.4075131
2063.14 0.4075135
2072.66 0.4417135
2077.44 0.425734
2087.03 0.4478607
2096.66 0.4199009
2106.3399999999997 0.4208649
2116.06 0.4267244
2125.83 0.4316575
2135.64 0.3954958
2145.5 0.4131879
2155.4 0.4306737
2165.35 0.4141287
2175.35 0.4103322
2185.3900000000003 0.4065788
2195.47 0.426724
2205.61 0.4131858
2215.79 0.3864905
2226.02 0.3750921
2236.29 0.4103345
2246.61 0.3900734
2256.98 0.3655709
2267.4 0.3738439
2272.63 0.3877511
2283.12 0.405767
2293.66 0.3775647
2304.24 0.3816995
2314.88 0.3568046
2325.56 0.2686322
2336.3 0.32127
2347.08 0.3059007
2352.4900000000002 0.3439081
2363.35 0.3041872
2374.2599999999998 0.3183097
2385.2200000000003 0.2874502
2396.23 0.3113666
2407.29 0.297148
2412.84 0.3089053
2423.98 0.340034
2435.1600000000003 0.3267612
2446.4 0.3515035
2457.7 0.3480407
2463.36 0.3400046
2474.73 0.3244718
2486.16 0.3234926
2497.63 0.3073001
2503.39 0.3551461
2514.94 0.2972362
2520.7400000000002 0.303352
2526.55 0.2902603
2532.38 0.3031226
2544.07 0.2987519
2555.81 0.3411847
2567.6 0.3196563
2573.5200000000004 0.3471529
2585.4 0.3374445
2597.34 0.328007
2603.32 0.312398
2615.3399999999997 0.3050667
2627.41 0.329655
2633.47 0.3663513
2645.6200000000003 0.4183841
2657.84 0.4583949
2663.96 0.375039
2676.2599999999998 0.403403
2682.4300000000003 0.4135972
2694.8100000000004 0.3751799
2707.25 0.402621
2713.4900000000002 0.3595275
2726.0099999999998 0.346252
2732.2999999999997 0.3751673
2744.91 0.2984487
2757.58 0.3173438
2763.9399999999996 0.3430506
2776.7 0.3622491
2783.1 0.3182977
2795.94 0.2390526
2802.3900000000003 0.2602035
2815.32 0.3515237
2821.81 0.3997369
2834.84 0.3858511
2847.92 0.3581514
2854.4900000000002 0.3168673
2867.6600000000003 0.4050625
2874.27 0.434849
2887.54 0.415888
2894.2000000000003 0.4323081
2907.56 0.5051567
2927.71 0.4697546
2948.0099999999998 0.4553151
2968.44 0.4739606
2989.02 0.4766277
3009.73 0.4859602
3030.6 0.4920636
3051.6 0.4970988
3072.7599999999998 0.5103298
3086.94 0.5145841
3108.34 0.5331607
3129.8900000000003 0.5179227
3151.58 0.5160033
3173.42 0.5321678
3188.07 0.4848855
3210.17 0.5212092
3232.4199999999996 0.4670864
3247.34 0.5507668
3269.8500000000004 0.5988735
3292.52 0.5870832
3307.7200000000003 0.5784582
3322.98 0.5739038
3330.65 0.611821
3338.32 0.55771
3346.02 0.6055952
3353.7299999999996 0.5571461
3361.46 0.5685243
3369.21 0.5735026
3376.98 0.5499321
3384.76 0.5359067
3392.5699999999997 0.6079503
3400.39 0.6421602
3408.23 0.5840098
3416.0800000000004 0.5678068
3423.9599999999996 0.6338299
3431.8500000000004 0.6320531
3439.76 0.6259341
3447.69 0.5167737
3455.64 0.5835449
3463.6 0.5234118
3471.59 0.5992612
3479.59 0.5145058
3487.6099999999997 0.5612564
3495.65 0.550725
3503.71 0.6247409
3511.79 0.6059984
3519.88 0.6070728
3528.0 0.5308961
3536.13 0.6120303
3544.28 0.646458
3552.45 0.6596369
3560.64 0.6383662
3568.85 0.5582623
3577.0800000000004 0.5477729
3585.32 0.4823448
3593.5899999999997 0.5573386
3598.85 0.7849051
3601.54 0.5736319
3604.23 0.7339475
3606.92 0.6279531
3609.6099999999997 0.517034
3612.3 0.7192184
3614.9900000000002 0.5513102
3617.68 0.6006852
3620.37 0.5937108
3623.06 0.6358292
3625.76 0.4732873
3628.45 0.7957833
3631.14 1.026733
3633.83 0.7646971
3636.5199999999995 0.4440885
3639.21 0.6594731
3641.9 0.7883115
3644.5899999999997 0.6988908
3647.2799999999997 0.8166112
3649.9700000000003 0.7907203
3652.66 0.9005661
3655.35 0.9971463
3658.04 0.6422609
3660.73 0.748126
3663.43 0.8146562
3666.12 0.7866826
3668.81 0.9695593
3671.4999999999995 0.754143
3674.19 0.9350566
3676.88 0.7928123
3679.5699999999997 0.7885063
3682.2599999999998 0.6815466
3684.9500000000003 0.4806102
3687.64 0.6124748
3690.33 0.6659279
3693.02 0.6894223
3695.71 0.67786
3698.4 0.9452448
3701.09 0.7234387
3703.79 0.7048112
3706.4799999999996 0.5852585
3709.17 0.7205829
3711.86 0.8690102
3714.5499999999997 0.7536117
3717.24 0.5645745
3719.9300000000003 0.7195969
3722.62 1.024446
3725.31 1.29554
3728.0 1.370275
3730.69 1.381881
3733.38 1.187399
3736.07 0.8471025
3738.7599999999998 0.5295193
3741.4500000000003 0.6269455
3744.15 0.9446656
3746.84 0.9957757
3749.5299999999997 0.854855
3752.22 0.8500393
3754.9100000000003 0.8862463
3757.6 0.7271568
3760.29 0.6996388
3762.98 0.7962948
3765.67 0.8509086
3768.36 0.8080749
3771.05 0.7173635
3773.74 0.9613842
3776.4300000000003 1.083194
3779.1200000000003 0.8437186
3781.81 0.9072053
3784.5099999999998 0.844127
3787.2 0.9465208
3789.8900000000003 0.8114789
3792.58 0.8115551
3795.27 0.819441
3797.96 0.9479104
3800.6499999999996 0.7257254
3803.34 0.7598713
3806.03 0.851809
3808.72 0.8726459
3811.41 0.9332364
3814.1000000000004 0.9530321
3816.79 0.7045973
3819.48 0.804052
3822.1699999999996 0.7139153
3824.8700000000003 0.7070023
3827.56 0.6304679
3830.25 0.6357505
3832.94 0.3910802
3835.6299999999997 0.3431593
3838.32 0.4655002
3841.01 0.7250855
3843.7 0.7898952
3846.39 0.9744536
3849.08 0.7790381
3851.77 0.8921921
3854.46 0.9098728
3857.1499999999996 0.8788403
3859.84 0.8160268
3862.53 0.7772824
3865.23 1.042113
3867.92 0.9938669
3870.6099999999997 0.9964597
3873.3 0.7990596
3875.9900000000002 0.6954842
3878.68 0.6003907
3881.37 0.7282635
3884.06 0.6887924
3886.75 0.7024596
3889.44 0.8372421
3892.1299999999997 0.7357056
3894.82 0.8270574
3897.51 0.8969546
3900.2 0.8247587
3902.9 0.9005626
3905.5899999999997 1.125568
3908.28 0.9634852
3910.97 0.860181
3913.66 1.016765
3916.35 1.043123
3919.04 0.9903974
3921.73 1.022797
3924.42 0.9109672
3927.1099999999997 0.9966461
3929.8 0.7425388
3932.4900000000002 0.5845771
3935.18 0.4593403
3937.87 0.5458653
3940.5600000000004 0.7877275
3943.26 1.013542
3945.95 0.7998074
3948.64 0.8945542
3951.33 0.9052711
3954.02 0.8147984
3956.71 0.8726012
3959.4 0.8781659
3962.0899999999997 0.7676592
3964.7799999999997 0.6023219
3967.4700000000003 0.4262571
3970.16 0.6186359
3972.85 0.7262363
3975.54 1.015358
3978.23 0.8889172
3980.92 0.7066152
3983.62 0.9441558
3986.31 1.189998
3988.9999999999995 1.281979
3991.69 1.224925
3994.38 1.457155
3997.0699999999997 1.270916
3999.7599999999998 1.236858
4002.4500000000003 1.322331
4005.14 1.221673
4007.83 1.155075
4010.52 1.127958
4013.21 1.237511
4015.9 1.334048
4018.59 1.323961
4021.2799999999997 1.303678
4023.9799999999996 1.333609
4026.67 1.342612
4029.36 1.316255
4032.0499999999997 1.305842
4034.74 1.29825
4037.4300000000003 1.23035
4040.12 1.303349
4042.81 1.211369
4045.5 1.239571
4048.19 1.190001
4050.88 1.264302
4053.57 1.257578
4056.2599999999998 1.192172
4058.9500000000003 1.207249
4061.6400000000003 1.192498
4064.34 1.091943
4067.0299999999997 1.151601
4069.72 1.131101
4072.4100000000003 1.254971
4075.1 1.204425
4077.79 1.124377
4080.48 1.20562
4083.17 1.29554
4085.86 1.174707
4088.55 1.112664
4091.24 1.200632
4093.9300000000003 1.049905
4096.62 0.9975477
4099.3099999999995 0.9350596
4102.01 1.113745
4104.7 1.131208
4107.39 0.9949518
4110.08 1.033382
4112.77 1.186854
4115.46 1.140755
4118.15 1.236099
4120.84 1.385134
4123.530000000001 1.346737
4126.22 1.285995
4128.91 1.312136
4131.6 1.314957
4134.29 1.27298
4136.9800000000005 1.281441
4139.67 1.236102
4142.37 1.208979
4145.0599999999995 1.161362
4147.75 1.178284
4150.4400000000005 1.055108
4153.13 1.090317
4155.82 1.149867
4158.51 1.227638
4161.2 1.222649
4163.89 1.203017
4166.58 1.207356
4169.2699999999995 1.214298
4171.96 1.191954
4174.65 1.119173
4177.34 1.156594
4180.03 1.194667
4182.7300000000005 1.197699
4185.42 1.121663
4188.11 1.157133
4190.8 1.221563
4193.490000000001 1.155289
4196.18 1.155398
4198.87 1.189783
4201.5599999999995 1.239353
4204.25 1.340771
4206.9400000000005 1.225145
4209.63 1.186639
4212.32 1.267774
4215.01 1.323418
4217.7 1.236969
4220.39 1.230245
4223.09 1.167437
4225.78 1.088473
4228.469999999999 1.174162
4231.16 1.126328
4233.85 1.173404
4236.54 1.288271
4239.23 1.364199
4241.92 1.300855
4244.61 1.273304
4247.3 1.289033
4249.99 1.309425
4252.679999999999 1.222434
4255.37 1.240331
4258.06 1.161259
4260.75 1.275693
4263.45 1.377538
4266.14 1.313326
4268.83 1.250307
4271.5199999999995 1.164834
4274.21 1.052875
4276.900000000001 1.159086
4279.59 1.285777
4282.28 1.277751
4284.97 1.152905
4287.66 1.119497
4290.35 1.151604
4293.04 1.125355
4295.73 1.112665
4298.42 1.114943
4301.110000000001 0.9096348
4303.81 0.899218
4306.5 0.9948
4309.19 0.9793978
4311.88 1.126546
4314.57 1.224492
4317.26 1.362681
4319.95 1.274605
4322.639999999999 1.331009
4325.33 1.245211
4328.02 1.300096
4330.71 1.194774
4333.4 1.130995
4336.09 1.144229
4338.78 1.016703
4341.48 1.15377
4344.17 1.259526
4346.860000000001 1.147588
4349.55 1.141839
4352.24 1.118844
4354.93 1.234688
4357.62 1.202799
4360.31 1.390449
4363.0 1.372227
4365.69 1.355848
4368.38 1.416483
4371.070000000001 1.34023
4373.76 1.27298
4376.45 1.27016
4379.14 1.298037
4381.84 1.229914
4384.53 1.154095
4387.22 1.193686
4389.91 1.284149
4392.599999999999 1.331658
4395.29 1.363006
4397.9800000000005 1.389147
4400.67 1.363006
4403.36 1.348038
4406.05 1.352052
4408.74 1.293805
4411.43 1.316367
4414.12 1.449349
4416.8099999999995 1.322876
4419.5 1.278296
4422.2 1.281653
4424.89 1.413658
4427.58 1.406825
4430.27 1.329163
4432.96 1.417673
4435.65 1.454336
4438.34 1.320487
4441.030000000001 1.377758
4443.72 1.442622
4446.41 1.428739
4449.1 1.409757
4451.79 1.408673
4454.4800000000005 1.370927
4457.17 1.299338
4459.86 1.319731
4462.5599999999995 1.352157
4465.25 1.390989
4467.9400000000005 1.217875
4470.63 1.386976
4473.32 1.335455
4476.01 1.392943
4478.7 1.448262
4481.39 1.420711
4484.08 1.504015
4486.7699999999995 1.531566
4489.46 1.357693
4492.15 1.410517
4494.84 1.440021
4497.53 1.47126
4500.219999999999 1.51378
4502.92 1.458455
4505.61 1.548376
4508.3 1.639814
4510.990000000001 1.470822
4513.68 1.512148
4516.37 1.554994
4519.0599999999995 1.574627
4521.75 1.500218
4524.4400000000005 1.461062
4527.13 1.366153
4529.82 1.265278
4532.51 1.355307
4535.2 1.326563
4537.89 1.437093
4540.58 1.464752
4543.28 1.480149
4545.969999999999 1.451839
4548.66 1.456938
4551.35 1.442403
4554.04 1.414962
4556.73 1.560526
4559.42 1.481453
4562.11 1.416264
4564.8 1.546101
4567.49 1.492193
4570.179999999999 1.554454
4572.87 1.528096
4575.56 1.471802
4578.25 1.548706
4580.94 1.537209
4583.64 1.497287
4586.33 1.461059
4589.0199999999995 1.557053
4591.71 1.505315
4594.400000000001 1.460735
4597.09 1.46963
4599.78 1.438825
4602.47 1.438283
4605.16 1.535688
4607.85 1.499894
4610.54 1.461931
4613.23 1.588296
4615.92 1.524518
4618.610000000001 1.58244
4621.31 1.561499
4624.0 1.597619
4626.69 1.581133
4629.38 1.537312
4632.07 1.416914
4634.76 1.544798
4637.45 1.559333
4640.139999999999 1.557489
4642.83 1.4449
4645.52 1.489589
4648.21 1.5448
4650.9 1.489373
4653.59 1.453145
4656.28 1.530267
4658.97 1.499028
4661.67 1.551954
4664.360000000001 1.552605
4667.05 1.412791
4669.74 1.433943
4672.43 1.455745
4675.12 1.42852
4677.81 1.435788
4680.5 1.448696
4683.19 1.466268
4685.88 1.478959
4688.570000000001 1.501304
4691.26 1.462365
4693.95 1.503366
4696.64 1.472019
4699.33 1.419846
4702.03 1.329054
4704.72 1.349663
4707.41 1.385132
4710.099999999999 1.496095
4712.79 1.477764
4715.4800000000005 1.377649
4718.17 1.448262
4720.86 1.541545
4723.55 1.596213
4726.24 1.57875
4728.93 1.527987
4731.62 1.524951
4734.3099999999995 1.469307
4737.0 1.460305
4739.69 1.521481
4742.39 1.524946
4745.08 1.595884
4747.77 1.638838
4750.46 1.624304
4753.15 1.637537
4755.84 1.598923
4758.530000000001 1.553259
4761.22 1.594911
4763.91 1.567903
4766.599999999999 1.573977
4769.29 1.486553
4771.9800000000005 1.423208
4774.67 1.474297
4777.36 1.548055
4780.05 1.498269
4782.75 1.520391
4785.4400000000005 1.579397
4788.13 1.536662
4790.82 1.519307
4793.51 1.555861
4796.2 1.553258
4798.89 1.625932
4801.58 1.548053
4804.2699999999995 1.599359
4806.96 1.59578
4809.65 1.563999
4812.34 1.563891
4815.03 1.581138
4817.719999999999 1.602181
4820.41 1.586345
4823.11 1.561066
4825.8 1.524621
4828.49 1.491647
4831.18 1.432967
4833.87 1.486984
4836.5599999999995 1.52202
4839.25 1.598056
4841.9400000000005 1.448588
4844.63 1.449022
4847.32 1.47614
4850.01 1.508246
4852.7 1.444359
4855.39 1.431994
4858.08 1.444143
4860.7699999999995 1.446096
4863.469999999999 1.461059
4866.16 1.448694
4868.85 1.420276
4871.54 1.431014
4874.23 1.433401
4876.92 1.369406
4879.61 1.445659
4882.3 1.428088
4884.99 1.475054
4887.679999999999 1.46334
4890.37 1.418869
4893.06 1.509657
4895.75 1.62843
4898.44 1.617909
4901.14 1.531454
4903.83 1.579614
4906.5199999999995 1.617687
4909.21 1.559006
4911.900000000001 1.566382
4914.59 1.556946
4917.28 1.448587
4919.97 1.416589
4922.66 1.457591
4925.35 1.420278
4928.04 1.48037
4930.73 1.558033
4933.42 1.56465
4936.110000000001 1.589924
4938.8 1.580921
4941.5 1.596426
4944.19 1.536552
4946.88 1.58417
4949.57 1.64795
4952.26 1.643286
4954.95 1.607058
4957.639999999999 1.571264
4960.33 1.57723
4963.02 1.616713
4965.71 1.555321
4968.4 1.564866
4971.09 1.494688
4973.78 1.48536
4976.47 1.531676
4979.16 1.487639
4981.860000000001 1.47722
4984.55 1.409429
4987.24 1.434485
4989.93 1.514534
4992.62 1.491214
4995.31 1.538073
4998.0 1.54252
5000.69 1.588837
5003.379999999999 1.676804
5006.070000000001 1.747309
5008.76 1.745032
5011.45 1.6857
5014.14 1.590574
5016.83 1.487855
5019.5199999999995 1.451302
5022.219999999999 1.439474
5024.91 1.426132
5027.599999999999 1.415937
5030.289999999999 1.496854
5032.9800000000005 1.519308
5035.67 1.448695
5038.36 1.470281
5041.05 1.476573
5043.74 1.477223
5046.429999999999 1.492301
5049.12 1.507812
5051.8099999999995 1.529181
5054.5 1.537316
5057.1900000000005 1.547079
5059.88 1.547405
5062.58 1.553473
5065.2699999999995 1.571588
5067.96 1.537855
5070.65 1.542519
5073.339999999999 1.509546
5076.030000000001 1.446743
5078.72 1.444574
5081.41 1.443598
5084.1 1.393378
5086.79 1.440887
5089.48 1.499352
5092.17 1.441756
5094.86 1.427981
5097.549999999999 1.478419
5100.240000000001 1.440347
5102.9400000000005 1.429278
5105.63 1.458131
5108.32 1.405416
5111.01 1.419626
5113.7 1.447719
5116.389999999999 1.462796
5119.08 1.461387
5121.7699999999995 1.424833
5124.459999999999 1.409431
5127.150000000001 1.409432
5129.84 1.402056
5132.53 1.408673
5135.22 1.46345
5137.91 1.497075
5140.599999999999 1.474189
5143.299999999999 1.457588
5145.990000000001 1.443162
5148.68 1.416696
5151.37 1.414853
5154.06 1.41789
5156.75 1.500543
5159.44 1.490565
5162.13 1.417132
5164.82 1.31398
5167.509999999999 1.284043
5170.200000000001 1.290009
5172.89 1.244561
5175.58 1.285779
5178.27 1.29424
5180.97 1.237073
5183.66 1.244558
5186.349999999999 1.340986
5189.04 1.406067
5191.73 1.358992
5194.419999999999 1.446851
5197.110000000001 1.541761
5199.8 1.486226
5202.49 1.443056
5205.18 1.446527
5207.87 1.386545
5210.5599999999995 1.334155
5213.25 1.40184
5215.94 1.478202
5218.63 1.535148
5221.33 1.507808
5224.02 1.528743
5226.71 1.475052
5229.4 1.463989
5232.09 1.4731
5234.78 1.483622
5237.469999999999 1.590354
5240.160000000001 1.603154
5242.85 1.544582
5245.54 1.483732
5248.2300000000005 1.500328
5250.92 1.490892
5253.61 1.540462
5256.3 1.507488
5258.99 1.581029
5261.69 1.510303
5264.379999999999 1.412032
5267.070000000001 1.4129
5269.76 1.433726
5272.45 1.385458
5275.14 1.489262
5277.83 1.506075
5280.5199999999995 1.501086
5283.21 1.539701
5285.9 1.545667
5288.589999999999 1.527987
5291.280000000001 1.527662
5293.97 1.515297
5296.66 1.540571
5299.35 1.507597
5302.05 1.481126
5304.74 1.554124
5307.429999999999 1.622242
5310.120000000001 1.600116
5312.81 1.561285
5315.5 1.552282
5318.1900000000005 1.527877
5320.88 1.537531
5323.57 1.498483
5326.26 1.436874
5328.95 1.404117
5331.639999999999 1.482648
5334.330000000001 1.489482
5337.02 1.493821
5339.71 1.602398
5342.41 1.553365
5345.1 1.484163
5347.79 1.459216
5350.48 1.519633
5353.17 1.625064
5355.86 1.606625
5358.549999999999 1.589704
5361.240000000001 1.657605
5363.93 1.622896
5366.62 1.663029
5369.31 1.596105
5372.0 1.530808
5374.69 1.524409
5377.38 1.598927
5380.07 1.652293
5382.77 1.588617
5385.46 1.627232
5388.150000000001 1.618338
5390.84 1.448803
5393.53 1.540893
5396.22 1.502495
5398.91 1.421254
5401.599999999999 1.464316
5404.290000000001 1.408347
5406.9800000000005 1.372227
5409.67 1.46974
5412.360000000001 1.509982
5415.05 1.523216
5417.74 1.524192
5420.44 1.578312
5423.13 1.633523
5425.82 1.559657
5428.509999999999 1.543279
5431.200000000001 1.490563
5433.89 1.41507
5436.58 1.509871
5439.27 1.397933
5441.96 1.592742
5444.65 1.532
5447.34 1.557599
5450.03 1.545559
5452.719999999999 1.476357
5455.410000000001 1.436875
5458.1 1.574847
5460.8 1.544362
5463.49 1.567357
5466.18 1.504013
5468.87 1.465724
5471.5599999999995 1.577988
5474.250000000001 1.52408
5476.9400000000005 1.478741
5479.63 1.527986
5482.320000000001 1.440344
5485.01 1.443382
5487.7 1.526252
5490.39 1.508138
5493.08 1.518226
5495.7699999999995 1.495339
5498.459999999999 1.587755
5501.160000000001 1.527658
5503.85 1.544905
5506.54 1.50065
5509.2300000000005 1.499783
5511.92 1.560851
5514.61 1.514752
5517.3 1.459434
5519.99 1.541761
5522.679999999999 1.550873
5525.37 1.5051
5528.06 1.492193
5530.75 1.494579
5533.44 1.574304
5536.13 1.686026
5538.82 1.509441
5541.5199999999995 1.65283
5544.210000000001 1.599573
5546.900000000001 1.524622
5549.59 1.651855
5552.280000000001 1.62322
5554.97 1.635585
5557.66 1.544364
5560.349999999999 1.489155
5563.04 1.567686
5565.73 1.579401
5568.419999999999 1.466703
5571.110000000001 1.529615
5573.8 1.481564
5576.49 1.547512
5579.18 1.557926
5581.88 1.550003
5584.57 1.529611
5587.259999999999 1.633632
5589.95 1.515728
5592.639999999999 1.432967
5595.329999999999 1.507268
5598.02 1.446093
5600.71 1.431124
5603.4 1.418542
5606.09 1.41735
5608.78 1.423316
5611.469999999999 1.597082
5614.16 1.558034
5616.849999999999 1.523975
5619.54 1.514647
5622.24 1.572564
5624.93 1.522452
5627.62 1.539482
5630.3099999999995 1.522887
5633.0 1.551197
5635.69 1.585799
5638.379999999999 1.490022
5641.070000000001 1.41236
5643.76 1.520394
5646.45 1.532326
5649.14 1.524191
5651.83 1.474621
5654.5199999999995 1.532869
5657.21 1.55977
5659.9 1.504777
5662.599999999999 1.463337
5665.289999999999 1.544363
5667.9800000000005 1.605214
5670.67 1.432316
5673.36 1.590354
5676.05 1.52766
5678.74 1.600551
5681.429999999999 1.555428
5684.12 1.524841
5686.8099999999995 1.605975
5689.5 1.530808
5692.1900000000005 1.512152
5694.88 1.594154
5697.57 1.587754
5700.2699999999995 1.628316
5702.96 1.627449
5705.65 1.46106
5708.339999999999 1.455094
5711.030000000001 1.49013
5713.72 1.482212
5716.41 1.457156
5719.1 1.499242
5721.79 1.546643
5724.48 1.557056
5727.17 1.543173
5729.86 1.60424
5732.549999999999 1.59437
5735.240000000001 1.530808
5737.93 1.494255
5740.63 1.630377
5743.32 1.644478
5746.01 1.597404
5748.7 1.493058
5751.389999999999 1.600007
5754.08 1.532866
5756.7699999999995 1.609662
5759.459999999999 1.492192
5762.150000000001 1.522997
5764.84 1.586885
5767.53 1.569422
5770.22 1.67084
5772.91 1.626477
5775.599999999999 1.595238
5778.29 1.594913
5780.990000000001 1.573865
5783.68 1.554775
5786.37 1.534275
5789.06 1.563128
5791.75 1.471907
5794.44 1.549028
5797.13 1.584497
5799.82 1.661619
5802.509999999999 1.536664
5805.200000000001 1.515296
5807.89 1.503907
5810.58 1.614653
5813.27 1.609664
5815.96 1.562915
5818.65 1.590249
5821.349999999999 1.574299
5824.04 1.572998
5826.73 1.506616
5829.419999999999 1.617362
5832.110000000001 1.656302
5834.8 1.656411
5837.49 1.630813
5840.18 1.602395
5842.87 1.543823
5845.5599999999995 1.589488
5848.25 1.633743
5850.94 1.597732
5853.63 1.562914
5856.320000000001 1.449024
5859.01 1.432862
5861.71 1.49566
5864.4 1.465507
5867.09 1.46887
5869.78 1.520609
5872.469999999999 1.550438
5875.160000000001 1.558031
5877.85 1.546968
5880.54 1.595019
5883.2300000000005 1.559225
5885.92 1.52354
5888.61 1.491867
5891.3 1.460087
5893.99 1.431777
5896.679999999999 1.405528
5899.370000000001 1.441865
5902.070000000001 1.532973
5904.76 1.507592
5907.45 1.482428
5910.14 1.462687
5912.83 1.50076
5915.5199999999995 1.568878
5918.21 1.4987
5920.9 1.470173
5923.589999999999 1.544365
5926.280000000001 1.611182
5928.97 1.558575
5931.66 1.528638
5934.35 1.646652
5937.04 1.594804
5939.73 1.537425
5942.429999999999 1.465181
5945.120000000001 1.450755
5947.81 1.535903
5950.5 1.574084
5953.1900000000005 1.494035
5955.88 1.504774
5958.57 1.544907
5961.26 1.458025
5963.95 1.445226
5966.639999999999 1.537857
5969.330000000001 1.651207
5972.02 1.508897
5974.71 1.607387
5977.400000000001 1.526904
5980.1 1.502168
5982.79 1.548159
5985.48 1.445766
5988.17 1.481669
5990.86 1.556837
5993.549999999999 1.548269
5996.240000000001 1.627017
5998.93 1.641552
6001.62 1.57018
6004.31 1.586668
6007.0 1.492843
6009.69 1.464968
6012.38 1.448372
6015.07 1.510959
6017.76 1.501414
6020.46 1.515184
6023.150000000001 1.560524
6025.84 1.577663
6028.53 1.643611
6031.22 1.568009
6033.91 1.646757
6036.599999999999 1.673116
6039.290000000001 1.581027
6041.9800000000005 1.479284
6044.67 1.518442
6047.360000000001 1.660318
6050.05 1.546102
6052.74 1.574303
6055.43 1.59296
6058.12 1.64893
6060.82 1.568985
6063.509999999999 1.590896
6066.200000000001 1.653698
6068.89 1.668342
6071.58 1.602177
6074.27 1.552391
6076.96 1.575929
6079.65 1.54751
6082.34 1.554886
6085.03 1.407154
6087.719999999999 1.446094
6090.410000000001 1.438284
6093.1 1.5243
6095.79 1.477008
6098.48 1.57886
6101.18 1.474401
6103.87 1.386651
6106.5599999999995 1.443597
6109.250000000001 1.464965
6111.9400000000005 1.453142
6114.63 1.562478
6117.320000000001 1.581894
6120.01 1.695569
6122.7 1.718998
6125.389999999999 1.534712
6128.08 1.499785
6130.7699999999995 1.52994
6133.459999999999 1.468114
6136.150000000001 1.500654
6138.84 1.513128
6141.54 1.457263
6144.2300000000005 1.533625
6146.92 1.620616
6149.61 1.586124
6152.3 1.426568
6154.99 1.483948
6157.679999999999 1.386761
6160.37 1.420603
6163.06 1.437307
6165.75 1.493169
6168.44 1.426787
6171.13 1.501413
6173.82 1.393162
6176.509999999999 1.433404
6179.2 1.561288
6181.900000000001 1.513558
6184.59 1.417564
6187.28 1.504556
6189.97 1.460518
6192.66 1.551197
6195.349999999999 1.356606
6198.04 1.364308
6200.73 1.472668
6203.419999999999 1.542088
6206.110000000001 1.52354
6208.8 1.494362
6211.49 1.480695
6214.18 1.561396
6216.87 1.532761
6219.57 1.44403
6222.259999999999 1.495118
6224.95 1.479716
6227.639999999999 1.484055
6230.33 1.469955
6233.02 1.401078
6235.71 1.37971
6238.4 1.446961
6241.09 1.385893
6243.78 1.401513
6246.469999999999 1.430583
6249.16 1.416808
6251.849999999999 1.349449
6254.54 1.356283
6257.2300000000005 1.420605
6259.93 1.343372
6262.62 1.411707
6265.3099999999995 1.404765
6268.0 1.359751
6270.69 1.515294
6273.379999999999 1.452492
6276.070000000001 1.50434
6278.76 1.54686
6281.45 1.515838
6284.14 1.446093
6286.83 1.480587
6289.5199999999995 1.42158
6292.21 1.527554
6294.9 1.471693
6297.589999999999 1.489699
6300.289999999999 1.476787
6302.9800000000005 1.563345
6305.67 1.520392
6308.36 1.497614
6311.05 1.646974
6313.74 1.495879
6316.429999999999 1.504882
6319.12 1.431016
6321.8099999999995 1.548378
6324.5 1.476356
6327.1900000000005 1.696872
6329.88 1.50304
6332.57 1.471368
6335.26 1.415941
6337.95 1.395223
6340.65 1.476136
6343.339999999999 1.440776
6346.030000000001 1.525056
6348.72 1.557813
6351.41 1.579941
6354.1 1.513776
6356.79 1.567468
6359.48 1.595778
6362.17 1.490565
6364.86 1.50868
6367.549999999999 1.516489
6370.240000000001 1.507921
6372.93 1.42657
6375.62 1.512803
6378.31 1.54556
6381.01 1.49501
6383.7 1.45043
6386.389999999999 1.648275
6389.08 1.64372
6391.7699999999995 1.518982
6394.46 1.422555
6397.150000000001 1.453902
6399.84 1.511065
6402.53 1.49447
6405.22 1.547945
6407.91 1.492518
6410.599999999999 1.489698
6413.29 1.382207
6415.98 1.343918
6418.67 1.425269
6421.37 1.453358
6424.06 1.535794
6426.75 1.349555
6429.44 1.505857
6432.13 1.520284
6434.82 1.642202
6437.509999999999 1.506184
6440.200000000001 1.413336
6442.89 1.34012
6445.58 1.519418
6448.27 1.414096
6450.96 1.409974
6453.65 1.319404
6456.34 1.427113
6459.03 1.55901
6461.73 1.54241
6464.419999999999 1.489153
6467.110000000001 1.5
6469.8 1.536446
6472.49 1.430147
6475.18 1.505316
6477.87 1.622895
6480.5599999999995 1.562154
6483.25 1.468221
6485.94 1.479502
6488.63 1.509331
6491.320000000001 1.489915
6494.01 1.417242
6496.7 1.422123
6499.4 1.429712
6502.09 1.416479
6504.78 1.357473
6507.469999999999 1.549895
6510.160000000001 1.564973
6512.85 1.537422
6515.54 1.365392
6518.2300000000005 1.413986
6520.92 1.515404
6523.61 1.625608
6526.3 1.556623
6528.99 1.462147
6531.679999999999 1.411927
6534.370000000001 1.542956
6537.06 1.576582
6539.76 1.528852
6542.45 1.618446
6545.14 1.709451
6547.83 1.687215
6550.5199999999995 1.637429
6553.21 1.7216
6555.9 1.876818
6558.59 2.062841
6561.280000000001 2.231075
6563.97 2.173479
6566.66 2.042233
6569.35 1.816729
6572.04 1.603373
6574.73 1.595238
6577.42 1.684074
6580.120000000001 1.938534
6582.81 2.028671
6585.5 2.090173
6588.1900000000005 1.894823
6590.88 1.729844
6593.57 1.712706
6596.26 1.542195
6598.95 1.367562
6601.639999999999 1.38329
6604.330000000001 1.38405
6607.02 1.475705
6609.71 1.452602
6612.400000000001 1.474838
6615.09 1.484059
6617.78 1.482323
6620.48 1.496311
6623.17 1.503254
6625.86 1.509762
6628.549999999999 1.474944
6631.240000000001 1.443163
6633.93 1.479934
6636.62 1.449563
6639.31 1.442839
6642.0 1.434379
6644.69 1.401947
6647.38 1.378518
6650.07 1.470499
6652.76 1.483516
6655.450000000001 1.357151
6658.14 1.36431
6660.84 1.400968
6663.53 1.458565
6666.22 1.507593
6668.91 1.471799
6671.599999999999 1.446201
6674.290000000001 1.477331
6676.9800000000005 1.393269
6679.67 1.574519
6682.360000000001 1.429064
6691.57 1.480806
6707.0 1.48091
6722.46 1.411165
6737.959999999999 1.464313
6753.49 1.440996
6769.06 1.471365
6784.66 1.485143
6800.3 1.438175
6815.9800000000005 1.454985
6831.6900000000005 1.485579
6847.4400000000005 1.405852
6863.22 1.415723
6879.05 1.415936
6894.91 1.419299
6910.8 1.426028
6926.73 1.429498
6942.700000000001 1.466268
6958.7 1.456292
6974.740000000001 1.504233
6990.82 1.500869
7006.9400000000005 1.446741
7023.089999999999 1.404223
7039.28 1.490999
7055.51 1.557925
7071.7699999999995 1.42093
7088.07 1.474405
7104.42 1.392074
7120.79 1.38264
7137.210000000001 1.32363
7153.66 1.345326
7170.15 1.364202
7186.679999999999 1.339361
7203.25 1.348796
7219.849999999999 1.39956
7236.49 1.41594
7253.18 1.393484
7269.900000000001 1.380794
7286.660000000001 1.419734
7303.45 1.476575
7320.29 1.44642
7337.160000000001 1.46334
7354.08 1.48384
7371.03 1.440238
7388.0199999999995 1.518767
7405.049999999999 1.511935
7422.13 1.447394
7439.240000000001 1.488067
7456.38 1.498593
7473.570000000001 1.526578
7490.799999999999 1.498919
7508.07 1.530479
7525.38 1.548375
7542.73 1.559225
7560.11 1.527447
7577.54 1.499785
7595.01 1.475921
7612.52 1.452493
7630.0599999999995 1.469524
7647.650000000001 1.45282
7665.29 1.400427
7682.95 1.410301
7700.66 1.407264
7718.42 1.404115
7736.21 1.40108
7754.04 1.350533
7771.92 1.407911
7789.84 1.382311
7807.79 1.379387
7825.79 1.444466
7843.830000000001 1.36702
7861.91 1.41518
7880.04 1.41214
7898.2 1.431993
7916.410000000001 1.380362
7934.66 1.383615
7952.95 1.315499
7971.28 1.380796
7989.66 1.406609
8008.08 1.362139
8026.54 1.443057
8045.04 1.466703
8063.58 1.456833
8082.18 1.401077
8100.81 1.350531
8119.4800000000005 1.434054
8138.2 1.447503
8156.96 1.398474
8175.759999999999 1.408347
8194.61 1.354437
8213.5 1.431558
8232.43 1.40889
8251.41 1.435248
8270.43 1.475598
8289.5 1.415937
8308.609999999999 1.406283
8327.76 1.380796
8346.96 1.355847
8366.2 1.413337
8385.49 1.375046
8404.82 1.381555
8424.19 1.410626
8443.61 1.307581
8463.08 1.36626
8482.59 1.372659
8502.14 1.366585
8521.74 1.338711
8541.38 1.34511
8561.07 1.354548
8580.81 1.364092
8600.59 1.351836
8620.42 1.306061
8640.29 1.361488
8660.210000000001 1.321572
8680.17 1.303566
8700.18 1.29478
8720.24 1.328187
8740.34 1.368645
8760.49 1.301288
8780.68 1.340989
8800.92 1.338062
8821.210000000001 1.378843
8841.550000000001 1.379061
8861.93 1.369733
8882.36 1.287402
8902.84 1.302479
8923.36 1.323741
8943.93 1.330031
8964.539999999999 1.279161
8985.210000000001 1.258879
9005.92 1.339797
9026.68 1.175141
9047.5 1.380901
9068.35 1.381121
9089.25 1.23957
9110.21 1.251284
9131.21 1.325584
9152.26 1.283717
9173.35 1.304761
9194.5 1.281114
9215.7 1.293154
9236.94 1.249442
9258.24 1.266903
9279.58 1.345325
9300.97 1.273196
9322.41 1.339469
9343.9 1.336542
9365.44 1.31539
9387.029999999999 1.336976
9408.67 1.309748
9430.36 1.349665
9452.1 1.331334
9473.890000000001 1.365719
9495.73 1.36908
9517.62 1.331984
9539.56 1.341314
9561.55 1.335347
9583.59 1.363549
9605.69 1.344999
9627.83 1.3514
9650.02 1.330032
9672.26 1.330251
9694.56 1.348907
9716.91 1.324501
9739.31 1.309531
9761.76 1.312678
9784.27 1.297817
9806.82 1.331334
9829.43 1.319292
9852.08 1.328731
9874.800000000001 1.319728
9897.57 1.316907
9920.38 1.308015
9943.25 1.326453
9966.17 1.329706
9989.14 1.323741
10035.259999999998 1.333284
10081.57 1.31539
10128.1 1.349558
10174.859999999999 1.340663
10221.82 1.356607
10269.0 1.369623
10292.67 1.366588
10508.2 1.318644
10703.560000000001 1.253562
10902.55 1.227856
11105.24 1.156484
11311.720000000001 1.15388
11495.519999999999 1.161798
11709.23 1.135333
11899.49 1.069406
12092.84 1.071867
12289.33 1.062041
12489.02 1.023622
12691.95 1.002632
12898.17 0.9866012
13107.75 0.9708299
13290.1 0.935708
13506.039999999999 0.9123126
13693.93 0.8956516
13884.44 0.8533804
14110.039999999999 0.8074992
14306.33 0.7982579
14505.349999999999 0.8074997
14707.140000000001 0.7764996
14911.74 0.7909366
15084.42 0.8019344
15294.24 0.8206248
15507.01 0.813096
15686.580000000002 0.7945914
15904.8 0.7640804
16088.97 0.7623232
16312.800000000001 0.7605763
16501.69 0.7536022
16692.76 0.7553375
16886.06 0.7518663
17081.59 0.7415518
17319.22 0.7130897
17519.76 0.6888789
17681.87 0.6548531
17886.62 0.62394
18093.75 0.5890345
18303.25 0.5716683
18515.19 0.5497148
18686.52 0.5213614
18902.88 0.5083235
19121.77 0.5036597
19298.71 0.4899384
19522.19 0.4711298
19702.809999999998 0.4540898
19885.13 0.4396848
20115.39 0.4336545
20301.5 0.4199008
20489.359999999997 0.4170046
20678.93 0.4093901
20918.39 0.4019166
21111.95 0.3973177
21307.28 0.3900722
21504.45 0.383835
21703.440000000002 0.3725108
21904.24 0.3665563
22106.93 0.3557525
22311.46 0.3468476
22517.920000000002 0.3389511
22673.99 0.3297205
22883.81 0.2952167
23095.56 0.2911709
23309.24 0.2547693
23524.93 0.2383146
23687.98 0.241623
23907.18 0.2218926
24072.879999999997 0.2123908
24295.64 0.2075639
24520.45 0.1906105
24690.41 0.1849917
24918.870000000003 0.1549355
25091.59 0.1521045
25323.77 0.1524515
25499.3 0.1510522
25676.06 0.1542196
25913.620000000003 0.1514102
26093.26 0.1510523
26274.120000000003 0.1472776
26517.24 0.1455964
26701.039999999997 0.1429389
26886.14 0.1409756
27072.49 0.1387195
27323.0 0.1358777
27512.379999999997 0.1337083
27703.1 0.1306604
27895.120000000003 0.1288706
28088.5 0.1265168
28283.18 0.1244886
28479.25 0.1222215
28676.64 0.1197159
28875.4 0.1180673
29075.579999999998 0.1159195
29277.1 0.1135333
29480.059999999998 0.1117219
29684.39 0.1101924
29890.170000000002 0.1079298
30097.350000000002 0.1064492
30305.99 0.1047474
30516.04 0.1037864
30727.59 0.1025986
30869.41 0.1014239
31083.370000000003 0.1004944
31298.85 0.09957347
31515.79 0.09820676
31734.260000000002 0.09730649
31880.730000000003 0.09663614
32101.71 0.0961925
32324.239999999998 0.09619252
32473.43 0.09730651
32698.550000000003 0.1018925
32925.18 0.1156484
33077.15 0.1145854
33306.450000000004 0.09820675
33537.3 0.09165207
33692.13 0.0883373
33925.659999999996 0.08612775
34082.24 0.08416669
34318.51 0.08282168
34476.9 0.08130963
34715.9 0.07982585
34876.13 0.07854918
35117.87 0.07729306
35279.99 0.07588301
35524.520000000004 0.07484171
35688.48 0.07347502
35935.88 0.07230031
36101.75 0.07114401
36268.37 0.07000729
36519.79 0.06872956
36688.35 0.06763075
36857.72 0.06624348
37113.19 0.06503405
37284.48 0.06414137
37542.95 0.06282672
37716.229999999996 0.06210756
37890.31 0.06097409
38065.229999999996 0.05999897
38329.07 0.059039
38505.97 0.05809537
38683.73 0.0569044
38862.28 0.05599432
39131.68 0.05509841
39312.29 0.05421765
39493.740000000005 0.05310585
39676.02 0.05225655
39859.18 0.05118489
40135.46 0.05048307
40320.7 0.04967501
40506.840000000004 0.04876823
40693.799999999996 0.04798942
40881.619999999995 0.04722146
41070.35 0.04657391
41259.909999999996 0.04593503
41545.89 0.04509657
41737.69 0.04447721
41930.329999999994 0.04376677
42123.86 0.04306713
42318.32 0.04257362
42513.64 0.04189351
42709.86 0.04131865
42907.03 0.03982396
43105.07 0.0383835
43304.020000000004 0.0382067
43503.88 0.03699513
43704.72 0.03623586
43906.44 0.03565663
44109.090000000004 0.03468475
44312.72 0.03420858
44517.24 0.03374
44722.71 0.03297204
44929.18000000001 0.03274426
45136.55 0.03222144
45344.87 0.03170623
45449.39 0.03141554
45659.21000000001 0.03105542
45869.95 0.0303493
46081.659999999996 0.0302788
46294.399999999994 0.02986336
46508.07000000001 0.02952169
46722.729999999996 0.02931885
46938.43 0.02891643
47046.62 0.02851944
47263.76 0.02845436
47481.91 0.0279988
47701.11 0.02774173
47921.27 0.02748792
48142.45 0.02698571
48253.42 0.0269857
48476.19 0.02661583
48699.93 0.02625029
48924.700000000004 0.02601167
49150.56 0.02580776
49263.86 0.0256765
49491.23 0.02541726
49719.66 0.0253934
49949.19 0.02513633
50064.33 0.02500942
50295.4 0.02487058
50527.54 0.02462003
50644.06 0.02449529
50760.8 0.02442803
50877.8 0.02447251
50995.08 0.02440526
51112.630000000005 0.0242816
51230.450000000004 0.02421436
51348.53 0.02414819
51466.96000000001 0.02408093
51585.590000000004 0.02401477
51704.5 0.02400393
51823.68 0.02393776
51943.14000000001 0.02381627
52062.869999999995 0.02375119
52182.94 0.02368611
52303.22 0.02361996
52423.780000000006 0.02355488
52544.630000000005 0.0235451
52665.74999999999 0.02358849
52787.14 0.02352342
52908.82 0.02345834
53030.840000000004 0.0233401
53153.08 0.02333034
53275.6 0.02331949
53398.399999999994 0.02330866
53521.49 0.02324466
53644.86 0.02323489
53768.520000000004 0.02322404
53892.52 0.02321428
54016.74 0.02320344
54141.26 0.02314052
54266.05 0.02312968
54391.14 0.02306676
54516.520000000004 0.02310907
54642.24 0.02309931
54768.19 0.0230364
54894.439999999995 0.02307978
55020.98 0.02306893
55147.8 0.02305918
55274.92 0.02315571
55402.34 0.02319909
55530.1 0.0231351
55658.1 0.02317849
55786.4 0.02327611
55914.99 0.02326526
56043.880000000005 0.02336288
56173.060000000005 0.02340627
56302.61 0.02345074
56432.39000000001 0.02354836
56562.469999999994 0.02364707
56692.850000000006 0.02374686
56823.53 0.02384556
56954.51 0.02389112
57085.8 0.02410154
57217.450000000004 0.02425883
57349.34 0.0244161
57481.530000000006 0.02457555
57614.03 0.02479248
57746.829999999994 0.02495302
57879.95 0.02523178
58013.36 0.0255138
58147.149999999994 0.02573833
58281.18 0.02608543
58415.53 0.02643794
58550.18 0.02685663
58685.14 0.02721891
58820.420000000006 0.02771352
58956.07 0.02815173
59179.52 0.02514609
59482.689999999995 0.03039918
59785.85 0.0336337
60089.03 0.03667079
60392.19 0.03663067
60695.36 0.03825226
60998.530000000006 0.04463668
61301.7 0.05918872
61604.869999999995 0.0820266
61908.04 0.1040716
62211.21 0.1105178
62514.380000000005 0.09970905
62817.55 0.08216652
63120.71000000001 0.06809068
63423.89 0.05965837
63727.049999999996 0.05284336
64030.22 0.04615631
64333.4 0.04063529
64636.560000000005 0.03825768
64939.72 0.03659921
65242.899999999994 0.03522494
65546.06 0.03447108
65849.23 0.03648749
66152.41 0.03606012
66455.57 0.03600915
66758.75 0.035892
67061.90999999999 0.03519131
67365.08 0.03673371
67668.26 0.03604819
67971.42 0.03386039
68274.59 0.03609917
68577.76000000001 0.03707863
68880.92 0.0403023
69184.09999999999 0.04120041
69487.27 0.04335457
69790.43 0.05692066
70093.61 0.05354513
70396.77 0.04527664
70699.95 0.0457604
71003.11 0.04751107
71306.28 0.04614763
71609.46 0.04806643
71912.62 0.05038547
72215.78 0.04858382
72518.96 0.05291059
72822.12999999999 0.05698356
73125.29 0.05940458
73428.45999999999 0.06564362
73711.79 0.05893598
73731.63 0.07071559
74034.81 0.07685269
74319.33 0.07001163
74337.97 0.08354408
74926.87 0.0836287
75534.42 0.09959406
76141.97 0.1036757
76749.51 0.1009044
77357.06999999999 0.09863844
77964.61 0.09652875
78572.15 0.08949572
79179.70999999999 0.07828663
79787.25 0.06733248
80394.79 0.05740007
81002.34 0.04916411
81609.87999999999 0.0455055
82217.43999999999 0.04254541
82824.98000000001 0.04208226
83432.53000000001 0.04207249
84040.07 0.04181
84647.62999999999 0.0434804
85255.16 0.04717157
85862.71 0.0470349
86470.26000000001 0.04248576
87077.8 0.03562843
87685.34000000001 0.02832746
88292.89 0.02237908
88900.44 0.01811629
89507.99 0.01590463
90115.53 0.01466051
90723.08 0.01269833
91330.63 0.01123184
91938.18000000001 0.01075925
92545.72 0.01063408
93153.26000000001 0.009956154
93760.82 0.009568488
94368.36 0.009596366
94975.90000000001 0.009231587
95583.46 0.009124203
96191.01000000001 0.01001353
96798.55 0.01037636
97406.1 0.008806717
98013.6 0.008269911
98621.20000000001 0.008013602
99228.7 0.007890057
99836.31000000001 0.008053301
100443.81 0.008104715
101051.41 0.008046686
101658.93000000001 0.008288026
102266.43 0.00815103
102874.03 0.008608113
103481.53 0.008599981
104089.14 0.009503516
104696.65000000001 0.01017645
105304.15 0.01159629
105911.75 0.01181974
106519.26 0.01202583
107126.86 0.01193688
107734.36 0.01139021
108341.96 0.01188373
108949.48 0.01321897
109556.98 0.01580051
110164.58 0.01874975
110772.09 0.02247453
111379.69 0.03271064
111987.19 0.04722147
112594.8 0.05222942
113202.3 0.04565194
113809.79999999999 0.0372728
114417.41 0.03042957
115024.92 0.02532073
115632.51 0.02190616
116240.02 0.02023358
116847.63 0.01904911
117455.13 0.01880398
118062.62999999999 0.019291
118670.24 0.02017935
119277.75 0.02121413
119885.34 0.02168055
120492.84999999999 0.02119352
121100.37 0.02051777
121707.95999999999 0.02050042
122315.45999999999 0.02139528
122923.06999999999 0.02324031
123530.58 0.02328804
124138.17 0.02392258
124745.69 0.02503329
125353.18999999999 0.02693907
125960.79 0.02875916
126568.29999999999 0.0299241
127175.9 0.03449276
127783.4 0.046447
128390.91 0.04328842
128998.51 0.0268588
129606.02 0.01857294
130213.62 0.01700559
130821.12000000001 0.0162257
131428.72 0.01612374
132036.23 0.01591114
132643.73 0.01551415
133251.34 0.01529288
133858.84 0.01524081
134466.45 0.01527878
135073.95 0.01540134
135681.56 0.01506293
136289.06 0.01540134
136896.56 0.01458892
137504.17 0.01369189
138111.69 0.01340879
138719.27 0.01326019
139326.78 0.01283933
139934.38 0.01311376
140541.88999999998 0.01239136
141149.38999999998 0.01219395
141757.02 0.01263216
142279.78 0.01280246
143176.88999999998 0.01309749
144074.11 0.01196834
144971.23 0.01080708
145868.34 0.009678258
146765.47 0.009854735
147662.69 0.009035044
148559.81 0.009398086
149456.91999999998 0.009769804
150354.13999999998 0.008466998
151251.27000000002 0.01012308
152148.38 0.009668496
153045.5 0.008340524
153942.72 0.009409474
154839.84 0.01150084
155736.95 0.01344892
156634.17 0.01106155
157531.30000000002 0.0104473
158428.41 0.01012916
159325.63 0.0104422
160222.75 0.01033796
161119.86000000002 0.01044502
162016.98 0.01065588
162914.22 0.01123943
163811.31 0.01398259
164708.44 0.01615845
165605.55999999997 0.0138188
166502.78 0.01306495
167399.91 0.01335022
168297.03 0.01424182
169194.25 0.01452818
170091.36000000002 0.01783102
170988.48 0.01759782
171885.69999999998 0.01374938
172782.81 0.01391967
173679.94 0.01540351
174577.05000000002 0.01318426
175474.27 0.01131102
176371.39 0.01046378
177268.5 0.01172103
178165.72 0.01084309
179062.84 0.01078528
179959.95 0.01073387
180857.16999999998 0.009639643
181754.3 0.009595171
182651.42 0.009753534
183548.53 0.009646151
184445.75 0.009634979
185342.88 0.01198244
186239.98 0.01198895
187137.22 0.01780065
188034.34 0.01361597
188931.44 0.01053049
189828.56000000003 0.01003501
190725.8 0.009076044
191622.91 0.01003316
192520.02999999997 0.01016658
193417.25 0.009621095
194314.36000000002 0.008986342
195211.48 0.01007265
196108.61 0.009951705
197005.83000000002 0.01020888
197902.94 0.01086956
198800.06000000003 0.01039122
199697.28 0.01034664
201117.95 0.009885216
202835.08000000002 0.01131211
204553.2 0.01069699
206272.31 0.01026431
207992.28 0.01131753
209713.12000000002 0.01138804
211434.95 0.0104409
213157.7 0.01126872
214881.38 0.01117327
216606.05000000002 0.009842586
218331.59 0.01053505
220058.14 0.01133272
221785.55 0.01195641
223513.94 0.01133163
225243.3 0.01097694
226973.55000000002 0.01118629
228704.80000000002 0.01216575
230437.0 0.01253237
232170.08 0.01158328
233904.25 0.0116451
235639.19999999998 0.01149216
237375.2 0.01283066
239112.21999999997 0.01264084
240850.11000000002 0.01225361
242588.94999999998 0.01246729
244328.80000000002 0.01279486
246069.52 0.0133654
247811.31 0.01265277
249553.97999999998 0.01277426
251297.75 0.01306603
253042.36 0.01344458
254787.98 0.01370925
256534.58000000002 0.01612049
258282.13999999998 0.01458458
260030.69 0.01439585
261780.23 0.01392293
263530.72000000003 0.01377433
265282.19 0.01636454
267034.66 0.01415505
268788.09 0.01417674
270542.63 0.0139815
272298.0 0.01444357
274054.38 0.01472125
275811.81 0.0147603
277570.25 0.01484165
279329.56 0.01486877
281089.94 0.01533301
282851.31 0.01543823
284613.77999999997 0.01526359
286377.16000000003 0.01535579
288141.5 0.01928232
289906.94 0.0157799
291673.31 0.01536555
293440.72000000003 0.01557598
295209.13 0.01519092
296978.5 0.01581352
298748.97000000003 0.01601419
300520.41 0.01640142
302292.84 0.01621919
304066.34 0.01650555
305840.91000000003 0.01639491
307616.47 0.01639599
309393.0 0.01636454
311170.5 0.01688193
312949.19 0.01692749
314728.75 0.01733641
316509.47 0.01738305
318291.08999999997 0.01801759
320073.88 0.01749152
321857.66000000003 0.01804471
323642.38 0.01609879
325428.22000000003 0.01786682
327215.13 0.01886798
329003.09 0.01932246
330792.08999999997 0.01983551
332582.09 0.02315245
334373.08999999997 0.0329753
336165.22000000003 0.0216697
337958.47000000003 0.01944286
339752.62 0.01920856
341547.94 0.02018586
