102.07000000000001 0.0001498318
103.97 0.0001635197
105.9 0.0001797265
108.12 0.0001956891
109.88 0.0002180367
114.0 0.00025503
118.01 0.0002920869
121.04 0.0003495749
125.0 0.0003967796
127.03 0.0004222732
127.91 0.000435075
130.89 0.0004705343
132.1 0.0004870466
133.94 0.0005076818
137.06 0.0005566124
139.93 0.0005950602
142.86 0.0006769983
146.85999999999999 0.0007772825
150.98 0.0008009067
154.85 0.0009069422
158.82 0.0009740597
162.15 0.001026934
165.93 0.001097844
170.17999999999998 0.001165696
172.95000000000002 0.001165602
176.98 0.001289898
179.85000000000002 0.001341425
181.93 0.001379091
186.17000000000002 0.001447397
190.95000000000002 0.001533121
194.04999999999998 0.00159071
198.10999999999999 0.00165802
201.8 0.001728012
205.07999999999998 0.001780555
209.85 0.001834799
216.23 0.001970441
220.25 0.002039683
222.8 0.002082456
226.94 0.00216062
230.1 0.002874514
233.83999999999997 0.005828309
239.83999999999997 0.01382197
245.98999999999998 0.01407818
251.72 0.01631437
256.99 0.009110738
259.96 0.01728223
264.19 0.02325757
269.1 0.02452191
274.1 0.02515188
279.2 0.02390957
283.74 0.02664312
289.68 0.02651993
295.74 0.02486495
301.24 0.01665649
308.26 0.02180544
318.36 0.03037674
328.03 0.03173775
337.99999999999994 0.03181021
348.27 0.03166427
357.20000000000005 0.03504108
366.36 0.04051206
374.90000000000003 0.04032585
385.4 0.03720312
395.29 0.04241931
405.43 0.04555621
413.91999999999996 0.04545322
421.60999999999996 0.04391217
430.44 0.04261537
441.48 0.04524522
450.73 0.04545491
460.16 0.04311047
469.8 0.04301185
479.64 0.04462284
489.67999999999995 0.04155163
499.93 0.04462449
505.71999999999997 0.04411492
511.58000000000004 0.05991947
519.89 0.05762016
529.5600000000001 0.05477228
539.4 0.0496101
549.43 0.04881851
559.65 0.05592037
570.05 0.05762108
580.65 0.05566307
590.0799999999999 0.05617793
599.67 0.05135389
609.4200000000001 0.04748625
619.32 0.0564366
629.38 0.05427282
639.61 0.05592038
650.0 0.05427252
657.5300000000001 0.05170779
665.14 0.05427284
674.39 0.05515286
685.35 0.05041795
694.89 0.05377315
704.5500000000001 0.04792579
716.0 0.05365042
725.9599999999999 0.05315955
734.37 0.0530371
744.5799999999999 0.05147233
754.94 0.05064969
765.44 0.04629887
774.31 0.04961037
785.0799999999999 0.0475953
794.17 0.04837032
805.2199999999999 0.04825809
814.54 0.04792505
825.8699999999999 0.04781517
835.4399999999999 0.04145296
845.11 0.04640651
854.9 0.04545456
864.8000000000001 0.04576714
874.8100000000001 0.04534941
884.94 0.04493407
895.19 0.04452015
905.55 0.04350794
916.0400000000001 0.04271244
924.5100000000001 0.08701146
935.2199999999999 0.1260564
946.05 0.1609065
954.8 0.1740085
965.86 0.1894846
974.8 0.1048507
986.08 0.1657957
995.21 0.1526041
1004.4200000000001 0.1665569
1016.05 0.1669412
1025.45 0.1203854
1034.94 0.1561606
1044.51 0.1768378
1054.18 0.1704403
1063.93 0.1547294
1073.78 0.1590647
1086.21 0.1417645
1096.26 0.156522
1103.86 0.1498202
1114.0700000000002 0.1470844
1124.3799999999999 0.1344547
1134.78 0.1434103
1145.28 0.1372694
1155.8799999999999 0.134455
1163.89 0.1310918
1174.66 0.1029373
1185.53 0.1226231
1193.75 0.1165645
1204.8 0.1082837
1215.9399999999998 0.0812022
1224.3700000000001 0.1077892
1235.7 0.1139141
1244.27 0.1131268
1255.78 0.1110645
1264.48 0.1097923
1276.18 0.1115755
1285.03 0.1102983
1293.94 0.103173
1305.91 0.1022289
1314.96 0.1055785
1324.08 0.1017585
1336.33 0.09853129
1345.5900000000001 0.09921321
1354.92 0.09695516
1364.31 0.09301815
1373.77 0.09110984
1386.48 0.0896543
1396.0900000000001 0.07354871
1405.77 0.06959324
1415.51 0.08405653
1425.32 0.07990528
1435.2 0.08157889
1441.8300000000002 0.08101557
1448.48 0.08027239
1455.17 0.07790646
1465.26 0.07578393
1475.41 0.0750873
1485.64 0.07457064
1495.94 0.0728736
1506.31 0.07072552
1513.26 0.06785428
1516.75 0.06816747
1523.75 0.0672309
1534.3100000000002 0.06103243
1544.95 0.05477362
1555.66 0.05464596
1566.44 0.05882621
1573.67 0.06047488
1584.58 0.06019626
1595.56 0.05964367
1606.62 0.05722237
1614.04 0.0557909
1625.22 0.05540773
1636.4899999999998 0.05579117
1644.04 0.05452181
1655.44 0.05490103
1666.92 0.05452133
1670.76 0.05182843
1678.47 0.05553401
1686.22 0.05427196
1694.0 0.05266994
1705.74 0.05147209
1713.62 0.04961018
1725.49 0.04859325
1733.46 0.04949524
1745.47 0.04859325
1753.5300000000002 0.04814753
1765.69 0.04715937
1773.84 0.0460856
1786.1299999999999 0.04608607
1794.3799999999999 0.04566238
1806.8100000000002 0.04534975
1815.15 0.04350793
1823.53 0.04330732
1836.17 0.04271289
1844.6499999999999 0.0406974
1853.16 0.04041851
1866.01 0.04032548
1874.62 0.04032584
1883.27 0.03824429
1896.33 0.03711662
1905.0800000000002 0.0379824
1913.8700000000001 0.03677687
1927.1399999999999 0.03536545
1936.04 0.0362728
1944.97 0.03643904
1953.95 0.0343208
1967.49 0.03520154
1976.58 0.0355292
1985.7 0.03432082
1994.87 0.03346221
2004.07 0.03361898
2013.3200000000002 0.03323275
2027.28 0.03331086
2036.64 0.03195816
2046.0400000000002 0.03173792
2055.48 0.02757762
2064.9700000000003 0.02901082
2074.5 0.03144712
2079.28 0.0303782
2084.08 0.03052
2093.7 0.02955131
2103.36 0.02968844
2113.07 0.02961984
2122.82 0.0293485
2132.62 0.02881272
2147.4 0.02815486
2157.31 0.02835066
2167.27 0.02764122
2177.28 0.0275139
2187.33 0.02695146
2197.42 0.02707632
2202.49 0.02664333
2212.65 0.0259757
2222.8700000000003 0.02561846
2233.13 0.02544223
2243.43 0.02509501
2253.79 0.02452275
2264.19 0.02452263
2274.64 0.02429793
2285.14 0.02396488
2295.69 0.02305192
2306.29 0.02310483
2316.9300000000003 0.02289307
2327.63 0.02136498
2332.9900000000002 0.02224368
2343.76 0.0220398
2354.58 0.02193908
2365.4500000000003 0.02158845
2376.37 0.02139112
2387.34 0.0207611
2392.84 0.02088137
2403.88 0.02064335
2414.98 0.02050184
2426.13 0.02045573
2437.33 0.02008349
2442.94 0.02001486
2454.22 0.01983267
2465.55 0.01960702
2476.93 0.01938398
2482.6400000000003 0.01918498
2494.1 0.01717886
2505.6099999999997 0.01879464
2511.39 0.01792897
2517.17 0.01841089
2522.98 0.01834821
2534.6200000000003 0.01822373
2546.32 0.01793439
2552.1899999999996 0.0179149
2563.97 0.01775249
2575.81 0.01771371
2587.7 0.01751315
2593.66 0.01729382
2605.63 0.01713753
2617.66 0.01690492
2623.7 0.01684762
2635.81 0.01673412
2647.9700000000003 0.01673669
2654.08 0.01656529
2666.33 0.01626578
2672.4700000000003 0.01613645
2684.8100000000004 0.01610195
2697.2000000000003 0.01577443
2703.42 0.01572153
2715.9 0.01550848
2722.1600000000003 0.01535003
2734.72 0.01517709
2747.35 0.01500635
2753.68 0.01488752
2766.3900000000003 0.01478796
2772.77 0.01480648
2785.57 0.01463989
2791.99 0.01412825
2804.87 0.01419657
2817.8199999999997 0.01433107
2824.32 0.01415221
2837.3500000000004 0.01392922
2843.89 0.01385099
2857.02 0.01372719
2863.6099999999997 0.01368139
2876.8300000000004 0.01355931
2883.46 0.01345221
2896.77 0.01333233
2910.14 0.01324385
2930.31 0.01299241
2950.62 0.0127165
2971.07 0.01256175
2991.67 0.01235204
3012.41 0.01214584
3033.29 0.01194337
3047.2900000000004 0.01175622
3068.41 0.01156036
3089.6800000000003 0.01136809
3111.1 0.01120467
3132.66 0.01099315
3147.12 0.01082122
3168.94 0.01064135
3190.8999999999996 0.01041692
3213.02 0.01029165
3227.85 0.01013073
3250.23 0.01003212
3272.75 0.009866065
3287.86 0.009734732
3310.65 0.009595763
3318.28 0.009900832
3325.9300000000003 0.009959969
3333.6 0.009813952
3341.29 0.009472018
3348.9900000000002 0.009909106
3356.71 0.009389111
3364.45 0.009358484
3372.2000000000003 0.009136943
3379.97 0.009213015
3387.77 0.009396894
3395.5800000000004 0.009475166
3403.3999999999996 0.00908192
3411.25 0.009073552
3419.11 0.00923357
3426.99 0.00926757
3434.89 0.009301814
3442.81 0.009144542
3450.75 0.009031488
3458.7000000000003 0.008777167
3466.68 0.008911641
3474.67 0.008801575
3482.6800000000003 0.008533993
3490.71 0.008825789
3498.75 0.008797466
3506.82 0.008609081
3514.9 0.008483408
3523.0099999999998 0.008593424
3531.13 0.008546216
3539.27 0.008597577
3547.43 0.008669241
3555.6 0.008621592
3563.7999999999997 0.008554327
3572.02 0.008487748
3580.25 0.008154659
3588.5 0.008053885
3596.78 0.008102555
3605.07 0.008207726
3613.38 0.008181552
3621.71 0.008211877
3630.06 0.008357158
3638.4300000000003 0.008197193
3646.81 0.008114805
3655.2200000000003 0.008070242
3663.65 0.008044555
3672.09 0.007963634
3680.56 0.007883648
3683.44 0.007183151
3686.1899999999996 0.007975841
3688.9300000000003 0.006024265
3691.67 0.006050691
3694.42 0.006931928
3697.16 0.006253934
3699.8999999999996 0.007874359
3702.64 0.006821896
3705.39 0.007579367
3708.13 0.007201243
3710.87 0.007291264
3713.6200000000003 0.006503167
3716.36 0.008179848
3719.1000000000004 0.01236237
3721.85 0.01954692
3724.5899999999997 0.0253029
3727.33 0.02237421
3730.08 0.01741189
3732.82 0.01065339
3735.56 0.00823073
3738.3100000000004 0.008392374
3741.05 0.007013143
3743.79 0.006827021
3746.53 0.007220091
3749.2799999999997 0.008811859
3752.02 0.008103538
3754.7599999999998 0.006048007
3757.51 0.005931316
3760.25 0.006573132
3762.99 0.006573875
3765.7400000000002 0.006359591
3768.48 0.007606035
3771.2200000000003 0.00748253
3773.97 0.00737366
3776.7099999999996 0.006803042
3779.45 0.006469431
3782.2 0.006565532
3784.94 0.007566162
3787.68 0.006378197
3790.42 0.006384812
3793.17 0.008772726
3795.9100000000003 0.009199305
3798.65 0.007857004
3801.3999999999996 0.006275209
3804.14 0.006573377
3806.88 0.006249793
3809.63 0.006169056
3812.37 0.006876911
3815.1099999999997 0.006995059
3817.86 0.006977913
3820.6 0.006859787
3823.34 0.00543579
3826.0899999999997 0.007879225
3828.83 0.009433612
3831.57 0.009153325
3834.3100000000004 0.009163124
3837.06 0.008008135
3839.7999999999997 0.00611208
3842.54 0.005895626
3845.29 0.007869205
3848.03 0.006877158
3850.77 0.006602983
3853.5199999999995 0.007605779
3856.26 0.007812959
3859.0 0.007679426
3861.75 0.0104171
3864.49 0.01302005
3867.23 0.0130186
3869.98 0.01075561
3872.7200000000003 0.00840413
3875.46 0.007313757
3878.2100000000005 0.007556365
3880.9500000000003 0.009954831
3883.69 0.01292222
3886.4300000000003 0.01567659
3889.18 0.01314111
3891.9199999999996 0.008490724
3894.66 0.006406087
3897.41 0.006442019
3900.15 0.00600837
3902.89 0.006845126
3905.6400000000003 0.006687096
3908.38 0.006420014
3911.1200000000003 0.006850994
3913.87 0.006543031
3916.6099999999997 0.006454743
3919.35 0.006250521
3922.1 0.00628523
3924.84 0.005991243
3927.58 0.006038214
3930.3199999999997 0.006828497
3933.07 0.005858918
3935.81 0.007214693
3938.55 0.006169078
3941.2999999999997 0.005905143
3944.04 0.006123572
3946.7799999999997 0.006568493
3949.53 0.006522487
3952.27 0.006431265
3955.0099999999998 0.005607248
3957.76 0.006481394
3960.5 0.008553086
3963.2400000000002 0.0111849
3965.99 0.01406662
3968.7299999999996 0.01332382
3971.47 0.01135024
3974.21 0.007508706
3976.96 0.006581683
3979.7 0.006244403
3982.44 0.005919595
3985.19 0.005947213
3987.9300000000003 0.006616912
3990.67 0.006025012
3993.4199999999996 0.006199384
3996.1600000000003 0.006274728
3998.9 0.005952367
4001.65 0.005195829
4004.39 0.005810004
4007.1299999999997 0.006168828
4009.88 0.005658592
4012.62 0.005732711
4015.36 0.005378553
4018.1 0.006018411
4020.8500000000004 0.006642096
4023.59 0.006433471
4026.3300000000004 0.006397282
4029.08 0.006307006
4031.8199999999997 0.006176893
4034.56 0.005390787
4037.31 0.005976074
4040.05 0.005759864
4042.79 0.005183372
4045.5400000000004 0.005294644
4048.28 0.005541198
4051.02 0.005755958
4053.77 0.005674245
4056.5099999999998 0.006904055
4059.25 0.005713642
4061.99 0.005981723
4064.7400000000002 0.00624635
4067.48 0.005432361
4070.22 0.005801947
4072.9700000000003 0.005922021
4075.71 0.005967279
4078.4500000000003 0.005741286
4081.2 0.005834701
4083.9399999999996 0.005372678
4086.68 0.00592057
4089.43 0.006121848
4092.17 0.007230097
4094.91 0.01030193
4097.66 0.01516116
4100.400000000001 0.0160241
4103.14 0.01295867
4105.88 0.008332734
4108.63 0.006570677
4111.37 0.006077836
4114.110000000001 0.005868232
4116.86 0.005217357
4119.6 0.005607731
4122.34 0.004997241
4125.09 0.004962492
4127.83 0.005249893
4130.57 0.005576431
4133.32 0.005800701
4136.0599999999995 0.005685996
4138.8 0.005294171
4141.55 0.005316412
4144.29 0.00576084
4147.03 0.005327923
4149.7699999999995 0.005730283
4152.52 0.005427217
4155.26 0.005344798
4158.0 0.005577168
4160.75 0.004906482
4163.490000000001 0.005040035
4166.2300000000005 0.005238163
4168.98 0.005628022
4171.72 0.005087974
4174.46 0.004877634
4177.21 0.004953196
4179.95 0.005633654
4182.69 0.005781885
4185.4400000000005 0.006185929
4188.18 0.006239992
4190.92 0.006029165
4193.66 0.005464657
4196.41 0.005248666
4199.15 0.005282428
4201.889999999999 0.005893668
4204.64 0.005405691
4207.38 0.005347976
4210.12 0.005296375
4212.87 0.004905747
4215.610000000001 0.005271662
4218.35 0.005274849
4221.099999999999 0.005066686
4223.84 0.00484534
4226.58 0.004752158
4229.33 0.00495295
4232.07 0.005344303
4234.81 0.005010689
4237.55 0.004629134
4240.3 0.004965431
4243.04 0.00500286
4245.78 0.00499284
4248.53 0.005035627
4251.2699999999995 0.004952962
4254.009999999999 0.004463054
4256.76 0.004803265
4259.5 0.005218586
4262.24 0.00525895
4264.99 0.004508531
4267.7300000000005 0.004716196
4270.47 0.004918723
4273.219999999999 0.004826741
4275.96 0.004954181
4278.7 0.004914564
4281.4400000000005 0.004980367
4284.19 0.005734178
4286.93 0.004837516
4289.67 0.004606141
4292.42 0.004820876
4295.16 0.004831645
4297.9 0.005002866
4300.65 0.004804732
4303.39 0.004958831
4306.13 0.004475038
4308.88 0.004693932
4311.62 0.004751661
4314.36 0.004809637
4317.11 0.004387215
4319.85 0.004486279
4322.59 0.005119532
4325.33 0.004926312
4328.08 0.005223963
4330.820000000001 0.006865909
4333.56 0.01311327
4336.3099999999995 0.0232378
4339.05 0.02601223
4341.79 0.0207944
4344.54 0.01089821
4347.28 0.006811117
4350.02 0.005426252
4352.77 0.005260158
4355.51 0.005809761
4358.25 0.006826044
4361.0 0.007111215
4363.74 0.006315571
4366.48 0.005764762
4369.2300000000005 0.005840567
4371.97 0.004892787
4374.71 0.004681224
4377.45 0.004679029
4380.2 0.004199372
4382.9400000000005 0.004828466
4385.68 0.004576054
4388.429999999999 0.00432558
4391.17 0.004418775
4393.91 0.004100324
4396.66 0.004509266
4399.4 0.004578492
4402.14 0.004935356
4404.89 0.00458362
4407.63 0.004760711
4410.37 0.004156088
4413.12 0.004562339
4415.86 0.004507069
4418.599999999999 0.004881544
4421.34 0.004399706
4424.09 0.004534217
4426.83 0.004567732
4429.57 0.004213082
4432.32 0.004651619
4435.06 0.004653093
4437.8 0.004638425
4440.55 0.004553538
4443.29 0.004847052
4446.030000000001 0.004752159
4448.78 0.004314327
4451.5199999999995 0.004532018
4454.26 0.004491668
4457.01 0.004530543
4459.75 0.004356157
4462.49 0.004431741
4465.2300000000005 0.005123451
4467.98 0.005825654
4470.72 0.005860149
4473.46 0.005055453
4476.21 0.004526634
4478.95 0.00480156
4481.69 0.00444104
4484.4400000000005 0.004354441
4487.18 0.004261258
4489.92 0.004273493
4492.67 0.004318974
4495.41 0.004370833
4498.150000000001 0.004193756
4500.9 0.004606855
4503.639999999999 0.004361048
4506.38 0.004285476
4509.12 0.004346384
4511.87 0.004200106
4514.61 0.004351025
4517.35 0.004514663
4520.1 0.004420725
4522.84 0.004275691
4525.58 0.003649787
4528.33 0.004206708
4531.07 0.004273977
4533.8099999999995 0.004555995
4536.56 0.004818428
4539.3 0.004529573
4542.04 0.004072683
4544.79 0.004107402
4547.53 0.004679261
4550.27 0.004398722
4553.01 0.004084184
4555.76 0.00401055
4558.5 0.003991966
4561.24 0.003810484
4563.99 0.004330227
4566.73 0.004356405
4569.47 0.00407244
4572.22 0.004596096
4574.96 0.004232151
4577.7 0.003964575
4580.45 0.004149473
4583.19 0.004178341
4585.929999999999 0.004174922
4588.68 0.004295492
4591.42 0.004185678
4594.16 0.004039662
4596.9 0.004196206
4599.650000000001 0.004076833
4602.39 0.004134562
4605.13 0.004032818
4607.88 0.003974594
4610.62 0.003878475
4613.360000000001 0.004216505
4616.11 0.004235571
4618.849999999999 0.004351267
4621.59 0.004451312
4624.34 0.00400223
4627.08 0.003825886
4629.82 0.004169786
4632.57 0.004058241
4635.31 0.004056289
4638.05 0.003863313
4640.79 0.004013496
4643.54 0.00388752
4646.28 0.004060941
4649.0199999999995 0.003982922
4651.77 0.004124038
4654.51 0.004283029
4657.25 0.004149242
4660.0 0.004343435
4662.74 0.004309931
4665.4800000000005 0.003978517
4668.23 0.003798731
4670.97 0.003994653
4673.71 0.003836164
4676.46 0.003859144
4679.2 0.004442741
4681.94 0.00466606
4684.68 0.00496251
4687.43 0.004541311
4690.17 0.004265174
4692.91 0.004202564
4695.66 0.003973615
4698.4 0.004080018
4701.139999999999 0.004218461
4703.89 0.003980707
4706.63 0.003953808
4709.37 0.004171254
4712.12 0.004109361
4714.860000000001 0.004113525
4717.6 0.003481996
4720.349999999999 0.004032558
4723.09 0.003815612
4725.83 0.003490556
4728.570000000001 0.003797278
4731.32 0.003999788
4734.0599999999995 0.004075127
4736.8 0.004066572
4739.55 0.003958696
4742.29 0.00357078
4745.03 0.003838123
4747.78 0.004032806
4750.5199999999995 0.003781371
4753.26 0.003489335
4756.01 0.003880425
4758.75 0.003818548
4761.49 0.003774038
4764.24 0.003734403
4766.9800000000005 0.003690871
4769.72 0.003437235
4772.46 0.003951615
4775.21 0.003648311
4777.95 0.003973133
4780.6900000000005 0.00369406
4783.44 0.003474651
4786.18 0.003328391
4788.92 0.003774284
4791.67 0.003482722
4794.41 0.003392473
4797.15 0.003683541
4799.900000000001 0.003560745
4802.64 0.003462914
4805.38 0.003659814
4808.13 0.003544112
4810.87 0.003290476
4813.61 0.003659324
4816.349999999999 0.003456073
4819.1 0.003638528
4821.84 0.003572493
4824.58 0.0036312
4827.33 0.003563193
4830.070000000001 0.003659078
4832.81 0.003645629
4835.5599999999995 0.003709213
4838.3 0.003781372
4841.04 0.003604293
4843.79 0.003516719
4846.53 0.003986093
4849.2699999999995 0.005088959
4852.02 0.009786055
4854.76 0.02469876
4857.5 0.04491422
4860.25 0.05083562
4862.99 0.03602329
4865.73 0.01758803
4868.469999999999 0.007421138
4871.22 0.004338544
4873.96 0.003913207
4876.7 0.003827361
4879.45 0.003576645
4882.1900000000005 0.003598173
4884.93 0.00344164
4887.679999999999 0.003514518
4890.42 0.003476122
4893.16 0.003302711
4895.91 0.003418393
4898.65 0.003532866
4901.39 0.003678157
4904.14 0.003427442
4906.88 0.003753975
4909.62 0.003782841
4912.36 0.003692837
4915.11 0.003236665
4917.85 0.004114505
4920.59 0.003954793
4923.34 0.003447746
4926.08 0.003679378
4928.82 0.003426965
4931.57 0.003366052
4934.31 0.003117552
4937.05 0.003346493
4939.8 0.00354558
4942.54 0.003304908
4945.280000000001 0.003650274
4948.03 0.00435982
4950.7699999999995 0.009691653
4953.51 0.02019317
4956.25 0.03097258
4959.0 0.02928726
4961.74 0.01726664
4964.48 0.00828112
4967.2300000000005 0.004948063
4969.97 0.003880675
4972.71 0.003543145
4975.46 0.003278489
4978.2 0.003547297
4980.94 0.003604537
4983.6900000000005 0.003983642
4986.43 0.00399343
4989.17 0.004129917
4991.92 0.004014459
4994.66 0.005852317
4997.400000000001 0.01260352
5000.139999999999 0.0369626
5002.889999999999 0.07495719
5005.63 0.08978438
5008.37 0.06498539
5011.12 0.02894482
5013.86 0.01072408
5016.6 0.005982695
5019.35 0.004236549
5022.09 0.003587655
5024.83 0.003449955
5027.58 0.003205356
5030.320000000001 0.003332791
5033.06 0.003642692
5035.8099999999995 0.003687931
5038.55 0.003277513
5041.290000000001 0.003342823
5044.030000000001 0.003307606
5046.78 0.003007729
5049.5199999999995 0.003372173
5052.259999999999 0.003225178
5055.01 0.003194106
5057.75 0.003327412
5060.49 0.003309561
5063.24 0.003286804
5065.98 0.003372171
5068.72 0.002909653
5071.47 0.003279466
5074.21 0.003102876
5076.95 0.003346003
5079.700000000001 0.003553651
5082.4400000000005 0.003527729
5085.18 0.003468787
5087.92 0.002919929
5090.67 0.002987183
5093.410000000001 0.003220526
5096.150000000001 0.003293174
5098.9 0.00324278
5101.639999999999 0.003008955
5104.379999999999 0.002838479
5107.13 0.003211961
5109.87 0.003209763
5112.61 0.002641827
5115.36 0.003263324
5118.099999999999 0.003351869
5120.84 0.003102146
5123.59 0.003142985
5126.33 0.00333279
5129.07 0.003204629
5131.81 0.003094078
5134.56 0.00299501
5137.3 0.002851684
5140.04 0.002777576
5142.79 0.002740146
5145.530000000001 0.002739905
5148.27 0.003117068
5151.0199999999995 0.00338195
5153.759999999999 0.002938757
5156.500000000001 0.003353831
5159.25 0.002878583
5161.99 0.002859264
5164.73 0.002933379
5167.48 0.003125129
5170.22 0.003266017
5172.96 0.002991835
5175.7 0.002867831
5178.45 0.003001859
5181.19 0.003073772
5183.93 0.00285609
5186.68 0.002603175
5189.42 0.002892775
5192.16 0.002812552
5194.910000000001 0.002795912
5197.650000000001 0.002751645
5200.39 0.003150576
5203.14 0.00321196
5205.88 0.002867825
5208.620000000001 0.002913077
5211.37 0.003119993
5214.11 0.002857062
5216.849999999999 0.002816219
5219.589999999999 0.002794209
5222.34 0.00326137
5225.08 0.002704929
5227.82 0.002869298
5230.57 0.003025339
5233.3099999999995 0.003147393
5236.05 0.002702975
5238.8 0.002439006
5241.54 0.002510479
5244.28 0.002745289
5247.030000000001 0.00326895
5249.77 0.002989387
5252.51 0.003171855
5255.26 0.002938997
5258.0 0.003050533
5260.740000000001 0.002720339
5263.4800000000005 0.002872967
5266.23 0.0031085
5268.969999999999 0.003171608
5271.709999999999 0.003110465
5274.46 0.002537381
5277.2 0.002630084
5279.94 0.002742355
5282.69 0.002683401
5285.43 0.002886659
5288.17 0.002891554
5290.92 0.003004058
5293.66 0.003221014
5296.4 0.003559042
5299.150000000001 0.003547292
5301.89 0.003385378
5304.63 0.002969333
5307.37 0.003254774
5310.120000000001 0.002863176
5312.860000000001 0.003120245
5315.6 0.002395745
5318.349999999999 0.002973241
5321.09 0.002915766
5323.830000000001 0.002570651
5326.58 0.002786374
5329.32 0.002871739
5332.0599999999995 0.002942429
5334.8099999999995 0.002756533
5337.55 0.002713978
5340.29 0.002336772
5343.04 0.002652826
5345.78 0.002789311
5348.5199999999995 0.003144704
5351.27 0.003010416
5354.01 0.00282233
5356.75 0.003037084
5359.49 0.002961508
5362.240000000001 0.00260073
5364.9800000000005 0.002660169
5367.72 0.002836522
5370.47 0.00270517
5373.21 0.002768277
5375.950000000001 0.002874188
5378.7 0.00291625
5381.44 0.002809613
5384.179999999999 0.00270811
5386.929999999999 0.002779524
5389.67 0.002533714
5392.41 0.002732324
5395.16 0.002848008
5397.9 0.002678266
5400.64 0.002609784
5403.38 0.002789072
5406.13 0.002776835
5408.87 0.002369228
5411.61 0.002547416
5414.360000000001 0.002598284
5417.1 0.002556217
5419.84 0.002629353
5422.59 0.002403002
5425.330000000001 0.002505097
5428.070000000001 0.002272592
5430.82 0.00254912
5433.5599999999995 0.002738436
5436.299999999999 0.002446153
5439.049999999999 0.002369615
5441.79 0.002315098
5444.53 0.00208203
5447.2699999999995 0.002523446
5450.0199999999995 0.00216103
5452.76 0.002440209
5455.5 0.002821113
5458.25 0.002770965
5460.99 0.002621278
5463.73 0.002769014
5466.4800000000005 0.002639863
5469.22 0.002357438
5471.96 0.002756784
5474.71 0.002622986
5477.450000000001 0.00261076
5480.1900000000005 0.002467922
5482.94 0.002864152
5485.679999999999 0.002809366
5488.42 0.002587771
5491.160000000001 0.002726457
5493.91 0.002701991
5496.65 0.002293968
5499.389999999999 0.002811329
5502.139999999999 0.002741614
5504.88 0.002232453
5507.62 0.00214543
5510.37 0.002823062
5513.11 0.002667016
5515.85 0.002754338
5518.6 0.002891302
5521.34 0.002664325
5524.08 0.002520509
5526.83 0.002598038
5529.570000000001 0.002421177
5532.31 0.002781242
5535.05 0.002989882
5537.8 0.002369128
5540.540000000001 0.002405697
5543.280000000001 0.002516352
5546.03 0.002784418
5548.7699999999995 0.002426829
5551.509999999999 0.002069191
5554.259999999999 0.002425896
5557.0 0.003042463
5559.74 0.003073285
5562.49 0.002079189
5565.23 0.002311185
5567.97 0.002324567
5570.72 0.002484792
5573.46 0.00237764
5576.2 0.002727676
5578.94 0.002422822
5581.6900000000005 0.002405401
5584.43 0.002630818
5587.17 0.002534208
5589.92 0.002133831
5592.660000000001 0.002566001
5595.400000000001 0.002106149
5598.15 0.00238708
5600.889999999999 0.002407286
5603.63 0.002271124
5606.38 0.002502648
5609.12 0.002647938
5611.86 0.00237894
5614.61 0.002663588
5617.349999999999 0.002717401
5620.09 0.002312264
5622.83 0.002601715
5625.58 0.002321359
5628.32 0.002591684
5631.06 0.002696861
5633.81 0.002376783
5636.55 0.002256202
5639.29 0.002427737
5642.04 0.002699788
5644.780000000001 0.002736236
5647.52 0.002165755
5650.2699999999995 0.002138624
5653.01 0.002370939
5655.750000000001 0.002381337
5658.5 0.002283813
5661.24 0.002262316
5663.98 0.002537874
5666.719999999999 0.002926287
5669.469999999999 0.00263106
5672.21 0.002363652
5674.95 0.002210907
5677.7 0.002889347
5680.44 0.002951965
5683.18 0.002203544
5685.93 0.002076108
5688.67 0.002323195
5691.41 0.002711535
5694.160000000001 0.002509986
5696.900000000001 0.00238197
5699.64 0.002289346
5702.39 0.002073245
5705.13 0.002055197
5707.870000000001 0.002418416
5710.610000000001 0.002299964
5713.36 0.002015744
5716.099999999999 0.002497027
5718.839999999999 0.002167786
5721.59 0.002284035
5724.33 0.002101939
5727.07 0.002424435
5729.82 0.002278604
5732.5599999999995 0.00231236
5735.3 0.002626662
5738.05 0.002153716
5740.79 0.002342199
5743.53 0.002054759
5746.280000000001 0.002467916
5749.02 0.002337674
5751.76 0.002186789
5754.5 0.002195474
5757.25 0.002425482
5759.990000000001 0.002193049
5762.7300000000005 0.00198965
5765.48 0.002061213
5768.219999999999 0.002036756
5770.960000000001 0.002153697
5773.71 0.002533467
5776.45 0.002218682
5779.19 0.002288711
5781.94 0.002085671
5784.679999999999 0.002539829
5787.42 0.002617856
5790.17 0.002230737
5792.91 0.002331829
5795.65 0.001898221
5798.39 0.002165756
5801.14 0.00246376
5803.88 0.002309695
5806.62 0.002256132
5809.370000000001 0.002473543
5812.110000000001 0.00239266
5814.85 0.002276408
5817.6 0.002260773
5820.34 0.002402981
5823.080000000001 0.00233736
5825.83 0.002316735
5828.57 0.001870336
5831.3099999999995 0.002005988
5834.0599999999995 0.00215895
5836.8 0.002734767
5839.54 0.00201308
5842.28 0.001982411
5845.03 0.001742659
5847.7699999999995 0.002212495
5850.51 0.002453493
5853.26 0.002072415
5856.0 0.002539096
5858.74 0.001929334
5861.490000000001 0.002557926
5864.2300000000005 0.002149683
5866.97 0.002742353
5869.72 0.004420237
5872.46 0.005088952
5875.200000000001 0.00473161
5877.95 0.004250979
5880.69 0.002708596
5883.429999999999 0.00229957
5886.179999999999 0.002543005
5888.92 0.001693594
5891.66 0.002021176
5894.4 0.001973679
5897.15 0.002180842
5899.889999999999 0.002548146
5902.63 0.002459363
5905.38 0.002632038
5908.12 0.002031081
5910.86 0.002396013
5913.610000000001 0.00221051
5916.35 0.002234971
5919.09 0.002336601
5921.84 0.00184201
5924.580000000001 0.00212444
5927.320000000001 0.002179598
5930.07 0.00197898
5932.8099999999995 0.002024891
5935.55 0.002007846
5938.290000000001 0.002247645
5941.04 0.001707584
5943.78 0.002166658
5946.5199999999995 0.00202174
5949.2699999999995 0.002150855
5952.01 0.001852457
5954.75 0.001988598
5957.5 0.001784629
5960.24 0.002180477
5962.98 0.001941611
5965.7300000000005 0.002024254
5968.47 0.002191507
5971.21 0.002074253
5973.96 0.001848002
5976.700000000001 0.00213256
5979.4400000000005 0.00209629
5982.18 0.002161745
5984.93 0.002296606
5987.67 0.002137307
5990.410000000001 0.002107274
5993.16 0.002050597
5995.9 0.001680216
5998.639999999999 0.001852532
6001.389999999999 0.00181985
6004.13 0.00196964
6006.87 0.001781233
6009.62 0.002068574
6012.36 0.002208531
6015.099999999999 0.002012371
6017.85 0.001956111
6020.59 0.001943101
6023.33 0.002012126
6026.07 0.001869825
6028.820000000001 0.001886942
6031.56 0.002454957
6034.3 0.002089443
6037.05 0.002242356
6039.790000000001 0.002263124
6042.530000000001 0.001942052
6045.28 0.001889534
6048.0199999999995 0.002304484
6050.759999999999 0.002191681
6053.509999999999 0.002331117
6056.25 0.002132708
6058.99 0.001979229
6061.74 0.001929915
6064.48 0.002135129
6067.22 0.002012419
6069.96 0.002030326
6072.71 0.001832423
6075.45 0.002147287
6078.19 0.002083524
6080.9400000000005 0.002024255
6083.68 0.002116957
6086.42 0.001947213
6089.17 0.001650105
6091.910000000001 0.001630808
6094.650000000001 0.001998797
6097.4 0.002020708
6100.139999999999 0.001999675
6102.88 0.00189986
6105.63 0.001893178
6108.37 0.002002756
6111.11 0.001971695
6113.849999999999 0.001913534
6116.599999999999 0.002007061
6119.34 0.002286361
6122.08 0.002271199
6124.83 0.002097852
6127.57 0.001871706
6130.3099999999995 0.001955456
6133.06 0.002366926
6135.8 0.002091348
6138.54 0.001861459
6141.29 0.002172134
6144.030000000001 0.001801165
6146.77 0.001680804
6149.52 0.002060967
6152.26 0.002014032
6155.000000000001 0.001850305
6157.740000000001 0.002047227
6160.49 0.001940312
6163.23 0.001802487
6165.969999999999 0.001679582
6168.719999999999 0.0017159
6171.46 0.001454948
6174.2 0.001524486
6176.95 0.001709564
6179.69 0.002108225
6182.43 0.001931559
6185.18 0.001880093
6187.92 0.001727568
6190.66 0.001931338
6193.41 0.001772864
6196.150000000001 0.002207528
6198.89 0.002061656
6201.63 0.002061682
6204.38 0.001665417
6207.120000000001 0.00185637
6209.860000000001 0.001764724
6212.61 0.001586903
6215.349999999999 0.001817113
6218.089999999999 0.002150908
6220.84 0.001809504
6223.58 0.00177135
6226.32 0.001880953
6229.07 0.001485984
6231.8099999999995 0.001691075
6234.55 0.001955749
6237.3 0.001728202
6240.04 0.001900444
6242.78 0.001551244
6245.5199999999995 0.00132923
6248.27 0.001895161
6251.01 0.002137087
6253.75 0.002274843
6256.5 0.002007256
6259.240000000001 0.001832449
6261.9800000000005 0.001524291
6264.73 0.002174287
6267.47 0.001464095
6270.210000000001 0.001890272
6272.96 0.001787956
6275.7 0.001452134
6278.44 0.00171013
6281.19 0.001618283
6283.929999999999 0.00200574
6286.67 -0.000629161
6289.41 0.00111646
6292.16 0.001236552
6294.9 0.001486745
6297.64 0.001990066
6300.39 0.002657231
6303.13 0.002092009
6305.87 0.00154601
6308.62 0.001680556
6311.360000000001 0.001931141
6314.1 0.001544005
6316.85 0.001683002
6319.59 0.002000091
6322.330000000001 0.001919671
6325.08 0.002258376
6327.82 0.002203541
6330.5599999999995 0.001896728
6333.299999999999 0.001816455
6336.05 0.001908907
6338.79 0.001329742
6341.53 0.001878997
6344.28 0.001798523
6347.0199999999995 0.001725025
6349.76 0.001440176
6352.51 0.001962471
6355.25 0.001935104
6357.99 0.002029737
6360.740000000001 0.001306577
6363.4800000000005 0.001467201
6366.22 0.001692691
6368.97 0.00195073
6371.71 0.001848983
6374.450000000001 0.001708149
6377.2 0.001870162
6379.94 0.001636139
6382.679999999999 0.001432959
6385.420000000001 0.001641842
6388.17 0.001770762
6390.91 0.001623569
6393.65 0.001399281
6396.4 0.001559876
6399.139999999999 0.001845779
6401.88 0.001772844
6404.63 0.001822516
6407.37 0.00214934
6410.11 0.002093013
6412.860000000001 0.002050695
6415.6 0.001883739
6418.34 0.001915073
6421.09 0.001794828
6423.83 0.001439587
6426.570000000001 0.001498485
6429.31 0.001613371
6432.06 0.001466956
6434.8 0.001790991
6437.540000000001 0.00157771
6440.29 0.001814763
6443.03 0.001967756
6445.7699999999995 0.002080417
6448.5199999999995 0.001707901
6451.26 0.001205269
6454.0 0.001751442
6456.75 0.001480334
6459.49 0.001921479
6462.23 0.001769126
6464.9800000000005 0.001737447
6467.72 0.001865859
6470.46 0.001895701
6473.2 0.001782261
6475.950000000001 0.002289856
6478.6900000000005 0.00229025
6481.43 0.001452308
6484.18 0.001876376
6486.92 0.001677428
6489.660000000001 0.001382452
6492.41 0.001624716
6495.15 0.001516658
6497.889999999999 0.0021727
6500.639999999999 0.001512718
6503.38 0.001596369
6506.12 0.001629122
6508.87 0.001556842
6511.61 0.00191375
6514.349999999999 0.000998762
6517.09 0.001540483
6519.84 0.001532849
6522.58 0.001980574
6525.32 0.001812052
6528.070000000001 0.001604734
6530.81 0.002075792
6533.55 0.001802782
6536.3 0.001588517
6539.04 0.00209509
6541.780000000001 0.001980868
6544.53 0.002532733
6547.2699999999995 0.003182857
6550.01 0.005256013
6552.759999999999 0.0139957
6555.5 0.04790306
6558.24 0.1123626
6560.98 0.1450058
6563.73 0.1096353
6566.47 0.04866622
6569.21 0.01448321
6571.96 0.005107538
6574.7 0.003175276
6577.44 0.002699795
6580.1900000000005 0.002651605
6582.93 0.002402443
6585.67 0.001988353
6588.42 0.001760659
6591.160000000001 0.001323895
6593.900000000001 0.002040108
6596.65 0.001977929
6599.39 0.001925661
6602.13 0.001581818
6604.870000000001 0.001561714
6607.62 0.001634134
6610.36 0.001760442
6613.099999999999 0.001595981
6615.849999999999 0.001557454
6618.59 0.001536739
6621.33 0.001568831
6624.08 0.001617599
6626.82 0.001758852
6629.5599999999995 0.001423543
6632.31 0.001418575
6635.05 0.001499414
6637.79 0.001710742
6640.54 0.001546643
6643.280000000001 0.001487331
6646.02 0.001591112
6648.76 0.001228263
6651.51 0.001159701
6654.25 0.001621637
6656.990000000001 0.00168122
6659.74 0.001490803
6662.48 0.001377241
6665.219999999999 0.001630981
6667.969999999999 0.001794046
6670.71 0.001696187
6673.45 0.002644517
6676.2 0.003315178
6678.94 0.002473545
6681.68 0.002249111
6684.43 0.001689043
6687.17 0.002377958
6689.91 0.001751417
6692.65 0.001928429
6695.400000000001 0.001532996
6698.14 0.00168567
6700.88 0.001480338
6703.63 0.001441421
6706.370000000001 0.002105926
6709.110000000001 0.002365928
6711.86 0.003197041
6714.599999999999 0.003206583
6717.34 0.003450444
6720.089999999999 0.002073148
6722.83 0.002270999
6725.57 0.002481619
6728.32 0.00318579
6731.0599999999995 0.003087711
6733.8 0.002209095
6736.54 0.001845879
6739.29 0.001477938
6742.03 0.001623056
6744.7699999999995 0.001799529
6747.52 0.002002413
6750.26 0.001919646
6753.0 0.001823743
6755.75 0.00183367
6758.490000000001 0.001827459
6761.2300000000005 0.001543197
6763.9800000000005 0.001254626
6766.72 0.001546546
6769.46 0.001733097
6772.21 0.001538669
6774.95 0.001657223
6777.69 0.001513088
6780.429999999999 0.001306605
6783.179999999999 0.001530378
6785.92 0.001362248
6788.66 0.001412733
6791.41 0.001646828
6794.15 0.001727544
6796.89 0.001621931
6799.64 0.001430585
6802.38 0.001715779
6805.12 0.001900398
6807.87 0.001552904
6810.610000000001 0.001672829
6822.03 0.00164118
6837.75 0.001633255
6853.51 0.001621637
6869.32 0.001591646
6885.15 0.001591284
6901.0199999999995 0.001583604
6916.93 0.001579592
6932.88 0.001564717
6948.86 0.00156435
6964.88 0.001542537
6980.929999999999 0.001552858
6997.02 0.001524143
7013.150000000001 0.00150981
7029.32 0.00150597
7045.53 0.001505603
7061.77 0.001508709
7078.05 0.00150142
7094.36 0.001494159
7110.72 0.001486914
7127.11 0.001466173
7143.540000000001 0.001472581
7160.01 0.001458712
7176.51 0.001392725
7193.06 0.001293469
7209.64 0.001357209
7226.26 0.001427382
7242.92 0.001353417
7259.61 0.001334513
7276.35 0.001387438
7293.12 0.001380715
7309.93 0.001330454
7326.780000000001 0.001364232
7343.68 0.001389224
7360.6 0.001360389
7377.57 0.001366332
7394.58 0.001334901
7411.63 0.001349992
7428.709999999999 0.001318931
7445.83 0.001333878
7463.0 0.001342756
7480.2 0.001323995
7497.45 0.001320618
7514.73 0.001311179
7532.06 0.001301807
7549.42 0.001301467
7566.82 0.001283296
7584.2699999999995 0.001279989
7601.75 0.001262112
7619.27 0.00124734
7636.84 0.001246997
7654.4400000000005 0.001246677
7672.08 0.001192991
7689.77 0.001212047
7707.500000000001 0.001189617
7725.26 0.0011893
7743.08 0.001197221
7760.93 0.001183183
7778.81 0.001127051
7796.75 0.001158308
7814.72 0.001166014
7832.73 0.001171078
7850.79 0.001170759
7868.889999999999 0.001170439
7887.030000000001 0.001146128
7905.21 0.001127489
7923.4400000000005 0.001116848
7941.700000000001 0.001106282
7960.009999999999 0.001100903
7978.36 0.001103127
7996.75 0.001097771
8015.179999999999 0.001092416
8033.66 0.001074657
8052.18 0.001086789
8070.74 0.001083978
8089.349999999999 0.001059003
8108.0 0.001049
8126.69 0.001058415
8145.42 0.001045991
8164.200000000001 0.001003237
8183.0199999999995 0.001035817
8201.880000000001 0.001002676
8220.79 0.00101867
8239.74 0.0009416983
8258.73 0.001029874
8277.77 0.00102486
8296.86 0.0009694585
8315.98 0.0009781665
8335.15 0.0009823985
8354.369999999999 0.0009798284
8373.62 0.0009840869
8392.93 0.0009680645
8412.28 0.0009834983
8431.67 0.0009832053
8451.1 0.000953928
8470.58 0.0009691418
8490.109999999999 0.000977825
8509.68 0.0008494397
8529.3 0.0009705123
8548.96 0.0007922545
8568.67 0.0009610223
8588.42 0.0009651807
8608.22 0.0008481684
8628.07 0.0009426272
8647.960000000001 0.0009423583
8667.89 0.0008454271
8687.869999999999 0.0008850037
8707.9 0.0009074306
8727.970000000001 0.0009113462
8748.1 0.0008903337
8768.26 0.0008778372
8788.470000000001 0.0008959368
8808.73 0.0008956673
8829.04 0.0008770295
8849.39 0.0008667075
8869.789999999999 0.00075987
8890.24 0.0008503682
8910.73 0.0008658995
8931.27 0.0008596643
8951.86 0.0008417597
8972.5 0.0007835225
8993.18 0.0008239775
9013.92 0.0007758417
9034.69 0.0007845993
9055.52 0.0008760008
9076.4 0.0008382355
9097.32 0.0007695314
9118.29 0.0007999824
9139.310000000001 0.0007654949
9160.380000000001 0.0007599683
9181.5 0.0007493036
9202.66 0.0007916172
9223.88 0.0007522867
9245.14 0.0007400093
9266.45 0.0007945034
9287.82 0.0007344314
9309.220000000001 0.000694711
9330.68 0.000770315
9352.19 0.0007647376
9373.75 0.0007574727
9395.36 0.0007572291
9417.02 0.0007448766
9438.73 0.0007480554
9460.49 0.0007409616
9482.289999999999 0.0007372952
9504.16 0.0007286099
9526.06 0.0007150864
9548.02 0.0006625232
9570.039999999999 0.0007080406
9592.1 0.0007143504
9614.21 0.0007091901
9636.369999999999 0.0007040543
9658.59 0.0006989661
9680.85 0.0006955179
9703.16 0.0006889145
9725.54 0.0006854895
9747.949999999999 0.0006805492
9770.42 0.0006787399
9792.95 0.0006722818
9815.52 0.0006736031
9838.15 0.0006687347
9860.83 0.0006654087
9883.56 0.0006560659
9906.34 0.0006528131
9929.18 0.0006495836
9952.07 0.0006478473
9975.01 0.000643176
9998.01 0.0006399709
10021.050000000001 0.0006208931
10067.310000000001 0.0006049219
10113.78 0.0006128959
10183.880000000001 0.0006038209
10230.900000000001 0.0005978519
10278.11 0.0005919342
10301.81 0.0005862833
10493.33 0.0005543652
10688.42 0.0005230822
10912.230000000001 0.0004893031
11089.539999999999 0.0004770498
11295.710000000001 0.0004524434
11505.710000000001 0.0004360806
11692.66 0.0004155106
11910.050000000001 0.0003967991
12103.57 0.0003806809
12300.24 0.0003660787
12500.1 0.0003512076
12703.210000000001 0.0003377307
12909.619999999999 0.0003240093
13089.21 0.0003122934
13301.890000000001 0.0003003084
13486.94 0.000290794
13706.09 0.0002802763
13896.759999999998 0.0002707618
14090.08 0.0002615654
14286.099999999999 0.0002520994
14484.84 0.000245789
14686.34 0.0002374487
14890.64 0.0002309792
15097.789999999999 0.0002241674
15307.820000000002 0.0002200754
15485.08 0.0002175561
15700.5 0.0002087239
15882.31 0.0002002487
16103.25 0.0001863439
16289.71 0.0001802339
16516.32 0.0001731165
16707.579999999998 0.0001672828
16901.04 0.0001617944
17096.75 0.0001563497
17294.71 0.00015113
17494.98 0.0001460572
17697.57 0.000141097
17902.5 0.0001363812
18109.78 0.0001317122
18319.49 0.0001272923
18489.01 0.0001237848
18703.08 0.0001196049
18919.66 0.000115525
19094.73 0.00011236
19315.84 0.0001085298
19494.55 0.0001055385
19720.3 0.0001019405
19902.78 9.911787e-05
20086.92 9.640544e-05
20319.52 9.307898e-05
20507.54 9.054265e-05
20697.28 8.803312e-05
20888.8 8.561655e-05
21082.070000000003 8.325866e-05
21277.149999999998 8.095951e-05
21523.530000000002 7.818343e-05
21722.670000000002 7.603349e-05
21923.68 7.394465e-05
22075.64 7.238905e-05
22279.91 7.043233e-05
22486.07 6.845605e-05
22694.12 6.661673e-05
22904.12 6.476025e-05
23116.03 6.301142e-05
23276.27 6.17078e-05
23491.66 6.001518e-05
23709.01 5.838624e-05
23873.37 5.715839e-05
24094.25 5.563212e-05
24317.199999999997 5.409365e-05
24485.75 5.300766e-05
24712.32 5.156704e-05
24883.600000000002 5.050555e-05
25113.86 4.915783e-05
25287.929999999997 4.814035e-05
25521.93 4.686356e-05
25698.820000000003 4.590968e-05
25876.969999999998 4.497043e-05
26116.42 4.378417e-05
26297.440000000002 4.288652e-05
26479.71 4.203779e-05
26724.739999999998 4.092e-05
26910.0 4.008841e-05
27096.52 3.930815e-05
27284.329999999998 3.852056e-05
27473.47 3.774767e-05
27727.66 3.676932e-05
27919.879999999997 3.602818e-05
28113.39 3.533114e-05
28308.28 3.46414e-05
28504.489999999998 3.394431e-05
28702.09 3.329858e-05
28901.03 3.265042e-05
29101.379999999997 3.19998e-05
29303.089999999997 3.13981e-05
29506.230000000003 3.078907e-05
29710.74 3.018737e-05
29916.7 2.961993e-05
30124.059999999998 2.905003e-05
30332.85 2.849238e-05
30472.890000000003 2.81377e-05
30684.100000000002 2.76045e-05
30896.81 2.70713e-05
31110.96 2.657477e-05
31326.63 2.607336e-05
31471.22 2.573827e-05
31689.35 2.526866e-05
31909.03 2.480149e-05
32130.190000000002 2.433115e-05
32278.530000000002 2.404032e-05
32502.25 2.360202e-05
32727.53 2.31603e-05
32878.62 2.288317e-05
33106.51 2.247274e-05
33336.009999999995 2.205963e-05
33489.87 2.179352e-05
33722.0 2.140951e-05
33877.68 2.115195e-05
34112.490000000005 2.076746e-05
34269.93 2.052826e-05
34507.5 2.016723e-05
34666.77 1.992533e-05
34907.09 1.957777e-05
35068.2 1.935274e-05
35311.26 1.90135e-05
35474.28 1.878749e-05
35720.16 1.847247e-05
35885.060000000005 1.826089e-05
36133.79 1.794219e-05
36300.560000000005 1.774187e-05
36468.14 1.754449e-05
36720.91 1.724706e-05
36890.39 1.704748e-05
37060.7 1.686282e-05
37317.57 1.65852e-05
37489.81 1.639882e-05
37662.88 1.621441e-05
37923.93 1.595514e-05
38098.97 1.578124e-05
38274.86 1.560659e-05
38540.14 1.53559e-05
38718.07 1.519348e-05
38896.77 1.503059e-05
39076.3 1.48667e-05
39256.65 1.471017e-05
39528.79 1.448221e-05
39711.23 1.432935e-05
39894.56 1.417599e-05
40078.69 1.403168e-05
40263.67 1.388933e-05
40542.79 1.367482e-05
40729.92 1.353075e-05
40917.899999999994 1.339794e-05
41106.759999999995 1.326464e-05
41296.53 1.313061e-05
41487.13 1.299608e-05
41678.61 1.286865e-05
41871.03 1.27439e-05
42064.28 1.261868e-05
42258.42 1.249296e-05
42453.51 1.237066e-05
42747.76 1.219578e-05
42945.07 1.207837e-05
43143.32 1.196049e-05
43342.450000000004 1.184797e-05
43542.50000000001 1.173888e-05
43743.51 1.162931e-05
43945.41 1.151924e-05
44148.240000000005 1.141113e-05
44250.0 1.136026e-05
44454.28 1.125802e-05
44659.46 1.115553e-05
44865.579999999994 1.105232e-05
45072.71 1.095302e-05
45280.74 1.085763e-05
45489.73 1.076199e-05
45699.69 1.066562e-05
45910.659999999996 1.057048e-05
46122.560000000005 1.048145e-05
46335.439999999995 1.039217e-05
46549.35 1.030215e-05
46656.649999999994 1.025715e-05
46871.99 1.016959e-05
47088.32 1.008643e-05
47305.71000000001 1.000278e-05
47524.05 9.918887e-06
47743.39000000001 9.835236e-06
47853.5 9.796345e-06
48074.36 9.718811e-06
48296.25 9.64054e-06
48519.16 9.562272e-06
48743.15 9.485227e-06
48855.5 9.449274e-06
49081.0 9.376628e-06
49307.53 9.303737e-06
49535.159999999996 9.230604e-06
49649.340000000004 9.193919e-06
49878.5 9.12641e-06
50108.759999999995 9.058661e-06
50340.03 8.990667e-06
50456.07000000001 8.956665e-06
50688.950000000004 8.889405e-06
50805.79 8.858096e-06
50922.96 8.826542e-06
51040.340000000004 8.795237e-06
51157.99 8.763684e-06
51275.909999999996 8.731887e-06
51394.11 8.700334e-06
51512.58 8.668539e-06
51631.369999999995 8.636743e-06
51750.39 8.606899e-06
51869.68 8.577794e-06
51989.24 8.548687e-06
52109.08 8.519337e-06
52229.19 8.489989e-06
52349.579999999994 8.460637e-06
52470.31 8.431286e-06
52591.26 8.401688e-06
52712.49 8.372338e-06
52833.990000000005 8.345434e-06
52955.78 8.318527e-06
53077.84 8.29138e-06
53200.25 8.263986e-06
53322.880000000005 8.236838e-06
53445.79 8.209444e-06
53568.990000000005 8.182291e-06
53692.469999999994 8.154653e-06
53816.240000000005 8.128727e-06
53940.29 8.103778e-06
54064.68 8.078584e-06
54189.31 8.053391e-06
54314.22 8.028197e-06
54439.409999999996 8.003009e-06
54564.899999999994 7.977816e-06
54690.68 7.952376e-06
54816.74 7.92694e-06
54943.16 7.903702e-06
55069.81 7.880713e-06
55196.75 7.857476e-06
55323.979999999996 7.83424e-06
55451.49999999999 7.810759e-06
55579.32 7.787524e-06
55707.5 7.764043e-06
55835.91 7.740561e-06
55964.619999999995 7.718058e-06
56093.62 7.696777e-06
56222.92 7.675256e-06
56352.520000000004 7.653975e-06
56482.409999999996 7.632452e-06
56612.67 7.610926e-06
56743.170000000006 7.589403e-06
56873.96 7.56788e-06
57005.06 7.546357e-06
57136.46 7.5263e-06
57268.16 7.506734e-06
57400.24 7.487163e-06
57532.55 7.467354e-06
57665.170000000006 7.447785e-06
57798.090000000004 7.427973e-06
57931.32 7.40816e-06
58064.850000000006 7.388349e-06
58198.7 7.368781e-06
58332.91 7.350929e-06
58467.37 7.333072e-06
58602.14 7.314974e-06
58737.23 7.297116e-06
58872.619999999995 7.279017e-06
59008.32 7.26092e-06
59144.34 7.24282e-06
59280.74 7.22472e-06
59417.39 7.207597e-06
59554.35 7.191209e-06
59691.619999999995 7.174822e-06
59829.22 7.158435e-06
59967.13 7.142049e-06
60105.42 7.12566e-06
60243.969999999994 7.109272e-06
60382.84 7.09264e-06
60522.030000000006 7.07625e-06
60661.53 7.061332e-06
60801.36000000001 7.046658e-06
60941.51 7.031737e-06
61082.049999999996 7.017061e-06
61222.85 7.002141e-06
61363.969999999994 6.987223e-06
61505.43 6.972302e-06
61647.2 6.957381e-06
61789.3 6.942949e-06
61931.79 6.929743e-06
62074.55 6.916536e-06
62217.64 6.903083e-06
62361.060000000005 6.889874e-06
62504.799999999996 6.876423e-06
62648.88 6.863216e-06
62793.28999999999 6.849762e-06
62938.1 6.836309e-06
63083.18 6.824079e-06
63228.590000000004 6.81234e-06
63374.34 6.800354e-06
63520.42 6.788613e-06
63666.840000000004 6.776628e-06
63813.67 6.764887e-06
63960.76 6.752903e-06
64108.19 6.74092e-06
64255.97 6.729179e-06
64404.079999999994 6.718905e-06
64552.54 6.708387e-06
64701.34 6.69787e-06
64850.55 6.687598e-06
65000.030000000006 6.677081e-06
65149.86 6.666563e-06
65300.04 6.656044e-06
65450.56 6.645531e-06
65601.43000000001 6.635989e-06
65752.64 6.626939e-06
65904.28 6.617889e-06
66056.19 6.608839e-06
66208.46 6.59979e-06
66361.08 6.59074e-06
66514.04000000001 6.581691e-06
66667.36 6.572396e-06
66821.11 6.563345e-06
66975.13 6.555764e-06
67129.51999999999 6.547936e-06
67284.26 6.540353e-06
67439.34999999999 6.532773e-06
67594.8 6.524945e-06
67750.61 6.517364e-06
67906.85 6.509537e-06
68063.39 6.501954e-06
68220.28 6.494616e-06
68377.53 6.488257e-06
68535.15 6.482142e-06
68693.13 6.475781e-06
68851.54 6.469425e-06
69010.25 6.463063e-06
69169.32 6.456706e-06
69328.76000000001 6.450346e-06
69488.57 6.443986e-06
69648.75 6.438604e-06
69809.29 6.433713e-06
69970.29000000001 6.428576e-06
70131.56999999999 6.423685e-06
70293.23 6.418793e-06
70455.26 6.413657e-06
70617.67 6.408764e-06
70780.44 6.40363e-06
70943.68000000001 6.39898e-06
71107.2 6.395313e-06
71271.11 6.391645e-06
71435.4 6.387975e-06
71600.06 6.384306e-06
71765.1 6.380638e-06
71930.53 6.376969e-06
72096.41 6.373302e-06
72262.6 6.36963e-06
72429.17 6.366696e-06
72596.12 6.364495e-06
72763.46 6.362047e-06
72931.19 6.359847e-06
73099.3 6.3574e-06
73267.87999999999 6.355197e-06
73436.76999999999 6.352752e-06
73606.05 6.350552e-06
73775.72 6.348105e-06
73945.77 6.347128e-06
74116.22 6.34615e-06
74287.15000000001 6.345169e-06
74458.38 6.344192e-06
74630.01000000001 6.343215e-06
74802.04 6.342237e-06
74974.46 6.341258e-06
75147.29 6.340279e-06
75320.51 6.33979e-06
75494.20999999999 6.340279e-06
75668.23 6.340525e-06
75842.65000000001 6.341013e-06
76017.47 6.341258e-06
76192.7 6.341746e-06
76368.33 6.342237e-06
76544.44 6.342482e-06
76720.87999999999 6.34297e-06
76897.73 6.344438e-06
77074.99 6.346149e-06
77252.65000000001 6.347863e-06
77430.72 6.349575e-06
77609.20999999999 6.351285e-06
77788.19 6.353243e-06
77967.5 6.354953e-06
78147.22 6.356667e-06
78327.34999999999 6.358868e-06
78507.9 6.361804e-06
78688.87 6.364982e-06
78870.25 6.368163e-06
79052.14 6.371341e-06
79234.36 6.374767e-06
79417.0 6.377946e-06
79600.06 6.381126e-06
79783.55 6.384306e-06
79967.45 6.388219e-06
80151.87 6.392866e-06
80336.62 6.397515e-06
80521.81 6.402161e-06
80707.41 6.406811e-06
87638.37000000001 3.888747e-06
91861.68000000001 3.672774e-06
92464.98000000001 3.756913e-06
93671.65 3.768653e-06
94274.93999999999 3.820751e-06
94878.31999999999 4.588521e-06
96688.3 5.508671e-06
97291.58 4.031833e-06
98498.26 2.718136e-06
99101.56000000001 2.944626e-06
99704.94 3.278738e-06
100308.23 2.732812e-06
102118.19 2.761918e-06
102721.49 4.397495e-06
103324.87000000001 3.796781e-06
103928.16 3.785775e-06
104531.45 9.073578e-06
105134.83 1.261012e-05
105738.12999999999 5.597212e-06
106341.52 3.841296e-06
106944.8 3.533847e-06
107548.09 2.408068e-06
108151.49 3.642933e-06
108754.77 3.346979e-06
109358.06 4.008841e-06
109961.45 4.386488e-06
110564.73999999999 4.009085e-06
111168.03000000001 3.428672e-06
111771.41 3.562463e-06
112374.7 5.593789e-06
112978.09000000001 3.523818e-06
113581.38 2.871005e-06
114184.67 3.258926e-06
114788.06000000001 3.571024e-06
115391.34000000001 4.263704e-06
115994.64 3.981691e-06
116598.02 4.572622e-06
117201.31 3.554881e-06
117804.59000000001 3.967017e-06
118407.98 4.349312e-06
119011.28 3.267731e-06
119614.67000000001 4.21234e-06
120217.96 5.334767e-06
120821.24 5.768671e-06
121424.64 5.365829e-06
122027.92 5.145699e-06
122631.21999999999 5.087486e-06
123234.59 6.200618e-06
123837.89 6.557721e-06
124441.18 5.460976e-06
125044.56 4.915783e-06
125647.85 6.681728e-06
126251.23999999999 4.710571e-06
126854.53000000001 5.520411e-06
127457.82 5.77821e-06
128061.20999999999 7.136911e-06
128664.48999999999 7.002141e-06
129267.79 5.695538e-06
129871.18000000001 4.92948e-06
130474.46 5.385397e-06
131077.73 5.849876e-06
131681.13999999998 5.758643e-06
132284.41999999998 4.896951e-06
132887.69999999998 6.127731e-06
133491.09 6.009349e-06
134094.39 5.965322e-06
134697.8 6.091529e-06
135301.06 6.837044e-06
135904.36000000002 6.638435e-06
136507.75 5.759377e-06
137111.05 5.667899e-06
137714.31 6.327562e-06
138317.72 6.65042e-06
138921.0 5.625586e-06
139524.3 6.663872e-06
140127.69 6.558209e-06
140730.97 6.217739e-06
141334.36 6.541577e-06
141937.66 8.777624e-06
142540.94 7.283176e-06
143144.33 5.434316e-06
143747.63 7.304699e-06
144350.91 5.045416e-06
145409.84 7.231078e-06
146254.55000000002 7.591116e-06
147099.22 6.277175e-06
147943.91 5.393468e-06
148788.48 6.577288e-06
149633.17 7.101446e-06
150477.84 6.930233e-06
151322.44 6.907486e-06
152167.12 7.463194e-06
153011.80000000002 5.639527e-06
153856.38999999998 6.168577e-06
154701.06 7.832283e-06
155545.77 1.648199e-05
156390.34 1.034863e-05
157235.03 6.512716e-06
158079.69999999998 6.182519e-06
158924.3 6.459638e-06
159768.98 6.26837e-06
160613.66 6.372566e-06
161458.34 5.978775e-06
162302.94 8.058284e-06
163147.63 6.314108e-06
163992.3 6.99407e-06
164836.91 6.499507e-06
165681.56 5.705812e-06
166526.22999999998 4.451306e-06
167370.84 6.465021e-06
168215.52000000002 6.676591e-06
169060.2 7.456103e-06
169904.78 7.985641e-06
170749.47999999998 7.199526e-06
171594.16 7.332095e-06
172438.73 9.105865e-06
173283.44 6.546468e-06
174128.11000000002 8.271567e-06
174972.8 7.299563e-06
175817.37 8.682725e-06
176662.06 8.098643e-06
177506.72999999998 8.149517e-06
178351.34 8.439601e-06
179196.02000000002 7.983684e-06
180040.69999999998 7.8066e-06
180885.3 6.571172e-06
181729.95 8.029912e-06
182574.66 8.268632e-06
183419.23 6.237552e-06
184263.92 6.768557e-06
185108.59 6.101804e-06
185953.17 5.926432e-06
186797.87000000002 1.096304e-05
187642.56 1.044867e-05
188487.25000000003 7.367804e-06
189331.81 6.741898e-06
190176.52 6.437871e-06
191021.18999999997 7.40596e-06
191865.78 7.257005e-06
192710.45 6.965454e-06
193555.13999999998 6.419038e-06
194399.72999999998 7.994446e-06
195244.44 6.445453e-06
196089.09 6.732114e-06
196933.69 9.093391e-06
197778.36000000002 5.066207e-06
198623.05 4.889612e-06
199467.66 7.746675e-06
200312.30999999997 7.524832e-06
201157.02 7.41501e-06
202001.69 7.099e-06
202846.27000000002 8.694953e-06
203690.95 5.847674e-06
205380.22999999998 7.283176e-06
207069.59000000003 6.58169e-06
208758.88 6.689065e-06
210448.13 6.955424e-06
212137.47999999998 6.555275e-06
213826.75 6.524701e-06
215516.13 6.137025e-06
217205.41 5.452904e-06
218894.66999999998 5.926921e-06
220584.05000000002 6.285735e-06
222273.31 6.796441e-06
223962.56 5.399339e-06
225651.94000000003 6.773694e-06
227341.2 6.103516e-06
229030.58000000002 6.329028e-06
230719.84 5.974861e-06
232409.11000000002 6.4117e-06
234098.48 7.341389e-06
235787.77 6.903082e-06
237477.03000000003 6.641126e-06
239166.37999999998 6.780787e-06
240855.66 6.852452e-06
242545.02 6.941728e-06
244234.3 6.813317e-06
245923.56 6.632809e-06
247612.94 6.40534e-06
249302.19999999998 7.192188e-06
250991.46999999997 7.245265e-06
252680.84000000003 7.376121e-06
254370.13 7.960936e-06
256059.44999999998 7.594052e-06
257748.72999999998 8.455499e-06
259438.0 9.347766e-06
261127.38 8.16517e-06
262816.63 8.178868e-06
264505.91 8.201859e-06
266195.27999999997 7.992e-06
267884.53 7.797307e-06
269573.91000000003 7.575951e-06
271263.16 7.596254e-06
272952.47 7.661559e-06
274641.83999999997 7.787522e-06
276331.06 7.758661e-06
278020.33999999997 7.94137e-06
279709.72 8.011568e-06
281399.0 7.754014e-06
283088.38 6.819432e-06
284777.63 7.709988e-06
286466.91000000003 8.007898e-06
288156.25 7.988576e-06
289845.52999999997 8.002273e-06
291534.81 8.029666e-06
293224.16000000003 7.958002e-06
294913.44 7.494992e-06
296602.78 7.483986e-06
298292.08999999997 8.10231e-06
299981.38 7.804398e-06
301670.72000000003 7.380524e-06
303360.0 7.607014e-06
305049.25 7.640768e-06
306738.63 7.536817e-06
308427.88 7.602123e-06
310117.25 7.014861e-06
311806.52999999997 7.257738e-06
313495.78 7.009724e-06
315185.16000000003 8.181068e-06
316874.44 7.98613e-06
318563.72000000003 6.956159e-06
320253.09 7.43531e-06
321942.31 7.855519e-06
323631.72 7.462461e-06
325320.97000000003 7.806356e-06
327010.25 8.68835e-06
328699.62 8.107446e-06
330388.88 7.152321e-06
332078.13 7.707787e-06
333767.53 8.550402e-06
335456.81 9.837926e-06
337146.13 8.614484e-06
338835.41000000003 7.837174e-06
340524.69 7.620957e-06
342214.03 8.820185e-06
343903.31000000006 8.846844e-06
345592.56 8.990419e-06
347281.97000000003 1.169168e-05
348971.19000000006 1.074022e-05
