0.089197 12827630.0
0.12487999999999999 8567403.0
0.17839 5533841.0
0.25994 3495971.0
0.37589999999999996 2121356.0
0.49057999999999996 1519287.0
0.64986 1023660.0
1.0903 611714.8
1.177 498853.2
1.2854 459482.3
1.3583 355069.1
1.4172 354672.9
1.4646000000000001 350017.2
1.5068 324826.7
1.5425 328882.8
1.5754000000000001 305817.5
1.6085 300640.0
1.6406 279299.6
1.6713 286412.6
1.6977 286870.9
1.7237 278972.0
1.7519 256993.0
1.7781 307848.1
1.8019999999999998 313830.6
1.8266 273267.6
1.8519 222913.1
1.8746 262389.0
1.8961999999999999 234819.8
1.9164999999999999 286189.4
1.9374 224206.1
1.9622 208471.1
1.9859 228859.9
2.0063 233092.9
2.0273 218639.0
2.0505999999999998 231294.7
2.0724 221014.5
2.0947 191608.7
2.1175 218095.5
2.1386 198477.4
2.1602 192185.9
2.1822 198029.7
2.2024 197949.8
2.2230000000000003 184164.8
2.244 202173.6
2.263 202442.4
2.2823 196349.0
2.3019 195406.0
2.3219000000000003 215844.3
2.3422 161086.3
2.3603 205873.8
2.3813 147877.2
2.4053999999999998 158940.0
2.43 162923.5
2.455 160066.0
2.4777 154275.7
2.5009 140098.5
2.5244999999999997 126600.9
2.5454999999999997 177835.7
2.5638 162657.4
2.5855 136957.7
2.6107 138501.1
2.6330999999999998 146142.4
2.6527000000000003 154814.6
2.6726 156571.2
2.6928 151541.0
2.7132 136049.0
2.7376 126789.7
2.7659000000000002 124753.8
2.7911 140963.0
2.8131 128594.6
2.8354 134449.6
2.8582 146119.3
2.8812 123940.2
2.9007 159381.8
2.9205 128952.5
2.9446000000000003 138659.5
2.9692 135294.9
2.9899 156988.6
3.0109 120908.3
3.0322 146749.3
3.0539 130590.3
3.0758 140815.0
3.0981 133696.1
3.1252 99331.5
3.1527999999999996 98425.44
3.1762 128934.0
3.2 102292.0
3.2289 120251.9
3.2534 123324.0
3.2784 112812.0
3.3087999999999997 112270.5
3.3397 117755.0
3.3659 112644.9
3.3872999999999998 119450.8
3.4143 97075.62
3.4473000000000003 88717.74
3.4751999999999996 109446.6
3.4979 104050.6
3.521 97064.38
3.5502 85665.44
3.5859 87870.46
3.6223 90228.72
3.6532 93450.09
3.6782999999999997 97813.93
3.7037 118888.2
3.7295 94370.66
3.7557 101165.4
3.7822 89474.56
3.8091999999999997 89361.62
3.8364999999999996 90362.78
3.8642 86945.27
3.8923 92831.97
3.9208 90341.64
3.9497000000000004 77395.41
3.9866 71362.76
4.024 87167.82
4.0545 82335.77
4.0854 85301.57
4.1168 75675.76
4.1488000000000005 83980.78
4.1812000000000005 71821.09
4.2141 70273.12
4.2475 74238.76
4.2815 84285.89
4.316 88530.86
4.3511 73282.51
4.3868 70545.88
4.4231 79426.77
4.4599 76188.88
4.4974 70005.68
4.5355 79843.46
4.5743 70225.59
4.6137 59015.05
4.6537999999999995 59878.57
4.6947 59514.03
4.7362 62698.96
4.7785 58171.13
4.8216 55925.63
4.8654 59685.01
4.91 54453.1
4.944 67360.83
4.9784999999999995 52907.79
5.0134 63431.32
5.0489999999999995 52651.3
5.0971 57602.67
5.1337 58794.67
5.1584 58442.22
5.1834 57828.93
5.208600000000001 57701.01
5.2341 57647.12
5.2598 63104.5
5.2989 48694.18
5.3385 57094.18
5.3653 52078.01
5.3923000000000005 54788.17
5.4196 54319.82
5.4472 57956.65
5.4892 45634.81
5.5316 56118.85
5.5604000000000005 51403.49
5.6041 45312.15
5.6484000000000005 49032.9
5.6784 47669.14
5.7086 45625.7
5.7392 46661.98
5.7702 39445.99
5.8015 44469.82
5.8331 36776.11
5.865 41433.23
5.897399999999999 37888.66
5.93 37555.17
5.9631 48004.21
5.996499999999999 43335.8
6.0302999999999995 41767.31
6.0644 39803.39
6.099 44057.08
6.1339 38530.49
6.1693 41675.39
6.204999999999999 42767.8
6.2412 35433.87
6.2778 40071.05
6.3149 38226.65
6.3524 42503.85
6.3903 34291.53
6.4287 38438.57
6.467499999999999 40245.79
6.5068 37627.02
6.546600000000001 35565.49
6.5869 38635.56
6.6277 36539.17
6.669 40441.0
6.7108 42906.29
6.753100000000001 38379.2
6.796 35689.64
6.8393999999999995 33916.5
6.8834 32724.37
6.928 33680.35
6.9731000000000005 41165.18
7.0188 32838.16
7.0652 34450.82
7.1121 36945.57
7.1597 33795.91
7.2079 35463.53
7.2568 32707.33
7.3063 36171.2
7.3565000000000005 34679.05
7.4074 29869.38
7.4591 33642.24
7.5114 29684.4
7.5645 34192.74
7.6183000000000005 31886.4
7.6729 31633.87
7.7283 31685.19
7.7846 36315.03
7.8416 33837.52
7.8995 33710.53
7.958200000000001 29711.09
8.0178 34707.52
8.0783 31301.76
8.1397 32192.63
8.2021 28545.57
8.2655 30267.0
8.3298 26706.32
8.3951 31219.01
8.461500000000001 30299.76
8.5289 29487.81
8.5974 26693.12
8.6671 29518.65
8.7378 28587.24
8.8097 25763.42
8.8828 29686.06
8.9571 27040.74
9.0328 27845.36
9.1096 23796.99
9.1878 22480.77
9.2674 26427.44
9.3483 23963.48
9.4307 23762.39
9.5145 25323.41
9.5999 23791.71
9.6867 29577.56
9.7752 23609.64
9.8653 24986.21
9.957099999999999 24600.08
10.051 26024.22
10.146 22882.88
10.242999999999999 21832.01
10.342 24936.62
10.443 25175.55
10.546 22344.34
10.651 22873.37
10.758000000000001 19126.66
10.866999999999999 23049.63
10.978 22023.65
11.092 21271.73
11.207999999999998 19249.23
11.327 18163.29
11.448 19120.46
11.572 19245.67
11.697999999999999 19657.02
11.828 17507.59
11.96 17330.28
12.095 16809.63
12.233 18113.1
12.375000000000002 19093.25
12.519 17551.24
12.667 16717.64
12.819 18526.97
12.975 16922.56
13.133999999999999 18576.76
13.297 17459.85
13.464 16500.7
13.636 16686.47
13.812 17525.62
13.991999999999999 16161.66
14.178 15664.52
14.368 14760.71
14.563 15386.96
14.764000000000001 15820.37
14.970999999999998 14241.91
15.183 13321.66
15.402000000000001 13033.6
15.627 14149.39
15.858 13417.48
16.096999999999998 12670.46
16.342 13418.54
16.596 12597.55
16.857 12403.99
17.127 11126.8
17.405 11572.23
17.692999999999998 10896.85
17.991 11554.33
18.298 10629.13
18.616 11118.61
18.946 10526.97
19.287 10156.63
19.641 10873.74
20.008 9127.873
20.39 9046.844
20.785999999999998 9538.502
21.197 9658.429
21.626 8740.688
22.072 9400.878
22.536 9798.892
23.021 10037.49
23.527 9199.194
24.056 8800.388
24.608999999999998 8230.803
25.188 9460.907
25.796 7397.791
26.433 8123.556
27.101999999999997 7075.984
27.805999999999997 7682.946
28.548 7567.709
29.33 6729.412
30.157 6124.16
31.032 6112.182
31.958 5630.165
32.942 6162.239
33.988 5881.105
35.103 4902.848
793.8000000000001 1704.461
798.16 2221.908
802.5200000000001 2365.263
806.88 2833.884
811.23 2650.032
815.59 2755.116
819.9499999999999 2184.514
824.3100000000001 2398.75
828.67 2993.922
833.03 2425.495
837.39 2519.083
841.75 2242.15
846.11 2672.901
850.47 2597.951
854.83 2237.992
859.1899999999999 2789.075
863.5500000000001 2733.022
867.91 2666.009
872.27 2350.367
876.63 2530.019
880.99 2508.378
885.35 1835.735
889.7099999999999 2166.651
894.07 2088.507
898.4300000000001 2380.286
902.79 2571.187
907.1500000000001 2522.432
911.51 2613.89
915.87 2550.129
920.2299999999999 2520.47
924.59 2716.178
928.95 2682.254
933.31 2617.366
937.6700000000001 2280.727
942.03 2726.78
946.39 2581.372
950.74 2631.172
955.1 2519.462
959.46 2508.044
963.8199999999999 2587.585
968.1800000000001 2564.988
972.54 2845.552
976.9 2831.773
981.2600000000001 2518.869
985.62 2735.843
989.98 2694.139
994.3399999999999 2785.337
998.7 2712.86
1003.0600000000001 2683.9
1007.42 2712.143
1011.7800000000001 2797.006
1016.14 2855.02
1020.5 3147.828
1024.86 3315.767
1029.22 3115.464
1033.5800000000002 3353.899
1037.94 2922.902
1042.3 2428.495
1046.6599999999999 1374.765
1051.02 834.914
1055.38 1945.15
1059.74 2489.498
1064.1000000000001 2592.15
1068.46 2525.406
1072.82 2507.951
1077.1799999999998 2443.808
1081.54 2278.589
1085.9 2162.898
1090.26 2158.032
1094.6100000000001 2265.336
1098.97 2211.874
1103.33 2211.999
1107.69 2254.23
1112.05 2324.495
1116.41 2285.236
1120.77 2187.341
1125.13 2042.755
1129.49 2237.566
1133.85 2227.996
1138.21 2196.605
1142.57 2136.31
1146.93 2149.188
1151.29 1915.783
1155.65 2158.567
1160.01 2248.857
1164.37 2322.575
1168.73 2432.305
1173.09 2492.734
1177.45 2527.493
1181.81 2638.167
1186.17 2758.565
1190.53 2956.277
1194.8899999999999 3239.479
1199.25 3548.596
1203.61 3906.428
1207.97 5544.399
1212.33 6765.939
1216.69 6245.801
1221.05 4603.184
1225.41 3696.059
1229.77 3329.403
1234.12 3210.019
1238.48 3185.61
1242.8400000000001 2985.556
1247.2 2712.557
1251.56 2529.293
1255.92 2413.689
1260.28 2309.393
1264.6399999999999 2235.145
1269.0000000000002 2082.512
1273.3600000000001 1997.725
1277.72 1956.017
1282.08 1919.496
1286.44 1885.079
1290.8 1936.119
1295.1599999999999 1919.77
1299.5200000000002 1968.202
1303.88 1957.194
1308.24 1967.766
1312.6 1853.537
1316.96 1664.994
1321.32 1798.654
1325.6799999999998 1795.449
1330.0400000000002 1845.101
1334.4 1758.192
1338.76 1624.886
1343.12 1806.428
1347.48 1742.471
1351.84 1759.854
1356.1999999999998 1757.545
1360.5600000000002 1762.052
1364.92 1754.68
1369.28 1771.783
1373.64 1803.422
1377.99 1860.783
1382.35 1874.548
1386.7099999999998 1850.8
1391.0700000000002 2006.885
1395.43 2097.681
1399.79 2047.535
1404.15 2039.492
1408.51 1909.757
1412.87 1830.987
1417.2299999999998 1775.386
1421.5900000000001 1723.449
1425.95 1749.044
1430.31 1646.705
1434.67 1674.659
1439.03 1664.995
1443.3899999999999 1515.399
1447.7499999999998 1661.53
1452.1100000000001 1713.955
1456.47 1742.16
1460.83 1646.654
1465.19 1724.959
1469.55 1712.127
1473.9099999999999 1646.759
1478.2699999999998 1672.851
1482.63 1710.591
1486.99 1677.177
1491.35 1723.636
1495.71 1696.67
1500.07 1754.5
1504.4299999999998 1698.696
1508.7900000000002 1811.903
1513.15 1866.449
1517.5 1901.388
1521.86 1966.976
1526.22 2079.139
1530.58 2210.173
1534.9399999999998 2459.671
1539.3000000000002 2795.988
1543.66 3100.166
1548.02 3115.906
1552.3799999999999 2826.091
1556.74 2464.663
1561.1 2203.133
1565.4599999999998 2051.305
1569.8200000000002 1924.066
1574.18 1850.222
1578.54 1782.604
1582.8999999999999 1770.902
1587.26 1714.347
1591.62 1712.571
1595.9799999999998 1678.349
1600.3400000000001 1628.094
1604.7 1674.76
1609.06 1686.885
1613.42 1707.813
1617.78 1717.761
1622.1399999999999 1678.013
1626.5 1689.111
1630.8600000000001 1714.618
1635.22 1661.769
1639.58 1685.69
1643.94 1635.765
1648.3 1627.535
1652.6599999999999 1621.356
1657.0099999999998 1599.087
1661.3700000000001 1625.739
1665.73 1604.126
1670.09 1545.961
1674.45 1544.874
1678.81 1499.059
1683.1699999999998 1452.211
1687.53 1463.428
1691.89 1455.457
1696.25 1429.1
1700.61 1457.597
1704.97 1422.065
1709.33 1431.074
1713.6899999999998 1416.477
1718.0500000000002 1414.733
1722.41 1442.816
1726.77 1432.596
1731.1299999999999 1414.971
1735.49 1415.456
1739.85 1402.213
1744.21 1415.458
1748.5700000000002 1401.231
1752.93 1389.919
1757.29 1397.474
1761.6499999999999 1354.989
1766.0300000000002 1330.555
1770.37 1330.055
1774.73 1359.464
1779.0900000000001 1334.706
1783.45 1341.376
1787.81 1374.691
1792.1699999999998 1336.108
1796.53 1328.323
1800.8799999999999 1323.629
1805.24 1317.374
1809.6000000000001 1328.788
1813.96 1320.926
1818.32 1304.337
1822.68 1311.101
1827.04 1300.482
1831.3999999999999 1326.654
1835.76 1347.167
1840.1200000000001 1328.928
1844.48 1351.151
1848.84 1354.967
1853.2 1381.025
1857.56 1379.299
1861.92 1370.147
1866.28 1344.158
1870.64 1351.557
1875.0 1351.101
1879.36 1415.366
1883.72 1450.133
1888.08 1484.545
1892.44 1538.862
1896.8 1572.409
1901.16 1639.023
1905.52 1680.402
1909.8799999999999 1625.508
1914.24 1550.561
1918.6000000000001 1475.544
1922.96 1398.412
1927.32 1334.015
1931.68 1328.356
1936.04 1286.186
1940.3899999999999 1239.023
1944.75 1241.897
1949.11 1222.43
1953.47 1182.612
1957.8300000000002 1185.966
1962.19 1168.771
1966.55 1166.637
1970.9099999999999 1159.548
1975.27 1147.878
1979.63 1156.358
1983.99 1152.057
1988.3500000000001 1148.173
1992.71 1151.31
1997.07 1144.203
2001.4299999999998 1139.939
2005.79 1140.854
2010.15 1123.25
2014.51 1121.241
2018.8700000000001 1104.76
2023.23 1009.936
2027.59 1090.19
2031.9499999999998 1093.637
2036.3100000000002 1091.642
2040.67 1081.433
2045.03 1072.258
2049.3900000000003 1006.583
2053.75 1060.077
2058.11 983.1244
2062.4700000000003 1115.992
2066.83 1101.979
2071.19 1111.755
2075.5499999999997 1089.575
2079.9100000000003 1099.327
2084.26 1081.044
2088.62 1070.228
2092.98 1082.556
2097.34 1053.239
2101.7 1043.98
2106.06 1047.51
2110.42 1039.119
2114.78 1044.898
2119.14 1038.452
2123.5 1016.845
2127.86 1002.81
2132.22 1006.445
2136.58 1001.511
2140.94 1001.707
2145.3 982.5825
2149.66 986.8366
2154.02 982.7268
2158.38 971.9779
2162.74 981.9458
2167.1000000000004 972.2532
2171.46 969.14
2175.82 959.8452
2180.18 959.4734
2184.54 956.7555
2188.9 949.273
2193.2599999999998 948.2209
2197.6200000000003 920.0724
2201.98 926.8531
2206.34 935.928
2210.7 928.2552
2215.06 925.8938
2219.42 916.373
2223.77 902.2263
2228.13 894.1429
2232.4900000000002 823.3459
2236.85 872.1395
2241.21 852.5609
2245.57 805.705
2249.93 874.8407
2254.29 894.1469
2258.65 902.8924
2263.01 911.1145
2267.37 906.2002
2271.73 915.7503
2276.09 898.7241
2280.45 905.8015
2284.81 910.4855
2289.17 919.62
2293.53 924.2926
2297.89 926.6222
2302.25 910.3713
2306.61 913.5231
2310.97 920.9572
2315.33 918.8222
2319.69 937.3561
2324.05 938.2979
2328.41 920.1
2332.77 915.11
2337.13 912.0275
2341.49 902.2459
2345.85 899.6922
2350.21 902.8257
2354.57 888.6531
2358.93 895.7812
2363.28 902.8978
2367.64 900.818
2372.0 889.837
2376.3599999999997 897.6101
2380.7200000000003 893.3341
2385.08 887.49
2389.44 881.1791
2393.8 897.2598
2398.16 884.2054
2402.52 878.6245
2406.88 877.3479
2411.2400000000002 799.9267
2415.6 775.5967
2419.96 773.7156
2424.32 864.6525
2428.68 874.9086
2433.04 882.2225
2437.4 877.4744
2441.76 875.0985
2446.12 877.3164
2450.48 852.9594
2454.84 868.2466
2459.2 835.5443
2463.56 832.608
2467.92 853.8513
2472.28 862.1888
2476.64 847.4455
2481.0 860.3336
2485.36 843.0669
2489.72 855.4621
2494.08 857.8757
2498.44 863.2022
2502.79 839.0373
2507.15 855.4783
2511.51 841.6208
2515.87 857.0511
2520.23 846.3014
2524.5899999999997 843.7185
2528.95 846.2662
2533.31 853.5849
2537.67 844.4901
2542.03 836.3599
2546.39 838.4553
2550.75 830.4307
2555.1099999999997 827.6782
2559.47 818.6682
2563.8300000000004 799.4891
2568.19 811.0595
2572.55 794.9819
2576.91 797.1537
2581.27 799.5942
2585.6299999999997 798.9436
2589.99 795.8243
2594.3500000000004 795.4165
2598.71 784.7356
2603.07 760.1511
2607.43 812.6167
2611.79 797.1139
2616.15 791.6331
2620.5099999999998 774.6007
2624.8700000000003 786.8946
2629.23 783.5118
2633.59 770.0858
2637.95 753.1073
2642.31 763.8656
2646.6600000000003 743.0452
2651.02 743.1553
2655.38 740.7938
2659.74 751.6563
2664.1 752.0512
2668.4600000000005 724.2515
2672.82 746.705
2677.1800000000003 725.0089
2681.54 718.3853
2685.9 739.2108
2690.2599999999998 734.8417
2694.62 739.4588
2698.9800000000005 739.7918
2703.34 758.1632
2707.7000000000003 772.4613
2712.06 773.431
2716.42 759.4887
2720.7799999999997 737.6673
2725.14 734.0784
2729.5000000000005 756.659
2733.86 777.2731
2738.2200000000003 671.538
2742.58 693.352
2746.94 725.3882
2751.2999999999997 716.016
2755.66 728.6735
2760.0200000000004 657.626
2764.38 708.8293
2768.7400000000002 719.6551
2773.1 737.7909
2777.46 778.9066
2781.8199999999997 761.708
2786.17 851.6911
2790.5299999999997 948.5223
2794.89 927.7836
2799.25 928.7747
2803.61 872.7163
2807.9700000000003 808.1728
2812.33 752.5543
2816.69 722.6423
2821.0499999999997 691.9763
2825.41 678.6184
2829.77 654.7095
2834.13 650.4528
2838.4900000000002 678.1941
2842.85 655.5396
2847.21 626.2884
2850.47 638.0862
2855.21 608.8938
2859.9599999999996 604.8113
2864.7 606.5874
2869.4500000000003 608.0091
2874.1899999999996 594.362
2878.9300000000003 584.7945
2883.6800000000003 584.0677
2888.42 579.8325
2893.17 566.5657
2897.9100000000003 558.9451
2902.6600000000003 551.7719
2907.4 551.6854
2912.15 557.6917
2916.89 564.6643
2921.64 563.3689
2926.38 566.0755
2931.13 569.1764
2935.87 571.5333
2940.62 571.6823
2945.36 569.2168
2950.11 566.5677
2954.85 565.1895
2959.6 569.2501
2964.3399999999997 562.3105
2969.0899999999997 570.1814
2973.8399999999997 552.4371
2978.58 553.4593
2983.33 554.497
2988.0699999999997 544.5034
2992.8199999999997 537.8772
2997.5600000000004 534.3492
3002.3100000000004 524.1762
3007.05 511.1449
3011.8 499.0631
3016.55 493.4014
3021.29 494.0161
3026.04 489.3096
3030.78 486.0802
3035.53 488.8071
3040.28 486.4494
3045.02 493.7148
3049.77 489.2533
3054.52 487.5821
3059.2599999999998 488.8805
3064.0099999999998 487.8406
3068.75 492.2149
3073.5 495.155
3078.25 486.1198
3082.99 490.0513
3087.74 482.3395
3092.49 485.6254
3097.2300000000005 486.0469
3101.9799999999996 490.4779
3106.7299999999996 491.3932
3111.4700000000003 491.0669
3116.2200000000003 497.6659
3120.9700000000003 502.1822
3125.71 502.6647
3130.46 501.2789
3135.21 493.4756
3139.9500000000003 490.9549
3144.7000000000003 492.0056
3149.45 493.1503
3154.19 494.1768
3158.94 495.366
3163.69 497.677
3168.44 495.2739
3173.18 498.3202
3177.93 502.462
3182.68 506.8407
3187.42 500.7516
3192.1699999999996 503.5057
3196.9199999999996 494.3739
3201.6699999999996 491.876
3206.4100000000003 491.7089
3211.1600000000003 492.6131
3215.9100000000003 491.8812
3220.65 485.3254
3225.4 487.9288
3230.15 481.757
3234.9 477.3556
3239.64 479.7724
3244.39 474.9307
3249.14 471.1128
3253.89 469.1181
3258.63 474.3981
3263.38 467.6642
3268.13 471.2001
3272.88 472.9888
3277.62 469.7293
3282.37 461.5754
3287.12 462.9376
3291.87 461.7647
3296.6099999999997 449.581
3301.3599999999997 449.6288
3306.1099999999997 452.2569
3310.86 447.6821
3315.61 450.3167
3320.3500000000004 440.1921
3325.1 443.7264
3329.85 444.735
3334.6 441.0945
3339.34 440.5735
3344.09 436.0437
3348.84 433.2136
3353.59 433.5191
3358.33 432.0086
3363.08 434.0213
3367.83 427.1317
3372.58 429.5487
3377.33 427.2391
3382.0699999999997 424.8967
3386.8199999999997 425.5839
3391.5699999999997 425.2108
3396.3199999999997 412.4764
3401.0699999999997 428.1254
3405.8100000000004 431.2633
3410.5600000000004 433.3351
3415.31 429.8178
3420.06 425.2086
3424.8 418.3224
3429.55 418.237
3434.3 416.6795
3439.05 417.322
3443.8 414.9416
3448.54 413.0368
3453.29 413.3883
3458.04 413.5553
3462.79 413.7845
3467.54 413.5401
3472.2799999999997 413.3393
3477.0299999999997 409.0974
3481.7799999999997 409.7476
3486.5299999999997 407.2086
3491.2799999999997 408.5949
3496.0200000000004 401.0137
3500.7700000000004 401.0162
3505.5199999999995 399.0736
3510.27 388.7072
3515.01 389.9482
3519.76 386.3868
3524.51 383.2761
3529.26 379.0389
3534.01 377.1544
3538.75 370.2692
3543.5 372.7654
3548.25 367.3505
3553.0 370.605
3557.74 371.3217
3562.49 371.8397
3567.24 376.8125
3571.99 374.7136
3576.74 375.3354
3581.48 376.0531
3586.2300000000005 371.9757
3590.9799999999996 367.5917
3595.7299999999996 367.558
3600.4700000000003 366.763
3605.2200000000003 368.7723
3609.9700000000003 364.6625
3614.7200000000003 365.0573
3619.4700000000003 365.3153
3624.21 362.4756
3628.96 361.3838
3633.71 358.0402
3638.46 358.5601
3643.2 354.8815
3647.95 353.2658
3652.7 353.4402
3657.45 347.8705
3662.19 351.1207
3666.94 347.8141
3671.69 346.045
3676.44 348.1425
3681.18 350.5207
3685.93 344.4876
3690.6800000000003 346.8316
3695.4300000000003 341.9111
3700.17 338.4514
3704.92 344.2991
3709.67 343.6162
3714.42 342.8937
3719.1600000000003 339.7081
3723.9100000000003 340.583
3728.66 341.5341
3733.4 343.1161
3738.15 336.5987
3742.9 338.5242
3747.65 338.9249
3752.39 340.5185
3757.14 338.049
3761.89 336.1656
3766.63 332.2513
3771.3799999999997 326.7792
3776.1299999999997 323.1102
3780.87 322.1584
3785.62 317.1574
3790.3700000000003 314.8277
3795.1099999999997 311.1636
3799.86 307.6927
3804.61 306.3463
3809.3500000000004 305.6016
3814.1000000000004 306.717
3818.85 305.7211
3823.6 309.1442
3828.34 306.7941
3833.09 307.8179
3837.83 307.7595
3842.58 309.3111
3847.33 309.4423
3852.07 313.4966
3856.82 315.6889
3861.5699999999997 317.2165
3866.31 315.7751
3871.06 313.5076
3875.81 309.3257
3880.5499999999997 309.8066
3885.2999999999997 306.6339
3890.04 302.8158
3894.7900000000004 296.6726
3899.5400000000004 294.1713
3904.2799999999997 295.1796
3909.03 293.1889
3913.7699999999995 290.1679
3918.52 289.4396
3923.27 288.8896
3928.01 290.513
3932.76 294.7296
3937.5 286.2412
3942.25 287.0019
3946.9900000000002 289.1623
3951.7400000000002 288.1818
3956.49 290.2335
3961.23 292.2669
3965.98 291.3312
3970.72 287.0435
3975.47 283.3538
3980.21 277.669
3984.96 273.4415
3989.7 271.8563
3994.45 267.782
3999.19 263.6491
4003.94 262.2251
4008.68 259.9963
4013.43 257.7057
4018.1699999999996 257.9102
4022.9199999999996 254.467
4027.6600000000003 256.4103
4032.4100000000003 253.0501
4037.15 253.7086
4041.9 249.6342
4046.6400000000003 253.8045
4051.3900000000003 252.4637
4056.13 251.4956
4060.87 253.9662
4065.62 255.7803
4070.36 258.3933
4075.11 257.2371
4079.85 261.4646
4084.59 265.1004
4089.34 267.6957
4094.08 273.5123
4098.83 275.0545
4103.570000000001 274.4855
4108.31 269.1981
4113.06 268.6924
4117.8 265.2471
4122.55 259.23
4127.29 256.3199
4132.03 252.888
4136.78 251.1858
4141.52 242.7884
4146.26 245.1394
4151.01 242.8855
4155.75 241.0634
4160.49 243.6749
4165.24 249.1899
4169.98 248.1356
4174.72 245.8285
4179.46 247.2845
4184.21 245.6672
4188.95 239.4025
4193.69 239.4196
4198.44 235.269
4203.18 236.2295
4207.92 233.5038
4212.66 234.9645
4217.4 235.4175
4222.15 238.7955
4226.889999999999 242.6649
4231.63 245.9807
4236.37 247.2859
4241.12 243.8917
4245.860000000001 243.3375
4250.6 238.3626
4255.34 240.5921
4260.08 237.1329
4264.820000000001 237.6533
4269.57 237.2668
4274.31 237.6859
4279.05 238.6709
4283.79 242.6152
4288.53 244.9189
4293.27 249.5784
4298.01 253.5152
4302.75 256.115
4307.49 256.0812
4312.24 259.7919
4316.9800000000005 267.36
4321.72 275.1167
4326.46 281.3936
4331.2 286.7832
4335.94 293.7205
4340.68 296.3968
4345.42 294.4027
4350.16 290.3712
4354.9 284.3275
4359.64 277.3434
4364.38 269.6282
4369.12 263.0233
4373.86 254.4793
4378.6 252.7634
4383.34 248.6605
4388.08 244.5779
4392.82 241.606
4397.5599999999995 237.0913
4402.3 233.0027
4407.03 230.4928
4411.7699999999995 230.6527
4416.51 226.6223
4421.25 225.0414
4425.99 221.5888
4430.73 222.7583
4435.47 217.6595
4440.21 218.9129
4444.94 217.0839
4449.679999999999 217.9562
4454.42 218.7413
4459.16 214.951
4463.9 218.959
4468.639999999999 220.5874
4473.37 219.0079
4478.110000000001 221.1773
4482.849999999999 223.609
4487.59 223.4671
4492.320000000001 228.2239
4497.06 228.5421
4501.8 231.6197
4506.54 234.4512
4511.27 236.992
4516.009999999999 235.7688
4520.75 235.9593
4525.4800000000005 235.2511
4530.22 235.812
4534.96 232.1676
4539.6900000000005 234.5107
4544.43 235.3458
4548.51 265.8855
4553.900000000001 234.29
4556.92 251.6286
4558.64 233.5868
4563.37 233.5173
4565.32 253.8383
4568.110000000001 235.7977
4572.85 232.5382
4573.73 244.6362
4577.58 232.2757
4582.14 233.6448
4587.05 227.9365
4590.55 233.2409
4591.79 223.2986
4596.52 221.1448
4598.96 222.4382
4601.26 217.9893
4605.99 215.3901
4607.36 218.4436
4610.7300000000005 216.3723
4615.46 216.493
4620.2 216.4244
4624.18 217.7133
4629.67 216.4028
4632.59 214.3723
4634.400000000001 214.1558
4639.14 212.1379
4641.0 210.2746
4643.87 209.1603
4648.6 210.4433
4653.34 204.5624
4657.82 206.2316
4662.81 205.5624
4666.2300000000005 203.3417
4667.54 200.7252
4672.27 196.2324
4674.64 202.1293
4677.01 195.8841
4681.74 195.3215
4683.05 197.6713
4686.47 194.1669
4691.21 191.8398
4695.9400000000005 191.4847
4699.87 190.8506
4705.400000000001 186.3627
4708.280000000001 193.4839
4710.14 187.7236
4714.87 187.4439
4716.69 192.0481
4719.599999999999 187.9757
4724.33 189.6107
4729.070000000001 187.5292
4733.51 189.1951
4738.530000000001 185.7675
4741.929999999999 189.98
4743.26 186.5624
4747.990000000001 185.48
4750.34 188.5378
4752.73 185.2018
4757.46 185.9056
4758.75 189.3669
4762.19 184.9185
4766.92 186.8821
4771.65 187.9038
4775.57 189.7271
4781.11 187.6265
4783.99 191.9082
4785.84 190.681
4790.57 190.7495
4792.4 196.9087
4795.3 194.7336
4800.03 200.9549
4804.76 201.664
4809.23 209.4362
4814.22 212.3781
4817.64 227.4104
4818.95 219.9904
4823.68 232.6885
4826.05 245.1642
4828.41 243.6269
4833.14 256.1991
4834.47 269.4206
4837.87 274.9336
4842.6 297.1012
4847.33 310.9824
4851.29 328.9828
4856.79 338.1025
4859.71 339.4585
4861.5199999999995 337.8398
4866.25 326.8826
4868.12 317.9344
4870.97 310.4246
4875.7 296.6353
4880.43 281.3243
4884.95 270.7007
4889.89 257.1619
4893.37 254.7037
4894.61 248.9466
4899.34 239.8642
4901.78 240.2959
4904.07 234.9846
4908.8 231.9388
4910.2 235.482
4913.52 229.2972
4918.25 228.3985
4922.9800000000005 223.3703
4927.03 250.3477
4935.44 216.9499
4943.86 212.556
4952.28 206.6991
4960.69 198.3878
4969.11 193.874
4977.5199999999995 200.3137
4985.94 214.081
4994.36 228.0548
5002.78 230.429
5011.19 212.7881
5019.61 200.2773
5028.03 193.8072
5036.45 186.6785
5044.86 178.9795
5053.28 173.8131
5061.7 169.0272
5070.12 166.8617
5078.54 162.3279
5086.96 157.7225
5095.37 159.0027
5103.79 160.4973
5112.21 160.5072
5120.63 159.7988
5129.05 162.043
5137.469999999999 165.5201
5145.889999999999 171.2806
5154.3099999999995 175.6635
5162.73 180.8331
5171.15 180.3151
5179.57 180.6928
5187.99 177.5674
5196.41 174.7711
5204.83 171.8641
5213.259999999999 168.5099
5221.679999999999 168.4677
5230.099999999999 168.5986
5238.5199999999995 167.4368
5246.94 168.2156
5255.36 168.1811
5263.79 168.6444
5272.210000000001 170.2096
5280.629999999999 169.4926
5289.049999999999 166.8748
5297.469999999999 167.0678
5305.9 166.3995
5314.32 165.3332
5322.740000000001 164.0259
5331.169999999999 159.6162
5339.589999999999 155.8555
5348.009999999999 153.478
5356.4400000000005 149.8009
5364.860000000001 148.9128
5373.280000000001 146.2638
5381.709999999999 142.6689
5390.129999999999 141.0212
5398.55 139.3591
5406.9800000000005 139.9369
5415.400000000001 139.9696
5423.83 140.497
5432.25 138.8397
5440.68 136.8949
5449.1 134.7712
5457.530000000001 132.6702
5465.950000000001 131.2503
5474.38 130.9809
5482.8 131.1701
5491.2300000000005 131.6356
5499.650000000001 132.4946
5508.08 132.7707
5516.5 132.9057
5524.93 133.811
5533.360000000001 132.5891
5541.78 132.2118
5550.21 131.5227
5558.64 128.7616
5567.06 128.3483
5575.49 127.3426
5583.92 125.4041
5592.34 125.7674
5600.77 124.2118
5609.2 125.2136
5617.62 124.858
5626.05 122.7659
5634.48 122.5295
5642.91 124.0645
5651.33 123.021
5659.76 122.8872
5668.19 123.3772
5676.62 122.8349
5685.04 121.5536
5693.47 122.7752
5701.9 122.0843
5710.33 121.1058
5718.76 120.5554
5727.19 120.4134
5735.61 119.3038
5744.04 121.23
5752.469999999999 120.8448
5760.9 119.4136
5769.33 118.9735
5777.759999999999 119.8167
5786.19 120.3511
5794.62 118.5558
5803.049999999999 120.2826
5811.48 120.2185
5819.910000000001 121.703
5828.339999999999 123.5224
5836.77 122.3347
5845.200000000001 124.9148
5853.63 127.6615
5862.06 130.238
5870.490000000001 130.7197
5878.92 130.8242
5887.35 130.4258
5895.780000000001 128.6857
5904.21 126.2029
5912.64 124.2132
5921.070000000001 121.2427
5929.5 118.6456
5937.93 119.6568
5946.360000000001 118.9436
5954.79 117.8388
5963.22 118.2964
5971.65 118.1423
5980.08 116.7
5988.52 115.8823
5996.95 114.5034
6005.38 114.9894
6013.81 114.3767
6022.24 111.6345
6030.67 112.8078
6039.099999999999 113.4444
6047.54 113.7465
6055.97 112.6531
6064.4 112.8013
6072.83 113.5549
6081.26 112.8061
6089.7 111.0844
6098.13 110.2892
6106.5599999999995 111.2513
6114.99 111.4408
6123.420000000001 110.1573
6131.86 111.2976
6140.290000000001 113.4619
6148.719999999999 113.844
6157.150000000001 112.037
6165.589999999999 111.142
6174.02 111.8012
6182.450000000001 111.8834
6190.89 110.4929
6199.320000000001 109.6406
6207.75 110.1313
6216.18 111.6161
6224.62 114.0398
6233.05 114.421
6241.4800000000005 114.0858
6249.92 115.2814
6258.35 115.3904
6266.78 113.6402
6275.22 112.1801
6283.65 112.371
6292.08 112.7133
6300.5199999999995 115.3364
6308.95 115.8444
6317.38 115.1345
6325.82 115.3858
6334.25 116.4413
6342.68 118.9972
6351.12 119.0227
6359.55 118.2079
6367.99 119.3929
6376.42 122.0271
6384.849999999999 121.467
6393.29 121.906
6401.719999999999 121.9077
6410.16 124.7153
6418.589999999999 127.2323
6427.0199999999995 131.1983
6435.459999999999 135.4135
6443.89 136.3024
6452.329999999999 140.135
6460.76 147.5769
6469.1900000000005 154.0007
6477.63 160.1486
6486.06 169.7572
6494.5 189.0474
6502.93 216.1745
6511.37 249.2407
6519.8 288.703
6528.2300000000005 338.5585
6536.67 403.5881
6545.1 453.0421
6553.54 482.9589
6561.97 480.6042
6570.41 458.9047
6578.84 438.0972
6587.28 405.396
6595.71 341.2889
6604.139999999999 282.2891
6612.58 236.8989
6621.01 209.8633
6629.45 197.2646
6637.88 184.8667
6646.32 166.8895
6654.75 150.1602
6663.19 140.196
6671.62 138.3773
6680.0599999999995 135.8297
6688.490000000001 129.0888
6696.929999999999 118.7857
6705.360000000001 114.4192
6713.789999999999 114.5668
6722.2300000000005 115.5033
6730.67 115.3154
6739.1 107.976
6747.530000000001 101.8436
6755.97 100.9856
6764.400000000001 104.8235
6772.84 105.7722
6781.27 102.9937
6789.71 98.95921
6798.14 94.27011
6806.58 94.93113
6815.01 98.05391
6823.45 98.90333
6831.88 96.87516
6840.32 94.5689
6848.75 93.01921
6857.19 90.12018
6865.62 89.83346
6874.0599999999995 88.99282
6882.49 91.12856
6890.92 94.63661
6899.36 93.18406
6907.79 88.71159
6916.23 87.91611
6924.66 90.53036
6933.099999999999 92.26655
6941.530000000001 92.71867
6949.969999999999 90.19106
6958.400000000001 87.26551
6966.84 86.60811
6975.27 89.79016
6983.71 92.19793
6992.14 89.34625
7000.570000000001 86.86846
7009.01 86.09596
7017.4400000000005 87.87135
7025.88 91.12304
7034.31 92.80971
7042.75 92.57021
7051.18 90.68608
7059.62 89.64591
7068.05 90.54447
7076.4800000000005 91.22434
7084.92 89.61189
7093.35 86.91076
7101.79 88.06265
7110.22 87.6909
7118.65 86.24689
7127.09 83.77678
7135.5199999999995 83.45659
7143.96 85.55535
7152.389999999999 87.00297
7160.83 85.97701
7169.259999999999 83.26768
7177.69 81.3001
7186.129999999999 83.88732
7194.5599999999995 86.11716
7202.99 85.28419
7211.429999999999 83.26672
7219.860000000001 80.28877
7228.299999999999 79.61287
7236.7300000000005 79.63179
7245.160000000001 80.17723
7253.6 80.98126
7262.030000000001 82.02242
7270.46 84.41309
7278.900000000001 86.54684
7287.33 85.33107
7295.76 80.93671
7304.2 78.78243
7312.63 79.49249
7321.06 82.09843
7329.5 86.09199
7337.93 86.40909
7342.76 77.6492
7348.759999999999 77.97229
7354.77 78.6028
7360.78 78.17238
7366.79 78.58002
7372.79 78.12369
7378.8 78.31958
7384.81 78.19997
7390.820000000001 78.77529
7396.82 78.96806
7402.82 78.33818
7408.83 78.54732
7414.83 79.26643
7420.839999999999 77.90349
7426.84 77.79465
7432.839999999999 80.16198
7438.85 79.83803
7444.849999999999 79.39906
7450.85 79.30271
7456.85 79.65238
7462.86 78.74392
7468.860000000001 80.01327
7474.86 80.35435
7480.860000000001 80.26561
7486.86 80.28556
7492.86 80.85027
7498.860000000001 80.87282
7504.86 79.4182
7510.860000000001 79.89129
7516.86 80.01827
7522.86 79.2631
7528.860000000001 79.29671
7534.849999999999 78.91692
7540.85 79.08646
7546.85 79.18444
7552.839999999999 78.75061
7558.84 78.63855
7564.84 78.31843
7570.84 78.09561
7576.83 77.28772
7582.830000000001 77.29028
7588.82 76.87313
7594.82 76.66862
7600.81 76.47219
7606.8 76.5444
7612.799999999999 76.82087
7618.79 75.58266
7624.79 76.08673
7630.780000000001 76.07568
7636.77 76.55548
7642.7699999999995 75.90514
7648.76 75.61623
7654.75 76.09357
7660.740000000001 76.47854
7666.7300000000005 76.64339
7672.73 76.59143
7678.72 77.01119
7684.71 77.06792
7690.700000000001 77.15777
7696.6900000000005 76.24855
7702.679999999999 76.25064
7708.67 76.8633
7714.66 76.57784
7720.639999999999 77.01183
7726.63 76.87362
7732.62 77.23
7738.610000000001 76.69728
7744.6 75.98562
7750.59 76.17202
7756.570000000001 75.41125
7762.5599999999995 75.99173
7768.549999999999 74.84287
7774.54 74.97073
7780.5199999999995 73.71146
7786.51 74.36744
7792.49 74.94979
7798.48 75.03343
7804.47 75.18191
7810.45 74.61765
7816.4400000000005 74.74053
7822.42 75.36719
7828.41 75.80729
7834.39 74.97792
7840.37 75.44977
7846.36 76.38847
7852.35 75.53766
7858.33 75.36698
7864.3099999999995 75.03232
7870.3 76.0818
7876.28 75.34384
7882.26 74.5305
7888.24 75.05829
7894.23 74.20814
7900.21 74.88341
7906.19 74.37086
7912.169999999999 73.44955
7918.150000000001 73.23762
7924.13 72.19144
7930.110000000001 72.0535
7936.1 71.92884
7942.07 71.85463
7948.05 71.03263
7954.04 71.36756
7960.0199999999995 70.38481
7965.99 70.27701
7971.98 70.83673
7977.959999999999 70.45557
7983.93 69.69024
7989.92 70.4633
7995.89 70.68067
8001.87 70.86846
8007.849999999999 69.59177
8013.83 69.4424
8019.8 68.96086
8025.78 68.98054
8031.76 68.72043
8037.74 68.18425
8043.719999999999 68.30475
8049.6900000000005 68.18767
8055.67 68.84014
8061.650000000001 68.36818
8067.62 67.49711
8073.599999999999 68.07244
8079.570000000001 68.41947
8085.55 68.26553
8090.91 68.118
8095.179999999999 68.36377
8099.86 69.30015
8104.54 69.54541
8109.22 68.99411
8113.9 69.24489
8118.58 69.82356
8123.26 69.77212
8127.9400000000005 69.76986
8132.61 68.80975
8137.29 69.0218
8141.969999999999 68.71814
8146.65 68.23478
8151.32 68.63501
8156.0 67.63083
8160.68 68.35722
8165.360000000001 68.19457
8170.030000000001 68.14424
8174.709999999999 67.97218
8179.389999999999 68.69324
8184.0599999999995 68.11336
8188.74 67.86419
8193.42 68.60243
8198.09 68.8941
8202.77 68.60133
8207.44 69.15789
8212.12 69.18664
8216.8 69.11063
8221.47 69.68862
8226.15 69.75706
8230.82 69.14
8235.5 69.26571
8240.17 69.08789
8244.84 69.85607
8249.51 70.35813
8254.19 69.5385
8258.86 69.93318
8263.54 68.82283
8268.210000000001 68.63725
8272.880000000001 68.88005
8277.550000000001 68.59562
8282.23 68.52293
8286.9 68.66975
8291.58 68.25758
8296.25 68.09909
8300.92 67.68992
8305.59 68.02214
8310.26 68.51531
8314.939999999999 67.92603
8319.609999999999 67.23536
8324.279999999999 67.16636
8328.95 67.72449
8333.62 66.66524
8338.29 67.65475
8342.960000000001 67.49179
8347.630000000001 67.03045
8352.300000000001 67.09995
8356.97 66.63183
8361.65 67.09883
8366.32 66.76953
8370.99 66.70088
8375.66 67.04307
8380.32 67.19902
8384.99 67.10217
8389.66 67.41703
8394.33 67.79815
8399.0 68.19031
8403.67 68.44466
8408.34 69.9944
8413.01 70.27014
8417.68 71.56435
8422.34 73.13173
8427.01 74.54012
8431.68 76.06925
8436.35 77.80491
8441.02 78.60458
8445.68 80.33904
8450.35 79.96762
8455.02 80.35044
8459.69 79.79686
8464.35 79.12937
8469.02 78.34369
8473.69 77.81984
8478.36 76.83062
8483.02 76.16462
8487.69 74.70503
8492.35 74.00018
8497.02 72.61575
8501.68 71.79932
8506.35 71.72841
8511.01 71.46757
8515.68 71.57847
8520.35 71.60465
8525.01 71.22825
8529.68 70.44579
8534.34 70.40448
8539.0 69.24556
8543.67 69.20462
8548.33 68.72197
8553.0 67.95045
8557.66 68.16406
8562.33 67.04602
8566.99 66.48041
8571.65 66.05763
8576.31 65.48658
8580.99 64.7251
8585.65 64.88987
8590.31 63.92538
8594.97 63.50881
8599.630000000001 62.73438
8604.29 62.95159
8608.96 62.55961
8613.619999999999 62.16599
8618.28 62.24107
8622.95 62.24278
8627.61 62.52676
8632.25 62.91642
8636.890000000001 62.67686
8641.55 62.96408
8646.22 63.59021
8650.88 63.65052
8655.54 63.88125
8660.2 63.28036
8664.86 63.64293
8669.529999999999 62.98644
8674.19 63.49307
8678.85 63.49291
8683.51 63.09143
8688.17 62.5791
8692.83 61.65315
8697.5 61.36405
8702.16 60.81238
8706.82 60.00211
8711.48 59.95673
8716.14 59.7342
8720.81 59.0362
8725.47 59.51939
8730.130000000001 59.84029
8734.79 59.48478
8739.449999999999 59.89793
8744.119999999999 59.52111
8748.78 59.21813
8753.44 59.54006
8758.1 59.40446
8762.76 58.88124
8767.42 58.53364
8772.09 58.6797
8776.75 58.42963
8781.41 57.67192
8786.07 57.83611
8790.73 57.27431
8795.39 57.09679
8799.970000000001 56.7027
8804.63 56.60374
8809.289999999999 56.51451
8813.96 56.72349
8818.62 56.79088
8823.28 56.70804
8827.94 56.46257
8832.6 57.41728
8837.27 56.78888
8841.93 57.43631
8846.59 57.44466
8851.25 57.46309
8855.91 57.50304
8860.57 57.68241
8865.24 57.94539
8869.86 58.02581
8874.47 57.5956
8879.14 57.21178
8883.8 57.36014
8888.460000000001 57.14009
8893.12 56.6367
8897.779999999999 56.66378
8902.449999999999 56.34379
8907.11 55.73475
8911.77 55.72351
8916.43 56.09531
8921.09 55.50494
8925.71 55.20714
8930.33 55.34554
8934.99 55.02488
8939.65 55.2563
8944.32 55.00019
8948.98 55.19756
8953.640000000001 54.75193
8958.3 55.00498
8962.96 54.31907
8967.63 54.86085
8972.29 54.99386
8976.86 55.07171
8981.519999999999 54.90013
8986.189999999999 55.37868
8990.85 56.20419
8995.51 56.22511
9000.17 56.9069
9004.83 57.17667
9009.5 57.13778
9014.16 57.90319
9018.73 57.91454
9023.4 57.52319
9028.06 58.13977
9032.72 58.1141
9037.380000000001 57.30962
9042.04 56.96116
9046.699999999999 56.73023
9051.369999999999 56.706
9055.94 56.46301
9060.6 56.63646
9065.27 56.45126
9069.93 56.68976
9074.59 56.6042
9079.25 56.77834
9083.91 56.38764
9088.53 56.08265
9093.15 55.80432
9097.81 55.50737
9102.470000000001 55.86723
9107.14 55.88319
9111.8 55.79571
9116.46 55.59984
9121.08 55.99185
9125.7 55.4897
9130.359999999999 55.85483
9135.02 55.74929
9139.68 55.98773
9144.34 56.09103
9149.01 56.18321
9153.62 56.71753
9158.24 57.15154
9162.91 57.50238
9167.57 57.81364
9172.23 58.11696
9176.89 58.53745
9181.550000000001 58.64073
9186.130000000001 59.66811
9190.789999999999 60.47369
9195.449999999999 60.95019
9200.11 61.29826
9204.78 61.74447
9209.44 62.1711
9214.01 62.60059
9218.67 63.22071
9223.34 64.26811
9228.0 65.37314
9232.66 65.1231
9237.32 63.44806
9241.9 62.16042
9246.56 61.84358
9251.22 61.32624
9255.88 59.95922
9260.54 59.83107
9265.16 58.93643
9269.779999999999 58.16721
9274.44 57.40435
9279.11 56.14117
9283.77 55.80801
9288.43 55.46295
9293.01 54.5028
9297.67 53.92453
9302.33 53.34323
9306.99 53.30557
9311.65 52.59203
9316.27 52.43494
9320.89 52.43288
9325.550000000001 51.82485
9330.21 51.19501
9334.88 51.30769
9339.49 51.05152
9344.11 50.84652
9348.78 50.5344
9353.439999999999 50.53517
9358.1 50.40164
9362.72 50.3827
9367.34 49.49962
9372.0 49.76629
9376.66 49.36911
9381.32 48.95572
9385.94 49.38652
9390.56 49.44817
9395.22 49.46769
9399.880000000001 49.11975
9404.54 49.59725
9409.119999999999 48.94709
9413.78 48.92402
9418.44 49.19599
9423.11 48.60742
9427.77 48.28075
9432.34 48.04293
9437.0 47.84953
9441.67 47.57864
9446.33 48.40704
9450.95 47.75911
9455.57 47.59646
9460.23 48.34065
9464.89 48.31989
9469.55 48.89175
9474.13 49.29698
9478.79 49.18186
9483.45 49.47039
9488.109999999999 49.99253
9492.73 50.62729
9497.35 50.9997
9502.01 51.17746
9506.67 51.80441
9511.29 52.12557
9515.91 53.38938
9520.57 54.44346
9525.23 55.90074
9529.9 56.89397
9534.470000000001 57.42538
9539.130000000001 57.4407
9543.8 57.62409
9548.46 56.55354
9553.03 56.55699
9557.69 55.84371
9562.36 55.60723
9567.02 55.35021
9571.64 54.50606
9576.26 54.12231
9580.92 53.58869
9585.58 52.49952
9590.2 51.68613
9594.82 51.08241
9599.48 50.32038
9604.14 49.82423
9608.76 49.51142
9613.380000000001 49.31152
9618.039999999999 48.49446
9622.699999999999 48.54182
9627.32 48.7112
9631.94 48.05132
9636.6 47.73557
9641.26 46.71596
9645.88 47.59916
9650.5 47.19429
9655.16 46.96016
9659.82 46.16855
9664.4 45.53183
9669.060000000001 46.33897
9673.72 46.0216
9678.38 46.3737
9682.960000000001 45.997
9687.62 45.58053
9692.28 44.85013
9696.949999999999 45.13085
9701.52 45.43751
9706.18 44.90925
9710.84 44.5082
9715.2 44.26156
9720.25 44.42317
9725.869999999999 44.81069
9731.48 45.12122
9737.09 44.86228
9742.699999999999 44.80512
9748.31 44.7597
9753.92 44.59128
9759.58 44.6285
9765.19 44.93221
9770.8 44.87232
9776.41 44.57843
9782.02 44.68079
9787.64 44.33752
9793.25 44.00226
9798.86 44.29463
9804.47 44.98107
9810.08 44.68862
9815.69 44.73756
9821.3 44.93494
9826.92 44.92606
9832.53 45.36005
9838.14 45.31521
9843.75 45.28765
9849.36 45.78444
9854.97 45.53273
9860.58 45.52658
9866.2 45.37296
9871.81 45.21712
9877.42 45.07556
9883.03 45.34506
9888.64 45.44463
9894.25 45.36865
9899.869999999999 45.63878
9905.48 45.87799
9911.09 45.87239
9916.7 46.20314
9922.31 46.38713
9927.92 46.02881
9933.53 46.59398
9939.15 46.61095
9944.76 47.29462
9950.369999999999 47.60069
9955.98 47.50008
9961.55 48.49074
9967.16 48.71868
9972.77 50.13729
9978.38 50.31051
9983.99 51.56202
9989.61 51.91763
9995.22 52.3804
10000.789999999999 53.54011
10006.4 53.88561
10012.01 54.48405
10017.62 55.55451
10023.230000000001 55.85091
10028.840000000002 56.967
10034.460000000001 57.99691
10040.02 58.68793
10045.630000000001 58.00741
10051.25 57.87222
10056.86 57.6461
10062.43 57.44655
10068.04 56.94128
10073.650000000001 56.32614
10079.26 55.35276
10084.869999999999 54.40515
10090.44 53.09188
10096.050000000001 52.02527
10101.66 51.08379
10107.269999999999 50.36405
10112.84 49.41786
10118.45 49.03549
10124.07 48.29292
10129.68 48.09065
10135.25 48.13676
10140.86 47.61884
10146.470000000001 48.29501
10152.039999999999 48.10034
10157.65 47.30116
10163.26 46.54576
10168.87 46.24913
10174.44 45.80161
10180.050000000001 45.57291
10185.660000000002 45.64711
10191.23 45.1812
10196.84 44.91968
10202.45 44.70018
10208.02 44.52287
10213.630000000001 44.39011
10219.25 44.22223
10224.81 43.68563
10230.42 43.84307
10236.039999999999 43.63324
10241.6 43.51148
10247.22 43.53637
10252.779999999999 43.26442
10258.400000000001 43.11906
10264.009999999998 43.24674
10269.58 43.50092
10275.19 43.41345
10280.76 43.15046
10286.37 43.32962
10291.980000000001 43.15327
10297.55 43.18639
10303.16 42.97865
10308.73 42.83208
10314.34 42.98669
10319.95 43.00362
10325.519999999999 42.92107
10331.09 43.20642
10336.7 43.12517
10342.31 42.74483
10347.880000000001 43.15879
10353.490000000002 43.057
10359.06 43.2653
10364.67 42.94737
10370.24 42.72643
10375.85 42.61937
10381.419999999998 42.74282
10387.029999999999 42.78951
10392.6 42.63619
10398.210000000001 42.6781
10403.78 42.5109
10409.390000000001 42.53348
10414.96 42.75342
10420.57 42.7942
10426.14 42.70301
10431.75 42.82063
10437.320000000002 42.92865
10442.880000000001 43.2034
10448.5 43.47312
10454.11 43.69315
10459.67 43.54138
10465.24 43.79735
10470.859999999999 44.59478
10476.42 44.68579
10482.039999999999 45.35141
10487.599999999999 45.39858
10493.21 45.70315
10498.78 45.49384
10504.35 46.09224
10509.960000000001 46.12542
10515.529999999999 46.00576
10521.1 45.91921
10526.71 45.86723
10532.32 45.47696
10537.890000000001 45.26615
10543.460000000001 44.71679
10549.07 44.44596
10554.64 44.40755
10560.210000000001 44.0823
10565.82 43.73208
10571.390000000001 43.43834
10576.96 43.36208
10582.57 43.37368
10588.14 43.17432
10593.699999999999 43.41078
10599.31 43.41175
10604.880000000001 43.22871
10610.45 42.93232
10616.060000000001 43.1912
10621.63 42.89595
10627.2 43.30292
10632.81 43.59317
10638.380000000001 43.47765
10643.949999999999 43.49596
10649.56 43.74987
10655.13 44.2329
10660.7 44.4168
10666.310000000001 44.44258
10671.880000000001 44.44273
10677.44 44.61307
10683.06 44.82376
10688.580000000002 45.23448
10694.189999999999 45.63523
10699.76 45.67167
10705.33 46.10067
10710.94 46.39497
10716.509999999998 46.65799
10722.08 47.00712
10727.69 47.49027
10733.26 48.08259
10738.82 48.85227
10744.39 49.45549
10749.960000000001 50.5946
10755.570000000002 51.53496
10761.14 52.80035
10766.71 54.31525
10772.32 55.30833
10777.85 57.16282
10783.460000000001 59.03439
10789.029999999999 61.58498
10794.59 63.44528
10800.21 66.10224
10805.73 68.62167
10811.34 70.99064
10816.91 72.80322
10822.480000000001 74.86935
10828.089999999998 74.67429
10833.619999999999 74.07363
10839.23 72.52262
10844.800000000001 71.24838
10850.359999999999 69.3108
10855.93 68.20497
10861.5 66.88724
10867.11 66.19026
10872.679999999998 64.84343
10878.25 63.56067
10883.82 62.27063
10889.38 62.05746
10895.0 61.21272
10900.52 61.34281
10906.130000000001 61.3445
10911.699999999999 61.59234
10917.269999999999 62.19558
10922.84 62.90204
10928.41 62.99044
10934.02 63.24643
10939.54 63.01206
10945.16 62.50314
10950.679999999998 61.26366
10956.289999999999 60.61134
10961.86 59.43886
10967.43 58.18669
10973.0 56.73331
10978.570000000002 55.05853
10984.130000000001 53.62805
10989.7 51.80313
10995.31 50.60811
11000.84 49.79026
11006.45 48.78982
11011.97 47.89795
11017.59 47.08626
11023.16 46.09792
11028.720000000001 46.19454
11034.289999999999 45.75754
11039.859999999999 45.03909
11045.43 44.71179
11051.0 44.2506
11056.56 44.09143
11062.13 43.73265
11067.74 43.65641
11073.269999999999 43.54211
11078.88 42.68171
11084.41 42.97308
11090.02 43.22442
11095.539999999999 43.07042
11101.15 43.08505
11106.68 43.00904
11112.29 43.17907
11117.82 43.34497
11123.43 43.29132
11128.949999999999 42.94394
11134.56 43.33427
11140.13 42.69405
11145.7 43.09856
11151.27 42.48403
11156.839999999998 42.45193
11162.41 42.24936
11167.970000000001 42.5656
11173.539999999999 42.25565
11179.11 42.08724
11184.68 42.01726
11190.25 41.58372
11195.77 41.62606
11201.380000000001 41.68054
11206.910000000002 41.42968
11212.519999999999 41.87086
11218.05 41.68099
11223.66 41.88256
11229.18 41.9742
11234.789999999999 42.02261
11240.32 42.51313
11245.93 42.96688
11251.46 43.44511
11257.07 43.80345
11262.589999999998 44.32237
11268.199999999999 44.96793
11273.73 45.51997
11279.34 46.17993
11284.87 46.36048
11290.43 46.27286
11296.0 46.09251
11301.570000000002 46.12602
11307.14 45.54052
11312.71 45.30706
11318.28 45.18164
11323.84 44.7197
11329.41 44.01515
11334.94 43.35104
11340.550000000001 42.69649
11346.07 41.66024
11351.69 41.48467
11357.21 41.07226
11362.82 40.84559
11368.35 40.59507
11373.92 40.72768
11379.48 40.3016
11385.050000000001 40.09611
11390.62 39.71355
11396.189999999999 39.71518
11401.76 39.88363
11407.279999999999 39.57885
11412.89 39.67532
11418.42 39.53785
11424.03 39.38637
11429.560000000001 39.42152
11435.12 39.2435
11440.69 39.04022
11446.259999999998 39.06379
11451.83 38.93427
11457.35 38.93185
11462.97 38.82961
11468.49 38.88281
11474.1 39.01065
11479.630000000001 39.00871
11485.2 38.68914
11490.76 38.5621
11496.33 38.66817
11501.9 38.19967
11507.43 38.35383
11513.04 38.56701
11518.56 38.52946
11524.13 38.61733
11529.7 38.34917
11535.27 38.37023
11540.840000000002 38.28593
11546.36 38.33116
11551.970000000001 38.02948
11557.5 38.31679
11563.07 38.64227
11568.63 38.5136
11574.199999999999 38.18268
11579.77 38.29733
11585.289999999999 38.47842
11590.910000000002 38.30248
11596.43 38.31461
11601.999999999998 38.30162
11606.19 38.10366
11654.62 37.23219
11697.78 36.84083
11740.95 36.50409
11784.12 36.22
11827.28 35.98683
11870.449999999999 35.8031
11913.609999999999 35.66756
11956.78 35.57913
11999.94 35.53699
12043.109999999999 35.54047
12086.269999999999 35.5891
12129.44 35.68256
12172.6 35.82075
12219.83 36.85934
12226.82 37.21517
12233.849999999999 36.93792
12240.85 36.82321
12247.88 36.6044
12254.92 36.61568
12261.91 36.71367
12268.9 37.08216
12275.94 37.1304
12282.98 36.77505
12289.97 36.15362
12296.96 37.04914
12304.0 37.31655
12310.99 37.04206
12318.03 37.40179
12325.02 36.61484
12332.050000000001 36.78502
12339.050000000001 36.85666
12346.08 37.3618
12353.08 37.16899
12360.070000000002 36.48585
12367.1 36.72414
12374.099999999999 37.02185
12381.130000000001 37.24472
12388.13 36.77529
12395.119999999999 37.12053
12402.16 36.98806
12409.15 37.1606
12416.14 36.92209
12423.18 37.64051
12430.17 37.78112
12437.16 37.77114
12444.2 37.56398
12451.19 37.73608
12458.18 37.99955
12465.22 37.72556
12472.21 37.25402
12479.210000000001 37.4696
12486.2 37.18332
12493.23 37.95286
12500.230000000001 37.91485
12507.22 38.13479
12514.21 37.46416
12521.25 37.29393
12528.24 37.23069
12535.23 38.05525
12542.230000000001 37.9224
12549.220000000001 38.33196
12556.259999999998 38.43773
12563.25 38.55895
12570.24 38.34715
12577.23 38.58085
12584.230000000001 38.28336
12591.26 38.33867
12598.25 38.40568
12605.249999999998 38.31693
12612.24 38.02771
12619.23 38.53531
12626.230000000001 38.27814
12633.220000000001 38.41704
12640.210000000001 38.53589
12647.2 38.83903
12654.240000000002 38.43945
12661.230000000001 38.97449
12668.23 38.99493
12675.220000000001 39.24923
12682.210000000001 39.28093
12689.2 39.24631
12696.199999999999 39.84341
12703.19 40.04713
12710.18 41.23547
12717.17 40.73137
12724.169999999998 41.91993
12731.16 42.606
12738.15 43.30045
12745.150000000001 43.58586
12752.140000000001 44.79863
12759.130000000001 45.90012
12766.13 47.51107
12773.12 48.78955
12780.11 50.92803
12787.1 52.97251
12794.099999999999 55.08142
12801.09 56.6445
12808.08 58.39116
12815.07 59.23237
12822.070000000002 59.54445
12829.060000000001 59.25122
12836.01 58.3649
12843.0 56.98192
12850.0 55.80578
12856.99 54.90231
12863.98 52.814
12870.97 51.45719
12877.970000000001 49.13821
12884.960000000001 47.6734
12891.91 46.10427
12898.9 45.18711
12905.89 44.27411
12912.89 43.41023
12919.88 42.67562
12926.869999999999 42.01144
12933.859999999999 41.86712
12940.81 41.2721
12947.81 41.22131
12954.8 40.65065
12961.789999999999 40.25384
12968.740000000002 40.14092
12975.74 39.80992
12982.73 39.5894
12989.72 39.18996
12996.710000000001 39.25052
13003.66 38.9645
13010.66 38.79757
13017.650000000001 38.77409
13024.640000000001 38.65843
13031.59 38.12509
13038.58 38.48173
13045.580000000002 38.33308
13052.57 38.00601
13059.52 38.22398
13066.51 37.92714
13073.5 37.92745
13080.449999999999 37.56268
13087.45 37.70332
13094.44 37.54012
13101.39 37.61442
13108.38 37.48773
13115.380000000001 37.76191
13122.320000000002 37.59961
13129.32 37.76345
13136.31 37.63224
13143.26 37.70296
13150.250000000002 37.66719
13157.2 37.63735
13164.19 37.86495
13171.189999999999 37.64808
13178.140000000001 37.58668
13185.130000000001 37.40211
13192.12 37.62354
13199.07 37.42649
13206.06 37.4678
13213.01 37.43006
13220.01 37.46352
13226.960000000001 37.2757
13233.95 37.13832
13240.94 37.09723
13247.89 36.71369
13254.88 37.07855
13261.829999999998 36.95845
13268.83 36.76897
13275.82 36.87492
13282.769999999999 36.91829
13289.720000000001 36.71337
13296.710000000001 36.71491
13303.7 36.78242
13310.65 36.81854
13317.6 36.5167
13324.6 36.49968
13331.59 36.46786
13338.54 36.59878
13345.49 36.49251
13352.48 36.57102
13359.47 36.4905
13366.420000000002 36.76624
13373.37 36.83381
13380.369999999999 36.54053
13387.32 36.67715
13394.31 36.55263
13401.259999999998 36.71272
13408.25 36.84219
13415.2 36.53824
13422.15 36.91313
13429.14 36.54164
13436.140000000001 36.52689
13443.08 36.84805
13450.029999999999 36.68228
13457.03 36.73542
13463.98 36.98999
13470.93 36.72985
13477.920000000002 36.98453
13484.87 36.80696
13491.820000000002 36.84225
13498.810000000001 36.75566
13505.8 36.82858
13512.75 36.61997
13519.699999999999 36.76278
13526.7 36.79209
13533.65 36.78841
13540.6 36.55813
13547.59 36.70352
13554.539999999999 36.5897
13561.49 36.30671
13568.480000000001 36.60078
13575.43 36.69703
13582.380000000001 36.65536
13589.37 36.85023
13596.32 36.88615
13603.27 36.52948
13610.26 36.88722
13617.21 36.64351
13624.16 36.8166
13631.16 36.87407
13638.11 36.75104
13645.06 36.66188
13652.05 36.70725
13658.96 36.57039
13665.95 36.80392
13672.9 36.78817
13679.85 37.02338
13686.84 37.00303
13693.789999999999 37.02873
13700.74 36.64601
13707.73 36.5339
13714.679999999998 36.84873
13721.630000000001 36.8529
13728.58 36.64326
13735.53 36.69012
13742.52 37.077
13749.47 36.75197
13756.42 36.82123
13763.41 36.74244
13770.32 36.71794
13777.31 36.59941
13784.259999999998 36.46422
13791.210000000001 36.35621
13798.21 36.22661
13805.16 36.44539
13812.1 36.44538
13819.05 36.37627
13826.0 36.42664
13833.0 36.46435
13839.95 36.54383
13846.9 36.33589
13853.85 36.58822
13860.8 36.65856
13867.789999999999 36.81082
13874.69 36.68938
13881.69 36.41596
13888.640000000001 36.57503
13895.59 36.55806
13902.58 36.44274
13909.49 36.32708
13916.48 36.38628
13923.43 36.45071
13930.38 36.4066
13937.330000000002 36.50955
13944.28 36.36917
13951.27 36.50424
13958.18 36.3647
13965.17 36.26954
13972.119999999999 36.40527
13979.07 36.27635
13986.019999999999 36.29798
13992.97 36.1587
13999.919999999998 36.0934
14006.87 36.31372
14013.86 36.33691
14020.77 36.2297
14027.76 36.11709
14034.71 36.14815
14041.66 36.19842
14048.609999999999 35.95354
14055.56 36.20157
14062.509999999998 36.20562
14069.460000000001 36.40732
14076.45 36.09707
14083.36 36.16348
14090.35 36.21572
14097.249999999998 36.31895
14104.25 36.49069
14111.15 36.39002
14118.15 36.48441
14125.099999999999 36.44373
14132.039999999999 36.43386
14139.0 36.41362
14145.95 36.34558
14152.89 36.27843
14159.839999999998 36.09338
14166.79 36.38677
14173.74 36.45739
14180.74 36.39447
14187.64 36.62939
14194.63 36.5871
14201.539999999999 36.55353
14208.54 36.68124
14215.439999999999 36.41295
14222.429999999998 36.43805
14229.339999999998 36.32435
14236.33 36.27059
14243.24 36.4977
14250.23 36.4976
14257.14 36.3147
14264.13 36.34923
14271.08 36.50244
14278.029999999999 36.49225
14284.98 36.31858
14291.929999999998 36.4586
14298.880000000001 36.21331
14305.83 36.25061
14312.78 36.45967
14319.73 36.32407
14326.68 36.27188
14333.63 36.25218
14340.58 36.11762
14347.529999999999 36.3104
14354.480000000001 36.38487
14361.43 35.98111
14368.369999999999 36.11297
14375.33 36.03924
14382.28 36.02681
14389.220000000001 36.31721
14396.17 36.03512
14403.12 35.98855
14410.07 36.12199
14417.02 36.15226
14423.93 36.31328
14430.92 36.12934
14437.83 36.15356
14444.82 36.04576
14451.73 36.11105
14458.720000000001 35.94056
14465.630000000001 36.11491
14472.62 35.96349
14479.53 36.25374
14486.52 35.85112
14493.43 36.1625
14500.42 35.9726
14507.33 35.86581
14514.32 35.99278
14521.22 36.07753
14528.220000000001 36.07061
14535.119999999999 36.09178
14542.07 36.10918
14549.019999999999 36.10255
14555.970000000001 36.2871
14562.92 36.22922
14569.87 36.08403
14576.82 36.361
14583.77 36.18004
14590.72 36.35082
14597.67 36.08411
14604.619999999999 36.11743
14611.529999999999 36.07098
14618.519999999999 35.99744
14625.42 36.00431
14632.42 36.09923
14639.33 36.04382
14646.32 36.0088
14653.22 36.05496
14660.22 36.16653
14667.12 36.17207
14674.119999999999 35.9106
14681.02 36.32174
14687.97 36.15765
14694.92 36.12426
14701.869999999999 36.0684
14708.82 36.32974
14715.769999999999 36.10264
14722.72 36.42017
14729.630000000001 36.22515
14736.62 36.10803
14743.53 36.23263
14750.52 35.99016
14757.420000000002 36.14953
14764.42 36.01127
14771.32 36.16981
14778.32 36.12293
14785.22 36.30228
14792.17 36.1076
14799.119999999999 36.1016
14806.07 36.05193
14813.019999999999 36.1074
14819.97 36.05286
14826.919999999998 36.09822
14833.829999999998 36.04123
14840.82 36.00935
14847.73 36.01935
14854.72 36.11988
14861.63 35.9954
14868.619999999999 35.81962
14875.52 36.12621
14882.470000000001 36.09515
14889.42 36.19374
14896.37 36.05129
14903.32 35.86698
14910.27 35.83613
14917.22 36.12838
14924.13 35.98925
14931.12 36.05156
14938.03 35.74309
14945.02 35.8637
14951.93 35.94406
14958.92 36.01531
14965.83 36.12682
14972.82 36.14602
14979.720000000001 35.67866
14986.67 35.98018
14993.62 35.91506
15000.57 36.02918
15007.52 36.08045
15014.47 36.10553
15021.42 35.87214
15028.330000000002 35.87983
15035.320000000002 35.91192
15042.230000000001 35.82145
15049.220000000001 35.95432
15056.130000000001 35.95051
15063.12 35.85989
15070.03 35.84048
15076.98 35.94428
15083.93 35.92919
15090.88 35.92966
15097.82 36.03969
15104.77 36.00284
15111.72 35.80266
15118.67 36.00358
15125.619999999999 35.87658
15132.529999999999 35.81574
15139.52 35.86078
15146.43 35.78474
15153.42 35.92502
15160.33 35.87831
15167.32 35.74444
15174.23 35.62213
15181.22 35.6192
15188.13 35.57112
15195.08 35.68598
15202.029999999999 35.58195
15208.97 35.73361
15215.92 35.69699
15222.880000000001 35.78602
15229.83 35.82578
15236.769999999999 35.53875
15243.720000000001 34.96903
15250.67 35.63408
15257.62 35.56174
15264.53 35.71416
15271.52 35.50913
15278.43 35.59876
15285.42 35.39028
15292.33 35.41083
15299.320000000002 35.32579
15306.230000000001 35.41408
15313.220000000001 35.61543
15320.130000000001 35.47686
15327.12 35.6152
15410.0 35.61145
15453.16 35.58142
15496.33 35.55149
15539.49 35.52169
15582.66 35.49198
15625.82 35.46238
15668.99 35.43289
15712.15 35.4035
15755.32 35.37423
15798.48 35.34505
15841.65 35.31597
15884.81 35.287
15927.98 35.25814
15971.14 35.22937
16014.310000000001 35.2007
16057.48 35.17214
16100.64 35.14368
16143.810000000001 35.11531
16186.970000000001 35.08704
16230.14 35.05887
16273.3 35.0308
16316.470000000001 35.00283
16359.630000000001 34.97495
16402.8 34.94717
16445.96 34.91948
16489.13 34.89188
16532.29 34.86438
16575.46 34.83697
16618.62 34.80966
16672.93 33.60726
16677.59 33.71938
16682.25 33.72155
16686.82 33.93356
16691.49 33.99905
16696.15 34.10512
16700.809999999998 34.0838
16705.47 33.88886
16710.13 34.42669
16714.79 34.61239
16719.46 34.16891
16724.030000000002 33.67349
16728.7 34.04233
16733.36 34.14503
16738.02 33.88278
16742.68 33.99514
16747.34 34.06267
16752.0 34.22836
16756.670000000002 34.43874
16761.239999999998 34.6195
16765.9 34.34735
16770.57 34.40101
16775.23 34.5568
16779.89 34.12249
16784.55 33.70361
16789.210000000003 34.57564
16793.88 34.94382
16798.45 34.96442
16803.11 35.25518
16807.77 35.99702
16812.44 35.69486
16817.100000000002 35.77685
16821.76 35.45659
16826.42 35.6102
16831.0 35.02988
16835.66 35.11421
16840.32 35.07753
16844.98 35.51407
16849.64 35.57897
16854.309999999998 35.19359
16858.97 35.6237
16863.54 35.49324
16868.21 35.113
16872.87 35.05899
16877.53 35.08028
16882.19 35.13573
16886.85 35.14228
16891.510000000002 34.9658
16896.09 34.97832
16900.75 34.96977
16905.41 34.95951
16910.08 35.07856
16914.739999999998 34.82983
16919.4 34.79105
16924.06 34.6262
16928.64 35.16022
16933.3 34.8993
16937.96 34.9237
16942.62 34.91991
16947.29 34.89041
16951.95 34.45503
16956.52 34.42211
16961.18 34.3342
16965.84 34.76472
16970.510000000002 34.79083
16975.17 34.73962
16979.83 34.67355
16984.49 34.67275
16989.07 34.86926
16993.73 34.92197
16998.39 34.66228
17003.05 34.57381
17007.71 34.47512
17012.38 34.53418
17016.95 34.811
17021.62 34.72354
17026.28 34.39098
17030.940000000002 34.64277
17035.6 34.66406
17040.260000000002 34.63451
17044.92 34.41806
17049.5 34.48557
17054.16 34.48761
17058.82 34.52154
17063.48 34.47827
17068.15 34.61198
17072.81 34.58756
17077.38 34.64276
17082.05 34.3047
17086.71 34.44444
17091.37 34.57288
17096.03 34.37681
17100.690000000002 33.94405
17105.27 34.13566
17109.93 34.3098
17114.59 34.68688
17119.25 34.58426
17123.92 34.41461
17128.579999999998 34.37597
17133.149999999998 34.32909
17137.82 34.56207
17142.48 34.33251
17147.14 34.45022
17151.8 34.56043
17156.46 34.56973
17161.04 34.44523
17165.7 34.39765
17170.36 34.45258
17175.02 34.49659
17179.690000000002 34.49097
17184.26 34.35321
17188.920000000002 34.2174
17193.579999999998 34.20214
17198.25 34.39828
17202.91 34.35059
17207.57 34.41484
17212.149999999998 34.42954
17216.81 34.54444
17221.47 34.32493
17226.13 34.33112
17230.79 34.38979
17235.46 34.47379
17240.03 34.36865
17244.69 34.28598
17249.350000000002 34.49602
17254.02 34.47111
17258.68 34.38577
17263.25 34.46406
17267.920000000002 34.15589
17272.579999999998 34.59034
17277.24 34.17003
17281.899999999998 33.90865
17286.56 34.14483
17291.14 34.5761
17295.8 34.35826
17300.46 34.58708
17305.12 34.49223
17309.79 34.70061
17314.36 34.59173
17319.02 34.6848
17323.68 34.80331
17328.35 35.39982
17333.01 35.52779
17337.579999999998 35.24903
17342.25 34.97541
17346.91 35.43876
17351.57 34.98543
17356.23 35.17932
17360.89 35.13043
17365.47 35.08413
17370.129999999997 35.16881
17374.79 35.31994
17379.45 35.05331
17384.12 35.2415
17388.69 34.92055
17393.350000000002 35.03728
17398.02 35.09975
17402.68 35.06963
17407.34 35.03723
17411.920000000002 35.12426
17416.579999999998 35.00658
17421.24 34.77931
17425.9 35.03519
17430.559999999998 35.05248
17435.14 34.77178
17439.8 34.97817
17444.46 35.05219
17449.12 34.30707
17453.79 34.55774
17458.36 34.88849
17463.02 34.61764
17467.68 34.74458
17472.350000000002 34.85242
17477.01 34.71945
17481.58 34.74816
17486.25 34.85764
17490.91 34.72252
17495.57 34.41151
17500.23 34.58794
17504.81 34.45765
17509.47 34.54302
17514.13 34.50353
17518.79 34.53732
17523.45 34.38165
17528.030000000002 34.47317
17532.69 34.43914
17537.350000000002 34.43854
17542.01 34.27335
17546.68 34.3782
17551.25 34.3198
17555.920000000002 34.48416
17560.579999999998 34.17571
17565.239999999998 34.28976
17569.9 34.24133
17574.48 34.07273
17579.14 34.22827
17583.8 34.14252
17588.46 34.23183
17593.04 34.27361
17597.7 34.0677
17602.36 34.17591
17607.02 33.93714
17611.68 34.11482
17616.26 34.17024
17620.92 33.9165
17625.58 34.26738
17630.25 34.00501
17634.91 34.03734
17639.48 33.9452
17644.14 34.03736
17648.8 34.15381
17653.47 33.98775
17658.04 34.01812
17662.7 34.10742
17667.37 33.99986
17672.030000000002 33.8562
17676.69 33.95642
17681.27 34.00347
17685.93 33.77753
17690.59 33.95425
17695.25 33.91774
17699.83 33.98826
17704.489999999998 33.94656
17709.15 33.65783
17713.81 33.81247
17718.48 33.9076
17723.05 33.91146
17727.710000000003 33.84197
17732.37 33.93234
17737.04 33.89019
17741.61 33.69822
17746.27 33.45529
17750.93 33.92952
17755.6 33.65659
17760.260000000002 33.55774
17764.83 33.90819
17769.5 33.63686
17774.16 33.70363
17778.82 33.59418
17783.4 33.93575
17788.06 34.12965
17792.72 33.84119
17797.38 33.79918
17802.039999999997 33.68833
17806.62 33.71337
17811.28 33.98985
17815.94 33.85503
17820.6 33.70689
17825.18 33.86355
17829.84 34.2063
17834.5 33.88824
17839.17 33.64635
17843.739999999998 33.8325
17848.4 33.87257
17853.06 33.95653
17857.73 34.00548
17862.39 33.73886
17866.96 33.9996
17871.62 33.8431
17876.29 33.89306
17880.95 33.91759
17885.52 33.88249
17890.19 33.98726
17894.85 33.92805
17899.510000000002 33.93925
17904.09 34.02017
17908.75 33.68881
17913.41 33.83004
17918.07 34.05226
17922.65 33.82099
17927.31 33.69989
17931.969999999998 34.01757
17936.63 34.03201
17941.29 34.11209
17945.87 33.87404
17950.53 34.08916
17955.190000000002 33.98747
17959.85 34.14588
17964.43 34.09835
17969.09 33.96044
17973.75 34.12037
17978.42 34.18714
17982.99 34.04378
17987.649999999998 34.05562
17992.32 34.02072
17996.98 34.17214
18001.55 34.09139
18006.21 33.96504
18010.88 34.1736
18015.54 34.04705
18020.11 34.00068
18024.77 34.10385
18029.440000000002 34.12438
18034.1 34.23128
18038.670000000002 34.12814
18043.34 34.2972
18048.0 34.29648
18052.66 34.31611
18057.24 34.28623
18061.899999999998 34.52428
18066.56 34.41753
18071.219999999998 34.24863
18075.8 34.2034
18080.46 34.31049
18085.12 34.19714
18089.78 34.6333
18094.36 34.24283
18099.02 34.60897
18103.68 34.73857
18108.34 34.76208
18112.92 34.85533
18117.579999999998 34.67965
18122.24 34.87831
18126.899999999998 34.79844
18131.48 34.87103
18136.14 34.89764
18140.8 34.80853
18145.46 35.08276
18150.04 35.00399
18154.7 35.25552
18159.37 35.0723
18164.03 35.15173
18168.6 35.42077
18173.26 35.31776
18177.920000000002 35.16339
18182.59 35.3756
18187.16 35.19511
18191.82 35.44575
18196.49 35.33025
18201.149999999998 35.08934
18205.72 35.40041
18210.39 35.33717
18215.05 35.10666
18219.71 34.98217
18224.29 35.11062
18228.95 34.8432
18233.61 34.9681
18238.18 34.71103
18242.85 34.95576
18247.51 35.01318
18252.170000000002 34.88318
18256.75 34.91201
18261.41 35.03215
18266.07 34.86062
18270.73 34.81723
18275.31 34.70587
18279.97 34.63864
18284.63 34.58492
18289.29 34.71558
18293.870000000003 34.59554
18298.53 34.7073
18303.19 34.62087
18307.850000000002 34.63036
18312.43 34.71239
18317.09 34.4755
18321.75 34.53158
18326.329999999998 34.34865
18330.99 34.57041
18335.649999999998 34.52348
18340.31 34.5686
18344.89 34.46226
18349.55 34.64953
18354.21 34.60089
18358.88 34.6249
18363.45 34.5824
18368.11 34.52957
18372.77 34.65496
18377.35 34.69368
18382.01 34.56522
18386.670000000002 34.83268
18391.329999999998 34.60627
18395.91 34.64322
18400.57 34.71997
18405.23 34.7126
18409.89 34.73528
18414.47 34.77749
18419.129999999997 34.68764
18423.79 34.90108
18428.37 34.73643
18433.03 34.62281
18437.69 34.95448
18442.36 34.81315
18446.93 34.51956
18451.59 34.8156
18456.26 34.79124
18460.920000000002 35.03826
18465.49 34.93632
18470.15 34.79424
18474.82 34.89646
18479.39 34.91192
18484.05 35.16078
18488.71 34.8833
18493.38 34.86103
18497.95 34.96808
18502.61 35.27096
18507.28 35.28742
18511.850000000002 35.11517
18516.51 35.50184
18521.18 35.568
18525.84 35.547
18530.41 35.4098
18535.07 35.75216
18539.74 35.59613
18544.4 35.51275
18548.98 35.84933
18553.63 35.80767
18558.3 36.13226
18562.87 35.75799
18567.54 36.19238
18572.2 36.37511
18576.86 36.09194
18581.43 36.56543
18586.100000000002 36.84621
18590.76 36.96352
18595.33 36.96674
18599.989999999998 37.45169
18604.66 37.37154
18609.32 37.99973
18613.9 37.93182
18618.56 38.22774
18623.22 38.39981
18627.79 38.73864
18632.46 39.15999
18637.12 39.45926
18641.78 39.78864
18646.350000000002 39.88698
18651.02 40.50044
18655.68 40.99531
18660.25 41.78173
18664.920000000002 42.25143
18669.579999999998 42.62813
18674.239999999998 43.54099
18678.82 43.95488
18683.48 45.02029
18688.14 46.23089
18692.71 47.14391
18697.379999999997 48.1629
18702.04 49.00985
18706.7 49.42562
18711.27 50.42102
18715.94 51.07053
18720.600000000002 51.22852
18725.17 52.17844
18729.84 52.86538
18734.5 53.28298
18739.07 53.69048
18743.73 54.20084
18748.4 54.11366
18753.059999999998 53.98987
18757.64 53.979
18762.3 53.85698
18766.96 53.29563
18771.54 52.92605
18776.2 52.05219
18780.86 51.97067
18785.52 51.60821
18790.09 50.70895
18794.76 50.23666
18799.42 49.47716
18803.989999999998 48.86698
18808.65 48.51106
18813.32 47.73522
18817.89 46.95545
18822.559999999998 46.38546
18827.22 45.55634
18831.88 44.95449
18836.46 43.96505
18841.12 43.60701
18845.780000000002 42.83792
18850.36 42.07722
18855.02 41.09046
18859.68 40.95988
18864.25 40.16306
18868.91 39.76252
18873.58 39.28917
18878.239999999998 39.16456
18882.81 38.64843
18887.48 38.49681
18892.14 38.09946
18896.710000000003 37.73233
18901.38 37.6292
18906.04 37.13084
18910.61 37.21858
18915.280000000002 36.98847
18919.94 36.91576
18924.6 36.80434
18929.17 36.44427
18933.84 36.30389
18938.5 36.18557
18943.07 35.91833
18947.73 35.97751
18952.39 35.81793
18956.97 35.76286
18961.63 35.63953
18966.3 35.51753
18970.96 35.34061
18975.53 35.28724
18980.2 35.19504
18984.86 35.06044
18989.43 34.78719
18994.09 34.89333
18998.76 35.03532
19003.33 34.99001
19007.989999999998 34.70574
19012.66 34.82106
19017.23 34.6309
19021.89 34.60511
19026.55 34.73169
19031.22 34.42425
19035.79 34.29909
19040.45 34.09772
19045.12 34.30428
19049.69 34.03106
19054.35 34.39938
19059.02 34.00596
19063.59 34.26745
19068.25 34.13014
19072.91 34.03471
19077.489999999998 33.73812
19082.15 34.10814
19086.81 34.09388
19091.469999999998 33.97323
19096.05 33.95442
19100.71 33.79291
19105.37 33.89142
19109.95 33.67245
19114.61 33.81
19119.27 33.93437
19123.85 33.86176
19128.510000000002 33.77419
19133.17 33.39892
19137.75 33.80378
19142.41 33.52672
19147.07 33.59077
19151.65 33.72249
19156.31 33.70862
19160.97 33.59584
19165.55 33.55522
19170.21 33.5143
19174.87 33.65856
19179.53 33.54179
19184.11 33.41223
19188.77 33.56777
19193.43 33.64215
19198.010000000002 33.60502
19202.67 33.54154
19207.33 33.43022
19211.91 33.41255
19216.57 33.3632
19221.23 33.543
19225.8 33.69182
19230.47 33.32912
19235.13 33.36612
19239.710000000003 33.53361
19244.37 33.26329
19249.03 33.50302
19253.61 33.3473
19258.27 33.46431
19262.93 33.35009
19267.59 33.48896
19272.16 33.50733
19276.83 33.64049
19281.489999999998 33.33128
19286.06 33.41262
19290.719999999998 33.50334
19295.39 33.40951
19299.96 33.58981
19304.63 33.48883
19309.289999999997 33.60602
19313.86 33.66304
19318.53 33.66905
19323.19 33.62269
19327.760000000002 33.62738
19332.42 33.39109
19337.09 33.67179
19341.66 33.63676
19346.32 33.81319
19350.98 33.89307
19355.56 33.53637
19360.219999999998 33.74592
19364.88 33.75213
19369.46 33.73294
19374.12 33.85196
19378.78 34.02965
19383.36 33.88794
19388.02 33.9905
19392.68 34.08242
19397.35 33.90961
19401.92 34.14246
19406.58 34.3553
19411.24 34.14931
19415.82 34.5962
19420.48 34.38545
19425.14 34.3935
19429.719999999998 34.72244
19434.38 34.40319
19439.04 34.64985
19443.62 34.84405
19448.28 34.77595
19452.940000000002 34.6632
19457.52 34.84746
19462.18 34.89268
19466.84 34.70075
19471.42 34.45113
19476.08 34.52422
19480.74 34.34117
19485.31 34.57008
19489.98 34.43586
19494.64 34.32704
19499.21 34.484
19503.88 34.42719
19508.54 34.42047
19513.11 34.35289
19517.77 34.31413
19522.440000000002 34.33521
19527.01 34.44701
19531.670000000002 34.08706
19536.34 34.34915
19540.91 34.23173
19545.57 34.07162
19550.24 34.26378
19554.81 33.88839
19559.47 33.78611
19564.13 34.21331
19568.71 33.81278
19573.370000000003 34.02065
19578.03 33.80886
19582.61 33.64312
19587.27 34.04067
19591.93 33.88488
19596.510000000002 33.82363
19601.170000000002 33.94099
19605.829999999998 33.7712
19610.41 33.74777
19615.07 33.60128
19619.73 33.41844
19624.31 33.45417
19628.969999999998 33.41808
19633.63 33.46026
19638.21 33.33867
19642.87 33.31816
19647.53 33.48149
19652.11 33.3024
19656.77 33.23274
19661.43 33.03255
19666.0 33.09374
19670.67 33.27569
19675.329999999998 33.22839
19679.899999999998 33.11997
19684.56 33.37115
19689.23 33.0407
19693.8 33.04178
19698.46 32.99935
19703.13 32.85352
19707.7 32.91388
19712.36 33.00875
19717.03 32.79281
19721.6 32.94658
19726.26 32.88301
19730.93 33.00733
19735.5 32.71693
19740.16 32.7776
19744.829999999998 32.84511
19749.399999999998 32.74507
19754.06 32.67048
19758.72 32.60147
19763.3 32.5802
19767.96 32.76987
19772.62 32.50676
19777.2 32.84538
19781.86 32.63381
19786.52 32.86984
19791.1 32.71604
19795.76 32.72808
19800.420000000002 32.68692
19805.0 32.57308
19809.66 32.86571
19814.32 32.67688
19818.899999999998 32.60933
19823.56 32.53835
19828.22 32.43609
19832.8 32.45669
19837.46 32.43232
19842.120000000003 32.71557
19846.69 32.68215
19851.36 32.51297
19856.02 32.66862
19860.59 32.67401
19865.25 32.67947
19869.829999999998 32.6501
19874.49 32.59901
19879.15 32.62409
19883.73 32.58408
19888.39 32.54781
19893.05 32.62729
19897.63 32.41214
19902.29 32.42665
19906.95 32.5887
19911.53 32.26731
19916.19 32.47355
19920.850000000002 32.36453
19925.43 32.37416
19930.09 32.22209
19934.75 32.46506
19939.329999999998 32.40922
19943.99 32.35434
19948.65 32.31573
19953.23 32.46048
19957.89 32.25066
19962.55 32.38313
19967.13 32.39461
19971.79 32.39374
19976.45 32.28751
19981.03 32.28797
19985.69 32.22783
19990.35 32.18384
19994.920000000002 32.17556
19999.579999999998 32.18191
20004.25 32.30887
20008.82 32.03277
20013.48 32.14491
20018.15 32.30979
20022.72 32.43428
20027.379999999997 32.14153
20031.96 32.31623
20036.62 32.2618
20041.280000000002 32.30872
20045.86 32.30361
20050.52 32.15959
20055.18 32.31319
20059.76 32.40476
20064.42 32.30063
20069.08 32.26854
20073.660000000003 32.09186
20078.32 32.34575
20082.98 32.22287
20087.56 32.22408
20092.219999999998 32.41068
20096.88 32.20018
20101.460000000003 32.06415
20106.12 32.26846
20110.78 32.32002
20115.36 32.01887
20120.019999999997 32.00775
20124.68 32.06879
20129.25 32.00234
20133.920000000002 32.02204
20138.579999999998 32.22205
20143.149999999998 32.03486
20147.81 32.15092
20152.39 31.89771
20157.05 31.92216
20161.71 32.06317
20166.29 31.84844
20170.949999999997 31.9947
20175.61 32.07613
20180.19 31.8975
20184.850000000002 32.09123
20189.51 32.16588
20194.09 32.00397
20198.75 32.21327
20203.41 31.98279
20207.989999999998 31.96363
20212.65 32.217
20217.309999999998 32.18219
20221.89 32.09143
20226.55 31.97978
20231.210000000003 32.03013
20235.789999999997 32.02989
20240.45 31.94533
20245.11 32.00194
20249.68 31.97955
20254.35 31.99051
20258.92 32.08214
20263.58 32.04417
20268.25 32.08913
20272.82 31.73909
20277.48 31.7931
20282.140000000003 31.99512
20286.719999999998 31.96082
20291.38 32.20829
20296.04 31.85666
20300.62 32.05526
20305.28 31.95456
20309.949999999997 32.07023
20314.519999999997 31.80224
20319.18 32.05413
20323.84 32.13732
20328.420000000002 32.05765
20333.079999999998 31.96221
20337.74 31.988
20342.32 32.20659
20346.98 31.88302
20351.55 31.83057
20356.22 32.14885
20360.879999999997 31.97309
20365.449999999997 31.87678
20370.12 32.0872
20374.780000000002 32.16361
20379.36 32.08786
20384.02 31.98293
20388.68 31.9489
20393.25 32.09406
20397.92 32.10604
20402.58 32.03124
20407.15 31.79201
20411.809999999998 32.0009
20416.47 32.00959
20421.05 32.02538
20425.710000000003 32.02723
20430.29 31.99528
20434.95 31.82441
20439.61 31.89564
20444.19 31.74919
20448.85 32.02669
20453.510000000002 31.88638
20458.090000000004 31.57696
20462.75 31.93808
20467.41 31.69593
20471.99 31.68722
20476.649999999998 31.70648
20481.31 31.85523
20485.890000000003 32.12438
20490.55 31.89255
20495.21 31.99353
20499.78 32.23741
20504.449999999997 31.97344
20509.019999999997 31.84321
20513.68 32.00184
20518.350000000002 32.04097
20522.92 32.11599
20527.579999999998 31.62906
20532.25 31.80401
20536.819999999996 31.801
20541.48 31.84437
20546.14 31.98034
20550.72 31.70714
20555.379999999997 31.85584
20560.04 31.81395
20564.62 31.8491
20569.280000000002 31.73508
20573.94 31.92212
20578.52 31.60254
20583.18 31.48864
20587.76 31.46126
20592.42 31.65962
20597.08 31.74598
20601.65 31.78498
20606.32 31.68779
20610.98 32.08798
20615.55 32.16476
20620.210000000003 31.84317
20624.88 31.77559
20629.45 31.88492
20634.12 31.90076
20638.78 31.82648
20643.35 31.68298
20648.010000000002 31.67889
20652.59 31.83073
20657.25 31.86315
20661.91 32.06067
20666.489999999998 31.83155
20671.149999999998 31.79183
20675.81 31.84899
20680.390000000003 31.77675
20685.05 31.79139
20689.71 31.67617
20694.29 31.6126
20698.949999999997 31.57091
20703.61 31.9071
20708.190000000002 31.80846
20712.850000000002 31.82418
20717.51 31.77902
20978.309999999998 31.81352
21150.980000000003 31.78485
21323.64 31.75677
21496.300000000003 31.72926
21668.96 31.70229
21841.620000000003 31.67588
22014.28 31.64999
22186.940000000002 31.62462
22513.359999999997 32.44134
22594.59 32.39586
22675.83 32.0511
22757.07 31.69063
22838.48 31.36554
22919.800000000003 31.12389
23001.21 31.0806
23082.71 31.03504
23164.2 31.61284
23245.7 31.21363
23327.28 30.87331
23408.95 30.6508
23490.53 30.13992
23572.289999999997 30.0504
23653.96 29.9251
23735.8 29.68402
23817.55 29.60158
23899.39 29.56871
23981.32 29.84311
24063.16 29.99871
24145.18 30.16111
24227.1 30.16307
24309.120000000003 29.90392
24391.219999999998 30.0859
24473.23 30.33645
24555.329999999998 30.7154
24637.52 30.76749
24719.71 30.63073
24801.890000000003 30.39619
24884.170000000002 30.0504
24966.44 29.55604
25048.71 29.61563
25131.070000000003 29.58921
25213.43 29.43816
25295.79 29.2718
25378.24 29.20134
25460.68 29.31023
25543.13 29.22761
25625.66 29.13
25708.190000000002 28.93581
25790.72 29.07483
25873.339999999997 29.27635
25955.879999999997 29.66107
26038.579999999998 29.5923
26121.2 29.63438
26203.9 29.30599
26286.6 28.97913
26369.31 28.3722
26452.100000000002 27.85494
26534.89 27.86756
26617.68 27.92861
26700.469999999998 27.78552
26783.350000000002 27.81244
26866.23 27.78815
26949.109999999997 27.66725
27031.98 27.22051
27114.95 27.03693
27197.91 27.15598
27280.87 27.16142
27363.92 26.99455
27446.890000000003 26.97469
27529.940000000002 26.85873
27612.99 27.02463
27696.04 26.33228
27779.17 26.38555
27862.309999999998 26.51522
27945.449999999997 26.52002
28028.58 26.82837
28111.72 26.70952
28194.940000000002 26.63398
28278.16 26.4884
28361.38 26.51472
28444.61 26.6938
28527.83 26.65131
28611.140000000003 26.62377
28694.359999999997 27.13304
28777.67 26.51994
28861.07 26.70528
28944.38 26.65367
29027.690000000002 26.73112
29111.08 26.21821
29194.48 25.74127
29277.87 26.18896
29361.27 26.25558
29444.66 25.99994
29528.14 25.96215
29611.54 26.18395
29695.02 25.90748
29778.5 25.92942
29861.98 26.18948
29945.460000000003 26.31878
30029.03 26.35878
30112.510000000002 26.20337
30196.079999999998 26.01551
30279.56 25.90524
30363.129999999997 25.79599
30446.7 25.5849
30530.35 25.52179
30613.920000000002 25.12705
30697.489999999998 25.08969
30781.14 24.83052
30864.8 24.7965
30948.37 24.45383
31032.02 24.40796
31115.68 24.34808
31199.42 24.38671
31283.07 24.95926
31366.719999999998 24.74881
31450.46 25.10305
31534.12 24.96827
31617.86 24.7605
31701.600000000002 24.85172
31785.34 24.93367
31869.079999999998 24.67958
31952.820000000003 24.12336
32036.56 23.9218
32120.3 23.61646
32204.039999999997 23.30698
32287.87 23.45109
32371.61 23.34832
32455.440000000002 23.38641
32539.27 23.36141
32623.09 23.20362
32706.83 23.24964
32790.659999999996 23.01205
32874.49 23.1352
32958.4 23.39466
33042.229999999996 23.06241
33126.05 23.29252
33209.88 22.68876
33293.79 22.90994
33377.62 22.66796
33461.54 22.41317
33545.36 22.15381
33629.28 21.7584
33713.19 21.57987
33797.01 21.6253
33880.93 21.46824
33964.840000000004 21.54674
34048.75 21.50173
34132.67 21.66626
34216.58 21.84515
34300.5 21.41642
34384.41 21.58926
34468.41 21.21949
34552.32 21.22559
34636.23 21.14676
34720.23 21.39889
34804.14 21.5053
34888.06 21.68702
34972.06 21.5782
35055.97 21.39817
35139.979999999996 21.36143
35223.97 21.32314
35307.89 20.76947
35391.88 20.73864
35475.89 20.67418
35559.799999999996 20.22481
35643.79 20.31429
35727.799999999996 20.29273
35811.799999999996 20.10408
35895.8 20.02408
35979.79 20.11677
36063.71 20.09861
36147.71 20.02331
36231.71 20.02246
36315.71 20.28489
36399.71 20.00031
36483.71 19.94502
36567.7 19.94338
36651.79 19.63508
36735.79 19.94131
36819.79 20.17984
36903.79 20.2876
36987.79 20.54633
37071.79 20.51766
37155.79 20.00338
37239.79 20.07335
37323.79 19.9842
37407.88 19.93304
37491.880000000005 20.08238
37575.880000000005 20.14204
37659.87 20.36948
37743.87 19.88367
37827.96 19.98164
37911.96 19.52296
37995.96 19.33823
38079.96 19.36001
38163.96 19.51729
38247.95 19.71056
38332.04 19.78292
38416.04 18.87433
38500.04 19.02093
38584.04 19.19952
38668.04 19.20311
38752.04 18.97518
38836.04 18.79229
38920.13 18.99059
39004.13 18.80109
39088.13 18.48167
39172.12 18.52278
39256.13 18.33531
39340.130000000005 18.11856
39424.130000000005 18.04678
39508.12 17.98714
39592.13 17.67765
39676.12 17.41655
39760.04 17.26504
39844.04 17.25287
39928.04 17.11623
40012.04 17.10499
40096.04 17.16148
40179.95 17.29657
40263.95 17.30965
40347.95 17.49962
40431.86 17.52428
40515.86 17.49564
40599.77 17.41967
40683.77 17.14756
40767.689999999995 16.92179
40851.68 16.92499
40935.6 16.79105
41019.509999999995 16.57904
41103.509999999995 16.72548
41187.42 16.7378
41271.34 16.66661
41355.25 16.53411
41439.159999999996 16.52387
41523.079999999994 16.41092
41606.99 16.37623
41690.899999999994 16.45718
41774.82000000001 16.38623
41858.729999999996 16.34822
41942.560000000005 16.2821
42026.47 15.97063
42110.3 15.80297
42194.21 15.60718
42278.04 15.59129
43165.259999999995 15.61252
44028.56 15.16905
44891.87 14.75187
45755.17 14.3589
46618.48 13.98823
47651.59 13.75798
47912.66 13.65078
48173.72 13.44797
48434.79 13.3159
48695.84 13.23733
48957.0 13.22485
49218.06 13.03048
49479.119999999995 13.0706
49740.19 12.982
50001.25 12.78593
50262.399999999994 12.66819
50523.46 12.48265
50784.53 12.5268
51045.590000000004 12.4439
51306.659999999996 12.4289
51567.8 12.33341
51828.87 12.23656
52089.93000000001 12.17539
52351.0 12.05401
52612.06 11.87166
52873.21000000001 11.7519
53134.27 11.62022
53395.34 11.61722
53656.4 11.58273
53917.46000000001 11.58394
54178.62 11.56262
54439.68 11.4327
54700.740000000005 11.34038
54961.799999999996 11.24544
55222.86 11.09912
55484.020000000004 11.0328
55745.079999999994 10.92055
56006.14 10.89437
56267.21 10.72881
56528.270000000004 10.67694
56789.42 10.56047
57050.479999999996 10.51623
57311.54 10.41447
57572.61 10.33488
57833.68 10.2578
58094.82 10.27298
58355.89 10.2335
58616.950000000004 10.12593
58878.009999999995 10.07599
59139.08 10.04582
59400.23 10.02294
59661.28999999999 9.843512
59922.35 9.707659
60183.42 9.629222
60444.48 9.580291
60705.63 9.600832
60966.7 9.5258
61227.76 9.450511
61488.82000000001 9.444402
61749.88 9.37489
62011.03 9.30099
62272.100000000006 9.271936
62533.159999999996 9.237066
62794.23 9.15488
63055.29 9.17993
63316.439999999995 9.192717
63577.5 9.044776
63838.57 9.025704
64099.630000000005 8.809768
64360.689999999995 8.84483
64621.84 8.930806
64882.9 8.795282
65405.03 8.834782
65927.16 8.689522
66449.38 8.580177
66971.48999999999 8.496203
67493.63 8.407357
68015.84 8.237622
68537.97 8.170612
69060.18000000001 8.091541
69582.3 8.047051
70104.44 7.920747
70626.64 7.869649
71148.77 7.757749
71670.91 7.632129
72193.11 7.531467
72715.24 7.526529
73237.37000000001 6.998132
73759.59 7.35297
74281.70999999999 7.332827
74803.93000000001 7.31761
75326.05 7.212627
75848.18000000001 7.110398
76370.39 7.105089
76892.52 6.891498
77414.65 6.776644
77936.85 6.793397
78458.98 6.733281
78981.11 6.640216
79503.32 6.528524
80025.45 6.474877
80547.66 6.382035
81069.79000000001 6.327209
81591.92 6.293224
82114.12 6.224538
82636.26000000001 6.21111
83158.37999999999 6.099995
83680.59999999999 6.046971
84202.72 5.967656
84724.84 5.925132
85247.06 5.873319
85769.2 5.811926
86291.41 5.776016
86813.53 5.756681
87335.66 5.730532
87857.87 5.668389
88379.99999999999 5.631226
88902.12999999999 5.607821
89424.34000000001 5.610189
89946.47 5.580961
90468.59 5.513942
90990.8 5.48427
91512.94 5.478417
92035.15 5.448391
92557.27 5.42481
93079.40000000001 5.416736
93601.62000000001 5.416775
94123.73999999999 5.367855
94645.87 5.349004
95168.07999999999 5.358222
95690.20999999999 5.360665
96212.34 5.284419
96734.55 5.301345
97256.68000000001 5.245746
97778.89 5.23502
98301.02 5.196656
98823.15000000001 5.175591
99345.36 5.157369
99867.48000000001 5.144794
100389.61 5.118401
100911.81999999999 5.066434
101433.95 5.02517
101956.07 5.016374
102478.28 4.978946
103000.41 4.943405
103522.63 4.883964
104044.76000000001 4.884
104566.88 4.947844
105089.1 5.005849
105611.23 4.902244
106133.36 4.786669
106655.56 4.775224
107177.7 4.756719
107699.82 4.731059
108222.03 4.690599
108744.16 4.651516
109266.38 4.612919
109788.5 4.58455
110310.62999999999 4.553024
110832.84000000001 4.53461
111354.95999999999 4.511734
111877.09 4.489333
112399.31 4.476938
112921.43 4.411475
113443.55 4.350332
113965.77 4.300764
114487.90000000001 4.289511
115010.02 4.248412
115532.24 4.201341
116054.37 4.182247
116576.59000000001 4.147237
117098.70999999999 4.119922
117620.83 4.113413
118143.04999999999 4.111784
118665.17 4.081437
119187.3 4.071371
119709.52 4.048832
120231.64 4.020904
120753.76999999999 4.025662
121461.42 3.884494
122192.46 3.910718
122923.51999999999 3.890387
123654.48000000001 3.863766
124385.51999999999 3.842146
125116.56 3.782596
125847.52 3.721543
126578.57999999999 3.699593
127309.62999999999 3.680663
128040.67 3.708038
128771.62999999999 3.613429
129502.68 3.535996
130233.72 3.510994
130964.68 3.4918
131695.73 3.435144
132426.77000000002 3.441199
133157.73 3.389508
133888.78 3.365305
134619.84 3.393656
135350.80000000002 3.36336
136081.84 3.36504
136812.88999999998 3.367386
137543.84 3.338244
138274.88999999998 3.327263
139005.94 3.274899
139736.98 3.263097
140467.94999999998 3.240824
141199.0 3.191854
141930.03 3.229719
142661.02 3.273916
143392.05 3.273765
144123.08 3.221772
144854.06 3.197578
145585.09 3.166037
146316.16 3.123551
147047.09 3.120581
147778.16 3.133191
148509.2 3.164103
149240.16 3.139528
149971.2 3.110369
150702.25 3.097076
151433.30000000002 3.131431
152164.27 3.124942
152895.31 3.114159
153626.34 3.099404
154357.33000000002 3.092017
155088.38 3.28422
155819.41 3.283282
156550.38 3.084795
157281.41 3.051824
158012.47 3.03087
158743.42 3.062215
159474.47 3.048692
160205.52 3.044726
160936.47 3.018953
161667.52 2.97718
162398.58000000002 2.969576
163129.63 2.987765
163860.58 2.956369
164591.63 2.921129
165322.66 2.920534
166053.64 2.894586
166784.69 2.951528
167515.73 2.909114
168246.69 2.850121
168977.75 2.870233
169708.78 2.879327
170439.73 2.903973
171170.78 2.887744
171901.83000000002 2.904867
172632.81 2.883727
173363.84 2.876221
174094.89 2.808611
174825.94 2.863206
175556.89 2.81029
176287.95 2.827987
177018.99999999997 2.737557
177749.95 2.801938
179212.05000000002 2.82916
180674.05999999997 2.765727
182136.06 2.737647
183598.14 2.740886
185060.16 2.690561
186522.25 2.652136
187984.27 2.62431
189446.27000000002 2.605584
190908.37 2.573751
192370.37 2.529953
193832.37000000002 2.493575
195294.44999999998 2.454705
196756.47999999998 2.408492
198218.56 2.380787
199680.58 2.361881
201142.58 2.336169
202604.69 2.301447
204066.69 2.295792
205528.69999999998 2.267219
206990.77 2.249577
208452.8 2.227839
209914.88 2.225587
211376.89 2.190872
212838.88999999998 2.168793
214301.0 2.157491
215763.0 2.14604
217225.02 2.113659
218687.11000000002 2.093255
220149.13 2.068157
221611.2 2.050214
223073.2 2.019421
224535.2 2.038899
225997.31 2.01686
227459.31 1.986709
228921.33000000002 1.967877
230383.42 1.957939
231845.42 1.95689
233307.52 1.921545
234769.52000000002 1.885825
236231.55000000002 1.855423
237693.63999999998 1.843636
239155.62999999998 1.811323
240617.63 1.779573
242079.72999999998 1.769883
243541.75000000003 1.763641
245003.84 1.715835
246465.84 1.70467
247927.86 1.695084
249389.94 1.669406
250851.94999999998 1.648232
252313.94999999998 1.623116
253776.05 1.610096
255238.05 1.585363
256700.13999999998 1.605068
258162.17 1.717573
259624.16999999998 1.700004
261086.27 1.583056
262548.27999999997 1.531494
264010.28 1.473193
265472.38 1.492149
266934.38 1.483583
268396.47 1.466151
269858.47 1.442761
271320.47 1.444598
272782.56 1.457136
274244.58999999997 1.414632
275706.63 1.40001
277168.69 1.374489
278630.69 1.362344
280092.77999999997 1.341216
281554.81 1.329673
283016.81 1.323977
284478.91 1.284753
285940.91 1.289574
287402.91 1.276376
288865.03 1.264331
290327.03 1.192375
291789.09 1.222241
293251.09 1.244652
294713.12 1.19016
296175.19 1.180184
297637.22000000003 1.190599
299099.22000000003 1.198228
300561.31 1.186915
302023.31 1.171731
303485.41000000003 1.152741
304947.44 1.142061
306409.44 1.146735
307871.53 1.155904
309333.53 1.079289
310795.53 1.117841
312257.66 1.10059
313719.66000000003 1.092924
315181.75 1.08385
316643.75 1.098086
318105.75 1.066555
319567.81 1.114262
321029.83999999997 1.200783
322491.87999999995 1.023804
405753.41000000003 0.6805129
448918.66 0.5640417
492083.94 0.4756379
535249.19 0.4068841
578414.4400000001 0.3523115
647478.88 0.2854157
690644.13 0.2528476
733809.38 0.2255773
776974.63 0.2025238
820139.87 0.1828717
863305.12 0.1659949
906470.38 0.1514052
949635.6299999999 0.1387175
992800.8800000001 0.127624
1035966.13 0.1178764
1079131.3800000001 0.1092725
1122296.6300000001 0.1016463
1165461.8800000001 0.09486056
1208627.13 0.08880101
1251792.37 0.08337185
1294957.75 0.07849239
1338123.0 0.07409431
1381288.25 0.07011937
1424453.5 0.0665178
1467618.75 0.06324686
1510783.9999999998 0.06026967
1553949.25 0.05755429
1597114.5000000002 0.055073
1640279.75 0.05280159
1683445.0 0.05071893
1726610.25 0.04880644
1769775.5 0.0470478
1812940.75 0.04542859
1856106.0 0.04393607
1899271.25 0.04255893
1942436.5 0.04128711
1985601.7499999998 0.04011166
2028767.0 0.03902458
2071932.2500000002 0.03801871
2115097.5 0.03708763
2158262.75 0.03622559
2201428.0 0.0354274
2244593.25 0.03468837
2287758.5 0.0340043
2330923.75 0.03337136
2374089.0 0.03278611
2417254.25 0.03224541
2460419.5 0.03174642
2503584.75 0.03128656
2589915.5 0.03041223
2633080.7499999995 0.0301004
2676246.0 0.02979676
2719411.25 0.02950097
2762576.5 0.0292127
2805741.7500000005 0.02893166
2848907.0 0.02865755
2892072.25 0.0283901
2935237.5 0.02812905
3021567.9999999995 0.02761879
3107898.5 0.0271442
3172646.2500000005 0.02681001
3237394.25 0.02646201
3280559.5 0.02624437
3331278.75 0.02598847
3410055.25 0.02561843
3497842.5 0.02515775
3672734.75 0.02432093
3856371.5 0.02348121
4049190.2499999995 0.02264141
4251650.0 0.0218042
4464232.5 0.02097222
4687444.0 0.0201477
4921816.0 0.01933289
5167907.0 0.01852964
5426301.999999999 0.01773981
5697617.5 0.01696494
5982498.000000001 0.01620641
6281623.0 0.0154655
6595704.500000001 0.0147432
6925489.5 0.0140405
7271763.999999999 0.01335809
7635352.0 0.01269655
8017119.5 0.0120564
8417975.0 0.01143793
8838874.0 0.0108414
9280818.0 0.01026691
9744859.0 0.009714429
10232000.0 0.00918393
10744000.0 0.008675205
11281000.0 0.008188046
11845000.0 0.007722118
12437000.0 0.007277081
13059000.0 0.006852503
13712000.0 0.006447911
14398000.0 0.006062825
15117000.0 0.005696693
15873000.0 0.005348972
16667000.0 0.005019074
17500000.0 0.004706395
18375000.0 0.004410342
19294000.0 0.004130286
20259000.0 0.00386562
21272000.0 0.003615718
22335000.0 0.00337996
23452000.0 0.003157743
24625000.0 0.002948457
25856000.0 0.002751514
27149000.0 0.002566329
28506000.0 0.002392331
29932000.0 0.002228971
31428000.0 0.002075704
33000000.0 0.001932015
34650000.0 0.001797392
36382000.0 0.001671352
38201000.0 0.001553423
40111000.0 0.001443152
42117000.0 0.001340109
44223000.0 0.001243875
46434000.0 0.001154057
48755000.0 0.001070273
51193000.0 0.0009921624
53753000.0 0.0009193814
56440000.0 0.0008516016
59262000.0 0.0007885139
62226000.0 0.0007298226
65337000.0 0.0006752483
68604000.0 0.0006245279
72034000.0 0.0005774107
75636000.0 0.0005336621
79417000.0 0.0004930593
83388000.0 0.0004553923
87558000.0 0.0004204651
91936000.0 0.0003880914
96532000.0 0.0003580974
101360000.0 0.0003303194
106430000.0 0.0003046036
111750000.0 0.0002808067
117340000.0 0.0002587934
123200000.0 0.000238438
129360000.0 0.0002196224
135830000.0 0.0002022361
142620000.0 0.0001861765
149750000.0 0.0001713471
157240000.0 0.0001576586
165100000.0 0.0001450272
173360000.0 0.000133375
182030000.0 0.0001226296
191130000.0 0.0001127233
200680000.0 0.0001035935
210720000.0 9.51817e-05
221250000.0 8.743381e-05
232320000.0 8.029939e-05
243930000.0 7.373165e-05
256130000.0 6.768733e-05
268940000.0 6.212612e-05
282380000.0 5.701078e-05
296500000.0 5.230677e-05
311330000.0 4.798206e-05
326890000.0 4.400709e-05
343240000.0 4.035439e-05
360400000.0 3.69987e-05
378420000.0 3.391652e-05
397340000.0 3.108621e-05
417210000.0 2.848775e-05
438070000.0 2.610267e-05
459970000.0 2.39139e-05
482970000.0 2.190569e-05
507120000.0 2.006352e-05
532470000.0 1.837398e-05
559100000.0 1.682472e-05
587050000.0 1.540436e-05
616400000.0 1.41024e-05
647230000.0 1.290918e-05
679590000.0 1.181581e-05
713570000.0 1.081409e-05
749240000.0 9.896481e-06
786710000.0 9.056056e-06
826040000.0 8.286435e-06
867340000.0 7.58175e-06
910710000.0 6.936618e-06
956250000.0 6.346077e-06
1004100000.0 5.805575e-06
1054300000.0 5.310937e-06
1107000000.0 4.858319e-06
1162300000.0 4.4442e-06
1220400000.0 4.065342e-06
1281500000.0 3.718776e-06
1345500000.0 3.40178e-06
1412800000.0 3.111854e-06
1483500000.0 2.846709e-06
1557600000.0 2.604244e-06
1635500000.0 2.382531e-06
1717300000.0 2.17981e-06
1803100000.0 1.99446e-06
1893300000.0 1.825002e-06
1988000000.0 1.67008e-06
2087400000.0 1.52845e-06
2191700000.0 1.398976e-06
2301300000.0 1.280615e-06
2416400000.0 1.172416e-06
2537200000.0 1.073506e-06
2664100000.0 9.830857e-07
2797300000.0 9.004269e-07
2937100000.0 8.248606e-07
3084000000.0 7.55777e-07
3238200000.0 6.926169e-07
3400100000.0 6.348694e-07
3570100000.0 5.820683e-07
3748600000.0 5.337862e-07
3936000000.0 4.896336e-07
4132800000.0 4.492535e-07
4339500000.0 4.123207e-07
4556500000.0 3.785371e-07
4784300000.0 3.476307e-07
5023500000.0 3.193533e-07
5274700000.0 2.934777e-07
5538400000.0 2.697969e-07
5815300000.0 2.481212e-07
6106100000.0 2.282778e-07
6411400000.0 2.101088e-07
6732000000.0 1.934698e-07
7068600000.0 1.782294e-07
7422000000.0 1.64267e-07
7793100000.0 1.514728e-07
8182700000.0 1.397467e-07
8591900000.0 1.289969e-07
9021500000.0 1.191399e-07
9472500000.0 1.100992e-07
9946200000.0 1.018052e-07
10443000000.0 9.419426e-08
10966000000.0 8.720809e-08
11514000000.0 8.079373e-08
12090000000.0 7.490254e-08
12694000000.0 6.949039e-08
13329000000.0 6.451676e-08
13995000000.0 5.994462e-08
14695000000.0 5.574037e-08
15430000000.0 5.187304e-08
16201000000.0 4.83146e-08
17011000000.0 4.503925e-08
17862000000.0 4.202341e-08
18755000000.0 3.924572e-08
19693000000.0 3.668641e-08
20677000000.0 3.432764e-08
21711000000.0 3.215291e-08
22797000000.0 3.014731e-08
23937000000.0 2.829707e-08
25133000000.0 2.658961e-08
26390000000.0 2.501355e-08
27710000000.0 2.355834e-08
29095000000.0 2.22144e-08
30550000000.0 2.097296e-08
32077000000.0 1.9826e-08
33681000000.0 1.876618e-08
