900.0 2.842035
905.9499999999999 2.842035
911.9 2.842035
917.84 2.842035
923.7900000000001 2.842035
929.74 2.842035
935.6899999999999 2.842035
941.64 2.842035
947.5799999999999 2.842035
953.53 2.842035
959.48 2.842035
965.4300000000001 2.842035
971.38 2.842035
977.32 2.842035
983.27 2.842035
989.2199999999999 2.842035
995.17 2.842035
1001.1200000000001 2.842035
1007.0600000000001 2.842036
1013.01 2.842035
1018.96 2.842035
1024.91 2.842035
1030.86 2.842036
1036.8 2.842036
1042.75 2.842036
1048.7 2.842035
1054.65 2.842035
1060.6 2.842036
1066.54 2.842035
1072.49 2.842035
1078.44 2.842035
1084.3899999999999 2.842035
1090.3400000000001 2.842035
1096.28 2.842035
1102.23 2.842035
1108.18 2.842035
1114.1299999999999 2.842035
1120.07 2.842035
1126.02 2.842035
1131.97 2.842035
1137.92 2.842035
1143.8700000000001 2.842035
1149.81 2.842036
1155.76 2.842036
1161.71 2.842035
1167.6599999999999 2.842035
1173.61 2.842035
1179.55 11.36814
1185.5 11.36814
1191.45 11.36814
1197.4 11.36814
1203.35 11.36814
1209.29 11.36814
1215.24 11.36814
1221.19 11.36814
1227.14 11.36814
1233.09 11.36814
1239.03 11.36814
1244.98 11.36814
1250.93 11.36814
1256.8799999999999 4.263053
1262.8300000000002 4.263053
1268.77 4.263053
1274.72 4.263052
1280.6699999999998 4.263053
1286.62 4.263053
1292.5700000000002 4.263053
1298.51 4.263053
1304.46 4.263053
1310.4099999999999 4.263053
1316.3600000000001 4.263053
1322.31 4.263053
1328.25 4.263053
1334.2 4.263052
1340.1499999999999 4.263053
1346.1000000000001 4.263053
1352.05 4.263052
1357.99 4.263053
1363.9399999999998 4.263053
1369.89 4.263053
1375.8400000000001 4.263053
1381.79 4.263053
1387.73 4.263053
1393.6799999999998 4.263053
1399.63 4.263053
1405.58 4.263053
1411.53 4.263053
1417.47 4.263052
1423.42 4.263053
1429.3700000000001 4.263053
1435.32 4.263053
1441.27 4.263052
1447.2099999999998 4.263053
1453.16 4.263053
1459.1100000000001 4.263053
1465.06 4.263053
1471.01 4.263052
1476.9499999999998 4.263053
1482.9 4.263053
1488.85 4.263053
1494.8 4.263053
1500.7499999999998 4.263053
1506.69 4.263053
1512.64 4.263053
1518.59 4.263053
1524.54 4.263053
1530.49 4.263053
1536.43 4.263053
1542.3799999999999 4.263053
1548.33 4.263053
1554.2800000000002 4.263053
1560.23 4.263053
1566.17 4.263053
1572.12 4.263053
1578.07 4.263053
1584.02 4.263053
1589.96 4.263053
1595.91 4.263053
1601.86 4.263053
1607.8100000000002 4.263053
1613.76 4.263053
1619.7 4.263053
1625.6499999999999 4.263052
1631.6 4.263053
1637.5500000000002 4.263053
1643.5 4.263053
1649.44 4.263053
1655.3899999999999 4.263053
1661.3400000000001 4.263053
1667.29 4.263053
1673.24 4.263053
1679.18 4.263053
1685.1299999999999 4.263052
1691.0800000000002 4.263053
1697.03 4.263053
1702.98 4.263053
1708.9199999999998 4.263053
1714.8700000000001 4.263053
1720.8200000000002 4.263053
1726.77 4.263053
1732.72 4.263052
1738.6599999999999 4.263052
1744.6100000000001 4.263053
1750.56 4.263053
1756.51 4.263053
1762.46 4.263053
1768.3999999999999 4.263053
1774.3500000000001 4.263053
1780.3 4.263053
1786.25 4.263053
1792.1999999999998 4.263053
1798.14 4.263053
1804.0900000000001 4.263053
1810.04 4.263053
1815.99 4.263053
1821.94 4.263053
1827.88 4.263053
1833.83 4.263053
1839.78 4.263053
1845.7299999999998 4.263053
1851.68 4.263053
1857.6200000000001 4.263053
1863.57 4.263053
1869.52 4.263053
1875.47 4.263053
1881.42 4.263052
1887.36 4.263053
1893.31 4.263053
1899.2600000000002 4.263053
1905.21 4.263053
1911.16 4.263053
1917.1 4.263053
1923.05 4.263053
1928.9999999999998 4.263053
1934.95 4.263053
1940.9 4.263053
1946.84 4.263052
1952.7900000000002 4.263053
1958.74 4.263053
1964.69 4.263053
1970.6399999999999 4.263053
1976.58 4.263053
1982.5300000000002 4.263053
1988.48 4.263053
1994.43 4.263053
2000.3799999999999 4.263053
2006.32 4.263053
2012.27 4.263053
2018.22 4.263053
2024.17 4.263052
2030.11 4.263053
2036.0600000000002 4.263053
2042.01 4.263053
2047.96 4.263053
2053.91 4.263053
2059.85 4.263053
2065.8 4.263053
2071.75 4.263053
2077.7000000000003 4.263053
2083.65 4.263053
2089.59 4.263052
2095.54 4.263053
2101.4900000000002 4.263053
2107.44 4.263053
2113.39 4.263054
2119.33 4.263053
2125.2799999999997 4.263053
2131.23 4.263053
2137.18 4.263053
2143.13 4.263053
2149.0699999999997 4.263053
2155.02 4.263052
2160.9700000000003 4.263052
2166.92 4.263053
2172.87 4.263053
2178.81 4.263053
2184.76 4.263053
2190.71 4.263053
2196.66 4.263053
2202.61 4.263053
2208.55 4.263053
2214.5 4.263053
2220.45 4.263052
2226.4 4.263053
2232.35 4.263053
2238.29 4.263053
2244.2400000000002 4.263053
2250.19 4.263053
2256.14 4.263053
2262.09 4.263053
2268.03 4.263052
2273.98 4.263053
2279.93 4.263053
2285.88 4.263054
2291.83 4.263053
2297.77 4.263053
2303.72 4.263053
2309.67 4.263053
2315.62 4.263053
2321.57 4.263052
2327.51 4.263053
2333.46 4.263052
2339.4100000000003 4.263053
2345.36 4.263053
2351.31 4.263053
2357.25 4.263053
2363.2 4.263053
2369.15 4.263053
2375.1 4.263053
2380.78 6.074532
2384.07 4.073367
2387.37 2.148493
2390.67 5.064098
2393.97 3.291577
2397.2799999999997 4.589439
2400.6 3.321982
2403.91 0.2332651
2407.24 5.697706
2410.5699999999997 4.675648
2413.9 4.002256
2417.24 6.439337
2420.58 4.252663
2423.92 5.808178
2427.28 1.704917
2430.63 4.222484
2433.9900000000002 7.264523
2437.36 3.21679
2440.73 4.49322
2444.1 3.4377
2447.48 5.276028
2450.86 2.655755
2454.25 4.692355
2457.6400000000003 4.423101
2461.04 5.526743
2464.44 6.340661
2467.85 4.922438
2471.26 4.945516
2474.68 0.9348527
2478.1 3.427206
2481.53 3.173963
2484.96 2.602504
2488.39 3.969774
2491.83 4.097614
2495.28 4.2116
2498.73 2.834544
2502.18 3.743875
2505.64 4.196505
2509.11 4.478339
2512.57 3.82201
2516.05 3.757697
2519.5299999999997 3.262228
2523.0099999999998 5.916585
2526.5 3.988738
2529.99 6.233876
2533.49 4.990554
2536.9900000000002 4.871793
2540.5 4.618002
2544.0099999999998 3.960145
2547.53 2.924548
2551.05 5.090063
2554.5800000000004 4.275972
2558.11 3.256722
2561.6499999999996 4.759972
2565.19 3.508328
2568.73 5.242659
2572.28 3.083773
2575.8399999999997 3.154411
2579.4 2.873796
2582.97 1.96015
2586.2400000000002 4.000316
2589.22 3.123709
2592.2000000000003 6.680056
2595.19 5.903302
2598.18 2.199059
2601.17 5.35953
2604.17 2.920569
2607.1699999999996 2.185475
2610.17 5.073081
2613.18 3.587782
2616.19 4.60081
2619.2 3.203171
2622.2200000000003 5.409611
2625.24 3.719312
2628.26 3.239697
2631.29 4.303756
2634.32 4.17212
2637.36 3.301755
2640.4 4.370804
2643.44 4.208575
2646.48 4.631866
2649.5299999999997 4.541023
2652.58 0.7697641
2655.6400000000003 4.378024
2658.7 3.268063
2661.76 2.525933
2664.8300000000004 6.239629
2667.9 3.307736
2670.97 6.3889
2674.05 4.224061
2677.1299999999997 7.089774
2680.21 4.332045
2683.3 1.654594
2686.3900000000003 2.927954
2689.48 2.95109
2692.58 4.37701
2695.68 6.084443
2698.79 3.152264
2701.8999999999996 4.541789
2705.0099999999998 3.505871
2708.13 5.95495
2711.25 7.530561
2714.37 4.039389
2717.5 4.257947
2720.63 5.235495
2723.76 3.250322
2726.9 3.502071
2730.0400000000004 4.970639
2733.1899999999996 4.229792
2736.33 4.224136
2739.49 5.220665
2742.64 4.542463
2745.7999999999997 5.61408
2748.9599999999996 3.407884
2752.1299999999997 4.604996
2755.3 3.31485
2758.4700000000003 3.232263
2761.65 5.360526
2764.83 3.640658
2768.02 5.686825
2771.21 4.009114
2774.4 4.502082
2777.6 4.625127
2780.7999999999997 5.308376
2784.0 3.152372
2787.21 5.504039
2790.42 6.356189
2793.6299999999997 3.319152
2796.8500000000004 5.402559
2800.07 3.642664
2803.3 3.33328
2806.5299999999997 5.11663
2809.76 5.987431
2813.0 4.823266
2816.24 4.364928
2819.4799999999996 4.77645
2822.73 5.593885
2825.98 4.027347
2829.2400000000002 6.140418
2832.49 6.330882
2835.7599999999998 3.458706
2839.02 2.795425
2842.29 4.306372
2845.57 4.854865
2848.85 3.022075
2852.13 4.257302
2855.41 3.304854
2858.7000000000003 4.491428
2862.0 4.340205
2865.29 2.905461
2868.5899999999997 3.482642
2871.9 5.321096
2875.2100000000005 2.367579
2878.52 3.080553
2881.8300000000004 3.199871
2885.15 5.382553
2888.48 4.94398
2891.8100000000004 4.04152
2895.14 6.900756
2898.4700000000003 4.03146
2901.8100000000004 6.191053
2905.15 5.288892
2908.5 3.488654
2911.8500000000004 4.032366
2915.2 6.857473
2918.56 3.801662
2921.92 4.131789
2925.29 3.887426
2928.6600000000003 3.832038
2932.0299999999997 6.078167
2935.41 5.533644
2938.79 4.653547
2942.18 6.433332
2945.57 5.9485
2948.96 4.993782
2952.36 6.498821
2955.76 4.412252
2959.1600000000003 3.963855
2962.5699999999997 7.406004
2965.9900000000002 6.597866
2969.3999999999996 6.887481
2972.8199999999997 5.666186
2976.2499999999995 5.054103
2979.6800000000003 4.620555
2983.11 4.403723
2986.54 5.877875
2989.9900000000002 4.33394
2993.4300000000003 3.941071
2996.88 5.321384
3000.33 5.085343
3003.79 6.513169
3007.25 3.379523
3010.7099999999996 3.564107
3014.1800000000003 3.834566
3017.65 4.298802
3021.13 3.824506
3024.6099999999997 4.266014
3028.09 3.750386
3031.58 5.435353
3035.07 3.001694
3038.5699999999997 5.983756
3042.07 3.878531
3045.57 3.580089
3049.08 6.556959
3052.59 4.141719
3056.11 4.188923
3059.6299999999997 4.510523
3063.16 4.020213
3066.68 4.827279
3070.2200000000003 5.221208
3073.75 5.657935
3077.29 3.707353
3080.84 3.951611
3084.3900000000003 2.967347
3087.94 6.03104
3091.5 6.014845
3095.06 3.874626
3098.63 5.225753
3102.19 5.214001
3105.77 5.273047
3109.3500000000004 5.370061
3112.93 4.249052
3116.51 6.139271
3120.1 5.049849
3123.7 4.998966
3127.3 4.508321
3130.8999999999996 4.024091
3134.5099999999998 4.586802
3138.12 7.516948
3141.73 5.867497
3145.35 5.887253
3148.97 4.458421
3152.6 4.656855
3156.23 2.678485
3159.8700000000003 6.42517
3163.5099999999998 5.845583
3167.15 3.74175
3170.7999999999997 6.426653
3174.45 5.015618
3178.11 4.153967
3181.77 4.795253
3185.44 5.164289
3189.11 4.371316
3192.78 4.534889
3196.46 3.819251
3200.1400000000003 5.420106
3203.83 6.05966
3207.52 6.112006
3211.21 5.016237
3214.9100000000003 5.804921
3218.61 5.468915
3222.32 7.489251
3226.0299999999997 3.931051
3229.75 7.270341
3233.1 5.713423
3236.08 5.921599
3239.0600000000004 5.613065
3242.04 4.908829
3245.0299999999997 7.433616
3248.02 4.417667
3251.02 5.592244
3254.0099999999998 6.324248
3257.01 6.40177
3260.0099999999998 4.11131
3263.01 4.746628
3266.02 6.125432
3269.03 7.366903
3272.04 5.615827
3275.0600000000004 6.981832
3278.08 6.266695
3281.1 4.650218
3284.12 5.155157
3287.1499999999996 6.817263
3290.18 6.369317
3293.2099999999996 5.360222
3296.24 4.480979
3299.28 5.936613
3302.32 7.817618
3305.36 6.078341
3308.41 4.668958
3311.46 7.927297
3314.5099999999998 8.9239
3317.56 16.30677
3320.6200000000003 2.256872
3323.68 5.113967
3326.7400000000002 6.151033
3329.8100000000004 4.775153
3332.8799999999997 5.478538
3335.95 7.219826
3339.02 5.330227
3342.1 5.117299
3345.18 6.676521
3348.26 5.932379
3351.3399999999997 4.885204
3354.43 6.847312
3357.52 7.085103
3360.6200000000003 7.41641
3363.7099999999996 4.758813
3366.81 6.193329
3369.92 5.491562
3373.02 5.162141
3376.13 6.762716
3379.2400000000002 3.851128
3382.35 4.462866
3385.47 5.701358
3388.59 7.28577
3391.71 6.909172
3394.84 5.800296
3397.9700000000003 5.513332
3401.1000000000004 7.148957
3404.2299999999996 5.79594
3407.3700000000003 8.145972
3410.5099999999998 5.370763
3413.6499999999996 7.450406
3416.7999999999997 5.660356
3419.94 6.38141
3423.1 4.224944
3426.25 6.165776
3429.41 9.246692
3432.5699999999997 4.671888
3435.73 6.378981
3438.8999999999996 5.898538
3442.06 7.605636
3445.24 8.191417
3448.4100000000003 6.103867
3451.59 5.947369
3454.77 5.871907
3457.9500000000003 5.081974
3461.14 8.189026
3464.33 6.531467
3467.52 4.473609
3470.72 7.427754
3473.91 5.886937
3477.11 6.825218
3480.32 6.510246
3483.53 4.188841
3486.74 5.706367
3489.95 7.256423
3493.1600000000003 7.39786
3496.38 6.865806
3499.6 6.556956
3502.83 9.489571
3506.06 6.197325
3509.29 8.593607
3512.52 8.609277
3515.76 6.217048
3519.0 6.818513
3522.24 8.081234
3525.4900000000002 7.932038
3528.73 6.610225
3531.99 6.395347
3535.2400000000002 8.345822
3538.5 7.334893
3541.7599999999998 5.267828
3545.02 6.643166
3548.29 6.928643
3551.5600000000004 7.218142
3554.83 7.552807
3558.1099999999997 8.270327
3561.39 6.541537
3564.6699999999996 7.471161
3567.95 6.749328
3571.24 7.628865
3574.53 8.794433
3577.8199999999997 6.495546
3581.12 6.581851
3584.4199999999996 7.631703
3587.72 7.634704
3591.03 9.124957
3594.3399999999997 7.534252
3597.65 8.791985
3600.97 8.592472
3604.28 5.432646
3607.61 5.962244
3610.93 7.643582
3614.26 7.41777
3617.59 7.755315
3620.92 6.971372
3624.26 6.277256
3627.6000000000004 8.799553
3630.9399999999996 6.921904
3634.29 7.919887
3637.63 8.466493
3640.9900000000002 5.215345
3644.3399999999997 9.555415
3647.7 6.600536
3651.06 8.629163
3654.42 8.165384
3657.7900000000004 9.799961
3661.16 8.343294
3664.54 9.299705
3667.91 8.787276
3671.29 8.981932
3674.6800000000003 7.988505
3678.0600000000004 8.817765
3681.45 6.600764
3684.8399999999997 6.938945
3688.24 9.408206
3691.64 7.047921
3695.04 7.36776
3698.44 7.505607
3701.85 7.876093
3705.26 8.674195
3708.68 8.529843
3712.09 10.85107
3715.51 8.972686
3718.94 14.76382
3722.37 24.47777
3725.8 42.90427
3729.23 50.75917
3732.66 30.10983
3736.1 12.89156
3739.5499999999997 9.2733
3742.99 8.783698
3746.4399999999996 7.977985
3749.8900000000003 9.053932
3753.35 9.237862
3756.81 7.757067
3760.27 9.485876
3763.73 8.510087
3767.2 8.943943
3770.67 7.643582
3774.15 8.288668
3777.63 8.466912
3781.1099999999997 7.983781
3784.5899999999997 9.913255
3788.08 10.92428
3791.57 9.508839
3795.06 8.138132
3798.5600000000004 7.207216
3802.06 6.561023
3805.56 9.035136
3809.07 9.019174
3812.58 10.22403
3816.0899999999997 11.21834
3819.61 9.38167
3823.13 9.063609
3826.6499999999996 10.02214
3830.1800000000003 8.486092
3833.71 10.44351
3837.2400000000002 8.022245
3840.7799999999997 9.494724
3844.32 9.439461
3847.86 9.82884
3851.3999999999996 10.49239
3854.95 10.27588
3858.5000000000005 9.86481
3862.06 11.24489
3865.6200000000003 12.86866
3869.18 13.31429
3872.75 13.40997
3876.31 10.45142
3879.89 10.67297
3883.46 9.828508
3887.04 8.715098
3890.6200000000003 10.05861
3894.21 9.72271
3897.8 11.13443
3901.3900000000003 10.25263
3904.98 10.15821
3908.58 10.0849
3912.1800000000003 12.59742
3915.79 9.322343
3919.4 11.48737
3923.01 10.62215
3926.62 10.08133
3930.24 11.09929
3933.86 8.305849
3937.4900000000002 8.112498
3941.1099999999997 10.33945
3944.75 9.400995
3948.38 11.1077
3952.02 12.42907
3955.66 10.16328
3959.31 10.70466
3962.9500000000003 11.37875
3966.6 12.18862
3970.2599999999998 10.26556
3973.92 10.31566
3977.58 11.41307
3981.25 10.98486
3984.91 11.4245
3988.59 11.14976
3992.26 9.919108
3995.94 10.91035
3999.62 10.29754
4003.31 11.41603
4007.0 11.3534
4010.69 11.25919
4014.38 11.44697
4018.08 12.31729
4021.79 11.00663
4025.49 10.82894
4029.2 11.80918
4032.9100000000003 11.2061
4036.63 11.24762
4040.35 12.14289
4044.07 11.49452
4047.7999999999997 12.60256
4051.5299999999997 12.05738
4055.2599999999998 11.83356
4059.0 13.09291
4062.7400000000002 11.77383
4066.48 14.48764
4070.23 12.89803
4073.98 10.6611
4077.7400000000002 12.67672
4081.49 11.4883
4085.2500000000005 13.19226
4089.02 12.0412
4092.79 13.30241
4096.56 13.02599
4100.33 12.69064
4104.110000000001 13.94484
4107.89 11.26123
4111.679999999999 13.09985
4115.47 9.943681
4119.26 11.31853
4123.05 11.68893
4126.85 12.45516
4130.66 11.74628
4134.46 12.89883
4138.27 12.51812
4142.08 11.93398
4145.900000000001 11.97034
4149.72 12.78336
4153.55 10.02158
4157.37 12.05789
4161.2 10.61551
4165.04 12.08222
4168.88 13.84811
4172.719999999999 12.99106
4176.56 12.82475
4180.41 11.98
4184.26 11.81828
4188.12 12.86676
4191.9800000000005 13.20685
4195.84 14.05424
4199.71 12.24489
4203.58 13.38955
4207.45 12.5096
4211.33 13.37896
4215.21 12.80673
4219.09 11.68187
4222.9800000000005 12.03763
4226.87 13.74113
4230.7699999999995 13.29058
4234.66 14.44989
4238.57 12.76758
4242.47 13.89718
4246.38 13.03499
4250.29 13.40136
4254.21 12.71207
4258.13 14.46541
4262.05 12.37016
4265.98 13.99733
4269.91 12.86363
4273.85 13.18411
4277.79 14.6658
4281.7300000000005 14.67617
4285.67 14.57225
4289.62 13.97715
4293.57 13.96547
4297.53 15.19151
4301.49 15.01633
4304.96 14.07327
4307.929999999999 15.92444
4310.91 14.55441
4313.89 15.30215
4316.87 14.21149
4319.85 15.21023
4322.84 13.80141
4325.83 13.50146
4328.81 15.08345
4331.8099999999995 12.72467
4334.8 15.12171
4337.79 19.22834
4340.79 19.61143
4343.79 18.52648
4346.79 16.31099
4349.8 13.59646
4352.8 18.57713
4355.81 16.51194
4358.82 16.96027
4361.83 15.61513
4364.85 15.72735
4367.86 19.7275
4370.88 16.41366
4373.9 13.05564
4376.92 15.50162
4379.95 13.73062
4382.9800000000005 16.15197
4386.0 12.67341
4389.03 12.86078
4392.07 13.81281
4395.1 14.61895
4398.139999999999 15.08271
4401.18 15.37068
4404.22 15.36526
4407.26 14.45585
4410.31 14.04158
4413.36 15.23464
4416.41 14.65033
4419.46 14.79293
4422.51 14.26395
4425.57 14.34929
4428.63 13.544
4431.69 13.7156
4434.75 13.63444
4437.8099999999995 15.5068
4440.88 14.66866
4443.95 14.27268
4447.0199999999995 13.97348
4450.09 13.0189
4453.17 12.55873
4456.24 15.14853
4459.32 14.32504
4462.400000000001 13.88539
4465.49 16.06391
4468.57 14.4604
4471.66 16.10326
4474.75 17.08308
4477.84 13.20392
4480.94 17.24888
4484.03 15.75894
4487.13 14.50834
4490.2300000000005 16.55881
4493.34 15.98265
4496.44 17.53391
4499.55 15.96945
4502.66 17.49417
4505.77 18.60674
4508.88 16.28528
4512.0 15.18837
4515.12 17.31855
4518.24 18.48214
4521.36 15.3914
4524.4800000000005 17.53698
4527.610000000001 17.22428
4530.74 18.61046
4533.87 15.87992
4537.0 17.85555
4540.139999999999 17.40729
4543.2699999999995 18.99494
4546.41 18.66809
4549.56 18.46905
4552.7 16.73431
4555.85 15.65862
4558.99 15.86957
4562.14 15.62371
4565.3 16.22717
4568.45 14.56034
4571.61 17.85894
4574.77 17.83172
4577.93 17.66968
4581.09 16.88168
4584.26 19.14922
4587.43 17.59756
4590.59 13.84512
4593.7699999999995 17.49433
4596.94 17.05334
4600.12 15.86115
4603.3 15.81943
4606.4800000000005 17.06862
4609.66 19.35861
4612.85 16.11292
4616.03 17.44533
4619.22 16.11442
4622.42 18.0138
4625.61 16.83703
4628.8099999999995 17.9194
4632.0 15.00732
4635.21 19.68718
4638.41 18.43003
4641.61 17.47264
4644.82 16.5432
4648.030000000001 15.22231
4651.24 16.76735
4654.46 19.85485
4657.67 16.2979
4660.889999999999 16.07133
4664.110000000001 17.13137
4667.33 16.39693
4670.56 14.48085
4673.79 16.72102
4677.02 19.16939
4680.25 15.31933
4683.48 16.03953
4686.719999999999 19.1313
4689.96 16.52739
4693.2 17.51397
4696.4400000000005 17.07026
4699.6900000000005 14.3873
4702.94 15.64977
4706.1900000000005 16.37169
4709.44 18.56628
4712.69 18.0507
4715.95 16.02221
4719.21 16.04358
4722.469999999999 15.90698
4725.7300000000005 16.34008
4729.0 16.6586
4732.26 16.66263
4735.53 16.27778
4738.81 19.1471
4742.08 15.42761
4745.360000000001 16.97027
4748.64 18.98104
4751.92 16.10052
4755.2 19.99707
4758.49 17.54305
4761.78 18.24382
4765.07 17.03518
4768.36 18.09751
4771.66 17.49376
4774.95 17.45356
4778.25 16.26802
4781.55 17.21816
4784.860000000001 18.20052
4788.16 18.33002
4791.47 18.13182
4794.78 17.74101
4798.1 18.18791
4801.41 19.00156
4804.73 17.59394
4808.05 19.74155
4811.37 20.05467
4814.7 20.01963
4818.02 20.16054
4821.349999999999 20.28262
4824.69 20.37791
4828.02 20.07031
4831.36 18.38898
4834.69 20.99625
4838.04 20.74982
4841.38 23.70374
4844.72 24.64158
4848.07 24.00444
4851.42 27.53944
4854.7699999999995 30.95886
4858.13 33.16719
4861.49 38.69022
4864.85 35.63304
4868.21 30.64635
4871.57 29.55804
4874.94 26.10328
4878.31 22.33427
4881.68 22.77575
4885.05 22.63338
4888.43 21.69658
4891.8 20.62424
4895.18 18.14755
4898.57 20.21784
4901.95 22.12013
4905.34 22.14748
4908.7300000000005 20.11131
4912.12 21.44708
4915.51 21.13672
4918.91 22.31843
4922.3099999999995 20.21962
4925.71 20.7522
4929.12 21.87689
4932.52 21.64943
4935.93 23.13889
4939.34 20.37645
4942.75 22.08491
4946.17 21.46847
4949.59 22.21517
4953.01 23.52323
4956.43 27.76141
4959.85 28.58986
4963.28 25.19132
4966.71 19.34726
4970.15 19.89192
4973.58 18.54405
4977.0199999999995 19.72103
4980.46 19.62013
4983.9 19.71083
4987.34 18.34692
4990.79 20.97058
4994.24 21.57484
4997.6900000000005 26.57319
5001.139999999999 30.14939
5004.6 39.0615
5008.049999999999 47.15172
5011.51 40.42633
5014.98 25.49339
5018.44 20.15133
5021.910000000001 24.15858
5025.38 20.73735
5028.85 22.35769
5032.330000000001 19.61243
5035.8099999999995 24.23066
5039.29 21.28317
5042.7699999999995 23.12947
5046.25 20.58702
5049.740000000001 20.75791
5053.23 19.92978
5056.72 19.82748
5060.210000000001 19.07121
5063.71 19.39833
5067.21 18.68361
5070.710000000001 20.47338
5074.22 19.89646
5077.72 18.11443
5081.23 17.4546
5084.74 19.03776
5088.26 19.68105
5091.7699999999995 20.33746
5095.29 20.05351
5098.81 20.3754
5102.330000000001 20.05849
5105.86 20.50446
5109.39 17.82371
5112.92 22.42657
5116.45 20.67642
5119.99 21.86802
5123.53 22.70052
5127.070000000001 19.09744
5130.61 22.22993
5134.16 20.04736
5137.7 21.65971
5141.250000000001 21.36826
5144.8099999999995 24.25409
5148.36 26.69033
5151.92 27.24109
5155.4800000000005 24.30838
5159.04 24.54913
5162.61 26.1568
5166.17 23.94482
5169.740000000001 23.6563
5173.32 26.44493
5176.889999999999 24.95721
5180.47 26.13975
5184.05 23.8017
5187.63 25.54824
5191.210000000001 27.60135
5194.8 26.46661
5198.39 26.32179
5201.9800000000005 29.0456
5205.58 26.75789
5209.18 25.59219
5212.7699999999995 24.39491
5216.38 28.46457
5219.98 24.10094
5223.59 23.67161
5227.2 25.16573
5230.81 27.38806
5234.43 24.48412
5238.040000000001 25.7361
5241.66 24.97125
5245.28 28.49836
5248.91 25.79929
5252.54 33.35483
5256.16 23.90965
5259.8 25.42315
5263.43 27.28952
5267.070000000001 25.64611
5270.709999999999 25.01157
5274.349999999999 28.49325
5278.000000000001 25.76795
5281.639999999999 26.5003
5285.29 31.66937
5288.94 27.72358
5292.599999999999 25.14872
5296.26 26.85091
5299.92 23.73805
5303.58 28.41013
5307.24 24.10815
5310.91 27.70552
5314.58 26.75894
5318.25 28.38204
5321.93 26.03841
5325.61 27.78521
5329.29 28.61636
5332.97 26.59002
5336.65 25.02441
5340.34 28.69715
5344.03 26.78038
5347.7300000000005 29.59088
5351.42 23.37449
5355.12 25.98585
5358.82 23.06409
5362.5199999999995 23.0171
5366.23 27.44889
5369.93 26.20632
5373.65 26.11735
5377.36 23.64692
5381.07 24.54408
5384.79 24.29733
5388.509999999999 24.09023
5392.240000000001 22.21844
5395.96 23.63375
5399.6900000000005 24.46781
5403.42 22.39322
5407.16 23.78024
5410.89 22.60086
5414.63 28.13217
5418.37 22.43826
5422.12 27.01581
5425.870000000001 20.88866
5429.610000000001 27.71805
5433.37 29.35495
5437.12 24.20265
5440.88 26.73479
5444.639999999999 24.1675
5448.4 23.40815
5452.169999999999 22.89075
5455.93 22.54211
5459.7 19.80586
5463.48 20.45177
5467.25 25.97892
5469.77 19.6253
5650.849999999999 23.44638
5654.83 23.58801
5658.339999999999 20.85529
5661.88 19.35337
5665.46 16.46227
5668.929999999999 18.72888
5672.91 16.53424
5676.43 9.245928
5679.969999999999 12.53055
5683.55 15.7161
5687.02 24.47658
5691.000000000001 26.07797
5694.5199999999995 19.33322
5698.06 14.97441
5701.64 8.285389
5705.11 12.94424
5709.09 17.94964
5712.610000000001 22.20384
5716.139999999999 21.41452
5719.73 14.11701
5723.200000000001 18.45175
5727.179999999999 25.31539
5730.7 28.64664
5734.2300000000005 29.15963
5737.82 30.00302
5740.92 27.98663
5744.04 26.71272
5747.62 28.15617
5751.16 33.96331
5754.669999999999 33.69321
5758.65 30.04246
5762.13 26.02012
5765.709999999999 24.41751
5769.25 22.67873
5772.76 24.07065
5776.74 28.79577
5780.22 37.38603
5783.79 36.46283
5787.34 36.22164
5790.849999999999 27.7615
5794.83 21.48624
5798.3099999999995 24.21707
5801.88 33.74265
5805.43 42.46296
5808.93 38.76396
5812.91 33.13954
5816.400000000001 29.54178
5819.97 30.08654
5823.5199999999995 28.82798
5827.02 28.12686
5830.999999999999 34.48752
5834.49 33.99609
5838.06 17.62397
5841.62 9.653386
5845.11 22.43106
5849.09 29.84962
5852.579999999999 31.921
5856.139999999999 28.07655
5859.71 25.82019
5863.2 31.97522
5867.179999999999 37.37175
5870.67 40.26425
5874.2300000000005 38.87492
5877.799999999999 41.45291
5881.29 40.12273
5885.27 47.05971
5888.759999999999 53.6316
5892.32 38.90421
5895.89 39.19943
5899.379999999999 32.0774
5903.35 30.11484
5906.85 36.46033
5910.410000000001 45.44823
5913.98 59.27535
5917.46 55.44197
5921.44 49.44538
5924.95 45.61559
5928.5 30.9439
5932.070000000001 13.68595
5935.55 14.637
5939.53 25.06257
5943.040000000001 27.45138
5946.58 20.35912
5962.84 28.35495
5977.710000000001 28.73875
5992.58 29.12677
6007.45 29.51906
6022.32 29.91564
6037.1900000000005 30.31655
6052.06 30.72182
6066.93 31.1315
6081.8 31.54562
6097.61 8.754816
6101.1 21.89945
6104.67 30.86199
6108.2300000000005 31.2742
6111.72 31.79409
6115.71 31.16306
6119.19 29.24619
6122.76 28.48882
6126.31 29.13535
6129.81 27.69688
6133.8 27.93151
6137.280000000001 28.62785
6140.85 29.5835
6144.4 30.25586
6147.9 30.00392
6151.879999999999 27.44312
6155.38 27.93392
6158.9400000000005 27.65846
6162.5 27.50035
6165.99 28.24307
6169.9800000000005 28.99618
6173.459999999999 28.23944
6177.03 30.36583
6180.6 35.98545
6184.08 35.03563
6187.87 31.04175
6191.5 25.49871
6195.110000000001 23.11434
6198.740000000001 23.05071
6202.370000000001 23.65414
6205.98 25.14941
6209.599999999999 27.5926
6213.21 29.0339
6216.84 30.82613
6220.45 35.29231
6224.08 38.06715
6227.6900000000005 35.92764
6231.3099999999995 31.7484
6234.92 28.93977
6238.55 29.19065
6242.16 30.31829
6245.79 30.90139
6249.42 32.0622
6253.02 34.19226
6256.650000000001 34.52786
6260.259999999999 32.92338
6263.889999999999 31.96807
6267.5 31.44241
6271.13 29.42658
6274.74 28.36388
6278.36 29.36112
6281.97 27.4897
6285.6 22.76668
6289.209999999999 21.71177
6292.839999999999 27.22009
6296.46 34.28108
6300.07 37.34998
6303.68 37.46126
6307.31 37.48058
6310.92 36.67752
6314.55 35.59119
6318.18 33.84324
6321.78 32.88139
6325.41 34.77326
6329.0199999999995 36.8332
6332.65 36.02137
6336.26 35.18676
6339.89 33.83736
6343.51 30.0523
6347.120000000001 26.16955
6350.73 27.63136
6354.36 33.05576
6357.969999999999 38.30345
6361.599999999999 39.58188
6365.22 36.97285
6368.83 34.47791
6372.46 34.99094
6376.070000000001 35.0481
6379.679999999999 32.94449
6383.3099999999995 32.68587
6386.929999999999 36.04217
6390.54 41.04597
6394.17 43.79018
6397.78 42.70387
6401.41 40.53718
6405.02 40.46957
6408.64 40.02108
6412.2699999999995 35.12566
6415.88 30.52506
6419.51 31.45087
6423.12 32.82971
6426.7300000000005 34.89126
6430.35 40.69857
6433.9800000000005 45.01062
6437.59 46.40302
6441.219999999999 46.78044
6444.83 44.43528
6448.46 42.23695
6452.0599999999995 44.31137
6455.69 47.85574
6459.32 48.48292
6462.93 47.12541
6466.54 46.45505
6470.169999999999 47.11359
6473.7699999999995 47.44258
6477.4 45.589
6481.03 45.06276
6484.64 47.33614
6488.27 51.85238
6491.88 57.969
6495.5 63.61801
6499.110000000001 66.76652
6502.74 72.89552
6506.349999999999 78.36062
6509.98 76.22356
6513.59 71.11278
6517.21 68.41609
6520.820000000001 67.25801
6524.450000000001 70.70226
6528.080000000001 78.93088
6531.69 88.77674
6535.32 96.35385
6538.92 103.0401
6542.53 114.8676
6546.16 131.7321
6549.79 149.0558
6553.400000000001 164.4379
6557.030000000001 177.1789
6560.629999999999 188.685
6564.259999999999 195.2253
6567.87 191.0606
6571.5 178.4508
6575.13 163.4359
6578.74 152.4243
6582.34 142.8398
6585.97 124.4696
6589.580000000001 101.7354
6593.21 87.06214
6596.84 80.71255
6600.45 76.19238
6604.07 70.47969
6607.68 63.31874
6611.31 57.06017
6614.92 53.17606
6618.549999999999 54.9029
6622.16 58.1782
6625.78 58.02565
6629.389999999999 54.97283
6633.0199999999995 51.26886
6636.63 46.25671
6640.26 42.47974
6643.89 38.49473
6646.2699999999995 32.21864
6924.95 28.88614
6928.56 29.64395
6932.18 34.16946
6935.81 31.27804
6939.419999999999 31.45216
6943.049999999999 36.46314
6946.66 35.97923
6950.29 31.09803
6953.89 28.41645
6957.52 28.18427
6961.150000000001 28.99059
6964.76 31.48432
6968.370000000001 33.56611
6972.0 32.6482
6975.599999999999 29.20635
6979.23 23.77871
6982.86 18.66458
6986.47 18.64851
6990.1 23.85627
6993.71 28.89778
6997.330000000001 33.22195
7000.94 37.27758
7004.57 37.43358
7008.2 32.59105
7011.81 29.00358
7015.42 32.57499
7019.04 36.0007
7022.650000000001 33.33239
7026.280000000001 31.2244
7029.910000000001 32.52317
7033.5199999999995 36.14117
7037.15 40.02422
7040.75 38.85176
7044.36 32.72944
7047.99 28.77456
7051.62 29.21636
7055.2300000000005 31.44115
7058.860000000001 33.29537
7062.46 37.57607
7066.09 40.76177
7069.7 36.42715
7073.33 28.38697
7076.96 22.03799
7080.570000000001 16.77908
7084.17 16.18722
7087.799999999999 22.44136
7091.41 29.44872
7095.04 30.71679
7098.67 29.75865
7102.28 33.90607
7105.900000000001 39.63859
7109.51 39.3533
7113.14 33.00536
7116.749999999999 28.50024
7120.379999999999 29.27801
7124.009999999999 32.63556
7127.61 32.96069
7131.22 32.81538
7134.85 34.54303
7138.46 33.94801
7142.09 32.27757
7145.72 31.43427
7149.32 32.8051
7152.95 31.97017
7156.5599999999995 29.84234
7160.19 30.9794
7163.8 29.54168
7167.43 22.79671
7171.04 22.07199
7174.660000000001 24.25941
7178.2699999999995 25.1601
7181.9 31.09245
7185.51 36.80618
7189.14 36.76372
7192.76 36.32702
7196.37 37.42972
7200.0 38.53012
7203.610000000001 37.7432
7207.219999999999 36.10003
7210.849999999999 36.63234
7214.48 38.51038
7218.08 39.93082
7221.71 40.3771
7225.32 38.89273
7228.95 37.17336
7232.56 36.88079
7236.1900000000005 37.22809
7239.8099999999995 36.93572
7243.42 34.95014
7247.03 33.62743
7250.66 35.08453
7254.27 36.45826
7257.900000000001 36.22
7261.52 36.20878
7265.129999999999 37.17305
7268.759999999999 37.97961
7272.37 36.02379
7276.0 33.39612
7279.6 34.8531
7283.2300000000005 37.89851
7286.84 38.29796
7290.47 39.39565
7294.079999999999 41.48138
7297.709999999999 41.74391
7301.32 42.11474
7304.94 42.69346
7308.57 41.00353
7312.18 39.75805
7315.81 39.77883
7319.42 40.04579
7323.030000000001 41.34186
7326.650000000001 43.36608
7330.28 43.16248
7333.889999999999 40.22099
7337.5199999999995 37.16115
7341.13 36.5563
7344.76 38.32377
7348.360000000001 40.18624
7351.990000000001 40.93943
7355.620000000001 40.30498
7359.23 38.19479
7362.84 36.52693
7366.47 36.55758
7370.07 37.23461
7373.7 38.08795
7377.33 38.1671
7380.9400000000005 37.22642
7384.570000000001 37.41797
7388.179999999999 38.96074
7391.799999999999 39.23159
7395.41 38.00996
7399.04 38.27049
7402.65 39.94029
7406.28 39.78416
7409.89 37.63394
7413.51 36.92553
7417.120000000001 37.94367
7420.75 37.72878
7424.38 36.44724
7427.99 36.43973
7431.62 37.37496
7435.22 37.3723
7438.83 36.74205
7442.46 37.17667
7446.089999999999 39.46629
7449.7 40.83873
7453.33 39.83732
7456.93 37.65143
7460.56 36.03652
7464.17 36.94562
7467.8 39.43884
7471.43 39.63798
7475.039999999999 37.65846
7478.639999999999 37.23124
7482.2699999999995 38.51171
7485.88 39.03283
7489.51 38.41848
7493.14 37.71088
7496.75 37.15377
7500.37 36.52832
7503.9800000000005 36.76195
7507.61 37.61758
7511.219999999999 38.06523
7514.849999999999 39.21451
7518.46 41.67479
7522.08 42.22881
7525.6900000000005 41.13415
7529.320000000001 40.54898
7532.93 39.66363
7536.5599999999995 37.84029
7540.19 36.66031
7543.79 36.83651
7547.42 37.7511
7551.03 38.21719
7554.64 38.79194
7558.27 39.7701
7561.900000000001 39.39507
7565.499999999999 36.26444
7569.129999999999 33.78146
7572.74 34.55546
7576.37 36.93938
7579.98 37.16035
7583.61 34.82272
7587.2300000000005 31.57849
7590.84 32.19265
7594.450000000001 36.55761
7598.080000000001 42.35658
7601.69 45.80315
7605.32 42.72123
7608.94 37.47376
7612.55 37.93748
7616.18 41.14594
7619.79 43.09883
7623.42 44.12341
7627.03 44.70898
7630.65 44.37956
7634.26 42.96291
7637.89 39.88204
7641.5 38.07752
7645.13 38.62202
7648.740000000001 38.88066
7652.360000000001 37.62837
7655.990000000001 36.27869
7659.599999999999 35.71227
7663.23 36.53168
7666.84 35.56866
7670.47 31.69852
7674.07 29.03166
7677.7 28.90892
7681.31 30.25283
7684.9400000000005 33.10412
7688.549999999999 35.51872
7692.179999999999 36.76254
7695.79 37.1262
7699.41 37.15201
7703.04 35.89004
7706.650000000001 34.21421
7710.26 34.07029
7713.89 35.92684
7717.500000000001 36.5135
7721.12 34.83652
7724.75 34.14135
7728.36 36.07941
7731.99 38.63832
7735.6 40.8271
7739.2300000000005 42.18183
7742.830000000001 39.69132
7746.459999999999 33.74881
7750.089999999999 30.94933
7753.7 33.23532
7757.3099999999995 36.39451
7760.94 38.66123
7764.54 39.75992
7768.17 39.99996
7771.8 40.38605
7775.410000000001 40.7039
7779.04 40.52518
7782.65 40.35865
7786.2699999999995 39.39815
7789.88 38.47303
7793.51 37.85284
7797.12 37.36808
7800.75 36.74973
7804.360000000001 37.6211
7807.98 39.60159
7811.59 39.71695
7815.22 37.87324
7818.85 37.9748
7822.46 37.54706
7826.070000000001 34.02649
7829.6900000000005 32.63196
7833.299999999999 34.47789
7836.929999999999 35.4109
7840.5599999999995 35.15079
7844.17 34.41825
7847.8 33.63857
7851.4 34.74779
7855.03 38.06927
7858.64 41.68722
7862.27 44.16027
7865.900000000001 43.69837
7869.509999999999 40.88744
7873.11 37.0854
7876.74 34.58498
7880.35 33.04196
7883.9800000000005 33.11745
7887.610000000001 34.29864
7891.22 35.89526
7894.839999999999 38.35121
7898.45 40.64838
7902.08 39.32687
7905.69 37.36308
7909.32 37.90634
7912.93 36.14336
7916.55 32.62504
7920.160000000001 32.78451
7923.789999999999 34.8685
7927.4 35.65656
7931.03 36.40546
7934.66 37.35747
7938.26 37.3007
7941.89 35.18299
7945.5 33.43458
7949.110000000001 34.83445
7952.740000000001 36.96551
7956.370000000001 37.32218
7959.969999999999 36.4985
7963.599999999999 35.72998
7967.21 34.84936
7970.84 34.52655
7974.45 35.7447
7978.08 37.17181
7981.700000000001 36.62865
7985.3099999999995 35.18573
7988.92 35.15465
7992.55 37.97145
7996.16 40.66747
7999.79 39.60066
8003.41 36.38096
8007.02 36.09247
8010.650000000001 38.51883
8014.259999999999 39.24344
8017.889999999999 38.23087
8021.5 38.37814
8025.12 39.29232
8028.13 40.49995
8059.500000000001 36.49487
8089.24 36.39752
8118.9800000000005 36.30078
8148.72 36.20465
8178.46 36.10913
8208.2 36.0142
8237.94 35.91987
8267.68 35.82612
8297.42 35.73295
8327.16 35.64036
8356.9 35.54833
8386.64 35.45687
8416.38 35.36596
8446.12 35.27561
8475.859999999999 35.18581
8505.6 35.09654
8535.34 35.00781
8565.08 34.91962
8594.82 34.83195
8715.15 41.82202
8718.76 40.98848
8722.39 38.4057
8725.99 37.82648
8729.6 38.93288
8733.23 38.6615
8736.859999999999 35.77681
8740.47 34.49659
8744.1 37.8026
8747.7 39.50821
8751.33 37.39031
8754.94 35.57968
8758.57 35.15653
8762.2 34.93867
8765.810000000001 35.00349
8769.41 34.76098
8773.039999999999 34.20588
8776.65 34.13984
8780.28 35.16385
8783.91 35.88344
8787.52 35.04113
8791.14 33.47961
8794.75 32.80588
8798.38 33.3201
8801.99 34.03149
8805.619999999999 34.2573
8809.23 34.19907
8812.85 34.20494
8816.460000000001 34.69294
8820.09 35.14704
8823.7 34.08386
8827.33 33.34807
8830.96 34.46329
8834.56 36.06389
8838.19 38.44515
8841.8 41.47452
8845.41 42.14215
8849.04 40.734
8852.67 39.56834
8856.27 38.81727
8859.900000000001 37.90338
8863.51 36.68188
8867.14 35.63462
8870.75 35.31478
8874.38 35.98812
8878.0 36.11449
8881.61 34.47297
8885.220000000001 32.8814
8888.85 33.32622
8892.46 34.70011
8896.09 35.98739
8899.71 36.34667
8903.32 35.63518
8906.95 35.17336
8910.56 35.49794
8914.19 35.58453
8917.8 35.39694
8921.42 35.43197
8925.03 35.33587
8928.66 34.22525
8932.27 33.03258
8935.9 33.26051
8939.51 33.87619
8943.130000000001 33.60207
8946.76 33.86695
8950.369999999999 34.69455
8954.0 32.85049
8957.61 29.90288
8961.22 29.89917
8964.84 30.95626
8968.47 31.54939
8972.08 32.87962
8975.710000000001 34.56052
8979.32 35.88731
8982.949999999999 36.02301
8986.55 35.05906
8990.18 35.42085
8993.81 36.48069
8997.42 36.52619
9001.03 36.26793
9004.66 36.25508
9008.26 36.21088
9011.89 36.61931
9015.52 36.99778
9019.13 36.55362
9022.76 36.42714
9026.37 36.92186
9029.99 36.57865
9033.6 35.29699
9037.230000000001 34.78569
9040.84 34.92392
9044.47 34.9903
9048.08 35.33474
9051.7 36.04761
9055.31 37.02053
9058.94 38.74274
9062.57 40.03732
9066.18 39.35199
9069.81 37.94518
9073.41 37.59672
9077.039999999999 37.78456
9080.65 37.7215
9084.28 38.02018
9087.89 39.9674
9091.52 41.53942
9095.130000000001 40.02568
9098.75 37.20509
9102.36 35.70178
9105.99 34.87508
9109.62 34.96961
9113.23 35.2379
9116.86 34.85497
9120.460000000001 34.72001
9124.07 34.72212
9127.699999999999 35.04727
9131.33 36.13116
9134.94 36.0418
9138.57 34.9336
9142.17 35.36326
9145.8 36.17708
9149.41 35.53043
9153.04 34.30582
9156.65 34.68509
9160.279999999999 36.1435
9163.88 36.71733
9167.51 36.7436
9171.12 36.9688
9174.75 36.3529
9178.380000000001 35.7645
9181.99 36.71691
9185.609999999999 38.22995
9189.22 39.30263
9192.85 40.2624
9196.46 40.98114
9200.09 41.456
9203.7 41.58756
9207.32 41.18259
9210.93 41.01068
9214.560000000001 42.08182
9218.17 43.586
9221.8 44.19679
9225.43 43.96275
9229.03 44.17388
9232.64 44.877
9236.27 44.96753
9239.880000000001 44.48538
9243.51 43.2231
9247.140000000001 40.93741
9250.74 39.36663
9254.369999999999 39.81051
9257.98 40.60076
9261.61 39.98129
9265.22 38.65164
9268.85 38.09874
9272.45 38.55467
9276.08 38.95638
9279.69 38.4377
9283.32 37.06705
9286.93 35.64067
9290.56 34.56566
9294.18 34.01365
9297.79 33.21209
9301.42 32.58805
9305.029999999999 32.88591
9308.66 33.18669
9312.27 32.70189
9315.89 32.65775
9319.5 33.74413
9323.13 34.92896
9326.74 35.41325
9330.37 35.13126
9333.98 34.34228
9337.6 33.39513
9341.23 32.88447
9344.84 33.04131
9348.47 34.98265
9352.08 35.46529
9355.69 32.98822
9359.31 31.26296
9362.939999999999 32.30632
9366.55 33.67355
9370.18 34.24757
9373.789999999999 34.07028
9377.42 34.35408
9381.02 33.91501
9384.65 32.28167
9388.28 31.75856
9391.890000000001 32.09288
9395.5 31.86576
9399.13 32.54769
9402.73 33.52201
9406.36 33.18137
9409.99 33.54911
9413.6 34.37741
9417.23 33.61646
9420.84 32.70694
9424.460000000001 31.828
9428.07 30.30216
9431.699999999999 30.1893
9435.31 31.03365
9438.94 31.55257
9442.55 32.33874
9446.17 33.19215
9449.78 33.57572
9453.41 33.57158
9457.039999999999 33.52376
9460.65 33.37463
9464.28 32.94738
9467.88 32.34527
9471.49 32.41456
9475.12 33.04919
9478.75 33.615
9482.36 33.44955
9485.99 33.4609
9489.59 33.80542
9493.22 34.03016
9496.83 34.64876
9500.46 35.89538
9504.09 36.50649
9507.7 36.18028
9511.300000000001 35.21146
9514.93 33.59865
9518.539999999999 33.22367
9522.17 34.63959
9525.8 35.97805
9529.41 36.45793
9533.04 34.60988
9536.64 29.76937
9540.27 26.7164
9543.880000000001 29.65691
9547.51 35.76488
9551.119999999999 39.60632
9554.75 39.16825
9558.35 37.24802
9561.98 35.53061
9565.59 35.94816
9569.220000000001 37.10914
9572.85 35.98424
9576.46 34.55417
9580.08 35.25098
9583.69 35.14539
9587.3 33.58502
9590.93 31.47786
9594.56 30.21591
9598.17 31.31992
9601.79 33.75973
9605.4 34.9696
9609.029999999999 34.83919
9612.64 34.99019
9616.27 35.79485
9619.89 36.68192
9623.5 36.66997
9627.11 35.88108
9630.74 35.65092
9634.35 35.6746
9637.98 34.8708
9641.61 34.25845
9645.21 34.183
9648.84 33.70662
9652.45 34.29108
9656.08 36.26831
9659.69 36.36032
9663.32 33.76644
9666.92 31.68299
9670.55 31.80177
9674.16 32.04482
9677.789999999999 31.57655
9681.4 30.10301
9685.03 27.62477
9688.65 27.49768
9692.26 31.2259
9695.890000000001 34.33401
9699.5 33.14013
9703.11 30.67409
9706.74 31.10383
9710.36 32.54407
9713.97 32.72194
9717.6 32.9503
9721.210000000001 32.71822
9724.84 31.90373
9728.449999999999 31.87776
9732.07 31.90084
9735.7 31.58524
9739.31 31.47697
9742.92 31.58617
9746.550000000001 31.82247
9750.16 31.84106
9753.779999999999 31.88294
9757.41 32.8726
9761.02 34.05693
9764.65 33.50296
9768.26 31.55827
9771.89 29.78712
9775.49 29.74843
9779.12 31.35231
9782.75 32.05947
9786.359999999999 31.10529
9789.97 30.2971
9793.6 30.20491
9797.2 31.45274
9800.83 33.2687
9804.460000000001 32.99027
9808.07 32.13959
9811.7 32.88851
9815.310000000001 32.69413
9818.93 31.47995
9822.539999999999 31.73731
9826.17 31.95059
9829.78 31.68088
9833.41 32.72415
9837.02 34.34931
9840.640000000001 35.65025
9844.25 35.95693
9847.88 34.79455
9851.51 34.10879
9855.12 34.64825
9858.73 35.13345
9862.35 34.89873
9865.960000000001 34.41355
9869.59 33.74837
9873.220000000001 33.08806
9876.83 33.05105
9880.46 33.12232
9884.06 33.34423
9887.69 33.18884
9891.3 32.43435
9894.93 32.66027
9898.54 33.19679
9902.17 32.37514
9905.77 31.72635
9909.4 32.03383
9913.01 32.96886
9916.64 33.79861
9920.27 33.89072
9923.880000000001 32.34827
9927.5 29.05308
9931.109999999999 28.83113
9934.74 32.68856
9938.35 35.718
9941.98 36.6798
9945.59 36.44476
9949.210000000001 35.86005
9952.82 36.53606
9956.45 38.09527
9960.06 38.93379
9963.689999999999 38.59623
9967.32 37.23678
9970.92 36.43803
9974.55 36.80086
9978.16 38.1173
9981.77 39.52789
9985.4 40.94988
9989.03 42.36968
9992.630000000001 43.20677
9996.26 43.58691
9999.869999999999 44.25186
10003.5 45.30345
10007.109999999999 46.33003
10010.74 46.92531
10014.36 45.95725
10017.970000000001 44.38712
10021.580000000002 43.84134
10025.21 43.60348
10028.82 42.38131
10032.449999999999 41.32505
10036.07 40.77123
10039.68 40.40165
10043.310000000001 41.73895
10046.92 45.35555
10050.550000000001 47.2656
10054.160000000002 45.85102
10057.78 44.65924
10061.39 44.07577
10065.02 42.21256
10068.630000000001 39.76678
10072.26 38.66452
10075.87 39.43108
10079.49 40.93317
10083.12 41.24462
10086.73 40.05132
10090.36 38.37062
10093.970000000001 37.34353
10097.58 36.98299
10101.199999999999 36.59302
10104.83 36.08996
10108.44 35.19171
10112.07 33.87717
10115.68 32.75201
10119.31 32.4663
10122.92 33.3573
10126.539999999999 34.79558
10130.17 35.43015
10133.779999999999 35.50684
10137.39 34.94919
10141.02 33.5189
10144.63 33.05412
10148.25 34.42927
10151.88 34.81503
10155.49 31.84184
10159.119999999999 30.18441
10162.73 33.52235
10166.35 37.32737
10169.960000000001 37.47043
10173.589999999998 36.15112
10177.199999999999 34.99153
10180.83 33.28529
10184.439999999999 32.11397
10188.060000000001 33.52877
10191.67 35.19674
10195.300000000001 34.80343
10198.93 34.45365
10202.539999999999 34.81569
10206.170000000002 33.7997
10209.77 31.94553
10213.380000000001 31.49022
10217.01 32.59602
10220.640000000001 33.15427
10224.25 32.86362
10227.880000000001 33.62859
10231.490000000002 35.19804
10235.11 35.39281
10238.72 35.09524
10242.35 35.95671
10245.98 36.92168
10249.59 37.21439
10253.2 35.76724
10256.82 31.6038
10260.43 29.65858
10264.06 32.66798
10267.69 35.3012
10271.300000000001 35.427
10274.92 35.625
10278.529999999999 35.74995
10282.16 35.44479
10285.77 36.08805
10289.4 35.8429
10293.01 33.87093
10296.63 33.392
10300.24 35.16784
10303.869999999999 35.58985
10307.48 34.8075
10311.11 35.04851
10314.74 35.84622
10318.339999999998 36.9815
10321.970000000001 40.92569
10325.580000000002 47.97639
10329.189999999999 50.58131
10332.82 46.60315
10336.449999999999 43.13947
10340.050000000001 43.01764
10343.68 42.09401
10347.29 39.73043
10350.919999999998 37.65634
10354.529999999999 36.22536
10358.16 33.82052
10361.789999999999 31.89244
10365.390000000001 33.36418
10369.0 37.16354
10372.630000000001 40.61763
10376.240000000002 42.21349
10379.87 42.5219
10383.500000000002 42.14901
10387.1 41.18153
10390.73 39.72485
10394.34 38.72991
10397.970000000001 38.5815
10401.58 38.69008
10405.210000000001 38.83434
10408.81 38.84072
10412.44 37.32524
10416.05 34.94678
10419.68 34.15289
10423.29 34.83054
10426.92 35.46805
10430.539999999999 35.00863
10434.15 34.7711
10437.78 36.1427
10441.39 37.97906
10445.0 37.73009
10448.630000000001 36.56391
10452.25 36.61878
10455.859999999999 37.91501
10459.49 38.82925
10463.1 37.71764
10466.73 35.83869
10470.34 36.08825
10473.96 36.72936
10477.590000000002 36.30393
10481.199999999999 37.56306
10484.81 39.78522
10488.44 39.92402
10492.05 38.25031
10495.67 34.52535
10499.300000000001 30.11361
10502.910000000002 31.60123
10506.539999999999 38.92063
10510.15 42.52023
10513.779999999999 40.74495
10517.380000000001 38.81801
10521.01 39.40638
10524.62 41.53953
10528.249999999998 41.63705
10531.859999999999 39.91956
10535.49 39.25769
10539.09 37.94883
10542.720000000001 36.19713
10546.35 40.08054
10549.960000000001 44.89943
10553.59 42.32524
10557.2 37.38964
10560.8 37.17472
10564.43 37.47019
10568.06 37.56863
10571.67 37.89759
10575.300000000001 36.68988
10578.91 36.83332
10582.54 38.93085
10586.14 38.84848
10589.77 37.30829
10593.4 37.8562
10597.01 38.96537
10600.62 38.40325
10604.25 37.08633
10607.85 36.37782
10611.48 37.11015
10615.11 40.01321
10618.72 41.65383
10622.35 40.39964
10625.960000000001 38.74687
10629.58 38.43357
10633.189999999999 39.32832
10636.82 40.6305
10640.449999999999 39.57628
10644.06 37.77701
10647.67 37.59363
10651.289999999999 38.17376
10654.9 38.59267
10658.529999999999 38.89256
10662.16 37.82973
10665.77 35.39594
10669.4 34.24745
10673.0 35.65544
10676.630000000001 37.6128
10680.240000000002 36.72696
10683.869999999999 35.13004
10687.48 36.83283
10691.109999999999 41.95649
10694.710000000001 45.88748
10698.34 45.51395
10701.95 41.61613
10704.98 39.10678
10736.09 37.60381
10765.83 37.67724
10795.570000000002 37.7506
10825.31 37.82391
10855.05 37.89715
10884.789999999999 37.97034
10914.53 38.04347
10944.27 38.11654
10974.01 38.18954
11003.750000000002 38.2625
11033.49 38.33539
11063.23 38.40823
11092.97 38.481
11122.710000000001 38.55373
11152.45 38.62639
11182.19 38.699
11211.93 38.77154
11241.669999999998 38.84404
11271.41 38.91648
11301.15 38.98886
11330.89 39.06118
11360.630000000001 39.13345
11390.37 39.20567
11420.11 39.27782
11449.849999999999 39.34992
11479.59 39.42197
11509.33 39.49395
11539.07 39.5659
11568.810000000001 39.63778
11598.550000000001 39.7096
11628.289999999999 39.78138
11659.77 38.28233
11663.4 38.88087
11667.01 38.78708
11670.640000000001 39.05242
11674.27 39.50953
11677.869999999999 39.16562
11681.5 38.62686
11685.11 38.67935
11688.74 39.47655
11692.35 40.42069
11695.98 40.58464
11699.58 40.32896
11703.21 40.95199
11706.82 41.4283
11710.449999999999 40.54115
11714.06 39.00614
11717.69 38.10246
11721.31 38.28072
11724.92 39.18214
11728.55 39.61642
11732.16 39.10311
11735.77 38.08918
11739.4 37.07277
11743.02 37.22083
11746.630000000001 38.91557
11750.259999999998 40.56481
11753.869999999999 41.0454
11757.5 40.56841
11761.109999999999 39.81145
11764.730000000001 39.96037
11768.36 41.09977
11771.970000000001 41.99021
11775.580000000002 41.73698
11779.21 40.61812
11782.82 39.41668
11786.44 38.90259
11790.07 39.04563
11793.68 39.22841
11797.310000000001 39.39846
11800.92 39.92202
11804.550000000001 40.43484
11808.15 40.75959
11811.78 40.77753
11815.39 40.37599
11819.02 39.9777
11822.630000000001 39.74552
11826.26 39.52299
11829.86 39.37625
11833.49 39.29617
11837.12 39.36479
11840.73 39.63401
11844.36 39.83338
11847.970000000001 40.16581
11851.57 40.90531
11855.199999999999 41.31854
11858.83 41.0263
11862.44 40.4487
11866.07 39.61425
11869.68 39.01181
11873.3 39.22969
11876.91 39.60948
11880.539999999999 40.17484
11884.17 40.8346
11887.779999999999 40.58807
11891.39 38.87394
11895.009999999998 37.54803
11898.619999999999 38.55231
11902.25 39.6256
11905.88 38.91723
11909.49 38.46463
11913.119999999999 38.7586
11916.720000000001 39.13623
11920.35 39.68817
11923.960000000001 39.58319
11927.589999999998 39.41257
11931.199999999999 39.54386
11934.83 38.64866
11938.43 38.10654
11942.060000000001 39.39733
11945.67 40.68986
11949.300000000001 41.03099
11952.93 41.3744
11956.539999999999 41.24662
11960.16 40.35691
11963.77 40.25886
11967.4 41.20864
11971.01 42.14567
11974.640000000001 42.65926
11978.25 42.66791
11981.869999999999 42.45044
11985.48 42.13559
11989.11 41.53239
11992.72 41.01558
11996.35 40.71489
11999.98 40.72101
12003.58 41.15589
12007.21 40.89247
12010.82 39.72209
12014.43 39.0351
12018.06 39.88306
12021.69 41.28469
12025.289999999999 41.40809
12028.92 40.28038
12032.529999999999 39.65994
12036.16 39.8537
12039.77 39.98766
12043.4 40.02983
12047.000000000002 40.5114
12050.63 41.13912
12054.24 41.24616
12057.869999999999 41.12512
12061.48 41.51796
12065.109999999999 41.85366
12068.730000000001 41.26801
12072.339999999998 40.39642
12075.970000000001 39.93804
12079.580000000002 39.75852
12083.189999999999 39.42925
12086.82 38.74188
12090.449999999999 38.27625
12094.050000000001 38.66247
12097.68 39.59459
12101.29 39.91341
12104.919999999998 39.38472
12108.529999999999 39.05193
12112.16 39.34622
12115.78 39.53253
12119.390000000001 39.38346
12123.02 39.34342
12126.630000000001 39.81098
12130.240000000002 39.78644
12133.87 38.53703
12137.49 37.73547
12141.1 38.19449
12144.73 37.98433
12148.34 37.38204
12151.970000000001 38.21145
12155.58 39.52192
12159.199999999999 39.84091
12162.83 39.67357
12166.44 39.66906
12170.05 39.72527
12173.68 39.67588
12177.29 39.86514
12180.91 40.36177
12184.539999999999 40.40386
12188.15 40.15441
12191.78 40.85944
12195.39 41.84862
12199.009999999998 41.30325
12202.619999999999 39.89561
12206.25 39.16497
12209.859999999999 39.19302
12213.49 40.14376
12217.1 41.49226
12220.73 41.84934
12224.330000000002 40.96479
12227.96 40.18718
12231.590000000002 40.69057
12235.199999999999 41.73637
12238.83 41.85933
12242.44 41.10724
12246.04 40.34499
12249.67 40.30729
12253.300000000001 40.63226
12256.910000000002 40.41057
12260.539999999999 39.96743
12264.15 39.76162
12267.77 39.52835
12271.380000000001 39.62108
12275.01 40.23575
12278.640000000001 40.61522
12282.249999999998 40.21409
12285.859999999999 39.5277
12289.48 39.73034
12293.09 40.7833
12296.720000000001 40.71899
12300.35 39.33085
12303.960000000001 38.78199
12307.58 39.69722
12311.19 40.62317
12314.82 40.62462
12318.43 40.39604
12322.06 41.03027
12325.67 42.67914
12329.300000000001 43.96647
12332.9 43.3996
12336.53 41.75078
12340.14 40.82981
12343.77 40.66441
12347.4 40.76686
12351.01 41.11412
12354.63 41.32639
12358.24 41.31343
12361.85 41.55788
12365.48 41.5795
12369.11 40.8056
12372.72 40.25931
12376.339999999998 40.44311
12379.949999999999 40.73171
12383.58 40.85084
12387.189999999999 40.88
12390.82 41.10436
12394.449999999999 41.47731
12398.050000000001 41.61809
12401.660000000002 41.31227
12405.289999999999 40.62824
12408.9 40.26878
12412.529999999999 40.80308
12416.16 41.4821
12419.76 41.46663
12423.390000000001 40.9439
12427.0 40.70438
12430.630000000001 40.90246
12434.240000000002 41.23464
12437.869999999999 41.37274
12441.47 41.40895
12445.1 41.72042
12448.710000000001 42.05926
12452.34 42.33922
12455.95 43.01339
12459.579999999998 43.54404
12463.2 42.95506
12466.81 41.54008
12470.44 40.55436
12474.050000000001 40.87789
12477.66 42.23564
12481.29 43.57532
12484.91 43.91338
12488.52 43.16602
12492.15 42.21984
12495.76 41.51583
12499.39 41.1625
12503.0 41.5398
12506.619999999999 42.30168
12510.25 42.58463
12513.86 42.41763
12517.47 42.10292
12521.1 41.90312
12524.71 42.1502
12528.330000000002 42.46595
12531.96 42.47912
12535.57 42.44067
12539.199999999999 42.28082
12542.81 41.78385
12546.44 41.48585
12550.04 41.94977
12553.669999999998 43.0926
12557.279999999999 44.21416
12560.91 44.73233
12564.519999999999 44.5444
12568.15 43.91313
12571.75 43.41569
12575.380000000001 43.53014
12579.01 43.52648
12582.62 42.96383
12586.250000000002 42.81339
12589.859999999999 43.13831
12593.460000000001 43.40641
12597.09 43.9226
12600.720000000001 44.06093
12604.33 43.61427
12607.960000000001 43.60728
12611.570000000002 43.62446
12615.19 43.12185
12618.8 42.91711
12622.43 43.14415
12626.06 43.5884
12629.67 43.72066
12633.300000000001 43.04471
12636.9 42.23232
12640.51 42.1071
12644.14 42.47707
12647.77 43.13789
12651.380000000001 43.81672
12655.01 43.84811
12658.609999999999 43.41669
12662.24 43.40435
12665.85 43.50349
12669.48 43.20879
12673.11 43.07166
12676.72 43.00832
12680.32 42.97569
12683.949999999999 43.7182
12687.56 44.41685
12691.19 43.87145
12694.82 43.2883
12698.43 43.64805
12702.06 44.13532
12705.660000000002 44.19464
12709.269999999999 44.09879
12712.9 44.27973
12716.529999999999 44.54112
12720.14 44.41486
12723.77 44.30428
12727.37 44.34582
12730.999999999998 44.22337
12734.609999999999 44.4667
12738.24 45.30528
12741.869999999999 46.23886
12745.48 47.36482
12749.08 48.40193
12752.710000000001 48.87048
12756.320000000002 48.67175
12759.95 47.85032
12763.580000000002 47.19207
12767.189999999999 47.94892
12770.81 49.37144
12774.42 50.18415
12778.050000000001 50.78806
12781.66 51.59214
12785.29 52.48237
12788.900000000001 54.09436
12792.52 56.05612
12796.13 56.64715
12799.76 56.38791
12803.37 56.87015
12807.0 58.02602
12810.630000000001 59.65489
12814.23 61.22784
12817.86 61.51305
12821.47 61.21596
12825.1 61.45555
12828.710000000001 61.76026
12832.34 61.75112
12835.939999999999 61.19126
12839.57 59.51605
12843.18 57.36286
12846.81 55.87767
12850.42 54.6607
12854.05 53.08038
12857.670000000002 51.6578
12861.279999999999 50.54576
12864.91 49.54051
12868.52 48.67706
12872.13 48.03478
12875.76 47.46548
12879.380000000001 46.93217
12882.990000000002 46.66726
12886.619999999999 46.76804
12890.23 46.89498
12893.859999999999 46.77292
12897.47 46.26931
12901.09 45.77553
12904.720000000001 45.43308
12908.329999999998 45.20855
12911.939999999999 45.28927
12915.570000000002 45.51907
12919.179999999998 45.45684
12922.800000000001 45.21101
12926.43 45.10841
12930.04 45.36219
12933.67 45.28509
12937.28 44.76849
12940.910000000002 44.88805
12944.51 45.45021
12948.14 45.42196
12951.75 44.73278
12955.380000000001 42.91693
12958.99 41.58882
12962.62 43.13423
12966.22 45.52901
12969.85 46.18814
12973.48 46.2054
12977.09 45.82685
12980.72 44.50738
12984.33 43.33613
12987.93 43.29707
12991.56 43.34261
12995.19 43.22368
12998.8 43.78905
13002.43 43.70337
13006.04 41.61422
13009.67 40.69774
13013.269999999999 42.73199
13016.9 45.31965
13020.529999999999 45.86433
13024.14 44.79473
13027.75 43.95232
13031.38 43.88886
13034.98 43.57562
13038.609999999999 43.17274
13042.24 43.0743
13045.85 42.98949
13049.48 41.89943
13053.08 38.63118
13056.710000000001 36.46082
13060.320000000002 37.71394
13063.949999999999 40.0426
13067.56 41.56159
13071.189999999999 42.56206
13074.79 42.60951
13078.42 42.38364
13082.03 42.5572
13085.66 43.99799
13089.29 45.12073
13092.900000000001 44.42186
13096.52 43.75617
13100.130000000001 44.02245
13103.74 43.71771
13107.37 42.82975
13111.0 42.19089
13114.61 42.48874
13118.240000000002 42.68815
13121.84 42.09806
13125.47 42.58151
13129.08 44.38759
13132.710000000001 45.3931
13136.34 45.42939
13139.95 45.37446
13143.55 44.92486
13147.18 44.23107
13150.79 44.30673
13154.42 44.72178
13158.05 44.89226
13161.66 44.99236
13165.279999999999 44.74882
13168.89 44.40321
13172.52 44.82936
13176.13 45.41038
13179.76 44.93414
13183.37 43.70761
13186.99 43.32355
13190.599999999999 43.83867
13194.23 43.84932
13197.84 43.3934
13201.47 43.40806
13205.09 43.82406
13208.7 43.8623
13212.330000000002 43.12013
13215.939999999999 42.33923
13219.55 42.70071
13223.18 44.30735
13226.800000000001 45.29182
13230.41 44.32984
13234.04 43.24239
13237.650000000001 43.58285
13241.279999999999 43.86207
13244.89 43.5224
13248.519999999999 43.4669
13252.14 43.695
13255.75 43.76006
13259.36 43.85125
13262.99 44.02988
13266.6 44.12697
13270.230000000001 44.09231
13273.85 44.03206
13277.460000000001 43.93526
13281.09 44.02539
13284.7 44.10209
13288.33 43.80973
13291.94 43.26279
13295.56 42.96591
13299.17 42.93682
13302.8 42.60035
13306.41 42.18407
13310.04 42.58403
13313.65 44.14053
13317.27 45.91273
13320.9 46.12012
13324.51 44.76972
13328.14 43.4445
13331.75 43.13509
13335.36 43.84509
13338.98 44.18424
13342.609999999999 43.64303
13346.22 43.5267
13349.85 44.20876
13353.46 44.93505
13357.09 45.33741
13360.689999999999 45.17583
13364.320000000002 44.49757
13367.949999999999 43.75617
13371.56 43.68558
13375.17 44.02058
13378.8 44.07478
13382.400000000001 44.07966
13386.03 43.36151
13389.660000000002 41.75147
13393.269999999999 41.67131
13396.9 43.46467
13400.51 44.33172
13404.130000000001 44.06078
13407.74 44.12628
13411.37 44.52921
13414.980000000001 44.93441
13418.61 45.50129
13422.220000000001 45.95976
13425.84 45.63484
13429.45 44.73322
13433.08 44.31602
13436.710000000001 44.37217
13440.32 44.31618
13443.95 44.42789
13447.55 44.9675
13451.18 45.50629
13454.79 45.66736
13458.42 45.7914
13462.03 46.23105
13465.66 47.07585
13469.26 47.89355
13472.89 47.24656
13476.5 45.48609
13480.13 44.8789
13483.76 45.19929
13487.37 44.84514
13490.99 44.41313
13494.6 45.06854
13498.21 45.87751
13501.84 45.34837
13505.47 44.20863
13509.08 44.01114
13512.699999999999 44.67398
13516.31 45.13404
13519.939999999999 44.93464
13523.55 44.85363
13527.18 45.53933
13530.81 46.27419
13534.409999999998 46.61013
13538.019999999999 46.7265
13541.650000000001 46.5211
13545.259999999998 46.37668
13548.89 46.62792
13552.519999999999 46.45143
13556.12 45.58633
13559.75 44.98518
13563.36 44.62919
13566.970000000001 44.41265
13570.599999999999 44.90676
13574.23 45.37514
13577.83 44.8981
13581.460000000001 44.75393
13585.07 45.74317
13588.7 46.3547
13592.310000000001 45.86885
13595.94 45.25051
13599.56 45.27098
13603.17 46.1502
13606.8 47.04756
13610.41 47.07146
13614.02 47.00227
13617.65 46.76439
13621.27 45.65285
13624.88 44.51893
13628.51 44.69351
13632.12 45.76875
13635.75 46.07824
13639.36 45.54619
13642.98 45.6949
13646.609999999999 46.68067
13650.22 47.22448
13653.83 46.59897
13657.46 45.21288
13661.07 44.31808
13664.689999999999 44.58889
13668.32 45.43892
13671.93 45.62607
13675.56 45.3843
13679.17 45.15324
13682.8 44.76989
13686.400000000001 44.62329
13690.029999999999 44.91886
13693.64 45.09296
13697.269999999999 44.81188
13700.88 44.58722
13704.51 45.49849
13708.11 47.06985
13711.74 47.57071
13715.37 47.13711
13718.980000000001 46.62973
13722.609999999999 46.02002
13726.22 45.446
13729.83 45.53425
13733.45 45.64655
13737.08 45.1034
13740.69 45.0549
13744.320000000002 46.20489
13747.929999999998 47.38489
13751.55 47.77695
13755.16 46.99643
13758.79 45.31839
13762.42 44.00871
13766.03 44.17089
13769.640000000001 45.40456
13773.26 46.05209
13776.87 45.53076
13780.5 45.00339
13784.130000000001 46.27754
13787.74 48.7863
13791.37 49.66068
13794.97 48.69175
13798.6 48.31371
13802.21 48.3012
13805.84 47.39029
13809.45 46.69736
13813.08 47.2998
13816.679999999998 47.85408
13820.31 47.34758
13823.92 46.81088
13827.55 46.62095
13831.18 46.38597
13834.789999999999 46.30131
13838.42 46.29457
13842.019999999999 46.37582
13845.63 46.8555
13849.26 47.30365
13852.89 47.27648
13856.5 47.40474
13860.13 48.04589
13863.730000000001 48.74457
13867.36 49.3972
13870.97 49.6943
13874.599999999999 48.8302
13878.23 47.56435
13881.84 47.0028
13885.44 46.865
13889.07 46.5178
13892.68 46.0893
13896.310000000001 46.14221
13899.939999999999 46.79335
13903.55 47.22052
13907.17 47.22074
13910.78 47.22444
13914.41 46.54646
13918.02 45.56642
13921.650000000001 46.24055
13925.259999999998 47.93201
13928.88 48.50044
13932.49 48.71456
13936.12 49.58853
13939.73 49.70301
13943.36 48.73731
13946.99 47.62211
13950.59 46.84394
13954.22 46.76214
13957.83 47.47422
13961.44 48.39305
13965.07 48.87422
13968.7 48.82352
13972.3 49.10541
13975.93 50.10895
13979.539999999999 50.9125
13983.17 50.69553
13986.78 49.34913
13990.41 48.65508
13994.029999999999 49.46116
13997.64 49.87421
14001.25 49.1563
14004.88 49.35055
14008.49 50.83263
14012.119999999999 51.61874
14015.740000000002 50.56684
14019.349999999999 49.09401
14022.98 48.73893
14026.59 49.15769
14030.22 48.77824
14033.83 48.25814
14037.46 49.17073
14041.060000000001 50.83624
14044.69 51.50963
14048.300000000001 51.03417
14051.929999999998 49.81856
14055.539999999999 48.88041
14059.17 49.18481
14062.79 49.30166
14066.4 48.68842
14070.03 49.2329
14073.640000000001 50.8395
14077.249999999998 51.48546
14080.88 51.1344
14084.5 50.57241
14088.11 49.59685
14091.74 48.30182
14095.35 48.14041
14098.980000000001 48.68078
14102.58 47.79496
14106.21 47.18874
14109.84 49.39565
14113.45 52.05523
14117.06 52.30279
14120.69 50.88992
14124.289999999999 49.86453
14127.92 50.4797
14131.55 50.98015
14135.16 48.99164
14138.79 46.48528
14142.4 46.37092
14146.019999999999 48.07328
14149.63 50.1167
14153.26 50.93398
14156.89 49.09782
14160.5 47.41574
14164.11 48.85825
14167.74 50.98956
14171.339999999998 51.25827
14174.97 50.402
14178.599999999999 50.29384
14182.21 51.41845
14185.84 51.97336
14189.449999999999 51.68828
14193.070000000002 51.68101
14196.679999999998 51.25935
14200.310000000001 50.56125
14203.920000000002 51.8189
14207.55 54.1182
14211.16 53.7193
14214.78 51.6085
14218.390000000001 51.7559
14222.02 53.40859
14225.650000000001 54.14016
14229.259999999998 53.74917
14232.869999999999 52.68373
14236.49 52.24799
14240.1 52.8676
14243.73 53.3911
14247.36 53.45374
14250.970000000001 53.63715
14254.59 53.58717
14258.2 53.28685
14261.83 54.04097
14265.44 55.74671
14269.07 55.99647
14272.68 54.28142
14334.62 50.43168
14394.09 50.72431
14453.57 51.01741
14513.050000000001 51.311
14572.529999999999 51.60506
14632.01 51.89961
14691.49 52.19463
14750.970000000001 52.49012
14810.449999999999 52.78608
14869.93 53.08253
14929.41 53.37944
14988.89 53.67681
15048.369999999999 53.97467
15107.85 54.27298
15203.199999999999 49.87184
15258.93 52.91035
15314.72 52.99985
15370.57 58.43633
15426.42 63.3903
15482.340000000002 62.40372
15538.31 59.30516
15594.220000000001 56.17201
15650.250000000002 57.37047
15706.279999999999 54.66888
15762.31 54.96629
15818.4 54.47369
15874.490000000002 56.11432
15930.63 57.12847
15986.78 57.25555
16042.99 57.80767
16099.2 56.52484
16155.470000000001 59.01459
16211.74 61.70427
16268.0 60.1025
16324.33 61.49121
16380.66 56.17193
16437.04 59.42091
16493.43 56.82772
16549.879999999997 59.3583
16606.32 61.29956
16662.77 62.40892
16719.280000000002 63.97136
16775.78 65.56498
16832.350000000002 64.62789
16888.91 63.81689
16945.48 65.94628
17002.1 65.05641
17058.73 68.91636
17115.35 66.95941
17172.04 65.28519
17228.72 62.92116
17285.46 63.75424
17342.21 62.82002
17398.95 64.37793
17455.7 65.94997
17512.5 68.09482
17569.3 68.08733
17626.16 68.96395
17683.03 67.89705
17739.89 68.73047
17796.75 68.106
17853.67 72.37359
17910.600000000002 73.91733
17967.52 74.11724
18024.5 71.43358
18081.48 65.63869
18138.46 64.83489
18195.45 67.08823
18252.489999999998 71.59658
18309.53 70.98577
18366.57 71.67975
18423.670000000002 69.67303
18480.77 70.33644
18537.87 75.62426
18594.97 80.29881
18652.13 78.71581
18709.23 76.43511
18766.39 76.03606
18823.61 74.04865
18880.77 73.85099
18937.99 72.2457
18995.21 73.51749
19052.43 72.7006
19109.71 73.6761
19166.93 75.35339
19224.21 75.4152
19281.48 74.55122
19338.76 75.46057
19396.100000000002 74.22033
19453.44 71.78424
19510.719999999998 76.54075
19568.06 79.66389
19625.46 77.46951
19682.789999999997 77.01215
19740.19 75.27375
19797.59 76.64326
19854.989999999998 76.59884
19912.39 79.36225
19969.78 80.93114
20027.24 82.23815
20084.7 81.59053
20142.1 83.42187
20199.61 78.90754
20257.07 77.47613
20314.53 73.39718
20372.04 72.54566
20429.5 73.4911
20487.02 75.64628
20544.539999999997 73.97209
20602.05 77.756
20659.63 79.75583
20717.15 80.70032
20774.72 78.85794
20832.239999999998 79.65328
20889.82 78.00876
20947.390000000003 81.03509
21004.969999999998 81.40223
21062.61 81.68067
21120.18 79.73857
21177.760000000002 82.05184
21235.39 82.79392
21293.030000000002 80.15636
21350.67 81.77592
21408.3 83.60933
21465.94 82.45863
21523.57 77.17121
21581.21 79.68803
21638.899999999998 75.67456
21696.54 77.75423
21754.23 83.50855
21811.87 84.61475
21869.57 88.45024
21927.26 86.59259
21984.96 84.32976
22042.649999999998 83.02081
22100.41 81.68327
22158.1 79.93425
22215.8 81.44724
22273.550000000003 81.86219
22331.249999999996 83.22219
22389.0 84.46173
22446.760000000002 82.04851
22504.51 79.19887
22562.27 81.65711
22620.019999999997 85.17277
22677.78 85.24269
22735.530000000002 82.13428
22793.29 83.73106
22851.04 86.85485
22908.86 84.28411
22966.609999999997 82.60086
23024.429999999997 81.66591
23082.18 81.62259
23139.989999999998 85.62681
23197.75 85.08176
23255.56 84.58192
23313.38 83.34311
23371.19 81.58446
23429.01 83.2542
23486.820000000003 81.30122
23544.63 83.27656
23602.45 83.74297
23660.260000000002 84.9882
23718.08 85.12992
23775.89 82.14412
23833.769999999997 81.23267
23891.58 80.65605
23949.39 84.40028
24007.269999999997 84.44487
24065.08 86.38812
24122.96 85.88968
24180.769999999997 87.41106
24238.64 86.32078
24296.52 85.49964
24354.33 85.44763
24412.21 84.63438
24470.079999999998 82.69528
24527.899999999998 81.50685
24585.77 81.0661
24643.640000000003 84.03003
24701.51 86.71914
24759.39 88.53054
24817.260000000002 87.5263
24875.14 82.80373
24933.010000000002 83.46189
24990.88 84.26264
25048.76 83.0025
25106.63 82.34919
25164.51 83.36482
25222.38 85.77266
25280.25 84.42605
25338.129999999997 84.26738
25396.0 83.695
25453.87 87.39734
25511.750000000004 88.89257
25569.62 87.90371
25627.5 86.79249
25685.43 86.0594
25743.3 86.1786
25801.18 87.93873
25859.05 87.08265
25916.920000000002 88.62886
25974.8 88.40226
26032.730000000003 89.23692
26090.61 88.78221
26148.48 88.76749
26206.350000000002 90.14947
26264.219999999998 86.89945
26322.16 91.08389
26380.04 90.19924
26437.909999999996 88.36201
26495.78 88.45488
26553.66 91.74581
26611.530000000002 88.21205
26669.399999999998 89.18216
26727.34 88.51909
26785.21 89.17744
26843.08 88.01601
26900.96 88.40982
26958.829999999998 88.60422
27016.710000000003 90.09616
27074.579999999998 85.07017
27132.45 86.67842
27190.33 86.12679
27248.199999999997 90.27578
27306.07 87.65446
27363.95 86.99988
27421.760000000002 86.49831
27479.63 89.39499
27537.51 87.13826
27595.38 90.30296
27653.26 90.20841
27711.070000000003 89.65226
27768.95 89.132
27826.82 87.78726
27884.63 83.35194
27942.510000000002 78.18416
28000.32 78.57321
28058.2 81.25001
28116.01 79.8591
28173.879999999997 78.25441
28231.7 77.37414
28289.51 79.4618
28347.329999999998 83.23925
28405.2 85.12854
28463.01 84.01233
28520.829999999998 85.26039
28578.640000000003 83.86387
28636.460000000003 83.49756
28694.27 80.57333
28752.09 79.46337
28809.840000000004 77.27882
29739.870000000003 84.19471
30334.660000000003 83.63608
30929.46 83.01938
31524.260000000002 82.35023
32119.05 81.63388
32713.85 80.87523
33308.65 80.07887
33903.45 79.24909
34498.24 78.38985
35093.04 77.50485
35687.84 76.59754
36282.64 75.67109
36877.43 74.72844
37472.23 73.7723
38067.03 72.80521
38661.82 71.82944
39256.62 70.84713
39851.42 69.86023
40446.22 68.87053
41041.020000000004 67.87969
41635.81 66.88919
42230.61 65.90039
42825.41 64.91456
43420.2 63.9328
44015.00000000001 62.95616
45062.55 63.13559
45422.29 61.41881
45782.08 62.52627
46141.81999999999 59.7536
46501.549999999996 55.39066
46861.340000000004 57.67843
47221.08 60.54971
47580.869999999995 60.24082
47940.6 58.85615
48300.340000000004 57.37132
48660.13 54.96374
49019.86 54.51994
49379.600000000006 52.75982
49739.39 54.03514
50099.12 51.72802
50458.86 52.30972
50818.649999999994 50.7518
51178.38 52.29794
51538.18 50.80843
51897.909999999996 50.65516
52257.64 50.6118
52617.44 49.97279
52977.17 49.07768
53336.909999999996 48.87155
53696.69 47.99859
54056.43000000001 46.54133
54416.159999999996 47.13547
54775.95 46.23523
55135.69 46.29174
55495.479999999996 46.0292
55855.21 46.78059
56214.950000000004 45.76988
56574.73 44.19537
56934.47 44.94363
57294.21000000001 43.40705
57654.0 43.28611
58013.729999999996 41.71763
58373.46 42.50048
58733.259999999995 41.20155
59093.0 41.21796
59452.79 40.62211
59812.52 41.0592
60172.26 41.43461
60532.05 39.84948
60891.780000000006 39.44324
61251.52 39.76529
61611.3 39.31149
61971.04 39.14769
62330.77 38.83125
62690.56 38.88949
63050.3 37.3878
63410.09 37.94314
63769.82 37.78318
64129.560000000005 36.53111
64489.36 37.52404
64849.090000000004 36.67096
65208.82 36.3439
65568.61 35.92628
65928.34 36.6771
66288.09000000001 35.93583
66647.87 34.06167
67007.61 34.68866
67367.40000000001 34.98979
67727.13 34.08276
68086.87 33.739
68446.66 33.57505
68806.39 33.49877
69166.13 32.88047
69525.91 32.90541
69885.65000000001 32.0101
70245.37999999999 31.81622
70605.17 31.39034
70964.91 31.69466
71324.7 31.80436
71684.44 31.26972
72044.17 31.07433
72403.97 30.96411
72763.7 30.8848
73123.43000000001 30.41449
73483.22 29.94403
73842.95 30.13868
74202.7 30.73364
74562.48000000001 30.06153
74922.22 30.13676
75282.01 29.86841
75641.74 29.64181
76001.48 29.39517
76361.27 29.40432
76721.0 28.94046
77080.73 28.97552
77440.53 28.61018
77800.26000000001 28.41539
78159.98999999999 28.64027
78519.79 27.7622
78879.52 27.60448
79239.25 28.19517
79599.05 27.54029
79958.78 26.91448
80318.58 26.13644
80678.3 26.98143
81038.04000000001 26.11478
81397.84000000001 25.96674
81757.57 25.25976
82117.29999999999 24.71985
82477.09000000001 24.80614
82836.83 25.22811
83196.54999999999 24.69041
83684.12 25.56441
84187.79000000001 26.21532
84691.47 24.93019
85195.09 25.47538
85698.75 24.71827
86202.42 23.38881
86706.04000000001 23.30479
87209.72 24.63199
87713.39 22.18381
88217.06000000001 21.30585
88720.68000000001 20.95917
89224.35 20.45748
89728.02 20.53673
90231.64 19.96568
90735.31 20.37698
91238.98999999999 18.9335
91742.61 19.16589
92246.28 18.25021
92749.95999999999 18.27337
93253.58 17.89643
93757.24999999999 17.36143
94260.92000000001 16.9777
94764.53 16.78289
95268.21 16.6743
95771.87999999999 15.24696
96275.54999999999 15.77381
96779.17000000001 14.91372
97282.84999999999 15.13606
97786.51999999999 15.56376
98290.14000000001 14.70147
98793.79999999999 14.51358
99297.48 14.56429
99801.09999999999 14.4891
100304.76999999999 14.5043
100808.45 14.56863
101312.05 14.80762
101815.73999999999 14.43417
102319.41 14.31715
102823.01999999999 14.34324
103326.7 14.5837
103830.38 14.48055
104334.05 13.88965
104837.65999999999 13.28856
105341.34 13.57899
105845.01 13.93007
106348.62999999999 13.37463
106852.3 13.06281
107355.98 13.1496
107859.59 13.40662
108363.26 12.57535
108866.94 13.19521
109370.55 12.97938
109874.23 13.1277
110377.91 12.9856
110881.51 12.91424
111385.2 13.27441
111888.87 13.88201
112392.55 13.85549
112896.16 13.44128
113399.84 13.12086
113903.5 12.70933
114407.13 13.25692
114910.8 13.41686
115414.47 13.66362
115918.09 13.16061
116421.77 13.36516
116925.43000000001 13.11632
117429.05 12.83714
117932.72 13.40472
118436.39 13.19502
118940.02 13.30222
119443.68000000001 12.96679
119947.37000000001 12.55307
120451.04000000001 12.84221
120954.64 10.80317
121458.33 11.99593
121962.01000000001 12.91621
122465.62000000001 12.67654
123472.96 13.14053
124480.26000000001 12.77811
125487.54000000001 13.29532
126494.88 12.96881
127502.17 13.19756
128509.51999999999 13.58073
129516.81999999999 12.33861
130524.10999999999 12.25949
131531.45 11.99568
132538.75 11.94207
133546.03 11.85336
134553.38 12.06679
135560.67 11.3662
136568.02000000002 11.37714
137575.31 11.0269
138582.59 11.05276
139589.95 10.76701
140597.23 10.76093
141604.53 10.76115
142611.86000000002 10.39462
143619.16 10.38585
144626.52 10.46194
145633.80000000002 10.47282
146641.09 10.27737
147648.44 10.13163
148655.72999999998 9.810662
149663.02000000002 9.733814
150670.38 9.614689
151677.66 9.336245
152685.0 9.212396
153692.28 8.918637
154699.58 9.162857
155706.94 8.964302
156714.22 8.648771
157721.52 8.778535
158728.86 8.844109
159736.13999999998 8.514248
160743.48 8.516968
161750.78 8.396331
162758.09 8.203678
163765.44 8.111475
164772.7 7.943722
165779.98 8.2405
166787.36000000002 7.973534
167794.64 8.104171
168801.98 7.798487
169809.28 7.880556
170816.56 7.819288
171823.91 7.376185
172831.2 7.544941
173838.48 7.491667
174845.84000000003 7.293914
175853.13 7.236517
176860.46999999997 7.01731
177867.78000000003 7.181474
178875.06 7.103256
179882.40999999997 6.836217
180889.7 6.806633
181896.98 6.940789
182904.33 6.943223
183911.62999999998 6.899721
184918.97000000003 6.758337
185926.27 6.581226
186933.55000000002 6.694802
187940.88999999998 6.705766
188948.19999999998 6.428018
189955.47999999998 6.400044
190962.83 6.132497
191970.11 6.377021
192977.47 6.305666
193984.77 6.320952
194992.05 6.217736
195999.38999999998 6.044007
197006.69 6.084824
198013.97 6.407048
199021.33 6.380786
200028.63 6.072045
201035.94999999998 5.931356
202043.22999999998 5.827441
203050.55 5.925388
204057.88 5.907574
205065.16 5.868099
206072.44999999998 5.668211
207079.81 6.031153
208087.09 5.751585
208179.06 5.642342
214127.03 5.398996
220075.0 5.172388
226022.98 4.960961
231970.95 4.763338
237918.92 4.578298
243866.89 4.404753
249814.87999999998 4.241734
255762.84000000003 4.088376
261710.81 3.9439
267658.78 3.807607
273606.75 3.678866
279554.75 3.557108
285502.72 3.441819
291450.69 3.332529
297398.66 3.228814
303346.63 3.130287
309294.59 3.036592
315242.56 2.947408
321190.53 2.862438
327138.53 2.781409
333086.5 2.704074
339034.47 2.630201
344982.44 2.559579
350930.41 2.492012
