918.6600000000001 0.02115676
923.65 0.05133301
928.64 0.05991052
933.63 0.09415536
938.61 0.1298861
943.6 0.1577599
948.59 0.1159106
953.5799999999999 0.251815
958.5699999999999 0.2580791
963.56 0.2574602
968.55 0.2292505
973.53 0.06840148
978.52 0.1735123
983.51 0.2450757
988.4999999999999 0.1865571
993.4900000000001 0.3117824
998.48 0.3435488
1003.46 0.4095605
1008.45 0.3846286
1013.44 0.3866018
1018.4300000000001 0.3685805
1023.4200000000001 0.2359452
1028.41 0.2245353
1033.4 0.3702761
1038.38 0.4045095
1043.37 0.4925929
1048.36 0.4901907
1053.35 0.5056999
1058.34 0.4734986
1063.33 0.3828861
1068.31 0.402582
1073.3 0.3807302
1078.29 0.3699229
1083.28 0.336262
1088.27 0.3530499
1093.26 0.4110621
1098.24 0.4131867
1103.23 0.3945045
1108.22 0.3827904
1113.21 0.3749226
1118.2 0.3518788
1123.19 0.338053
1128.18 0.3157587
1133.16 0.4022226
1141.1200000000001 0.3592468
1146.3700000000001 0.3886264
1151.6200000000001 0.4099239
1156.87 0.4157547
1162.12 0.4362514
1167.37 0.4359189
1172.6200000000001 0.2995132
1177.8700000000001 0.3601536
1183.1200000000001 0.4651768
1188.37 0.4329209
1193.62 0.380549
1198.87 0.4374432
1204.1200000000001 0.3807793
1209.3700000000001 0.2823781
1214.6200000000001 0.4395454
1219.87 1.051532
1225.12 0.7787778
1230.37 0.5888889
1235.6200000000001 0.389585
1240.8700000000001 0.4004345
1246.11 0.5456861
1251.36 0.5034785
1256.61 0.4415834
1261.86 0.4050475
1267.11 0.400133
1272.36 0.4592193
1277.6100000000001 0.4598718
1282.8600000000001 0.4771087
1288.1100000000001 0.4750968
1293.3600000000001 0.406078
1298.6100000000001 0.3804284
1303.8600000000001 0.4147812
1309.11 0.4091778
1314.36 0.4652494
1319.61 0.4573685
1324.86 0.4421033
1330.11 0.4056121
1335.36 0.3944366
1340.6100000000001 0.4624948
1345.8600000000001 0.4631111
1351.1100000000001 0.4556281
1356.3600000000001 0.4526142
1361.6100000000001 0.4238454
1366.8600000000001 0.4193441
1372.11 0.44269
1377.36 0.4460435
1382.61 0.4608345
1387.86 0.4317653
1393.11 0.3730084
1398.36 0.3934597
1403.6100000000001 0.4367189
1408.8500000000001 0.4408774
1414.1000000000001 0.4275435
1419.3500000000001 0.4216821
1424.6000000000001 0.4108989
1429.85 0.4045315
1435.1 0.400751
1440.35 0.4148993
1445.6 0.4213202
1450.85 0.408273
1456.1 0.4061917
1461.35 0.3863
1466.6000000000001 0.387043
1471.8500000000001 0.3949004
1477.1000000000001 0.3995033
1482.3500000000001 0.4180472
1487.6000000000001 0.428491
1492.85 0.4297921
1498.1 0.4369525
1503.35 0.4351064
1508.6 0.4230537
1513.85 0.4618076
1519.1 0.4695008
1524.35 0.4986285
1529.6000000000001 0.5782964
1534.8500000000001 0.6510958
1540.1000000000001 0.6581023
1545.3500000000001 0.3614145
1550.6000000000001 0.7313071
1555.85 0.8547149
1561.1 0.7102222
1566.35 0.5795041
1571.59 0.5084269
1576.84 0.458069
1582.09 0.4448706
1587.34 0.4352453
1592.5900000000001 0.4347382
1597.8400000000001 0.4266758
1603.0900000000001 0.4004425
1608.3400000000001 0.4008002
1613.59 0.3978326
1618.84 0.3937465
1624.09 0.3885872
1629.34 0.3938673
1634.59 0.418492
1639.84 0.4570434
1645.09 0.4293088
1650.34 0.3929103
1655.5900000000001 0.3912094
1660.8400000000001 0.4168076
1666.0900000000001 0.3920772
1671.3400000000001 0.364535
1676.59 0.3745118
1681.84 0.3758141
1687.09 0.3666814
1692.34 0.3513059
1695.17 0.366882
1700.6399999999999 0.3546761
1706.1000000000001 0.3506892
1711.57 0.3324637
1717.04 0.3375619
1722.5099999999998 0.3343213
1727.98 0.3365871
1733.45 0.3475962
1738.9199999999998 0.352772
1744.39 0.3464033
1749.85 0.3489571
1755.32 0.3496249
1760.7900000000002 0.3419699
1766.26 0.3349752
1771.73 0.3402978
1777.1999999999998 0.3388071
1782.68 0.3455219
1788.15 0.3371032
1793.62 0.3569415
1799.0900000000001 0.3540581
1804.56 0.3547661
1810.03 0.3351276
1815.5 0.332072
1820.98 0.3398518
1826.45 0.3397572
1831.9199999999998 0.3290087
1837.39 0.3289051
1842.8700000000001 0.3142035
1848.34 0.2975799
1853.81 0.3031771
1859.2800000000002 0.304631
1864.76 0.316127
1870.23 0.3439691
1875.7099999999998 0.3506603
1881.18 0.3401341
1886.65 0.3513543
1892.1299999999999 0.3592137
1897.6000000000001 0.3680674
1903.0800000000002 0.4062166
1908.55 0.444028
1914.03 0.3789817
1919.5 0.3470588
1924.98 0.3228882
1930.45 0.3242367
1935.9299999999998 0.3131398
1941.4 0.3134226
1946.88 0.3085076
1952.35 0.2942325
1957.8300000000002 0.2902865
1963.31 0.3075326
1968.78 0.3051622
1974.26 0.3142378
1979.73 0.2996291
1985.21 0.29834
1990.69 0.2918907
1996.1699999999998 0.2898043
2001.64 0.2992745
2007.1200000000001 0.2987051
2012.6 0.292927
2018.07 0.289627
2023.5500000000002 0.3013573
2029.03 0.2999461
2034.51 0.2847484
2039.98 0.2929663
2045.46 0.293024
2050.94 0.2845089
2056.42 0.2837821
2061.9 0.2875767
2067.37 0.2889071
2072.85 0.30232
2078.33 0.2861166
2083.81 0.2967165
2089.29 0.2948309
2094.77 0.2830187
2100.25 0.281772
2105.7200000000003 0.2868242
2111.2 0.2834606
2116.68 0.2855245
2122.16 0.2886481
2127.64 0.2860187
2133.12 0.2749791
2138.6 0.2758943
2144.08 0.2794459
2149.56 0.279421
2155.04 0.2848698
2160.52 0.28097
2166.0 0.2756889
2171.48 0.2754233
2176.96 0.2729782
2182.44 0.2672848
2187.9100000000003 0.2667296
2193.39 0.2757947
2198.87 0.2753138
2204.35 0.2718534
2209.83 0.2689677
2215.31 0.2643769
2220.79 0.2623832
2226.27 0.2598494
2231.75 0.2673537
2237.23 0.2667049
2242.71 0.2592179
2248.2 0.2603447
2253.6800000000003 0.2549136
2259.16 0.2569093
2264.64 0.2609067
2270.12 0.2602179
2275.6 0.2640455
2281.08 0.2688652
2286.56 0.2679087
2292.04 0.2592191
2297.52 0.2622617
2303.0 0.2629157
2308.48 0.2640255
2313.96 0.2584045
2319.44 0.2609109
2324.92 0.23341
2330.4 0.2285398
2335.88 0.2364439
2341.36 0.2473627
2346.84 0.2474997
2352.32 0.2515169
2357.7999999999997 0.2503961
2363.28 0.2408453
2368.76 0.2358699
2374.24 0.2294381
2379.72 0.2427184
2385.2000000000003 0.2383079
2390.68 0.2372026
2396.16 0.2465416
2401.64 0.2453513
2407.12 0.239753
2412.6 0.2427456
2418.08 0.2433729
2423.56 0.2526339
2429.04 0.2473062
2434.52 0.2430187
2440.0 0.2426647
2445.48 0.250276
2450.96 0.2486493
2456.44 0.2476777
2461.92 0.2489376
2467.4 0.2501683
2472.88 0.2479728
2478.36 0.2452687
2483.84 0.2504069
2489.3199999999997 0.2498158
2494.8 0.240556
2500.2799999999997 0.2410474
2505.75 0.2528542
2511.23 0.2435105
2516.7099999999996 0.2407711
2522.19 0.2392111
2527.67 0.2375562
2533.15 0.236633
2538.63 0.2335213
2544.11 0.2311726
2549.5800000000004 0.2314541
2555.06 0.2355
2560.54 0.2334651
2566.02 0.2319831
2571.5 0.2376247
2576.98 0.2235287
2582.45 0.235585
2587.93 0.2261154
2593.41 0.2205869
2598.89 0.2315909
2604.36 0.2289542
2609.84 0.2311179
2615.3199999999997 0.2297656
2620.79 0.2287052
2626.27 0.2319492
2631.75 0.2330611
2637.23 0.2298054
2642.7000000000003 0.2360462
2648.18 0.2356687
2653.66 0.2351478
2659.13 0.230277
2664.61 0.2230385
2670.0800000000004 0.2227502
2675.56 0.227178
2681.04 0.2264202
2686.5099999999998 0.2255687
2691.9900000000002 0.2233954
2697.46 0.2224386
2702.9399999999996 0.2239939
2708.41 0.2250972
2713.89 0.2235516
2719.36 0.2226888
2724.84 0.2268425
2730.3100000000004 0.2326021
2735.7799999999997 0.2314374
2741.2599999999998 0.2216252
2746.73 0.2223022
2752.21 0.225712
2757.6800000000003 0.2248209
2763.1499999999996 0.2305962
2768.63 0.2373514
2774.1 0.251993
2779.57 0.2604881
2785.05 0.2406843
2790.5200000000004 0.236241
2795.99 0.2347037
2801.46 0.2674409
2806.9300000000003 0.2673195
2812.4100000000003 0.267755
2817.8799999999997 0.2538968
2823.35 0.2429024
2828.82 0.235723
2834.29 0.2336842
2839.76 0.2234461
2845.2300000000005 0.2129433
2850.7 0.2173384
2856.17 0.2156278
2861.64 0.2174354
2867.11 0.2152939
2872.58 0.2115538
2878.0499999999997 0.210336
2883.52 0.2101217
2888.9900000000002 0.2080171
2894.46 0.2068929
2899.93 0.2054064
2905.4 0.2092341
2910.87 0.2081024
2916.33 0.2062815
2921.7999999999997 0.2056069
2927.27 0.2061504
2932.74 0.2059895
2938.2000000000003 0.203078
2943.67 0.2034091
2949.14 0.2043575
2954.6 0.2035072
2960.07 0.2040841
2965.53 0.2040735
2970.9999999999995 0.2026525
2976.47 0.2018177
2981.93 0.2020254
2987.4 0.2011868
2994.85 0.1965744
3000.32 0.1965677
3005.8 0.1956727
3011.27 0.1957605
3016.74 0.1945823
3022.22 0.1952884
3027.69 0.1927927
3033.16 0.1913332
3038.6400000000003 0.1932845
3044.1099999999997 0.1932611
3049.58 0.1943588
3055.06 0.1911539
3060.53 0.1896464
3066.0 0.1905272
3071.4799999999996 0.1893011
3076.95 0.1899682
3082.43 0.1900436
3087.9 0.1894601
3093.37 0.1896413
3098.8500000000004 0.1899098
3104.3199999999997 0.1897325
3109.7999999999997 0.1888329
3115.27 0.1908077
3120.75 0.1929152
3126.2200000000003 0.1942561
3131.6899999999996 0.1946154
3137.17 0.1947049
3142.64 0.1899713
3148.12 0.1891448
3153.59 0.1893687
3159.0699999999997 0.1865756
3164.5499999999997 0.1861293
3170.02 0.185999
3175.5 0.1815109
3180.9700000000003 0.1765124
3186.4500000000003 0.1794385
3191.9199999999996 0.1813884
3197.4 0.1813584
3202.87 0.1849048
3208.35 0.183869
3213.83 0.1797159
3219.2999999999997 0.1805829
3224.7799999999997 0.1811796
3230.25 0.178095
3235.73 0.17674
3241.21 0.1769313
3246.6800000000003 0.1775873
3252.16 0.1767993
3257.64 0.1767016
3263.11 0.1766396
3268.59 0.176858
3274.07 0.1752601
3279.5400000000004 0.1762767
3285.02 0.1744149
3290.5 0.1742238
3295.97 0.1745331
3301.4500000000003 0.1735469
3306.9300000000003 0.1736255
3312.3999999999996 0.1735381
3317.88 0.1760646
3323.36 0.1742307
3328.84 0.1719106
3334.31 0.1736623
3339.7900000000004 0.1736694
3345.27 0.1744433
3350.75 0.1698525
3356.22 0.1680602
3361.7000000000003 0.1684487
3367.1800000000003 0.1655016
3372.6600000000003 0.1642833
3378.14 0.1636204
3383.61 0.1680698
3389.09 0.168046
3394.57 0.1680954
3400.05 0.1699357
3405.5299999999997 0.1652019
3411.0 0.1659102
3416.48 0.1708201
3421.96 0.1805048
3427.44 0.1785476
3432.92 0.1744707
3438.3999999999996 0.1707017
3443.87 0.1691491
3449.35 0.1652463
3454.83 0.162689
3460.31 0.1615059
3465.7900000000004 0.1605805
3471.27 0.1603024
3476.75 0.1608559
3482.23 0.1578358
3487.7000000000003 0.1580575
3493.1800000000003 0.1582011
3498.6600000000003 0.1585612
3504.14 0.1559848
3509.62 0.156447
3515.1 0.1551159
3520.58 0.1569224
3526.06 0.1573212
3531.5400000000004 0.1561738
3537.02 0.1584643
3542.5 0.1583015
3547.98 0.1576382
3553.46 0.1587527
3558.94 0.1575264
3564.41 0.1579468
3569.89 0.1538181
3575.37 0.150361
3580.85 0.1530373
3586.33 0.1526573
3591.81 0.150837
3597.2900000000004 0.1507482
3602.77 0.1535184
3608.25 0.152838
3613.73 0.1521694
3619.21 0.1532503
3624.69 0.157197
3630.1699999999996 0.1560347
3635.65 0.1532967
3641.13 0.1548465
3646.61 0.1532514
3652.09 0.1530892
3657.57 0.1549656
3663.0499999999997 0.1535647
3668.5299999999997 0.1517094
3674.0099999999998 0.1502619
3679.4900000000002 0.1457905
3684.9700000000003 0.143879
3690.46 0.1455169
3695.9399999999996 0.1473351
3701.42 0.1459807
3706.9 0.1450172
3712.38 0.1464752
3717.86 0.1844804
3723.34 0.4326757
3728.8199999999997 0.6422417
3734.2999999999997 0.315872
3739.7799999999997 0.164558
3745.26 0.1536088
3750.7400000000002 0.1468694
3756.2200000000003 0.1578904
3761.7 0.1636
3767.18 0.1514893
3772.66 0.1493278
3778.14 0.1618732
3783.63 0.1678008
3789.11 0.1650726
3794.5899999999997 0.1521538
3800.0699999999997 0.144636
3805.5499999999997 0.1610687
3811.03 0.1687717
3816.51 0.1715198
3821.9900000000002 0.1613111
3827.4700000000003 0.158322
3832.95 0.1446882
3838.43 0.1476318
3843.92 0.1568806
3849.4 0.1654461
3854.88 0.1731154
3860.36 0.1798605
3865.8399999999997 0.2069873
3871.3199999999997 0.2021736
3876.8 0.1677748
3882.28 0.1546536
3887.76 0.1664101
3893.2499999999995 0.1567394
3898.7300000000005 0.1591566
3904.21 0.1627363
3909.69 0.1666928
3915.17 0.1701206
3920.65 0.1605334
3926.13 0.1580936
3931.6099999999997 0.1530172
3937.0899999999997 0.1571684
3942.58 0.1621894
3948.06 0.1600827
3953.54 0.1620798
3959.02 0.1539402
3964.5000000000005 0.1540198
3969.98 0.1637158
3975.46 0.1477378
3980.94 0.1515017
3986.42 0.1579181
3991.9100000000003 0.1589313
3997.3900000000003 0.1642839
4002.87 0.160616
4008.35 0.1603564
4013.83 0.1587022
4019.31 0.1565951
4024.79 0.1573653
4030.2700000000004 0.1557578
4035.7599999999998 0.157666
4041.24 0.1582601
4046.72 0.1582688
4052.2000000000003 0.1572577
4057.6800000000003 0.1610118
4063.1600000000003 0.1631208
4068.64 0.1666299
4074.12 0.1577501
4079.61 0.1585633
4085.09 0.1573994
4090.57 0.151648
4096.05 0.1515874
4101.53 0.172036
4107.01 0.1538257
4112.49 0.1492708
4117.97 0.1524071
4123.45 0.1508489
4128.93 0.1514921
4134.42 0.1516802
4139.900000000001 0.1513688
4145.38 0.1480154
4150.86 0.1478048
4156.34 0.1473029
4161.82 0.1473572
4167.3 0.147316
4172.78 0.1422012
4178.259999999999 0.1450189
4183.75 0.1420049
4189.23 0.1446361
4194.71 0.1464372
4200.19 0.144324
4205.67 0.1431648
4211.150000000001 0.1427991
4216.63 0.1445243
4222.11 0.1424868
4227.59 0.1422485
4233.07 0.1393412
4238.55 0.1386798
4244.03 0.1426074
4249.51 0.1397891
4254.99 0.1387065
4260.48 0.1412245
4265.96 0.1399042
4271.4400000000005 0.1392432
4276.92 0.1399531
4282.400000000001 0.1409779
4287.88 0.1405241
4293.36 0.1394855
4298.84 0.1389103
4304.32 0.1390856
4309.8 0.1396528
4315.280000000001 0.1428265
4320.76 0.1433729
4326.24 0.1398232
4331.72 0.1418545
4337.2 0.1804523
4342.68 0.2006614
4348.16 0.1513837
4353.639999999999 0.1450041
4359.12 0.1553962
4364.6 0.1574456
4370.08 0.149159
4375.56 0.143252
4381.04 0.1386844
4386.5199999999995 0.1356842
4392.0 0.1361284
4397.4800000000005 0.1356865
4402.96 0.133404
4408.4400000000005 0.134225
4413.92 0.1354958
4419.4 0.1336986
4424.88 0.1320721
4430.36 0.1324935
4435.84 0.1328613
4441.320000000001 0.1322353
4446.8 0.1322462
4452.28 0.1328683
4457.76 0.131152
4463.24 0.1312952
4468.72 0.1335917
4474.2 0.1362553
4479.67 0.1338641
4485.15 0.1337775
4490.63 0.1337263
4496.11 0.1325084
4501.59 0.1350219
4507.070000000001 0.1340549
4512.55 0.1321851
4518.03 0.1321376
4523.51 0.1290002
4528.99 0.1268574
4534.46 0.1268001
4539.9400000000005 0.1281282
4545.42 0.1302179
4550.9 0.1260769
4556.38 0.1281765
4561.86 0.1312946
4567.34 0.1304763
4572.8099999999995 0.1315971
4578.29 0.1289103
4583.7699999999995 0.1305549
4589.25 0.1259642
4594.7300000000005 0.1303291
4600.21 0.1282324
4605.679999999999 0.1286101
4611.16 0.1289427
4616.64 0.1317755
4622.12 0.1304105
4627.6 0.1289305
4633.070000000001 0.1308991
4638.55 0.1285608
4644.03 0.1319492
4649.51 0.1284551
4654.9800000000005 0.1288194
4660.46 0.1311012
4665.9400000000005 0.1300559
4671.42 0.1251289
4676.89 0.1297691
4682.37 0.1321066
4687.85 0.1299928
4693.320000000001 0.1299372
4698.8 0.1277897
4704.28 0.1248735
4709.76 0.1249983
4715.2300000000005 0.1238466
4720.71 0.1259427
4726.1900000000005 0.1240377
4731.66 0.1241512
4737.14 0.1247301
4742.62 0.1244452
4748.09 0.1245343
4753.57 0.1210689
4759.04 0.1217467
4764.5199999999995 0.1214464
4770.0 0.1221407
4775.47 0.122022
4780.95 0.123245
4786.42 0.1233252
4791.9 0.125424
4797.38 0.1255963
4802.85 0.127649
4808.33 0.1300771
4813.8 0.1317307
4819.280000000001 0.1371333
4824.75 0.1367643
4830.23 0.1394839
4835.7 0.1355708
4841.18 0.1352222
4846.66 0.1375544
4852.13 0.1448961
4857.6 0.2455942
4863.08 0.3202907
4868.55 0.1781369
4874.03 0.1393994
4879.5 0.1387011
4884.98 0.1387317
4890.45 0.1362399
4895.93 0.1351916
4901.400000000001 0.1357956
4906.87 0.1323582
4912.349999999999 0.1282727
4917.82 0.12585
4923.3 0.1208397
4928.77 0.1204995
4934.24 0.1201973
4939.72 0.1179766
4945.19 0.1187673
4950.67 0.1370675
4956.14 0.2376632
4961.610000000001 0.2443685
4967.09 0.1367578
4972.5599999999995 0.1176495
4978.03 0.1152236
4983.5 0.1150473
4988.9800000000005 0.1188257
4994.45 0.1252653
4999.92 0.2201948
5005.4 0.5576137
5010.87 0.4030242
5016.34 0.1503437
5021.8099999999995 0.113725
5027.28 0.1115922
5032.759999999999 0.1117834
5038.2300000000005 0.1104103
5043.7 0.1103448
5049.169999999999 0.1082727
5054.64 0.1106193
5060.12 0.111665
5065.59 0.107993
5071.0599999999995 0.1070476
5076.530000000001 0.1045269
5082.0 0.1050242
5087.469999999999 0.1086553
5092.9400000000005 0.1060704
5098.41 0.1062489
5103.879999999999 0.1051439
5109.36 0.1047876
5114.83 0.1047764
5120.3 0.1055768
5125.7699999999995 0.1027517
5131.240000000001 0.1046495
5136.71 0.1044498
5142.179999999999 0.1038129
5147.650000000001 0.103353
5153.12 0.1043588
5158.589999999999 0.1066161
5164.06 0.1031868
5169.53 0.09820999
5175.0 0.1002972
5180.47 0.1003939
5185.929999999999 0.1003878
5191.400000000001 0.102423
5196.87 0.1094272
5202.34 0.1069181
5207.81 0.1000437
5213.28 0.1002589
5218.75 0.1032966
5224.22 0.1007119
5229.68 0.09940931
5235.15 0.1019095
5240.62 0.1021161
5246.09 0.100901
5251.5599999999995 0.1018268
5257.02 0.1015638
5262.49 0.1014204
5267.96 0.09861314
5273.43 0.1005639
5278.89 0.1024993
5284.360000000001 0.1027676
5289.83 0.1026035
5295.29 0.1027959
5300.76 0.1041368
5306.23 0.1028159
5311.69 0.1030216
5317.16 0.1016997
5322.63 0.09856048
5328.09 0.09921996
5333.56 0.1005634
5339.0199999999995 0.1008681
5344.49 0.1003205
5349.96 0.1008233
5355.42 0.1040964
5360.89 0.1015168
5366.349999999999 0.09956988
5371.820000000001 0.09893167
5377.28 0.09917068
5382.749999999999 0.09919263
5388.21 0.09735918
5393.679999999999 0.09714284
5399.14 0.09630367
5404.61 0.09484253
5410.07 0.09708969
5415.53 0.09661129
5421.0 0.09810875
5426.46 0.0976832
5431.93 0.09645834
5437.389999999999 0.09669169
5442.85 0.09644297
5448.32 0.09610505
5453.780000000001 0.09583191
5459.24 0.09652099
5464.7 0.09640166
5470.17 0.09568167
5475.63 0.09560826
5481.089999999999 0.09561552
5486.55 0.09534511
5492.0199999999995 0.0950786
5497.4800000000005 0.09435888
5502.94 0.09329262
5508.4 0.09405887
5513.860000000001 0.09633723
5519.33 0.0959296
5524.790000000001 0.0946156
5530.25 0.09415
5535.71 0.09339617
5541.17 0.09515019
5546.63 0.09584621
5552.089999999999 0.09425301
5557.55 0.09515508
5563.01 0.09358342
5568.47 0.09509806
5573.93 0.09325143
5579.389999999999 0.09268358
5584.85 0.09203539
5590.3099999999995 0.09026444
5595.7699999999995 0.0926922
5601.2300000000005 0.09273209
5606.69 0.09331139
5612.150000000001 0.09293544
5617.61 0.09231748
5623.07 0.09221744
5628.530000000001 0.09204555
5633.98 0.09215311
5639.44 0.09337671
5644.900000000001 0.0921188
5650.36 0.09140724
5655.820000000001 0.09121382
5661.27 0.0915836
5666.73 0.09231704
5672.1900000000005 0.09309128
5677.65 0.09181039
5689.52 0.09021309
5699.23 0.08994061
5708.950000000001 0.09117178
5718.67 0.09319369
5728.379999999999 0.09203402
5738.1 0.09251076
5747.82 0.09053927
5757.53 0.09038985
5767.25 0.09077262
5776.97 0.09001167
5786.679999999999 0.0900971
5796.400000000001 0.09104566
5806.12 0.09273838
5815.84 0.09270157
5825.5599999999995 0.09289817
5835.280000000001 0.09287201
5844.99 0.09352318
5854.71 0.09131
5864.43 0.09164006
5874.150000000001 0.1095116
5883.87 0.09071979
5893.589999999999 0.086024
5903.31 0.08880675
5913.030000000001 0.08975278
5922.75 0.08877791
5932.469999999999 0.08743056
5942.1900000000005 0.08749554
5951.91 0.08694304
5961.63 0.08768201
5971.349999999999 0.08625648
5981.08 0.08649298
5990.799999999999 0.08661488
6000.52 0.0854645
6010.24 0.08412262
6019.96 0.08411379
6029.679999999999 0.08465522
6039.41 0.08481299
6049.13 0.08459317
6058.85 0.0857181
6068.57 0.08552135
6078.3 0.08451474
6088.0199999999995 0.08747113
6097.740000000001 0.08426631
6107.47 0.08331259
6117.1900000000005 0.08314595
6126.91 0.0815568
6136.639999999999 0.08003298
6146.36 0.07895228
6156.089999999999 0.07872568
6165.81 0.07975819
6175.53 0.07885018
6185.26 0.0792711
6194.98 0.07928732
6204.71 0.0782062
6214.429999999999 0.07814749
6224.16 0.0779677
6233.88 0.07813702
6243.610000000001 0.07776943
6253.339999999999 0.07960843
6263.06 0.08184823
6272.79 0.0792678
6282.51 0.07851167
6292.24 0.08547168
6301.97 0.106185
6311.69 0.08070437
6321.42 0.08141983
6331.15 0.08159535
6340.87 0.0804728
6350.599999999999 0.08049473
6360.33 0.07992953
6370.0599999999995 0.08016567
6379.780000000001 0.08170792
6389.51 0.0810652
6399.240000000001 0.07898857
6408.97 0.08155341
6418.700000000001 0.07895832
6428.42 0.08226829
6438.150000000001 0.08195362
6447.88 0.08072157
6457.610000000001 0.08203224
6467.34 0.08531008
6477.070000000001 0.08792047
6486.8 0.09588981
6496.52 0.1068684
6506.25 0.1228787
6515.9800000000005 0.1288215
6525.71 0.1340949
6535.4400000000005 0.1378851
6545.17 0.18159
6554.900000000001 0.3421209
6564.63 0.7569222
6574.360000000001 0.1802708
6584.09 0.2953201
6593.820000000001 0.1436167
6603.55 0.1296783
6613.280000000001 0.1180056
6623.01 0.1104554
6632.749999999999 0.1016616
6642.48 0.09224083
6652.209999999999 0.08977188
6661.94 0.08513057
6671.669999999999 0.08567814
6681.4 0.08553068
6691.129999999999 0.08147603
6700.86 0.07993604
6710.599999999999 0.1090641
6720.33 0.1414553
6730.0599999999995 0.1500773
6739.79 0.0819856
6749.5199999999995 0.07542669
6759.26 0.07420661
6768.990000000001 0.07326636
6778.72 0.07088593
6788.450000000001 0.07029526
6798.19 0.06972616
6807.919999999999 0.07206551
6817.65 0.07225387
6827.379999999999 0.07281107
6837.12 0.07244928
6846.849999999999 0.0700768
6856.58 0.07028503
6866.320000000001 0.06998881
6876.05 0.06979476
6885.780000000001 0.06948764
6895.52 0.06979953
6905.250000000001 0.0696615
6914.98 0.06956753
6924.719999999999 0.06934054
6934.45 0.0691912
6944.179999999999 0.07053227
6953.92 0.06970534
6963.650000000001 0.06953791
6973.39 0.07173151
6983.120000000001 0.07186769
6992.86 0.07168544
7002.589999999999 0.07075128
7012.32 0.07076755
7022.06 0.0692904
7031.79 0.07155227
7041.530000000001 0.07127273
7051.26 0.0732195
7060.999999999999 0.07341636
7070.73 0.06825456
7080.47 0.0678134
7090.2 0.07068276
7099.9400000000005 0.06878078
7109.67 0.06825831
7119.410000000001 0.06804274
7129.14 0.06868808
7138.88 0.06623194
7148.62 0.06646195
7158.35 0.0658216
7168.09 0.06593317
7177.820000000001 0.06578222
7187.5599999999995 0.06456726
7197.29 0.06481675
7207.03 0.06443577
7216.77 0.06659516
7226.5 0.06650213
7236.240000000001 0.06690534
7245.97 0.06698184
7255.71 0.06672845
7265.45 0.06550657
7275.18 0.06555694
7284.92 0.06607157
7294.650000000001 0.06575825
7304.389999999999 0.0682446
7314.13 0.06788045
7323.86 0.06800074
7333.6 0.06750481
7343.34 0.06677491
7353.070000000001 0.06751816
7362.8099999999995 0.06751191
7372.55 0.06589005
7382.28 0.0669384
7392.02 0.06656548
7401.759999999999 0.06657554
7411.49 0.06650892
7421.23 0.0648846
7430.97 0.06478508
7440.71 0.06589398
7450.4400000000005 0.06647036
7460.179999999999 0.06672412
7469.92 0.06702847
7479.65 0.06687756
7489.39 0.06564344
7499.13 0.06563136
7508.87 0.06656876
7518.599999999999 0.06751774
7528.34 0.06705469
7538.08 0.06671622
7547.81 0.06675385
7557.549999999999 0.06604526
7567.29 0.06598422
7577.03 0.06477991
7586.76 0.06480014
7596.500000000001 0.06503988
7606.24 0.0646987
7615.98 0.06452004
7625.71 0.06437161
7635.450000000001 0.06384979
7645.19 0.06410241
7654.929999999999 0.06449997
7664.66 0.062724
7674.400000000001 0.06246199
7684.14 0.06227116
7693.879999999999 0.06220167
7703.61 0.06254932
7713.35 0.06273566
7723.09 0.06240295
7732.830000000001 0.06213885
7742.56 0.06198729
7752.3 0.06070072
7762.04 0.06086854
7771.780000000001 0.06251816
7781.5199999999995 0.06178859
7791.25 0.06108206
7800.99 0.0612219
7810.7300000000005 0.0616596
7820.47 0.06325197
7830.21 0.06300728
7839.94 0.0616249
7849.68 0.06126037
7859.42 0.06198476
7869.16 0.06251766
7878.889999999999 0.0626015
7888.63 0.06257174
7898.37 0.06261326
7908.110000000001 0.06041095
7917.84 0.06003892
7927.58 0.05961854
7937.32 0.0595458
7947.06 0.05810663
7956.8 0.05834578
7966.53 0.05976331
7976.2699999999995 0.05912373
7986.01 0.06016755
7995.75 0.0602893
8005.4800000000005 0.05940309
8015.219999999999 0.05926627
8024.96 0.06067953
8034.7 0.06011662
8044.43 0.06084689
8054.17 0.06105013
8063.91 0.0607195
8073.65 0.05874954
8083.38 0.05813803
8093.12 0.05659602
8102.86 0.05666141
8112.599999999999 0.0594615
8122.33 0.05937541
8132.07 0.0592018
8141.81 0.05875817
8151.540000000001 0.05735373
8161.28 0.05756651
8171.0199999999995 0.0575569
8180.76 0.05701624
8190.490000000001 0.05728199
8200.23 0.05726569
8209.97 0.05875253
8219.710000000001 0.05859001
8229.44 0.05724048
8239.18 0.0570706
8248.92 0.05802053
8258.65 0.05796711
8268.39 0.05975963
8278.130000000001 0.05915721
8287.86 0.05680412
8297.6 0.05710532
8307.34 0.05792589
8317.07 0.05773523
8326.81 0.05652023
8336.550000000001 0.05624213
8346.28 0.05595185
8356.02 0.05617509
8365.76 0.05767819
8375.49 0.05794733
8385.23 0.05697483
8394.960000000001 0.05703769
8404.7 0.05794206
8414.44 0.05777454
8424.17 0.05765959
8433.91 0.05719696
8443.64 0.054239
8453.380000000001 0.05478586
8463.119999999999 0.05830652
8472.85 0.05829035
8482.59 0.05885946
8492.32 0.0582957
8502.06 0.05528
8511.79 0.05466792
8521.53 0.05432929
8531.26 0.05423553
8541.0 0.05558877
8550.74 0.0555508
8560.47 0.05536921
8570.210000000001 0.05474896
8579.94 0.05566802
8589.68 0.05533246
8599.41 0.0530369
8609.15 0.05317121
8618.88 0.05362515
8628.62 0.05360716
8638.35 0.0554418
8648.08 0.0548102
8657.82 0.05258206
8667.550000000001 0.05291608
8677.289999999999 0.05163473
8687.02 0.05142779
8696.76 0.05271631
8706.49 0.05216145
8716.22 0.05338597
8725.960000000001 0.05338895
8735.69 0.05417947
8745.43 0.05439083
8755.16 0.05006241
8764.89 0.04965808
8774.63 0.05199948
8784.36 0.05182981
8794.09 0.05295419
8803.83 0.05271417
8813.56 0.05373646
8823.29 0.05389238
8833.029999999999 0.05341248
8842.76 0.05289193
8852.49 0.05127035
8862.22 0.05115858
8871.96 0.050899
8881.69 0.04994691
8891.42 0.0497327
8901.15 0.05181956
8910.89 0.0519366
8920.62 0.0522369
8930.35 0.05213403
8940.08 0.05266187
8949.81 0.05265416
8959.54 0.05043661
8969.279999999999 0.05025374
8977.59 0.05105269
8985.56 0.05100339
8993.529999999999 0.05111827
9001.5 0.05144904
9009.48 0.05158568
9017.45 0.04842536
9025.42 0.04826947
9033.4 0.04834186
9041.369999999999 0.05456842
9049.34 0.05503169
9057.32 0.057188
9065.28 0.06170086
9073.26 0.06274596
9081.23 0.05327889
9089.199999999999 0.04998094
9097.18 0.04905223
9105.15 0.0518809
9113.12 0.05182019
9121.1 0.05176293
9129.07 0.05318381
9137.039999999999 0.05303277
9145.01 0.05037768
9152.98 0.05026776
9160.960000000001 0.05028057
9168.93 0.05080348
9176.9 0.05080685
9184.88 0.05062741
9192.85 0.05049432
9200.82 0.05051806
9208.800000000001 0.05039949
9216.76 0.05042544
9224.73 0.05063638
9232.71 0.04712481
9240.68 0.04659269
9248.65 0.0498522
9256.630000000001 0.04957979
9264.6 0.04948818
9272.57 0.05117006
9280.55 0.05088881
9288.52 0.05074533
9296.48 0.04920488
9304.46 0.04904652
9312.43 0.0489464
9320.41 0.04959588
9328.38 0.04947666
9336.35 0.04959325
9344.33 0.04952498
9352.3 0.04927578
9360.27 0.04873066
9368.24 0.04865597
9376.210000000001 0.04851856
9384.18 0.04890676
9392.16 0.04877803
9400.13 0.0480124
9408.1 0.04790574
9416.08 0.04773752
9424.050000000001 0.0485637
9432.03 0.04855238
9440.0 0.04847929
9447.96 0.04810156
9455.94 0.04803422
9463.91 0.0486516
9471.880000000001 0.04866366
9479.86 0.04870502
9487.83 0.04898492
9495.8 0.04932553
9503.779999999999 0.04995786
9511.75 0.05087724
9519.720000000001 0.05689853
9527.69 0.0717802
9535.66 0.07350151
9543.63 0.05916759
9551.61 0.05135481
9559.58 0.04856755
9567.550000000001 0.04763579
9575.53 0.04844091
9583.5 0.04827196
9591.48 0.04805825
9599.44 0.04775006
9607.41 0.04761441
9615.39 0.04747457
9623.36 0.0475163
9631.33 0.0474424
9639.31 0.04736281
9647.28 0.04717258
9655.25 0.04705319
9663.23 0.04686329
9671.199999999999 0.04671083
9679.17 0.04652287
9687.14 0.04692099
9695.11 0.04680379
9703.09 0.04670041
9711.06 0.04647359
9719.029999999999 0.04644791
9727.01 0.04635145
9734.98 0.04613667
9742.95 0.04601835
9750.92 0.04600378
9758.89 0.04596753
9766.86 0.04594787
9774.84 0.04562545
9782.81 0.04553552
9790.78 0.04549472
9798.76 0.04632643
9806.73 0.04628896
9814.71 0.04628367
9822.67 0.04619972
9830.640000000001 0.04618316
9838.62 0.04613398
9846.59 0.04669627
9854.56 0.04679037
9862.539999999999 0.04640931
9870.51 0.04623106
9878.48 0.04625736
9886.460000000001 0.04628669
9894.43 0.04630994
9902.4 0.04654374
9910.369999999999 0.04726839
9918.34 0.04708265
9926.310000000001 0.0463989
9934.29 0.04626743
9942.26 0.04615453
9950.24 0.04610469
9958.21 0.04616184
9966.199999999999 0.04604332
9974.199999999999 0.04614786
9982.17 0.04620879
9990.14 0.0461973
9998.12 0.04623965
10006.09 0.04624996
10014.01 0.04571918
10021.94 0.04572563
10029.91 0.04582303
10037.88 0.04605044
10045.86 0.04660523
10053.83 0.04660515
10061.800000000001 0.04551174
10069.779999999999 0.04510157
10077.75 0.04490707
10085.73 0.0447503
10093.7 0.04468437
10101.67 0.04467728
10109.65 0.04611681
10117.62 0.04667588
10125.59 0.04702109
10133.570000000002 0.04625645
10141.54 0.04550852
10149.51 0.04521893
10157.49 0.04501582
10165.46 0.04474247
10173.43 0.04457332
10181.41 0.04443851
10189.38 0.0442614
10197.36 0.04409717
10205.33 0.04428956
10213.300000000001 0.04417821
10221.279999999999 0.04408789
10229.25 0.04398215
10237.22 0.04389621
10245.2 0.04384801
10253.17 0.04405351
10261.14 0.04398437
10269.12 0.04400473
10277.09 0.04431673
10285.06 0.04479864
10293.04 0.04463728
10301.01 0.04412682
10308.980000000001 0.04419344
10316.96 0.04487597
10324.93 0.04508922
10332.91 0.04481942
10340.88 0.04440934
10348.85 0.04365621
10356.83 0.04332764
10364.800000000001 0.04342807
10372.77 0.0435088
10380.75 0.04329707
10388.72 0.04324004
10396.689999999999 0.04340372
10404.67 0.04360711
10412.64 0.04337107
10420.609999999999 0.04314367
10428.59 0.04296356
10436.56 0.0428746
10444.539999999999 0.04280943
10452.509999999998 0.04275358
10460.480000000001 0.04269305
10468.46 0.04267404
10476.43 0.04265538
10484.4 0.04265713
10492.38 0.04264133
10500.35 0.04262734
10508.32 0.04262841
10516.300000000001 0.04261644
10524.27 0.04258268
10532.24 0.04252699
10540.22 0.04250824
10548.189999999999 0.04248165
10556.160000000002 0.04246395
10564.14 0.04242654
10572.109999999999 0.04240089
10580.08 0.04236587
10588.06 0.04236484
10596.03 0.04238374
10604.009999999998 0.04241805
10611.980000000001 0.04220866
10619.95 0.04229939
10627.93 0.04238903
10635.9 0.0425117
10643.869999999999 0.04267352
10651.85 0.0427293
10659.82 0.04271618
10667.789999999999 0.04270539
10675.77 0.04275018
10683.74 0.04276837
10691.710000000001 0.04280323
10699.689999999999 0.04287572
10707.660000000002 0.04301328
10715.630000000001 0.04317527
10723.609999999999 0.0432936
10731.58 0.04346006
10739.56 0.04378397
10747.53 0.0440973
10755.5 0.04422986
10763.480000000001 0.04438012
10771.45 0.04456414
10779.369999999999 0.0449128
10787.3 0.04548811
10795.269999999999 0.04600436
10803.24 0.04584271
10811.22 0.04488662
10819.19 0.04987915
10827.16 0.06691164
10835.140000000001 0.07300142
10843.11 0.06064035
10851.08 0.05195904
10859.06 0.04817712
10867.029999999999 0.04635743
10875.01 0.04531411
10882.98 0.04469342
10890.949999999999 0.04419204
10898.93 0.04387118
10906.9 0.04372909
10914.87 0.04357125
10922.85 0.04348876
10930.820000000002 0.04396654
10938.79 0.04465831
10946.769999999999 0.04398781
10954.74 0.0428783
10962.71 0.04214135
10970.69 0.0415151
10978.66 0.04106844
10986.63 0.0406699
10994.61 0.0402664
11002.58 0.03988753
11010.56 0.03951554
11018.529999999999 0.03930004
11026.499999999998 0.03916771
11034.48 0.03903899
11042.449999999999 0.03891276
11050.42 0.03882202
11058.4 0.0386907
11066.37 0.03848857
11074.34 0.03823924
11082.320000000002 0.03808449
11090.29 0.03792669
11098.26 0.03775242
11106.24 0.03762502
11114.21 0.03748184
11122.19 0.03737424
11130.16 0.03729802
11138.13 0.03721338
11146.11 0.03715578
11154.08 0.03714522
11162.05 0.03711319
11170.029999999999 0.03714652
11177.999999999998 0.03706632
11185.970000000001 0.03697957
11193.949999999999 0.03689952
11201.92 0.03695007
11209.89 0.03725691
11217.87 0.03724245
11225.84 0.03716642
11233.81 0.0371378
11241.79 0.03708816
11249.76 0.03701846
11257.74 0.03703456
11265.71 0.03707457
11273.679999999998 0.03702436
11281.66 0.03699853
11289.63 0.03692378
11297.6 0.03680385
11305.58 0.03680173
11313.550000000001 0.03664725
11321.52 0.03654883
11329.499999999998 0.03652957
11337.470000000001 0.03643405
11345.44 0.03635318
11353.42 0.03629277
11361.39 0.03620867
11369.359999999999 0.03612713
11377.34 0.03603185
11385.31 0.03594725
11393.29 0.03590379
11401.26 0.03588487
11409.23 0.03653248
11417.21 0.03643032
11425.179999999998 0.03636713
11433.150000000001 0.03626994
11441.13 0.03612679
11449.1 0.03603541
11457.07 0.03608487
11465.050000000001 0.03620135
11473.02 0.03612286
11480.99 0.03593546
11488.970000000001 0.03578093
11496.94 0.03567005
11504.92 0.03563478
11512.89 0.03558856
11520.859999999999 0.03556896
11528.830000000002 0.0355456
11536.81 0.03549159
11544.68 0.03546843
11552.66 0.035449
11560.630000000001 0.03537698
11568.6 0.03531615
11576.58 0.03528765
11584.55 0.03524549
11592.519999999999 0.03519606
11600.5 0.03518712
11608.47 0.03540755
11616.45 0.03547591
11624.42 0.03557357
11632.39 0.03551994
11640.369999999999 0.03533451
11648.34 0.03521519
11656.310000000001 0.03518526
11664.289999999999 0.03511771
11672.26 0.03508143
11680.23 0.03503201
11688.210000000001 0.03494726
11696.18 0.03487398
11704.15 0.03484784
11712.130000000001 0.03481892
11720.1 0.03479359
11728.07 0.03475874
11736.05 0.03470746
11744.019999999999 0.03467317
11752.0 0.03464128
11759.97 0.03458822
11767.939999999999 0.03449901
11775.92 0.03442951
11783.89 0.03440567
11791.86 0.03438238
11799.839999999998 0.0343449
11807.810000000001 0.03430797
11815.78 0.03428607
11823.76 0.03419752
11831.73 0.03409588
11839.699999999999 0.03410341
11847.68 0.03414074
11855.65 0.03413534
11863.619999999999 0.03413028
11871.6 0.03423582
11879.57 0.03448914
11887.54 0.03449471
11895.519999999999 0.03419179
11903.490000000002 0.03401523
11911.47 0.03391463
11919.439999999999 0.03380597
11927.41 0.03372224
11935.39 0.03367721
11943.36 0.03364186
11951.33 0.03356817
11959.310000000001 0.03353431
11967.28 0.03350132
11975.25 0.03342986
11983.23 0.03337745
11991.199999999999 0.03333027
11999.169999999998 0.0335558
12007.15 0.033548
12015.119999999999 0.03351568
12023.1 0.03349452
12031.07 0.03343291
12039.04 0.03336986
12047.019999999999 0.03335127
12054.990000000002 0.03331524
12062.960000000001 0.03328031
12070.939999999999 0.0332443
12078.91 0.03319784
12086.88 0.03316519
12094.86 0.03313723
12102.83 0.03308803
12110.8 0.03304877
12118.78 0.03301201
12126.75 0.032976
12134.720000000001 0.03293831
12142.699999999999 0.03290408
12150.669999999998 0.03290273
12158.65 0.03288402
12166.619999999999 0.0328144
12174.59 0.03275298
12182.57 0.0326849
12190.54 0.03265679
12198.51 0.03289245
12206.490000000002 0.03286625
12214.460000000001 0.03282569
12222.43 0.0327905
12230.41 0.03274695
12238.38 0.03270673
12246.349999999999 0.03268097
12254.33 0.03265983
12262.3 0.03260659
12270.28 0.03255209
12278.25 0.03250313
12286.220000000001 0.03248986
12294.199999999999 0.03243399
12302.169999999998 0.03240463
12310.039999999999 0.0323903
12318.02 0.03236861
12325.99 0.03238144
12333.96 0.0323608
12341.94 0.0322516
12349.91 0.03224477
12357.880000000001 0.03221596
12365.859999999999 0.03218696
12373.829999999998 0.03215125
12381.81 0.03212667
12389.779999999999 0.03209113
12397.75 0.03216497
12405.73 0.03215793
12413.7 0.0321323
12421.67 0.03209784
12429.650000000001 0.03208445
12437.62 0.03204214
12445.59 0.03199397
12453.57 0.03199005
12461.539999999999 0.0319921
12469.509999999998 0.03202938
12477.49 0.03203414
12485.46 0.03205936
12493.43 0.03206379
12501.41 0.03208174
12509.380000000001 0.03218699
12517.359999999999 0.03266854
12525.329999999998 0.03302641
12533.300000000001 0.03266321
12541.279999999999 0.03231914
12549.25 0.03244803
12557.22 0.03302524
12565.2 0.03377365
12573.17 0.03368703
12581.14 0.03287069
12589.12 0.03231137
12597.09 0.03216178
12605.06 0.03201637
12613.039999999999 0.03197279
12621.009999999998 0.03191149
12628.980000000001 0.03186401
12636.96 0.0318391
12644.93 0.03183329
12652.91 0.03182718
12660.880000000001 0.03185322
12668.85 0.03191694
12676.829999999998 0.03194107
12684.800000000001 0.03198508
12692.77 0.03207039
12700.75 0.03217054
12708.72 0.0322217
12716.689999999999 0.03228197
12724.67 0.03232569
12732.64 0.03238317
12740.61 0.03242297
12748.59 0.03247263
12756.56 0.0325639
12764.539999999999 0.03267943
12772.509999999998 0.03292601
12780.480000000001 0.03327073
12788.46 0.03351786
12796.43 0.03386962
12804.4 0.03435584
12812.380000000001 0.03560164
12820.35 0.03650504
12828.32 0.03540488
12836.300000000001 0.03402772
12844.27 0.03338493
12852.24 0.03311409
12860.22 0.03288913
12868.189999999999 0.03271613
12876.160000000002 0.03257162
12884.14 0.03241448
12892.11 0.03224855
12900.08 0.0320092
12908.06 0.03182263
12916.03 0.03170963
12924.009999999998 0.03166769
12931.980000000001 0.03174499
12939.95 0.03183438
12947.93 0.03185263
12955.9 0.03168697
12963.869999999999 0.03151447
12971.85 0.03124475
12979.82 0.03098794
12987.789999999999 0.03077537
12995.77 0.03057672
13003.74 0.03041074
13011.710000000001 0.03054778
13019.689999999999 0.03044041
13027.660000000002 0.03032402
13035.630000000001 0.03023557
13043.61 0.03019003
13051.58 0.03012674
13059.56 0.03007773
13067.48 0.03006623
13075.4 0.03003237
13083.38 0.02996758
13091.349999999999 0.02992026
13099.320000000002 0.02986707
13107.3 0.02985657
13115.27 0.02984673
13123.24 0.02982787
13131.22 0.02979397
13139.19 0.02979142
13147.16 0.02975529
13155.140000000001 0.02975399
13163.11 0.02979068
13171.08 0.02979021
13179.06 0.02975333
13187.029999999999 0.02976843
13195.01 0.0298801
13202.98 0.02999328
13210.949999999999 0.02997451
13218.93 0.02971692
13226.9 0.02948477
13234.87 0.02939738
13242.849999999999 0.02931918
13250.820000000002 0.0292621
13258.79 0.02925856
13266.77 0.02918355
13274.74 0.02918937
13282.71 0.02915209
13290.69 0.02906374
13298.66 0.02898828
13306.63 0.0289723
13314.61 0.0289023
13322.58 0.02884207
13330.56 0.02885605
13338.529999999999 0.0288152
13346.499999999998 0.02873977
13354.48 0.02873767
13362.449999999999 0.02870522
13370.42 0.02865482
13378.4 0.02860444
13386.37 0.02855267
13394.34 0.02851991
13402.320000000002 0.02871116
13410.29 0.02871099
13418.26 0.02870962
13426.24 0.0286615
13434.21 0.02863364
13442.19 0.02859118
13450.16 0.02857169
13458.13 0.02854317
13466.11 0.02844278
13474.08 0.02842606
13482.050000000001 0.02839949
13490.029999999999 0.02837051
13498.000000000002 0.0283416
13505.970000000001 0.02831275
13513.949999999999 0.02828391
13521.92 0.02825515
13529.89 0.02822644
13537.87 0.02819774
13545.84 0.02816913
13553.81 0.02814055
13561.79 0.02811199
13569.76 0.02808352
13577.74 0.02805505
13585.71 0.02802667
13593.679999999998 0.02799834
13601.66 0.02807292
13609.63 0.02804455
13617.6 0.02801624
13625.58 0.02798793
13633.550000000001 0.0279597
13641.52 0.02793152
13649.500000000002 0.02790335
13657.470000000001 0.02787527
13665.44 0.02784722
13673.42 0.02781919
13681.39 0.02779123
13689.37 0.02776329
13697.34 0.02773543
13705.31 0.02770762
13713.29 0.02767981
13721.26 0.02765208
13729.23 0.0276244
13737.21 0.02759673
13745.179999999998 0.02756914
13753.150000000001 0.02754159
13761.13 0.02751404
13769.1 0.0274866
13777.07 0.02745918
13785.050000000001 0.02743177
13793.02 0.02735442
13800.99 0.02732719
13808.970000000001 0.02729997
13816.94 0.02727284
13824.92 0.0272457
13832.84 0.02721881
13840.76 0.02719196
13848.74 0.02716496
13856.710000000001 0.02713804
13864.68 0.02711116
13872.660000000002 0.02708429
13880.630000000001 0.0270575
13888.6 0.02703075
13896.58 0.027004
13904.55 0.02697733
13912.519999999999 0.02695071
13920.5 0.02692409
13928.47 0.02689756
13936.45 0.02687102
13944.42 0.02684457
13952.39 0.02681816
13960.369999999999 0.02679175
13968.339999999998 0.02676542
13976.310000000001 0.02673913
13984.289999999999 0.02671285
13992.26 0.02668665
14000.23 0.02651468
14008.210000000001 0.02648868
14016.18 0.02646279
14024.15 0.02643691
14032.130000000001 0.02641102
14040.1 0.02638523
14048.07 0.02635947
14056.05 0.02633387
14064.019999999999 0.02628842
14072.0 0.0262482
14079.97 0.02622367
14087.94 0.02627577
14095.92 0.02628591
14103.89 0.02623241
14111.86 0.02614453
14119.839999999998 0.02610722
14127.810000000001 0.02604549
14135.78 0.0260071
14143.76 0.02604886
14151.73 0.02601531
14159.699999999999 0.02600728
14167.68 0.02603008
14175.65 0.0260162
14183.619999999999 0.0260048
14191.6 0.02595271
14199.57 0.0258868
14207.54 0.02593805
14215.519999999999 0.02587782
14223.490000000002 0.0258238
14231.47 0.02580674
14239.44 0.02584261
14247.41 0.02587184
14255.39 0.02584679
14263.36 0.02590005
14271.33 0.02589701
14279.310000000001 0.02591046
14287.28 0.02608242
14295.25 0.02654523
14303.23 0.02679079
14311.199999999999 0.02643474
14319.170000000002 0.02599541
14327.15 0.02579886
14335.119999999999 0.02571749
14343.1 0.02572401
14351.07 0.0255793
14359.04 0.0255286
14367.019999999999 0.02552589
14374.990000000002 0.02550086
14382.960000000001 0.02547736
14390.94 0.02542294
14398.91 0.02537329
14406.88 0.02535747
14414.86 0.02574946
14422.83 0.02576877
14430.8 0.02573615
14438.78 0.02569788
14446.75 0.02564245
14454.720000000001 0.02562927
14462.699999999999 0.02561931
14470.670000000002 0.02562409
14478.65 0.02563594
14486.619999999999 0.02559726
14494.59 0.02557658
14502.57 0.02553555
14510.54 0.02550263
14518.51 0.02549727
14526.490000000002 0.02546834
14534.460000000001 0.02541191
14542.43 0.02539978
14550.41 0.02536906
14558.38 0.02530793
14566.349999999999 0.02531335
14574.33 0.02530539
14582.3 0.02533195
14590.28 0.02529677
14598.150000000001 0.02523759
14606.12 0.02518369
14614.1 0.02516345
14622.07 0.02514052
14630.039999999999 0.02516795
14638.02 0.0251926
14645.99 0.02517606
14653.96 0.02512162
14661.94 0.02505533
14669.91 0.02500514
14677.880000000001 0.02507403
14685.859999999999 0.02509847
14693.830000000002 0.02502122
14701.800000000001 0.0249879
14709.779999999999 0.02497487
14717.75 0.02493392
14725.72 0.02493891
14733.7 0.02494053
14741.67 0.02493001
14749.650000000001 0.02492216
14757.62 0.02490242
14765.59 0.02489256
14773.57 0.02485255
14781.539999999999 0.0248213
14789.509999999998 0.02481161
14797.49 0.02477278
14805.46 0.0247242
14813.43 0.02526163
14821.41 0.02523558
14829.380000000001 0.02521125
14837.35 0.02518995
14845.330000000002 0.02519449
14853.300000000001 0.02518668
14861.279999999999 0.025159
14869.25 0.02510018
14877.22 0.02503147
14885.2 0.02501925
14893.17 0.02503472
14901.14 0.02502202
14909.12 0.0250143
14917.09 0.02501308
14925.060000000001 0.02501242
14933.039999999999 0.02498635
14941.009999999998 0.02496774
14948.980000000001 0.02495459
14956.96 0.02494812
14964.93 0.0249539
14972.9 0.02491558
14980.880000000001 0.02486833
14988.85 0.02483915
14996.830000000002 0.02480107
15004.800000000001 0.02504441
15012.77 0.02503795
15020.75 0.0249844
15028.72 0.02490847
15036.689999999999 0.02485124
15044.67 0.02482427
15052.64 0.02481339
15060.61 0.0248339
15068.59 0.02486542
15076.560000000001 0.02486804
15084.53 0.02487253
15092.509999999998 0.02483183
15100.480000000001 0.02478388
15108.46 0.02476328
15116.43 0.02476007
15124.4 0.02473061
15132.380000000001 0.02470245
15140.35 0.02470694
15148.32 0.02470255
15156.300000000001 0.02467314
15164.27 0.02462193
15172.24 0.02459607
15180.22 0.02459909
15188.189999999999 0.02460411
15196.160000000002 0.02520626
15204.14 0.02517481
15212.11 0.02514137
15220.08 0.02511
15228.060000000001 0.02507065
15236.03 0.02505777
15244.0 0.02504069
15251.980000000001 0.02501966
15259.95 0.02501181
15267.93 0.0250139
15275.9 0.02499475
15283.869999999999 0.02494851
15291.85 0.02492033
15299.82 0.02492898
15307.789999999999 0.02493675
15315.77 0.02494672
15323.74 0.02499307
15331.710000000001 0.02505953
15339.689999999999 0.02503836
15347.66 0.02495655
15355.630000000001 0.02487562
15363.51 0.02481319
15371.48 0.02476735
15379.460000000001 0.02473996
15387.43 0.02468494
15395.4 0.02463507
15403.38 0.02504983
15411.349999999999 0.02504263
15419.320000000002 0.02501006
15427.3 0.02497652
15435.27 0.02498891
15443.24 0.02500537
15451.220000000001 0.02491261
15459.19 0.02493355
15467.16 0.0249475
15475.140000000001 0.02493652
15483.11 0.02495712
15491.08 0.02493356
15499.06 0.02485507
15507.029999999999 0.02480608
15515.01 0.02479461
15522.98 0.02478922
15530.949999999999 0.02475419
15538.93 0.02473658
15546.9 0.02471223
15554.87 0.02467883
15562.849999999999 0.02464899
15570.820000000002 0.02459367
15578.79 0.0245085
15586.77 0.02441136
15594.74 0.02444808
15602.71 0.02440424
15610.69 0.02441699
15618.66 0.02442407
15626.63 0.0243838
15634.61 0.02435455
15642.58 0.02434657
15650.56 0.02433503
15658.529999999999 0.02429487
15666.500000000002 0.02434745
15674.48 0.0243409
15682.449999999999 0.02425631
15690.42 0.02425126
15698.4 0.02425665
15706.37 0.02425679
15714.34 0.02423445
15722.320000000002 0.02421861
15730.29 0.02418874
15738.26 0.02409919
15746.24 0.02405687
15754.21 0.02403141
15762.19 0.02397909
15770.16 0.02393655
15778.13 0.02392694
15786.11 0.02394004
15794.08 0.02394606
15802.050000000001 0.02363772
15810.029999999999 0.02362614
15818.000000000002 0.02357402
15825.970000000001 0.02351879
15833.95 0.02350308
15841.92 0.02354707
15849.89 0.02359661
15857.87 0.02358164
15865.84 0.02356774
15873.81 0.02353159
15881.79 0.02345325
15889.76 0.02337788
15897.74 0.02330769
15905.71 0.02328859
15913.679999999998 0.02330568
15921.66 0.02331131
15929.63 0.0233221
15937.6 0.02331717
15945.58 0.02329605
15953.550000000001 0.02326534
15961.52 0.02320721
15969.500000000002 0.02313934
15977.470000000001 0.02315594
15985.44 0.0231948
15993.42 0.02321616
16001.39 0.02369412
16009.37 0.02369251
16017.34 0.02368313
16025.31 0.02363267
16033.29 0.02361635
16041.26 0.02356613
16049.230000000001 0.02352014
16057.21 0.02350483
16065.179999999998 0.02352043
16073.15 0.02352919
16081.13 0.02352629
16089.1 0.02351584
16097.07 0.02352998
16105.050000000001 0.02355494
16113.02 0.02354249
16120.939999999999 0.02347058
16128.869999999999 0.02341253
16136.839999999998 0.02339271
16144.82 0.02335319
16152.789999999999 0.02331489
16160.76 0.02329165
16168.74 0.02330171
16176.710000000001 0.02324249
16184.68 0.02315247
16192.660000000002 0.023068
16200.630000000001 0.02300342
16208.6 0.02338479
16216.58 0.02340041
16224.55 0.02342153
16232.519999999999 0.02343522
16240.5 0.02340449
16248.47 0.02338183
16256.45 0.02340414
16264.42 0.02341064
16272.390000000001 0.02341541
16280.369999999999 0.02341623
16288.339999999998 0.02342205
16296.310000000001 0.02342694
16304.289999999999 0.02338995
16312.26 0.02334073
16320.23 0.0233253
16328.210000000001 0.02331206
16336.18 0.02327057
16344.15 0.02323967
16352.130000000001 0.02322234
16360.1 0.0232405
16368.08 0.02324367
16376.05 0.02321462
16384.02 0.02321816
16392.0 0.02326036
16399.969999999998 0.02328314
16407.940000000002 0.02334329
16415.92 0.02351958
16423.89 0.02385749
16431.86 0.02430602
16439.84 0.02446945
16447.81 0.02412302
16455.78 0.02362617
16463.760000000002 0.02333162
16471.73 0.02316199
16479.71 0.02304303
16487.68 0.0229971
16495.649999999998 0.02298573
16503.63 0.02294953
16511.6 0.02293851
16519.57 0.02289497
16527.54 0.0228374
16535.52 0.0227754
16543.49 0.02273159
16551.469999999998 0.02274816
16559.440000000002 0.02278296
16567.41 0.02278345
16575.39 0.02277093
16583.36 0.02274927
16591.329999999998 0.0227241
16599.31 0.02290831
16607.28 0.02287052
16615.25 0.02282747
16623.23 0.02282687
16631.2 0.02285674
16639.18 0.02284054
16647.149999999998 0.02280015
16655.120000000003 0.02274711
16663.1 0.02271285
16671.07 0.02269535
16679.04 0.02270695
16687.02 0.02269425
16694.99 0.02268992
16702.96 0.02269545
16710.940000000002 0.02268711
16718.91 0.02266846
16726.88 0.02265134
16734.86 0.02264215
16742.829999999998 0.02265391
16750.8 0.02264008
16758.78 0.02266529
16766.75 0.02274025
16774.72 0.0227895
16782.7 0.02277059
16790.670000000002 0.02274171
16798.649999999998 0.02273518
16806.620000000003 0.02271258
16814.59 0.02266985
16822.57 0.02260429
16830.54 0.02254406
16838.51 0.02249608
16846.49 0.02244674
16854.46 0.02239542
16862.43 0.0223882
16870.41 0.0224081
16878.38 0.02240955
16886.31 0.02239276
16894.23 0.02238356
16902.2 0.02235608
16910.18 0.02231964
16918.15 0.02230044
16926.12 0.02230751
16934.100000000002 0.02230637
16942.07 0.02228767
16950.04 0.02225029
16958.02 0.02220536
16965.989999999998 0.02217126
16973.96 0.02217723
16981.94 0.02214757
16989.91 0.02220193
16997.88 0.02220055
17005.86 0.02219956
17013.83 0.02217164
17021.8 0.02214352
17029.780000000002 0.02209931
17037.75 0.02208303
17045.73 0.02208362
17053.7 0.02204554
17061.67 0.02200689
17069.65 0.02193864
17077.62 0.02192624
17085.59 0.02190664
17093.57 0.02189573
17101.54 0.02187488
17109.510000000002 0.02183615
17117.489999999998 0.02184719
17125.46 0.02186698
17133.44 0.02189914
17141.41 0.02192393
17149.38 0.02191883
17157.36 0.02186656
17165.33 0.02187945
17173.3 0.02186274
17181.280000000002 0.02179243
17189.25 0.02148935
17197.22 0.02146925
17205.2 0.02144905
17213.17 0.02142101
17221.14 0.02141104
17229.12 0.02141777
17237.09 0.02135872
17245.06 0.02135306
17253.04 0.021362
17261.010000000002 0.02138516
17268.98 0.02135587
17276.96 0.02134309
17284.93 0.02126509
17292.91 0.02121223
17300.88 0.02124518
17308.85 0.02122495
17316.83 0.02121021
17324.8 0.02121712
17332.77 0.02121182
17340.75 0.02123849
17348.72 0.02130468
17356.69 0.02134681
17364.67 0.02139139
17372.64 0.02137987
17380.62 0.02131201
17388.59 0.02123284
17396.56 0.02118939
17404.54 0.0211553
17412.510000000002 0.02111809
17420.48 0.02107831
17428.46 0.02109123
17436.43 0.02109281
17444.4 0.02107621
17452.38 0.02107737
17460.35 0.02106858
17468.32 0.02107287
17476.3 0.0210887
17484.27 0.02104975
17492.239999999998 0.02097635
17500.22 0.02090773
17508.19 0.02087802
17516.16 0.02083506
17524.14 0.02080651
17532.11 0.02079438
17540.09 0.0207816
17548.06 0.02075063
17556.03 0.02074212
17564.010000000002 0.02072
17571.98 0.02069862
17579.95 0.02061121
17587.93 0.02024848
17595.9 0.02005431
17603.87 0.01996481
17611.85 0.01999818
17619.82 0.01999561
17627.79 0.01997731
17635.77 0.01996463
17643.74 0.01992424
17651.61 0.01992606
17659.59 0.01994247
17667.56 0.01991758
17675.53 0.01984991
17683.51 0.01981678
17691.48 0.01983186
17699.46 0.01981325
17707.43 0.01977349
17715.399999999998 0.01979901
17723.38 0.019795
17731.35 0.01975165
17739.32 0.01981677
17747.3 0.0198652
17755.27 0.01980521
17763.24 0.01979204
17771.22 0.01983829
17779.19 0.01983839
17787.16 0.01963682
17795.14 0.01960521
17803.11 0.01966366
17811.079999999998 0.01968666
17819.06 0.01969781
17827.03 0.01971111
17835.0 0.01968506
17842.98 0.01967674
17850.95 0.01966664
17858.93 0.01970798
17866.899999999998 0.01976888
17874.87 0.01974568
17882.85 0.01972862
17890.82 0.01976242
17898.79 0.0197298
17906.77 0.01968898
17914.74 0.01968964
17922.71 0.01968465
17930.69 0.01978813
17938.66 0.01977021
17946.629999999997 0.01954233
17954.61 0.0194874
17962.579999999998 0.01955747
17970.55 0.01965324
17978.53 0.01968742
17986.5 0.01968533
17994.47 0.01937338
18002.45 0.01921784
18010.420000000002 0.01913716
18018.4 0.01916479
18026.37 0.01914096
18034.34 0.01916375
18042.32 0.01915128
18050.29 0.01900136
18058.26 0.01889841
18066.24 0.01900569
18072.22 0.01865112
18139.79 0.01916669
18189.63 0.01909413
18239.46 0.01895969
18289.3 0.01888868
18339.129999999997 0.0188183
18388.97 0.01874847
18438.8 0.01855752
18488.64 0.01848951
18538.47 0.01842208
18588.3 0.01835521
18638.14 0.01791028
18727.940000000002 0.02129953
18735.92 0.02164207
18743.89 0.0230817
18751.86 0.02528857
18759.84 0.02552053
18767.81 0.02483802
18775.78 0.02364897
18783.760000000002 0.02175179
18791.73 0.02073708
18799.7 0.02044918
18807.68 0.02020085
18815.649999999998 0.01995317
18823.620000000003 0.01982293
18831.6 0.01981949
18839.57 0.01974192
18847.54 0.01932669
18855.52 0.01920329
18863.49 0.01907025
18871.46 0.01883519
18879.440000000002 0.01879831
18887.41 0.01870267
18895.39 0.01864912
18903.36 0.01859822
18911.329999999998 0.01860265
18919.31 0.01862886
18927.28 0.01864096
18935.25 0.01882
18943.23 0.01863718
18951.2 0.01835921
18959.170000000002 0.01825803
18967.149999999998 0.01824479
18975.120000000003 0.01798712
18983.09 0.01796206
18991.07 0.01808142
18999.04 0.01806377
19007.02 0.01794217
19014.99 0.01757831
19022.96 0.01749503
19030.940000000002 0.0174383
19038.91 0.01739068
19046.88 0.0174002
19054.86 0.01720867
19062.829999999998 0.01698525
19070.8 0.01707193
19078.78 0.01721792
19086.75 0.01707771
19094.72 0.01709063
19102.7 0.017197
19110.670000000002 0.01711972
19118.64 0.01703763
19126.620000000003 0.01708984
19134.59 0.01723705
19142.57 0.01725529
19150.54 0.01719651
19158.51 0.01706352
19166.49 0.01703762
19174.41 0.0171669
19182.33 0.01715097
19190.309999999998 0.01691949
19198.280000000002 0.0169976
19206.25 0.01703872
19214.23 0.01702459
19222.2 0.01699191
19230.18 0.01682
19238.15 0.01676264
19246.12 0.01681462
19254.100000000002 0.01680602
19262.07 0.01676708
19270.04 0.016787
19278.02 0.01681655
19285.989999999998 0.01674676
19293.960000000003 0.0167374
19301.94 0.01673332
19309.91 0.01668102
19317.88 0.01670372
19325.86 0.01673757
19333.83 0.01673573
19341.8 0.01671665
19349.780000000002 0.01678053
19357.75 0.01669664
19365.72 0.01665948
19373.7 0.01666011
19381.67 0.01674589
19389.65 0.01651761
19397.62 0.0165511
19405.59 0.01658583
19413.57 0.01657962
19421.54 0.01654893
19429.510000000002 0.01657342
19437.489999999998 0.01666552
19445.460000000003 0.01673839
19453.43 0.01674429
19461.41 0.01664744
19469.38 0.01654923
19477.36 0.01648435
19485.33 0.01645388
19493.3 0.01640548
19501.280000000002 0.016384
19509.25 0.01635529
19517.22 0.01632143
19525.2 0.01635741
19533.17 0.01639063
19541.14 0.01641387
19549.12 0.01642419
19557.09 0.0164838
19565.06 0.01666775
19573.04 0.0168086
19581.010000000002 0.01673515
19588.98 0.01665104
19596.960000000003 0.01652187
19604.93 0.01653715
19612.9 0.01675819
19620.88 0.01726208
19628.85 0.01768134
19636.83 0.01762949
19644.8 0.01720068
19652.77 0.01668378
19660.75 0.01638752
19668.72 0.01627392
19676.69 0.01617885
19684.67 0.0161135
19692.64 0.01608495
19700.61 0.01604784
19708.59 0.01601752
19716.56 0.01597423
19724.54 0.01591959
19732.510000000002 0.01589789
19740.48 0.01586679
19748.460000000003 0.01584694
19756.43 0.0158799
19764.4 0.01591358
19772.38 0.01587839
19780.35 0.01581081
19788.32 0.01576074
19796.3 0.01563783
19804.27 0.01566274
19812.24 0.01563258
19820.22 0.01562412
19828.190000000002 0.01563498
19836.16 0.01562715
19844.14 0.0155894
19852.11 0.01557266
19860.08 0.01555653
19868.06 0.01554976
19876.03 0.01554729
19884.010000000002 0.01553486
19891.98 0.01553296
19899.95 0.01553942
19907.93 0.01551932
19915.9 0.01550819
19923.87 0.01548839
19931.85 0.01547335
19939.77 0.01548102
19947.69 0.01548288
19955.670000000002 0.01547513
19963.64 0.01543726
19971.620000000003 0.01541146
19979.59 0.01542345
19987.56 0.01542629
19995.54 0.01539572
20003.510000000002 0.01545573
20011.480000000003 0.01547158
20019.46 0.01543309
20027.43 0.01542831
20035.4 0.01544618
20043.38 0.01543138
20051.350000000002 0.01544108
20059.32 0.01543684
20067.300000000003 0.01541868
20075.27 0.01541817
20083.24 0.01541645
20091.22 0.01540829
20099.19 0.01539288
20107.16 0.01538687
20115.14 0.01538532
20123.11 0.01537469
20131.09 0.01536015
20139.06 0.01534611
20147.03 0.01534668
20155.01 0.01532984
20162.98 0.0153081
20170.949999999997 0.0153115
20178.93 0.01534038
20186.899999999998 0.01529319
20194.87 0.01532124
20202.85 0.0152988
20210.82 0.01508371
20218.79 0.01506817
20226.769999999997 0.01506957
20234.74 0.01506161
20242.710000000003 0.01504255
20250.69 0.01503395
20258.66 0.01504458
20266.63 0.01504232
20274.61 0.0150367
20282.58 0.01501663
20290.56 0.01500133
20298.530000000002 0.01500268
20306.5 0.01500187
20314.480000000003 0.01501876
20322.45 0.0150916
20330.420000000002 0.0152087
20338.4 0.01517664
20346.37 0.015121
20354.34 0.01501491
20362.32 0.01497617
20370.29 0.01496799
20378.27 0.0149582
20386.24 0.01494875
20394.21 0.01494578
20402.19 0.01497097
20410.16 0.01495804
20418.129999999997 0.01495386
20426.11 0.01496263
20434.079999999998 0.01497546
20442.05 0.0149815
20450.03 0.01496493
20458.0 0.01492433
20465.97 0.0149019
20473.949999999997 0.01489859
20481.92 0.01486777
20489.890000000003 0.01482097
20497.87 0.01479094
20505.84 0.01476637
20513.81 0.01481284
20521.79 0.0147842
20529.760000000002 0.01469804
20537.74 0.01464996
20545.710000000003 0.01461687
20553.68 0.01459182
20561.66 0.01459057
20569.63 0.01467271
20577.6 0.01477338
20585.58 0.01481999
20593.55 0.01470671
20601.52 0.01466865
20609.5 0.01463717
20617.47 0.01462149
20625.45 0.01459801
20633.420000000002 0.0145875
20641.39 0.0145794
20649.37 0.01458569
20657.34 0.01461511
20665.309999999998 0.01461118
20673.29 0.01457728
20681.26 0.01455847
20689.23 0.01455821
20697.21 0.01453505
20705.079999999998 0.01451756
20713.050000000003 0.01452768
20721.03 0.01454952
20729.000000000004 0.01455576
20736.97 0.01454826
20744.95 0.01454132
20752.920000000002 0.01452594
20760.89 0.01452171
20768.870000000003 0.01450863
20776.84 0.01449762
20784.820000000003 0.01448542
20792.79 0.014481
20800.760000000002 0.01445246
20808.74 0.01443468
20816.71 0.01442995
20824.68 0.01441607
20832.66 0.01440267
20840.63 0.01439253
20848.6 0.01437842
20856.58 0.01437796
20864.55 0.01437339
20872.53 0.01436965
20880.5 0.01436586
20888.469999999998 0.0143643
20896.45 0.01434498
20904.42 0.01433446
20912.39 0.01432416
20920.37 0.01432545
20928.34 0.01431822
20936.309999999998 0.0142948
20944.289999999997 0.01429096
20952.26 0.01428351
20960.230000000003 0.01426053
20968.21 0.01424404
20976.18 0.01425458
20984.15 0.01425141
20992.13 0.01425052
21000.100000000002 0.01426078
21008.07 0.01425093
21016.050000000003 0.01423054
21024.02 0.01418808
21032.0 0.0141952
21039.97 0.0141912
21047.940000000002 0.01418306
21055.920000000002 0.01417276
21063.89 0.01416271
21071.86 0.01415699
21079.84 0.01414964
21087.81 0.01415654
21095.78 0.01416512
21103.760000000002 0.01415092
21111.73 0.01414628
21119.71 0.01413805
21127.68 0.01411756
21135.649999999998 0.01411877
21143.62 0.01415509
21151.6 0.01413684
21159.57 0.01409423
21167.539999999997 0.01408009
21175.52 0.01407839
21183.489999999998 0.01407412
21191.469999999998 0.01409258
21199.44 0.01418687
21207.410000000003 0.01433585
21215.39 0.0143977
21223.359999999997 0.01436804
21231.33 0.01423491
21239.309999999998 0.01410377
21247.280000000002 0.01402837
21255.25 0.01400889
21263.230000000003 0.01399403
21271.2 0.01397726
21279.18 0.0139558
21287.15 0.01393916
21295.12 0.01397586
21303.100000000002 0.01400234
21311.07 0.01399291
21319.04 0.01398833
21327.02 0.013979
21334.99 0.01394825
21342.96 0.01394464
21350.94 0.01394554
21358.91 0.01393286
21366.88 0.0139386
21374.86 0.01393759
21382.829999999998 0.01392778
21390.8 0.01391104
21398.78 0.01391086
21406.75 0.0138981
21414.719999999998 0.01386352
21422.7 0.01387983
21430.67 0.01388548
21438.649999999998 0.01388027
21446.62 0.01386071
21454.589999999997 0.01385375
21462.57 0.0138522
21470.440000000002 0.01385551
21478.41 0.01385824
21486.390000000003 0.01385018
21494.36 0.01382906
21502.33 0.01381472
21510.31 0.01383255
21518.280000000002 0.01384941
21526.25 0.0138566
21534.23 0.01385174
21542.2 0.01384514
21550.17 0.01384979
21558.15 0.01384445
21566.12 0.01382398
21574.100000000002 0.01384878
21582.07 0.01386434
21590.04 0.01385599
21598.02 0.0138888
21605.989999999998 0.0137475
21613.96 0.01374094
21621.94 0.01376209
21629.91 0.01378749
21637.879999999997 0.01386523
21645.86 0.01400977
21653.829999999998 0.01412036
21661.800000000003 0.01412422
21669.78 0.01401923
21677.749999999996 0.01388172
21685.72 0.01382765
21693.699999999997 0.01378314
21701.670000000002 0.01370802
21709.64 0.01369834
21717.620000000003 0.01368374
21725.59 0.01364983
21733.570000000003 0.01362839
21741.54 0.01357615
21749.510000000002 0.01351423
21757.49 0.01355509
21765.46 0.01354583
21773.43 0.01353959
21781.41 0.01352946
21789.38 0.0135151
21797.35 0.01350302
21805.33 0.01349023
21813.3 0.01348235
21821.27 0.01347082
21829.25 0.01346211
21837.22 0.01348158
21845.2 0.01347781
21853.17 0.01346759
21861.14 0.01355279
21869.12 0.01352412
21877.09 0.01347261
21885.059999999998 0.01345564
21893.04 0.01344177
21901.01 0.0134111
21908.98 0.0133758
21916.96 0.01337215
21924.929999999997 0.01334797
21932.9 0.01332441
21940.879999999997 0.01331601
21948.850000000002 0.01330775
21956.82 0.01329658
21964.800000000003 0.01329191
21972.77 0.01326181
21980.749999999996 0.01323868
21988.72 0.01323402
21996.690000000002 0.01321596
22004.670000000002 0.01319682
22012.64 0.0131206
22020.61 0.01311536
22028.59 0.01310241
22036.56 0.01311025
22044.53 0.01317028
22052.510000000002 0.01310995
22060.48 0.01305706
22068.45 0.0130518
22076.43 0.01304714
22084.399999999998 0.0130226
22092.37 0.01299931
22100.35 0.01302026
22108.32 0.01304814
22116.289999999997 0.01304055
22124.27 0.01303249
22132.239999999998 0.01302868
22140.22 0.01300985
22148.19 0.01301026
22156.16 0.01302714
22164.14 0.01304063
22172.109999999997 0.01301737
22180.08 0.01302314
22188.059999999998 0.01303287
22196.030000000002 0.0130141
22204.0 0.01298576
22211.98 0.01288858
22219.95 0.01294652
22227.87 0.01298078
22235.800000000003 0.01300103
22243.77 0.01297579
22251.75 0.01289974
22259.72 0.01285525
22267.69 0.01283563
22275.670000000002 0.01283382
22283.64 0.01282203
22291.61 0.0127964
22299.59 0.01277758
22307.56 0.01280272
22315.54 0.01278681
22323.51 0.01279399
22331.48 0.01279908
22339.46 0.01280669
22347.43 0.01279033
22355.399999999998 0.0127732
22363.38 0.0127642
22371.35 0.01276355
22379.32 0.01276988
22387.3 0.01276142
22395.269999999997 0.01274079
22403.24 0.01272483
22411.219999999998 0.01273259
22419.190000000002 0.01269891
22427.16 0.01269936
22435.14 0.01268662
22443.11 0.01266659
22451.08 0.01265338
22459.06 0.01264222
22467.030000000002 0.01266875
22475.010000000002 0.01267319
22482.98 0.01267093
22490.95 0.01266645
22498.93 0.01265097
22506.9 0.01262953
22514.87 0.0126319
22522.850000000002 0.01264148
22530.82 0.01263399
22538.79 0.01262742
22546.77 0.01260911
22554.74 0.01259003
22562.71 0.01260548
22570.69 0.01259198
22578.66 0.01257965
22586.629999999997 0.01257514
22594.61 0.01254355
22602.579999999998 0.01244622
22610.55 0.01245019
22618.53 0.01242812
22626.5 0.01241026
22634.48 0.01239428
22642.449999999997 0.01240704
22650.420000000002 0.01240207
22658.399999999998 0.01239671
22666.37 0.01242437
22674.34 0.01243588
22682.32 0.0124235
22690.29 0.01239985
22698.260000000002 0.01239799
22706.24 0.01240393
22714.210000000003 0.01240697
22722.190000000002 0.01241458
22730.16 0.01239414
22738.13 0.01236497
22746.11 0.01236887
22754.08 0.01237679
22762.05 0.01236042
22770.030000000002 0.01235303
22778.0 0.01234066
22785.97 0.01174106
22793.95 0.01173463
22801.92 0.01173443
22809.89 0.0117333
22817.87 0.01171764
22825.84 0.01169598
22833.809999999998 0.01168381
22841.79 0.01170709
22849.76 0.01172759
22857.73 0.01172
22865.71 0.01171466
22873.679999999997 0.01170455
22881.66 0.01169108
22889.629999999997 0.01168211
22897.6 0.01166981
22905.579999999998 0.01167772
22913.55 0.01168645
22921.52 0.01164495
22929.5 0.01159583
22937.47 0.01155673
22945.440000000002 0.0115484
22953.420000000002 0.01153325
22961.390000000003 0.01154165
22969.37 0.01153871
22977.34 0.01153781
22985.31 0.01155907
22993.239999999998 0.01166392
23001.16 0.01166607
23009.13 0.01166408
23017.11 0.01168339
23025.08 0.01166911
23033.05 0.01165814
23041.03 0.01166195
23049.0 0.01165513
23056.969999999998 0.01163482
23064.95 0.01163031
23072.92 0.01165678
23080.89 0.01165132
23088.87 0.01163433
23096.84 0.01160514
23104.809999999998 0.01161219
23112.789999999997 0.01161456
23120.76 0.01160912
23128.739999999998 0.01159954
23136.71 0.01160013
23144.68 0.01157659
23152.66 0.0115806
23160.63 0.01160496
23168.600000000002 0.0116195
23176.58 0.01162275
23184.550000000003 0.01161979
23192.52 0.01162835
23200.5 0.01172945
23208.47 0.0112205
23216.45 0.0113311
23224.420000000002 0.01127557
23232.39 0.01107883
23240.370000000003 0.01090512
23248.34 0.01082451
23256.31 0.01079682
23264.29 0.01079779
23272.26 0.01082897
23280.23 0.01082152
23288.21 0.01081605
23296.18 0.01081162
23304.149999999998 0.01081669
23312.13 0.0108139
23320.1 0.0108064
23328.07 0.01080759
23336.05 0.01083252
23344.02 0.01082868
23351.989999999998 0.01072768
23359.969999999998 0.01073427
23367.94 0.01078752
23375.92 0.01078876
23383.89 0.01078701
23391.86 0.01076499
23399.84 0.01074073
23407.809999999998 0.01074387
23415.780000000002 0.01077607
23423.76 0.01051863
23431.730000000003 0.01052084
23439.7 0.0105087
23447.68 0.01047726
23455.65 0.01047868
23463.63 0.01049606
23471.600000000002 0.0105305
23479.57 0.01053615
23487.54 0.01055958
23495.52 0.01049192
23503.49 0.01046197
23511.46 0.01041942
23519.44 0.01040233
23527.41 0.01039456
23535.39 0.01039223
23543.36 0.01040725
23551.329999999998 0.01040104
23559.31 0.01036667
23567.28 0.01037361
23575.25 0.01040026
23583.23 0.01035346
23591.199999999997 0.01038078
23599.17 0.01040192
23607.149999999998 0.01038651
23615.12 0.01057554
23623.1 0.01061189
23631.07 0.01058537
23639.039999999997 0.01055499
23647.019999999997 0.01057016
23654.989999999998 0.01056692
23662.960000000003 0.01049436
23670.94 0.01053314
23678.910000000003 0.01060477
23686.88 0.01060184
23694.86 0.01056578
23702.83 0.01055995
23710.8 0.01055554
23718.780000000002 0.01055874
23726.75 0.0105337
23734.72 0.01053277
23742.7 0.01049888
23750.670000000002 0.01049936
23758.54 0.01049313
23766.52 0.01049097
23774.489999999998 0.01050013
23782.47 0.01052867
23790.44 0.01052379
23798.41 0.01049159
23806.39 0.0101169
23814.36 0.01014039
23822.329999999998 0.01014005
23830.309999999998 0.01013245
23838.28 0.01010905
23846.250000000004 0.0100825
23854.23 0.01009864
23862.199999999997 0.01013622
23870.18 0.01014242
23878.149999999998 0.01009907
23886.120000000003 0.01008215
23894.1 0.0101173
23902.070000000003 0.01013293
23910.04 0.0101254
23918.02 0.01013143
24219.620000000003 0.0101197
24418.95 0.009852644
24618.289999999997 0.009850013
24817.63 0.009365436
25016.97 0.009389109
25216.31 0.009445101
25467.870000000003 0.009534614
25561.26 0.009359305
25654.85 0.009362552
25748.34 0.009354463
25842.03 0.009289852
25935.62 0.009302667
26029.41 0.009355525
26123.1 0.00928738
26216.99 0.009165822
26310.78 0.009103921
26404.760000000002 0.009014702
26498.750000000004 0.008876934
26592.739999999998 0.008798214
26686.83 0.008696394
26780.910000000003 0.008645374
26875.0 0.008564427
26969.19 0.008482419
27063.47 0.008403122
27157.76 0.008340746
27252.149999999998 0.008268797
27346.44 0.008225884
27440.920000000002 0.008234975
27535.31 0.00823103
27629.899999999998 0.008166064
27724.38 0.008137091
27818.969999999998 0.008150385
27913.66 0.008128632
28008.24 0.008024226
28102.93 0.007986309
28197.71 0.007946518
28292.5 0.008007024
28387.280000000002 0.008015118
28482.17 0.007986046
28577.050000000003 0.007948721
28671.94 0.00787993
28766.92 0.00785947
28861.910000000003 0.007776961
28956.99 0.007744981
29051.98 0.007628752
29147.16 0.007558232
29242.24 0.007492857
29337.430000000004 0.007431443
29432.61 0.007383665
29527.899999999998 0.007451232
29623.08 0.007384813
29718.37 0.007381291
29813.75 0.007339899
29909.03 0.00736625
30004.420000000002 0.007347187
30099.9 0.007347809
30195.280000000002 0.007253949
30290.76 0.007115297
30386.25 0.007054505
30481.829999999998 0.006998633
30577.31 0.006969225
30672.899999999998 0.006945163
30768.58 0.006897729
30864.16 0.006806652
30959.850000000002 0.006802657
31055.53 0.006786281
31151.21 0.006759336
31246.99 0.006697054
31342.77 0.006650225
31438.56 0.006621267
31534.34 0.006626096
31630.120000000003 0.006610711
31726.0 0.006571104
31821.88 0.006591948
31917.76 0.006578671
32013.739999999998 0.006569899
32109.63 0.006490212
32205.61 0.006484056
32301.59 0.00655552
32397.57 0.006549431
32493.65 0.006666979
32589.73 0.006976524
32685.710000000003 0.006973693
32781.799999999996 0.006944579
32877.98 0.007830855
32974.06 0.007772088
33070.240000000005 0.007712188
33166.42 0.007710598
33262.6 0.006774866
33358.78 0.006715322
33454.96 0.006334449
33551.25 0.006318787
33647.43 0.006162415
33743.7 0.006154012
33839.98 0.006053476
33936.36 0.005996891
34032.65 0.005894355
34128.93 0.005879355
34225.310000000005 0.005847026
34321.68 0.005812583
34418.07 0.005776405
34514.450000000004 0.00576662
34610.82 0.005771497
34707.3 0.005721683
34803.69 0.005645409
34900.17 0.00570065
34996.65 0.005644386
35093.130000000005 0.00562866
35189.61 0.005578034
35286.09 0.005485161
35382.57 0.005564322
35479.14 0.005434594
35575.73 0.00540293
35672.21 0.005378569
35768.79 0.005359362
35865.36 0.005351221
35961.94 0.00540638
36058.520000000004 0.005349481
36155.2 0.005355505
36251.78 0.005341946
36348.46 0.005450228
36445.04 0.005435794
36541.72 0.005392448
36638.4 0.005340866
36735.08 0.005266278
36831.75 0.005234484
36928.43 0.005258514
37025.11 0.005237348
37121.79 0.005203769
37218.57 0.00516172
37315.25 0.005145038
37412.03 0.005095597
37508.810000000005 0.005065194
37605.49 0.005081687
37702.270000000004 0.005041974
37799.049999999996 0.005033009
37895.82 0.005025929
37992.6 0.004989522
38089.38 0.005014051
38186.16 0.005001287
38283.04 0.004921576
38379.82 0.004906218
38476.6 0.004906251
38573.48 0.004867249
38670.25 0.004787959
38767.13 0.004769702
38864.01 0.004728652
38960.89 0.004748698
39057.67 0.004779283
39154.55 0.004802753
39251.42 0.004750627
39348.299999999996 0.004727692
39445.18 0.004669455
39542.06 0.004659734
39638.939999999995 0.004622494
39735.92 0.004606387
39832.8 0.004593889
39929.67 0.004617151
40026.549999999996 0.004645633
40123.53 0.004710033
40220.409999999996 0.004788269
40317.39 0.00482202
40414.27 0.004771504
40511.24 0.004673138
40608.12 0.004578834
40705.1 0.00448791
40801.98 0.0044368
40898.96000000001 0.00440185
40995.92999999999 0.004344358
41092.909999999996 0.004316578
41189.79 0.004270218
41286.77 0.004278767
41383.75 0.004285671
41480.72 0.004272143
41577.700000000004 0.004215408
41674.68000000001 0.004232049
41771.659999999996 0.00416553
41868.64 0.004164831
41965.62 0.004153324
42062.590000000004 0.004157943
42159.57000000001 0.004094047
42256.549999999996 0.004080775
42353.53 0.004118301
42450.5 0.004113267
42547.48 0.004111018
42644.469999999994 0.004135226
42741.439999999995 0.004139191
42838.42 0.004121864
42935.5 0.004102596
43032.48 0.004039252
43129.45 0.004048998
43226.43 0.004000515
43323.41 0.004002958
43420.39 0.003990999
43517.46000000001 0.003997548
43614.439999999995 0.003953406
43711.42 0.003944305
43808.4 0.003946407
43905.380000000005 0.003921664
44002.46 0.003891949
44099.43 0.003881279
44196.41 0.003874618
44293.39 0.003859386
44390.37 0.003893506
44487.35 0.003884241
44584.32 0.003955318
44681.41 0.003954425
44778.380000000005 0.003895603
44875.36 0.003890265
44972.34 0.003954572
45069.32 0.003943161
45166.29 0.003880294
45263.270000000004 0.003826876
45360.25000000001 0.003809866
45457.229999999996 0.003738764
45554.2 0.003688592
45651.18 0.003678237
45748.16 0.003671375
45845.14000000001 0.003661149
45942.119999999995 0.003623634
46039.1 0.003600316
46135.979999999996 0.003599938
46232.95 0.003601528
46329.93 0.003605962
46426.91 0.003613555
46523.79 0.003602121
46620.77 0.003653203
46717.75 0.003629572
46814.619999999995 0.003603982
46911.6 0.003555865
47008.479999999996 0.003589246
47105.36 0.003569691
47202.34 0.003560864
47299.21 0.00354805
47396.19 0.003506363
47493.07 0.003469282
47589.95 0.003516687
47686.83 0.003563172
47783.71 0.003514572
47880.59 0.003535686
47977.46 0.003527485
48074.34 0.003493631
48171.22 0.003446621
48268.1 0.003433401
48364.880000000005 0.003474166
48461.75 0.003461148
48558.630000000005 0.00335594
48655.41 0.003344285
48752.29 0.003325495
49834.6 0.003356939
50831.28999999999 0.003327516
51827.98 0.003302907
52824.68 0.00328728
53821.37 0.003277297
55014.11 0.00340435
55315.51 0.003321441
55616.909999999996 0.003280361
55918.31 0.003434352
56219.700000000004 0.003443095
56521.2 0.003365471
56822.60999999999 0.00337745
57124.0 0.003404799
57425.41 0.003438208
57726.810000000005 0.003469161
58028.3 0.003532039
58329.700000000004 0.003574913
58631.1 0.003690925
58932.5 0.003767692
59233.9 0.003911808
59535.4 0.003943033
59836.799999999996 0.004288306
60138.2 0.004452138
60439.61 0.004484926
60740.99999999999 0.00467557
61042.50000000001 0.005115612
61343.9 0.006022429
61645.3 0.007723315
61946.700000000004 0.009361675
62248.1 0.009451527
62549.6 0.008571537
62851.0 0.007459676
63152.4 0.006407853
63453.799999999996 0.005831114
63755.2 0.005270643
64056.7 0.004871502
64358.09 0.00447907
64659.5 0.004323315
64960.88999999999 0.004180472
65262.3 0.003990554
65563.79 0.003877718
65865.19 0.004026928
66166.59 0.004083991
66467.98999999999 0.004076791
66769.39 0.004048444
67070.89 0.003999861
67372.29000000001 0.003959191
67673.7 0.003948104
67975.09 0.003935649
68276.49 0.003911372
68577.99 0.003951641
68879.39 0.003960766
69180.79 0.003948622
69482.2 0.004035908
69783.59 0.004696345
70085.09 0.004507521
70386.49 0.004153986
70687.89 0.004162423
70989.28 0.004318415
71290.68000000001 0.004434524
71592.18000000001 0.004517443
71893.59 0.004583839
72194.98 0.004642491
72496.38 0.004856995
72797.78 0.005033701
73099.28 0.005232887
73400.68 0.005407754
73702.09 0.00576452
74003.48 0.006092359
74304.88 0.006252218
74606.38 0.006983807
74907.78 0.007289662
75510.58 0.00812992
76113.38 0.008692251
76716.27 0.008520481
77319.06999999999 0.007840576
77921.88 0.007541469
78524.77 0.00713281
79127.58 0.006511206
79730.48000000001 0.005749889
80333.27 0.005199087
80936.08 0.004701384
81538.97 0.004439937
82141.76999999999 0.004332264
82744.56999999999 0.00425611
83347.46 0.004298546
83950.27 0.004361258
84553.06 0.004272083
85155.97 0.004585319
85758.77 0.004695656
86361.67 0.004657724
86964.46999999999 0.004262852
87567.27 0.003785267
88170.16 0.003329219
88772.95999999999 0.003056961
89375.76999999999 0.00301663
89978.66 0.003105225
90581.46 0.002733576
91184.26 0.002539379
91787.16 0.0025281
92389.96 0.002515285
92992.86 0.002484054
93595.65999999999 0.002470056
94198.45000000001 0.002469155
94801.34 0.002492492
95404.15 0.00250305
96006.95 0.002493728
96609.85 0.002532282
97212.65000000001 0.002473448
97815.45 0.0024568
98418.34999999999 0.002422282
99021.15999999999 0.002439632
99624.05 0.002406532
100226.84 0.002429812
100829.65 0.002415122
101432.55 0.002390197
102035.34 0.002411394
102638.15 0.002398519
103241.04000000001 0.002408825
103843.84000000001 0.002436092
104446.64 0.002768032
105049.54 0.003221222
105652.34 0.002995574
106255.24 0.00266923
106858.03 0.002643393
107460.84 0.002635923
108063.74 0.002622555
108666.54000000001 0.002679375
109269.34 0.00284132
109872.23 0.003047112
110475.04 0.003220735
111077.84000000001 0.0035415
111680.73 0.004526134
112283.53 0.005433595
112886.43000000001 0.005181191
113489.23 0.004353138
114092.03 0.003729014
114694.93 0.003357091
115297.73000000001 0.003132327
115900.53 0.002966589
116503.42 0.002834404
117106.23 0.002781727
117709.01999999999 0.002739896
118311.91 0.002706424
118914.72 0.002782735
119517.62999999999 0.002805754
120120.42 0.002781155
120723.22 0.002742958
121326.12999999999 0.00271298
121928.92 0.002687618
122531.73 0.002733759
123134.61 0.002799365
123737.41 0.002826193
124340.22 0.002829789
124943.11 0.002888854
125545.91 0.00297192
126148.81 0.003055509
126751.60999999999 0.003119653
127354.41 0.003650707
127957.31 0.004477375
128560.11 0.003917718
129162.90999999999 0.002746402
129765.81 0.002463894
130368.6 0.00240458
130971.4 0.002369705
131574.31 0.002355901
132177.09 0.002346765
132779.88999999998 0.002317494
133382.8 0.002309806
133985.59 0.002291825
134588.5 0.002304349
135191.30000000002 0.002325537
135794.09 0.002308141
136397.0 0.002287042
136999.8 0.002250653
137602.59 0.002255106
138205.5 0.002239994
138808.3 0.002244736
139411.09 0.002244038
140228.08 0.002355278
141072.08 0.002349297
141916.09 0.002372031
142759.97999999998 0.002551416
143603.97 0.002470685
144447.97 0.002304396
145291.88 0.002303148
146135.88 0.002302329
146979.87 0.00231034
147823.88 0.002300735
148667.78 0.002281089
149511.77 0.002292204
150355.77 0.002288977
151199.67 0.0022964
152043.66 0.002315607
152887.66 0.002314494
153731.56 0.002320847
154575.56 0.002757807
155419.56 0.003501367
156263.47 0.003133738
157107.47 0.002458667
157951.47 0.002381102
158795.34 0.00239474
159639.36000000002 0.00241586
160483.36 0.002413331
161327.34 0.002426965
162171.25 0.002465599
163015.27 0.002555656
163859.25 0.002697179
164703.16 0.002724386
165547.14 0.002673531
166391.13999999998 0.002620291
167235.07 0.002628841
168079.03 0.002636297
168923.05000000002 0.002627502
169766.93999999997 0.002662307
170610.94 0.002702498
171454.94 0.002652547
172298.83000000002 0.002641467
173142.83 0.002667715
173986.84 0.002671986
174830.84000000003 0.002603874
175674.71999999997 0.002543031
176518.75 0.002549152
177362.73 0.00252722
178206.63 0.002509892
179050.63999999998 0.002506782
179894.64 0.002475212
180738.53 0.002430769
181582.52999999997 0.002430238
182426.53 0.002423184
183270.41999999998 0.002457654
184114.42 0.002452997
184958.41999999998 0.002453466
185802.31000000003 0.00251851
186646.31 0.002978067
187490.33000000002 0.00310236
188334.33 0.002680035
189178.22 0.002469863
190022.22 0.002446573
190866.2 0.00244742
191710.12999999998 0.002409212
192554.11 0.002405168
193398.11000000002 0.002370921
194242.02000000002 0.002353767
195086.02 0.002428216
195930.0 0.00240155
196773.91 0.002357828
197617.90999999997 0.002345842
198461.91 0.002353439
199305.8 0.002334229
200149.80000000002 0.002330202
200993.8 0.002331108
201837.81 0.002317948
202681.69 0.002286504
203525.7 0.002285074
204369.72 0.002272445
205213.58 0.002195047
206901.59000000003 0.002287974
208589.5 0.002267317
210277.39 0.002262236
211965.39 0.002269866
213653.28000000003 0.002282079
215341.28 0.002259107
217029.19 0.002260645
218717.08000000002 0.002278059
220405.08 0.002267559
222092.97 0.002223651
223780.86 0.002256503
225468.86000000002 0.002267464
227156.77 0.00223115
228844.78000000003 0.002221679
230532.67 0.002266215
232220.55000000002 0.002238584
233908.56 0.002204776
235596.46999999997 0.002189733
237284.36 0.002196147
238972.31999999998 0.002179116
240660.25 0.002160595
242348.22999999998 0.002205035
244036.14 0.002202704
245724.03 0.002156333
247412.05000000002 0.002138054
249099.94 0.002098476
250787.85 0.002093735
252475.83 0.002105084
254163.74000000002 0.002122985
255851.73 0.002119601
257539.62000000002 0.002268073
259227.52 0.002387546
260915.53 0.002151523
262603.42000000004 0.00208321
264291.31 0.002069911
265979.31 0.002077745
267667.22000000003 0.002092632
269355.18 0.002094683
271043.09 0.002090876
272731.04 0.002089258
274419.01999999996 0.002090658
276106.87 0.002106845
277794.78 0.002115028
279482.8 0.002095014
281170.69 0.00209727
282858.7 0.002084884
284546.58999999997 0.002085975
286234.49 0.002091464
287922.48 0.00209701
289610.37 0.002070395
291298.26999999996 0.002059262
292986.28 0.002062507
294674.17 0.002080715
296362.15 0.002097933
298050.1 0.002103557
299737.97000000003 0.002070442
301425.97 0.002056263
303113.88 0.002080453
304801.79 0.002092624
306489.75 0.002116284
308177.66 0.002106048
309865.67 0.002110508
311553.55 0.002114044
313241.44 0.002098134
314929.45 0.002157296
316617.37 0.002156029
318305.24 0.002115626
319993.25 0.002107771
321681.14 0.002127741
323369.18 0.00216483
325057.02999999997 0.002207812
326744.95999999996 0.002249084
328432.92 0.002279228
330120.85 0.0022763
331808.74000000005 0.002341221
333496.74 0.002487521
335184.67 0.002576223
336872.60000000003 0.002367939
338560.49 0.002359007
338914.44999999995 0.002372701
342303.58 0.002335524
345726.59 0.002446415
