906.6899999999999 0.01791684
911.61 0.02347776
916.53 0.02187537
921.46 0.0289034
926.38 0.03037305
931.3000000000001 0.03477308
936.23 0.03738538
941.1500000000001 0.05309007
946.0699999999999 0.05216666
951.0 0.06339708
955.92 0.08106488
960.84 0.069355
965.77 0.07146394
970.69 0.03062966
975.6099999999999 0.04575698
980.5400000000001 0.0743592
985.4599999999999 0.06644449
990.38 0.07625513
995.31 0.06892216
1019.92 0.08025661
1024.8500000000001 0.05330377
1029.77 0.1064939
1034.7 0.1173288
1039.62 0.1540781
1044.54 0.1071589
1049.47 0.1022873
1054.39 0.09597746
1059.31 0.09426749
1064.24 0.07569032
1069.16 0.07588722
1074.08 0.09089588
1079.01 0.08894718
1083.93 0.07987486
1088.85 0.07564143
1093.78 0.08965803
1098.7 0.08913069
1103.6200000000001 0.08528964
1108.55 0.08471988
1113.47 0.08176029
1118.3899999999999 0.08446364
1123.32 0.07781787
1128.24 0.0763222
1133.16 0.09271455
1138.09 0.09241366
1143.01 0.0877567
1147.93 0.08814539
1152.86 0.09077373
1157.78 0.08966352
1164.45 0.09619296
1169.54 0.09297781
1174.6299999999999 0.07602558
1179.73 0.09256462
1184.82 0.1005767
1210.29 0.09161947
1215.3799999999999 0.1598449
1220.48 0.1528274
1225.58 0.1266159
1230.6699999999998 0.1224863
1235.77 0.09926732
1240.8700000000001 0.1037912
1245.97 0.1113128
1251.07 0.1031963
1256.17 0.09971354
1261.27 0.08564078
1266.37 0.08401222
1271.47 0.1022195
1276.58 0.09949597
1281.68 0.09450814
1286.78 0.09647332
1291.8899999999999 0.0855368
1296.99 0.08527911
1302.1 0.08366521
1307.2 0.08426702
1312.31 0.09487785
1317.42 0.09837505
1322.52 0.09320356
1327.6299999999999 0.09270081
1332.74 0.08578209
1337.85 0.0866705
1342.96 0.09610576
1348.0700000000002 0.09802782
1353.1799999999998 0.09477529
1358.29 0.09427868
1363.3999999999999 0.0867078
1368.51 0.08618433
1373.6200000000001 0.09096405
1378.74 0.08888898
1383.8500000000001 0.0910041
1388.9599999999998 0.0912205
1394.0800000000002 0.08665199
1399.1899999999998 0.08651957
1404.3 0.08958786
1409.42 0.08628388
1414.54 0.08469873
1419.65 0.08414506
1424.77 0.08613995
1429.89 0.08380595
1435.0 0.08378099
1440.1200000000001 0.08723007
1445.2400000000002 0.08715565
1450.36 0.08775919
1455.48 0.08489997
1460.6 0.08162733
1465.72 0.08148888
1470.84 0.079704
1475.96 0.08268661
1481.08 0.08633078
1486.2 0.08489805
1491.32 0.088063
1496.44 0.08601765
1501.5600000000002 0.08256295
1506.69 0.08481158
1511.8100000000002 0.0776874
1516.9299999999998 0.08924417
1522.0600000000002 0.08338628
1527.1799999999998 0.08905461
1532.3100000000002 0.09108593
1537.4299999999998 0.09575331
1542.56 0.1032804
1547.6799999999998 0.1210239
1552.81 0.128147
1557.9299999999998 0.1130505
1563.06 0.1094829
1568.1899999999998 0.09594468
1573.31 0.08951838
1578.44 0.08539795
1583.57 0.08782327
1588.7 0.08385081
1593.82 0.08337692
1598.95 0.0807497
1604.08 0.07891415
1609.21 0.07829231
1614.34 0.07678416
1619.47 0.07338499
1624.6 0.07283439
1629.73 0.07638905
1634.86 0.07466889
1639.99 0.08050807
1645.12 0.07542935
1650.25 0.07254641
1655.3799999999999 0.0719287
1660.51 0.07724494
1665.6499999999999 0.07793015
1670.78 0.07071081
1675.9099999999999 0.07628108
1681.04 0.07393944
1686.1799999999998 0.07480286
1691.31 0.07004829
1696.4399999999998 0.06928885
1701.57 0.06823473
1706.7099999999998 0.0668811
1711.84 0.06405982
1716.9799999999998 0.06601608
1722.1100000000001 0.06506297
1727.2399999999998 0.06608312
1732.38 0.06911526
1737.51 0.0678598
1742.65 0.06556588
1747.78 0.06573682
1752.92 0.06913795
1758.05 0.0729778
1763.19 0.06542429
1768.32 0.06576196
1770.66 0.06580618
1776.5600000000002 0.06578074
1782.4599999999998 0.06638932
1788.37 0.06638992
1794.27 0.06943993
1800.17 0.06961836
1806.07 0.06980759
1811.98 0.0657591
1817.88 0.06508965
1823.7800000000002 0.06592694
1829.6799999999998 0.06547579
1835.58 0.06401727
1841.49 0.05964285
1847.3899999999999 0.05951692
1853.29 0.06126162
1859.19 0.06013235
1865.1000000000001 0.06237158
1870.9999999999998 0.06652987
1876.8999999999999 0.06661606
1882.8 0.06486847
1888.7 0.06667804
1894.61 0.06722405
1900.51 0.07239282
1906.41 0.07612486
1912.3100000000002 0.07384697
1918.22 0.06721351
1924.12 0.06260097
1930.02 0.06023563
1935.9199999999998 0.05958229
1941.82 0.06118875
1947.73 0.05606368
1977.24 0.06146433
1983.1399999999999 0.05928824
1989.04 0.05882948
1994.94 0.05753412
2000.8500000000001 0.05860715
2006.75 0.05817341
2012.65 0.05697065
2018.55 0.05642168
2024.45 0.05785843
2030.36 0.05741885
2036.26 0.05560072
2042.16 0.057197
2048.06 0.05689184
2053.97 0.05507052
2059.87 0.05575609
2065.77 0.05601647
2071.67 0.0592076
2077.57 0.05959845
2083.48 0.06192399
2089.38 0.05895699
2095.2799999999997 0.05800228
2101.18 0.05768926
2107.09 0.0575027
2112.99 0.05862536
2118.89 0.0590724
2124.79 0.05980552
2130.69 0.05924259
2136.6 0.0553918
2142.5 0.05653437
2148.4 0.05547785
2154.3 0.05676527
2160.21 0.05703593
2166.11 0.05579964
2172.01 0.05611303
2177.9100000000003 0.05572329
2183.81 0.05578212
2189.72 0.05605712
2195.62 0.0576393
2201.52 0.05666254
2207.42 0.05694989
2213.33 0.05392055
2219.23 0.05366784
2225.13 0.05529885
2231.0299999999997 0.05179008
2236.93 0.05841586
2242.84 0.05450128
2248.74 0.05415405
2254.64 0.05193017
2260.54 0.0532903
2266.4500000000003 0.05282346
2272.35 0.0561744
2278.25 0.05541283
2284.15 0.05753835
2290.0499999999997 0.05495555
2295.96 0.05533534
2301.86 0.05487154
2307.76 0.0541239
2313.66 0.05419732
2319.56 0.05420232
2325.4700000000003 0.04600969
2331.37 0.04719407
2337.27 0.04976135
2343.17 0.04619118
2349.08 0.05190162
2354.98 0.05365163
2360.88 0.046961
2366.78 0.04710234
2372.6800000000003 0.04934147
2378.5899999999997 0.04904505
2384.49 0.04474042
2390.39 0.04553753
2396.29 0.04679729
2402.2 0.04640355
2408.1 0.04638899
2414.0 0.04799945
2419.9 0.05331852
2425.7999999999997 0.05318749
2431.71 0.05162743
2437.61 0.05160125
2443.51 0.05432829
2449.41 0.054164
2455.32 0.05536118
2461.2200000000003 0.05364228
2467.12 0.05270186
2473.02 0.05154087
2478.92 0.05127934
2484.83 0.05006686
2490.73 0.04830009
2496.63 0.04777468
2502.53 0.05420478
2508.44 0.04743453
2514.3399999999997 0.04627668
2520.2400000000002 0.04687641
2526.14 0.04621341
2532.04 0.0476623
2537.95 0.04648989
2543.85 0.04593736
2549.75 0.04580485
2555.65 0.05178699
2561.55 0.04839106
2567.4599999999996 0.04942009
2573.36 0.05274362
2579.2599999999998 0.05260239
2585.1600000000003 0.05112112
2591.0699999999997 0.05010602
2596.9700000000003 0.04979818
2602.87 0.0480486
2608.7700000000004 0.04790063
2614.67 0.04683192
2620.58 0.0502704
2626.48 0.05003431
2632.38 0.05633898
2638.28 0.05555685
2644.19 0.06250395
2650.09 0.06929776
2655.99 0.06854187
2661.89 0.05745426
2667.79 0.05758874
2673.7 0.06075797
2679.6 0.06097898
2685.5 0.06314962
2691.4 0.05703324
2697.31 0.05720663
2703.2099999999996 0.06188335
2709.11 0.05567298
2715.0099999999998 0.05581345
2720.9100000000003 0.05600825
2726.8199999999997 0.05348727
2732.7200000000003 0.05803994
2738.62 0.05814976
2744.5199999999995 0.04831908
2750.43 0.05024847
2756.3300000000004 0.05057697
2762.23 0.05685839
2768.1299999999997 0.05850276
2774.03 0.06327411
2779.94 0.06627379
2785.84 0.06027817
2791.74 0.05254246
2797.6400000000003 0.05366789
2803.55 0.05532555
2809.45 0.05204667
2815.35 0.0620295
2821.25 0.06672294
2827.15 0.06597481
2833.06 0.06354743
2838.96 0.06261999
2844.86 0.05590814
2850.7599999999998 0.04914587
2856.67 0.04857429
2862.5699999999997 0.06091314
2868.4700000000003 0.0602054
2874.37 0.06688304
2880.27 0.06339888
2886.18 0.06279505
2892.0800000000004 0.06765416
2897.98 0.06713221
2903.8799999999997 0.07906848
2909.78 0.07910344
2915.69 0.07872136
2921.59 0.07411367
2927.49 0.0737304
2933.3900000000003 0.07319046
2939.3 0.07110227
2945.2 0.07090011
2951.1 0.07080412
2957.0 0.07010471
2962.9 0.07289848
2968.81 0.07295852
2974.71 0.07221777
2980.61 0.07372806
2986.51 0.07247243
2992.42 0.07241773
2998.3199999999997 0.07156906
3004.2200000000003 0.06531286
3010.12 0.06666879
3016.02 0.07162179
3021.93 0.0749026
3027.8300000000004 0.07442171
3033.73 0.07420063
3039.6299999999997 0.07417964
3045.54 0.07616213
3051.44 0.07650304
3057.34 0.0767897
3063.24 0.08023421
3069.1400000000003 0.07874465
3075.0499999999997 0.0786427
3080.9500000000003 0.07858586
3086.85 0.07868123
3092.75 0.07874132
3098.66 0.07842348
3104.56 0.0843408
3110.46 0.08471402
3116.36 0.08394698
3122.26 0.08104555
3128.17 0.08107312
3134.0699999999997 0.07998227
3139.9700000000003 0.08104869
3145.87 0.08029929
3167.51 0.08379014
3187.1899999999996 0.07643485
3206.86 0.08151135
3226.54 0.07332767
3248.18 0.08812202
3254.08 0.08808469
3259.98 0.08756623
3265.88 0.0971956
3271.79 0.09701221
3277.6899999999996 0.09673413
3283.59 0.09562219
3289.49 0.09532396
3295.4 0.09539773
3301.2999999999997 0.09260216
3307.2000000000003 0.09234803
3313.1 0.09182328
3318.9999999999995 0.08931247
3324.91 0.08910305
3330.81 0.09057783
3336.71 0.08333066
3342.6099999999997 0.08333138
3348.52 0.09765916
3354.42 0.0938408
3360.32 0.07258511
3366.22 0.07234338
3372.12 0.08364939
3378.03 0.09122663
3383.93 0.09010266
3389.83 0.08950132
3395.73 0.09059493
3401.6400000000003 0.1034604
3407.54 0.09105062
3413.4399999999996 0.09085838
3419.34 0.0848156
3425.24 0.09716539
3431.15 0.1073267
3437.0499999999997 0.1056644
3442.9500000000003 0.09127842
3448.85 0.08655672
3454.7499999999995 0.09398958
3460.66 0.09385111
3466.5600000000004 0.08586578
3472.46 0.09922519
3478.3599999999997 0.08898145
3484.27 0.0887951
3490.17 0.09609824
3496.07 0.08838864
3501.97 0.1023354
3507.8700000000003 0.1020805
3513.78 0.09301746
3519.68 0.103963
3525.58 0.08150134
3531.48 0.08129213
3537.3900000000003 0.099961
3543.29 0.1021538
3549.19 0.1019711
3555.09 0.1048636
3560.99 0.09780237
3566.9 0.08372415
3572.7999999999997 0.08333323
3578.7000000000003 0.08932579
3584.6 0.07510966
3590.51 0.07495622
3596.41 0.09393819
3602.3100000000004 0.108489
3608.21 0.08575606
3614.1099999999997 0.08540568
3620.02 0.09998428
3625.92 0.1124224
3631.82 0.1062048
3637.72 0.09519213
3643.63 0.1004343
3649.53 0.09632004
3655.4300000000003 0.1014275
3661.33 0.0958506
3667.23 0.1103164
3673.14 0.1002851
3679.04 0.1043758
3684.94 0.09723233
3690.84 0.1040279
3696.7400000000002 0.113749
3702.65 0.08822501
3708.5499999999997 0.09419364
3714.4500000000003 0.1065894
3720.35 0.1158709
3726.26 0.17922
3732.16 0.1272097
3738.0600000000004 0.09460491
3742.58 0.09053969
3748.36 0.08872548
3754.15 0.1027879
3759.94 0.1101759
3765.7200000000003 0.1012463
3771.51 0.1145259
3777.29 0.1272789
3783.08 0.1300561
3788.87 0.1175032
3794.65 0.1025339
3800.44 0.1071365
3806.2200000000003 0.1238882
3812.01 0.1179518
3817.8 0.107634
3823.58 0.09943808
3829.3700000000003 0.08964806
3835.15 0.07889446
3840.94 0.08973292
3846.73 0.1098669
3852.51 0.1169757
3858.3 0.1156626
3864.09 0.1276738
3869.8700000000003 0.122092
3875.6600000000003 0.1163475
3881.44 0.1118456
3887.23 0.1113696
3893.02 0.1163123
3898.8 0.1194064
3904.59 0.1251536
3910.3700000000003 0.133816
3916.1600000000003 0.129358
3921.9500000000003 0.112256
3927.73 0.09701952
3933.52 0.08008288
3939.31 0.09826589
3945.09 0.1166918
3950.88 0.12309
3956.6600000000003 0.1178215
3962.4500000000003 0.09361687
3968.2400000000002 0.08362162
3974.02 0.1054936
3979.81 0.1353713
3985.59 0.1425005
3991.38 0.1541102
3997.17 0.1542327
4002.9500000000003 0.157998
4008.7400000000002 0.1614334
4014.52 0.1668126
4020.3100000000004 0.167276
4026.1000000000004 0.1689078
4031.88 0.1621373
4037.67 0.164694
4043.46 0.1601342
4049.2400000000002 0.1687473
4055.03 0.1654155
4060.8100000000004 0.1572359
4066.6000000000004 0.1629011
4072.3900000000003 0.1621954
4078.17 0.16505
4083.96 0.1692653
4089.7400000000002 0.1681758
4095.53 0.155822
4101.32 0.1487066
4107.1 0.152874
4112.89 0.1650566
4118.67 0.1639502
4124.46 0.1630378
4130.25 0.1665902
4136.03 0.1686606
4141.82 0.1642818
4147.61 0.1631084
4153.39 0.1588537
4159.18 0.1669112
4164.96 0.1647532
4170.75 0.1608509
4176.54 0.1603888
4182.32 0.1632288
4188.11 0.1669414
4193.89 0.1695668
4199.68 0.1581637
4205.47 0.1626545
4211.25 0.1716543
4217.04 0.1692053
4222.82 0.1644506
4228.61 0.1580599
4234.4 0.1644156
4240.18 0.1748634
4245.97 0.166577
4251.76 0.1692093
4257.54 0.1623355
4263.33 0.1709803
4269.11 0.1629905
4274.9 0.1565284
4280.69 0.1669692
4286.47 0.1544646
4292.26 0.1503529
4298.04 0.1454948
4303.83 0.1369996
4309.62 0.1461119
4315.4 0.1629182
4321.19 0.1761324
4326.9800000000005 0.1664881
4332.76 0.1773055
4338.55 0.1698968
4344.33 0.1742777
4350.12 0.1753211
4355.91 0.1791552
4361.69 0.1887876
4367.4800000000005 0.1869367
4373.26 0.1786495
4379.05 0.1772927
4384.84 0.1648166
4390.62 0.1783041
4396.41 0.1787154
4402.1900000000005 0.1724227
4407.9800000000005 0.1750823
4413.77 0.1849306
4419.55 0.1912553
4425.34 0.1888664
4431.13 0.1905513
4436.91 0.1907167
4442.7 0.1905545
4448.4800000000005 0.1953527
4454.27 0.1900608
4460.06 0.1826688
4465.84 0.1899391
4471.63 0.2031363
4477.41 0.203932
4483.2 0.201561
4488.99 0.2035967
4494.77 0.2038741
4500.56 0.2132626
4506.34 0.2124648
4512.13 0.2118428
4517.92 0.2125478
4523.7 0.20458
4529.49 0.1934244
4535.28 0.1927773
4541.06 0.2066852
4546.85 0.203415
4552.63 0.2034846
4558.42 0.211285
4564.21 0.2108084
4569.99 0.2149234
4575.78 0.206564
4581.56 0.2041693
4587.35 0.2050384
4593.14 0.209879
4598.92 0.209076
4604.71 0.2119827
4610.49 0.2217108
4616.28 0.2202513
4622.07 0.2214466
4627.85 0.2214831
4633.64 0.2154508
4639.43 0.2107659
4645.21 0.2032209
4651.0 0.2088455
4656.78 0.2147261
4662.57 0.2071787
4668.36 0.1996321
4674.14 0.2044202
4679.93 0.2060164
4685.71 0.2067171
4691.5 0.2082665
4697.29 0.2035152
4703.07 0.1996133
4708.860000000001 0.2007394
4714.650000000001 0.2068644
4720.43 0.2112663
4726.22 0.2144352
4732.0 0.2081013
4737.79 0.209458
4743.58 0.2123928
4749.360000000001 0.2159006
4755.150000000001 0.2116468
4760.93 0.2068996
4766.72 0.2115576
4772.51 0.2106072
4778.29 0.2203766
4784.08 0.2153551
4789.860000000001 0.2140737
4795.650000000001 0.2241956
4801.4400000000005 0.2224005
4807.22 0.2266726
4813.01 0.2222085
4818.79 0.2282258
4824.58 0.2261847
4830.37 0.2208267
4836.150000000001 0.2219692
4841.9400000000005 0.2150993
4847.7300000000005 0.2129079
4853.51 0.2202072
4859.3 0.2306882
4865.08 0.2130581
4870.87 0.1999138
4876.66 0.2045795
4882.4400000000005 0.2106497
4888.2300000000005 0.2041807
4894.009999999999 0.2131593
4899.8 0.2200948
4905.59 0.2179766
4911.37 0.2141379
4917.16 0.2079602
4922.95 0.2038254
4928.7300000000005 0.2188062
4934.52 0.216664
4940.3 0.2114258
4946.09 0.2224605
4951.88 0.2305505
4957.66 0.2385323
4963.45 0.2276902
4969.2300000000005 0.2159945
4975.02 0.2182172
4980.81 0.2090799
4986.59 0.2067701
4992.38 0.2151021
4998.16 0.2237463
5003.950000000001 0.2544017
5009.740000000001 0.2686563
5015.5199999999995 0.2052338
5021.3099999999995 0.1995283
5027.099999999999 0.2084987
5032.879999999999 0.2138065
5038.669999999999 0.2030565
5044.450000000001 0.200896
5050.240000000001 0.2080566
5056.030000000001 0.2119393
5061.8099999999995 0.2155237
5067.599999999999 0.2070968
5073.379999999999 0.2109328
5079.169999999999 0.20493
5084.959999999999 0.206166
5090.740000000001 0.2075199
5096.530000000001 0.2084515
5102.3099999999995 0.2037157
5108.099999999999 0.2021358
5113.889999999999 0.2061369
5119.669999999999 0.2088945
5125.459999999999 0.1944221
5131.250000000001 0.2000209
5137.030000000001 0.1994161
5142.820000000001 0.1972419
5148.599999999999 0.1987669
5154.389999999999 0.1996255
5160.179999999999 0.2029822
5165.960000000001 0.1837041
5171.750000000001 0.1679699
5177.53 0.1830146
5183.32 0.1776044
5189.11 0.1891553
5194.889999999999 0.2002144
5200.679999999999 0.2029138
5206.469999999999 0.1941517
5212.250000000001 0.197989
5218.040000000001 0.2098903
5223.82 0.2016414
5229.61 0.2053145
5235.4 0.2131801
5241.179999999999 0.2164496
5246.969999999999 0.210846
5252.750000000001 0.2089687
5258.540000000001 0.2117014
5264.330000000001 0.1973652
5270.11 0.1897497
5275.9 0.2088122
5281.679999999999 0.2222142
5287.469999999999 0.2264939
5293.259999999999 0.2276037
5299.04 0.2162318
5304.83 0.226252
5310.62 0.2340697
5316.4 0.2290253
5322.19 0.2240507
5327.969999999999 0.214355
5333.759999999999 0.2194295
5339.549999999999 0.2233694
5345.33 0.2202396
5351.12 0.226084
5356.9 0.2375997
5362.69 0.2329947
5368.48 0.2202436
5374.259999999999 0.2192891
5380.049999999999 0.2281647
5385.83 0.2264523
5391.62 0.2196516
5397.41 0.2153005
5403.19 0.2119526
5408.98 0.2119361
5414.7699999999995 0.2215897
5420.549999999999 0.2233092
5426.339999999999 0.2190373
5432.12 0.2171138
5437.91 0.2211394
5443.7 0.2271477
5449.48 0.213099
5455.2699999999995 0.2121007
5461.049999999999 0.2195236
5466.839999999999 0.2208973
5472.63 0.2193259
5478.41 0.2148557
5484.2 0.2243768
5489.98 0.2275052
5495.7699999999995 0.2250371
5501.5599999999995 0.2272786
5507.339999999999 0.2190648
5513.13 0.2201213
5518.92 0.2191715
5524.7 0.2231256
5530.49 0.220074
5536.2699999999995 0.2238988
5542.0599999999995 0.222412
5547.849999999999 0.2254741
5553.63 0.2283905
5559.42 0.2196839
5565.2 0.2194195
5570.99 0.2195681
5576.78 0.2224588
5582.5599999999995 0.2192594
5588.349999999999 0.2079903
5594.139999999999 0.2149685
5599.92 0.2163153
5605.71 0.2220539
5611.49 0.2252413
5617.28 0.2155035
5623.07 0.2155539
5628.849999999999 0.2236211
5634.639999999999 0.2220182
5640.42 0.2209413
5646.21 0.2251776
5652.0 0.228966
5657.78 0.2242212
5663.57 0.2208231
5669.349999999999 0.2247003
5675.139999999999 0.2292612
5680.929999999999 0.2256867
5686.71 0.2224742
5692.5 0.2258301
5698.29 0.2263329
5704.07 0.2171099
5709.86 0.2197166
5715.639999999999 0.2257981
5721.429999999999 0.2314102
5727.219999999999 0.2313164
5733.0 0.2313673
5738.79 0.2302097
5744.57 0.2317139
5750.36 0.2334103
5756.15 0.226298
5761.929999999999 0.2270161
5767.719999999999 0.2290536
5773.5 0.2242036
5779.29 0.2245323
5785.08 0.2161994
5790.86 0.2294766
5796.65 0.228618
5802.44 0.2272626
5808.219999999999 0.2324038
5814.009999999999 0.2321764
5819.79 0.2267962
5825.58 0.2346717
5831.37 0.233249
5837.15 0.2307182
5842.94 0.2312563
5848.719999999999 0.2271828
5854.51 0.2162376
5860.3 0.2199868
5866.08 0.2289634
5871.87 0.2333246
5877.66 0.2276164
5883.44 0.2128059
5889.23 0.1960411
5895.01 0.1898996
5900.8 0.2019201
5906.59 0.2226179
5912.37 0.2170958
5918.16 0.2223432
5923.94 0.2212136
5929.73 0.2233843
5935.5199999999995 0.2198666
5941.3 0.2198048
5947.09 0.2216017
5952.87 0.2205417
5958.66 0.2230752
5964.45 0.2238856
5970.23 0.224679
5976.0199999999995 0.221361
5981.8099999999995 0.2149664
5987.59 0.2231996
5993.38 0.2261662
5999.16 0.2207118
6004.95 0.2173796
6010.74 0.2165977
6016.5199999999995 0.2166962
6022.3099999999995 0.2181422
6028.09 0.2264186
6033.88 0.2258159
6039.67 0.2230661
6045.45 0.2233352
6051.24 0.2230697
6057.0199999999995 0.2223224
6062.8099999999995 0.2231107
6068.599999999999 0.228931
6074.38 0.2269805
6080.17 0.2209263
6085.96 0.2195859
6091.74 0.2167811
6097.53 0.2193155
6103.3099999999995 0.2162578
6109.099999999999 0.2221146
6114.889999999999 0.2197968
6120.67 0.2141254
6126.46 0.2192745
6132.24 0.2141085
6138.03 0.2128013
6143.82 0.2191885
6149.599999999999 0.2195133
6155.389999999999 0.2149916
6161.17 0.2074851
6166.96 0.2007471
6172.75 0.2086213
6178.53 0.2133018
6184.32 0.2082598
6190.11 0.2070901
6195.889999999999 0.2107769
6201.68 0.216991
6207.46 0.2101235
6213.25 0.2102449
6219.04 0.1974017
6224.82 0.2059684
6230.61 0.2031
6236.39 0.2080626
6242.18 0.2029971
6247.97 0.2020616
6253.75 0.2003605
6259.54 0.201533
6265.33 0.2059455
6271.11 0.2108056
6276.9 0.2070574
6282.68 0.2077653
6288.47 0.2015374
6294.26 0.2155069
6300.04 0.2194535
6305.83 0.2164905
6311.61 0.2137834
6317.4 0.2098
6323.19 0.2152333
6328.97 0.2154594
6334.76 0.2116203
6340.54 0.2183654
6346.33 0.2174224
6352.12 0.2181463
6357.9 0.2100134
6363.69 0.2069027
6369.48 0.2127203
6375.26 0.2157563
6381.05 0.2173922
6386.83 0.2161273
6392.62 0.2169038
6398.41 0.2174187
6404.19 0.211955
6409.98 0.2110064
6415.76 0.2125967
6421.55 0.211466
6427.34 0.2167682
6433.12 0.2142082
6438.91 0.2169461
6444.69 0.2150923
6450.48 0.2157132
6456.2699999999995 0.2190901
6462.05 0.2165357
6467.84 0.2214774
6473.63 0.2208294
6479.41 0.2203585
6485.2 0.2223244
6490.98 0.209692
6496.7699999999995 0.2041003
6502.5599999999995 0.2172025
6508.34 0.2215281
6514.13 0.2240818
6519.91 0.2225176
6525.7 0.2242695
6531.49 0.2264824
6537.2699999999995 0.2252068
6543.06 0.2401841
6548.85 0.2473997
6554.63 0.251656
6560.42 0.3254701
6566.2 0.3097942
6571.99 0.2371211
6577.78 0.2446837
6583.56 0.2985704
6589.35 0.2410724
6595.13 0.2199439
6600.92 0.2161193
6606.71 0.2158337
6612.49 0.2169606
6618.28 0.2190941
6624.06 0.2181197
6629.85 0.2161854
6635.64 0.2135911
6641.42 0.2145286
6647.21 0.2172272
6653.0 0.2130205
6658.78 0.2089404
6664.57 0.2118957
6670.35 0.2100472
6676.14 0.2085329
6681.93 0.2079875
6687.71 0.2080989
6693.5 0.2065759
6699.28 0.2082964
6705.07 0.2105712
6710.86 0.2250402
6716.64 0.2432691
6722.43 0.2259891
6728.21 0.2316477
6734.0 0.2307552
6739.79 0.2126349
6745.57 0.2040669
6751.36 0.2010764
6757.15 0.2022263
6762.93 0.2018389
6768.72 0.1952939
6774.5 0.2023678
6780.29 0.2018663
6786.08 0.2023394
6791.86 0.1931086
6797.65 0.198566
6803.43 0.2025982
6809.22 0.1957805
6815.01 0.2062335
6820.79 0.2059811
6826.58 0.2053408
6832.36 0.2046318
6838.15 0.204367
6843.94 0.2018166
6849.72 0.2017014
6855.51 0.2012379
6861.3 0.1974974
6867.08 0.1972174
6872.87 0.1966635
6878.65 0.2021833
6884.44 0.2017066
6890.2300000000005 0.203784
6896.01 0.2036082
6901.8 0.2032795
6907.58 0.2041754
6913.37 0.2040122
6919.16 0.2035212
6924.9400000000005 0.2023558
6930.7300000000005 0.202059
6936.52 0.2017211
6942.3 0.2084721
6948.09 0.2081281
6953.87 0.2048773
6959.66 0.2045479
6965.45 0.2042123
6971.2300000000005 0.2106433
6977.02 0.2101897
6982.8 0.2097491
6988.59 0.211006
6994.38 0.2108089
7000.16 0.210484
7005.95 0.2068915
7011.7300000000005 0.2065131
7017.52 0.206243
7023.31 0.2104651
7029.09 0.2100661
7034.88 0.2108275
7040.67 0.2105724
7046.45 0.2101528
7052.24 0.2099118
7058.02 0.2093328
7063.81 0.2088027
7069.6 0.1946033
7075.38 0.1939519
7081.17 0.193934
7086.95 0.1966057
7092.74 0.1961739
7098.53 0.1960586
7104.31 0.1983883
7110.1 0.1981564
7115.88 0.198064
7121.67 0.197958
7127.46 0.197773
7133.24 0.1932807
7139.03 0.1931452
7144.82 0.1925745
7150.6 0.1901228
7156.39 0.1897544
7162.17 0.1894034
7167.96 0.1866432
7173.75 0.1860822
7179.53 0.1861229
7185.32 0.1890601
7191.1 0.1886711
7196.89 0.1883527
7202.68 0.1898713
7208.46 0.1895141
7214.25 0.1892727
7220.04 0.1965237
7225.82 0.1962055
7231.610000000001 0.1986178
7237.39 0.1984506
7243.18 0.1978315
7248.97 0.2049209
7254.75 0.2045323
7260.54 0.2042869
7266.32 0.202112
7272.110000000001 0.2018956
7277.900000000001 0.2015394
7283.68 0.196335
7289.47 0.1959181
7295.25 0.1957207
7298.87 0.2027102
7308.89 0.2018579
7318.73 0.203156
7328.57 0.2026133
7338.400000000001 0.2057532
7348.240000000001 0.205205
7358.08 0.2074565
7367.91 0.2087966
7381.8099999999995 0.2081384
7386.91 0.2082534
7392.01 0.2078243
7397.120000000001 0.2074586
7402.23 0.2073209
7407.35 0.2070548
7412.47 0.2067375
7417.589999999999 0.205977
7422.71 0.2056434
7427.84 0.2053985
7432.9800000000005 0.2051445
7438.11 0.214742
7443.25 0.2144518
7448.4 0.2142855
7453.54 0.2158544
7458.69 0.2156372
7463.849999999999 0.2152651
7469.0 0.2125752
7474.17 0.2122444
7479.33 0.2119568
7484.499999999999 0.2118485
7489.67 0.2159677
7494.849999999999 0.2155713
7500.0199999999995 0.21525
7505.21 0.2150282
7510.39 0.2147452
7515.58 0.2144414
7520.780000000001 0.2165312
7525.969999999999 0.2163047
7531.17 0.2159882
7536.38 0.2156918
7541.59 0.2173783
7546.8 0.2171704
7552.01 0.2169182
7557.2300000000005 0.2141348
7562.45 0.21384
7567.68 0.2135855
7572.910000000001 0.2119419
7578.14 0.2117243
7583.379999999999 0.2113467
7588.620000000001 0.2110844
7593.86 0.2074526
7599.11 0.2071953
7604.36 0.2067887
7609.62 0.2065721
7614.87 0.2063134
7620.139999999999 0.2059698
7625.4 0.2085183
7630.67 0.2082176
7635.94 0.208038
7641.219999999999 0.2077466
7646.500000000001 0.2028612
7651.780000000001 0.2026039
7657.070000000001 0.2022691
7662.360000000001 0.1992254
7667.66 0.1989512
7672.96 0.1986436
7678.26 0.2020486
7683.56 0.2018501
7688.87 0.2015349
7694.19 0.2013005
7699.5 0.2006167
7704.82 0.2002664
7710.15 0.2000862
7715.4800000000005 0.1944921
7720.81 0.1941792
7726.14 0.1941091
7731.48 0.1985914
7736.83 0.1983706
7742.17 0.1981834
7747.5199999999995 0.1979328
7752.87 0.1878456
7758.2300000000005 0.1876033
7763.59 0.187145
7768.96 0.1985557
7774.330000000001 0.1982801
7779.700000000001 0.198022
7785.07 0.1969612
7790.45 0.1966662
7795.84 0.1963407
7801.22 0.1961222
7806.610000000001 0.1998868
7812.01 0.1996437
7817.41 0.1993532
7822.81 0.2023884
7828.21 0.2020185
7833.62 0.2017401
7839.040000000001 0.2014055
7844.45 0.2011506
7849.88 0.2009285
7855.299999999999 0.2006387
7860.7300000000005 0.2026651
7866.16 0.2023752
7871.59 0.2021184
7877.030000000001 0.1986818
7882.48 0.1984779
7887.92 0.198291
7893.38 0.1954838
7898.83 0.1951503
7904.290000000001 0.194766
7909.75 0.1944632
7915.21 0.1919861
7920.68 0.1917126
7926.16 0.1914593
7931.639999999999 0.1933495
7937.110000000001 0.1931041
7942.599999999999 0.1928297
7948.09 0.1925912
7953.58 0.1922816
7959.08 0.1920917
7964.58 0.1918788
7968.52 0.1978356
7974.47 0.197192
7980.429999999999 0.1964086
7986.39 0.1996821
7992.34 0.1995971
7998.29 0.1992958
8003.61 0.1971122
8010.509999999999 0.1964206
8017.410000000001 0.1965111
8024.31 0.2013004
8031.21 0.2009565
8038.110000000001 0.2009179
8045.01 0.2047519
8051.9 0.2043315
8058.8 0.2058968
8065.7 0.2057391
8072.589999999999 0.2054413
8079.48 0.201087
8086.370000000001 0.2009617
8093.26 0.2006892
8100.150000000001 0.1949711
8107.04 0.1944863
8113.93 0.1994336
8120.82 0.198864
8127.71 0.1989252
8134.59 0.1978326
8141.48 0.1973236
8148.36 0.1969599
8155.240000000001 0.1983249
8162.120000000001 0.1983944
8169.01 0.197714
8175.89 0.1964263
8182.77 0.195829
8189.650000000001 0.1967795
8196.52 0.1964206
8203.4 0.1965764
8210.28 0.2005242
8217.15 0.2000316
8224.03 0.1999049
8230.9 0.1813994
8237.77 0.1811558
8244.65 0.1807657
8251.52 0.2063524
8258.39 0.2059306
8265.25 0.2060068
8272.13 0.2057727
8278.99 0.2054315
8285.86 0.1998662
8292.73 0.1994421
8299.59 0.1989901
8306.46 0.1928685
8313.32 0.1924088
8320.189999999999 0.1918278
8327.050000000001 0.1917865
8333.91 0.191496
8340.77 0.1913027
8347.630000000001 0.1973392
8354.49 0.1970845
8361.35 0.1982668
8368.210000000001 0.1979886
8375.07 0.1978615
8381.92 0.1964625
8388.78 0.1964812
8395.64 0.1963022
8402.49 0.1969576
8409.35 0.1965889
8416.2 0.1961459
8423.05 0.1961712
8429.91 0.1959112
8436.75 0.1955476
8443.61 0.1860254
8450.46 0.1856696
8457.3 0.1891815
8464.15 0.1887868
8471.01 0.1884877
8477.85 0.1933216
8484.699999999999 0.192917
8491.539999999999 0.192633
8498.39 0.146256
8505.23 0.1456518
8512.08 0.1453847
8518.92 0.1817041
8525.77 0.181179
8532.6 0.1809508
8539.449999999999 0.175329
8546.289999999999 0.1748055
8553.13 0.1746691
8559.97 0.1859461
8566.81 0.1857322
8573.65 0.1854692
8580.48 0.1890713
8587.33 0.1886838
8594.16 0.1885439
8601.0 0.1874278
8607.83 0.1870003
8614.67 0.1892275
8621.5 0.1888476
8628.33 0.1883392
8635.17 0.1910722
8642.0 0.1906529
8648.83 0.1903884
8655.67 0.1838278
8662.5 0.1832982
8669.33 0.1829685
8676.16 0.1750313
8683.0 0.1748359
8689.82 0.1748651
8696.65 0.1852086
8703.48 0.1851852
8710.31 0.1846527
8717.14 0.1891944
8723.96 0.1889407
8730.79 0.1886906
8737.62 0.1843254
8744.44 0.1837817
8751.27 0.1834828
8758.09 0.1887595
8764.92 0.1885273
8771.74 0.1880563
8778.57 0.1898699
8785.39 0.1896844
8792.210000000001 0.1892962
8799.03 0.1894511
8805.86 0.1893943
8812.67 0.1887837
8819.5 0.1934621
8826.32 0.1932234
8833.140000000001 0.1929013
8839.960000000001 0.1874537
8846.779999999999 0.1870528
8853.6 0.1869651
8860.41 0.1914844
8867.23 0.1910901
8874.06 0.1906178
8880.869999999999 0.1775521
8887.69 0.1776197
8894.51 0.1771741
8901.33 0.1821973
8908.14 0.1820571
8914.95 0.1816086
8921.77 0.183589
8928.58 0.1836743
8935.4 0.1833683
8942.22 0.1846361
8949.02 0.1844616
8955.84 0.1840795
8962.66 0.1836983
8969.470000000001 0.1831162
8976.28 0.1828639
8983.09 0.1776911
8989.91 0.177648
8996.720000000001 0.1771995
9003.529999999999 0.1671469
9010.34 0.1667107
9017.16 0.1664441
9023.96 0.1735165
9030.78 0.1732273
9037.59 0.1728695
9044.39 0.1922972
9051.21 0.1922521
9058.02 0.1920193
9064.83 0.1814553
9071.630000000001 0.1823703
9078.44 0.1824885
9085.25 0.1864946
9092.06 0.1856001
9098.87 0.1852911
9105.68 0.1835936
9112.49 0.1834528
9119.289999999999 0.1834761
9126.1 0.1904302
9132.91 0.1905173
9139.71 0.1904045
9146.52 0.1797227
9153.33 0.1794671
9160.14 0.1793153
9166.94 0.1762096
9173.75 0.1760626
9180.55 0.1758273
9187.36 0.1755067
9194.17 0.1831959
9200.970000000001 0.1828914
9207.78 0.1824528
9214.58 0.1713366
9221.390000000001 0.1708577
9228.199999999999 0.170817
9235.0 0.1692479
9241.81 0.1690189
9246.56 0.1687699
9251.9 0.17964
9257.24 0.1790605
9262.58 0.1785782
9267.92 0.1788742
9273.26 0.1847152
9278.6 0.1844362
9283.93 0.1843355
9289.269999999999 0.1841539
9294.61 0.1643684
9299.95 0.1644322
9305.29 0.1640057
9310.619999999999 0.164053
9315.96 0.1850915
9321.289999999999 0.1846757
9326.630000000001 0.1842647
9331.960000000001 0.1841296
9337.3 0.1840917
9342.64 0.1837288
9347.97 0.1838321
9353.3 0.1836534
9358.64 0.1833105
9363.970000000001 0.1813613
9369.31 0.1811306
9374.64 0.1808589
9379.97 0.180576
9385.3 0.1833159
9390.64 0.1831958
9395.97 0.1830427
9401.310000000001 0.1830017
9406.64 0.180721
9411.97 0.1804779
9417.3 0.1801876
9422.63 0.1799474
9427.96 0.1842926
9433.289999999999 0.1841023
9438.619999999999 0.1839296
9443.95 0.1837421
9449.28 0.1817923
9454.61 0.18175
9459.94 0.1815538
9465.27 0.181345
9470.6 0.1855338
9475.93 0.1852058
9481.25 0.1849981
9486.58 0.1847939
9491.91 0.1854252
9497.24 0.1853147
9502.57 0.1850718
9507.89 0.1848673
9513.22 0.1833069
9518.55 0.1834647
9523.880000000001 0.1840394
9529.2 0.1857548
9534.53 0.1851778
9539.85 0.185289
9545.18 0.1827192
9550.5 0.1801387
9555.83 0.1822085
9561.16 0.1818716
9566.480000000001 0.1814131
9571.81 0.1812606
9577.130000000001 0.1842972
9582.45 0.1841932
9587.78 0.1839251
9593.1 0.1837709
9598.42 0.183628
9603.75 0.1820211
9609.07 0.1818278
9614.390000000001 0.1816808
9619.710000000001 0.1815669
9625.04 0.1830075
9630.35 0.1827535
9635.68 0.1826837
9641.0 0.1823489
9646.32 0.1802593
9651.64 0.1799907
9656.96 0.1798762
9662.29 0.1796038
9667.6 0.1801918
9672.92 0.1800547
9678.25 0.1798965
9683.56 0.1796882
9688.88 0.1819573
9694.21 0.1817763
9699.52 0.1815632
9704.84 0.1812945
9710.16 0.1794587
9715.48 0.1793421
9720.800000000001 0.1790694
9726.12 0.1789677
9731.43 0.1788643
9736.75 0.177455
9742.07 0.177151
9747.39 0.1770193
9752.699999999999 0.1767047
9758.019999999999 0.1777691
9763.34 0.1775685
9768.65 0.1773297
9773.960000000001 0.1772142
9779.29 0.1755197
9784.6 0.1753656
9789.92 0.1751244
9795.23 0.1749054
9800.539999999999 0.1790044
9805.859999999999 0.1790055
9811.18 0.1788446
9816.49 0.1787128
9821.800000000001 0.1783918
9827.11 0.1779273
9832.44 0.1779929
9837.74 0.1775731
9843.05 0.1773828
9848.36 0.1784903
9853.67 0.1783823
9858.99 0.1783341
9864.300000000001 0.1781217
9869.61 0.1775243
9874.92 0.1772489
9880.23 0.177135
9885.55 0.1769885
9890.86 0.1756314
9896.17 0.1755103
9901.48 0.1753668
9906.8 0.1753787
9912.109999999999 0.1753356
9917.42 0.1771872
9922.73 0.1769271
9928.04 0.1766329
9933.35 0.1764025
9938.67 0.1769438
9943.98 0.1769249
9949.289999999999 0.1766196
9954.6 0.1764054
9959.91 0.1771916
9965.230000000001 0.1769761
9970.539999999999 0.1769387
9975.85 0.1767085
9981.16 0.1764012
9986.47 0.1763246
9991.79 0.1762292
9997.1 0.1759022
10002.41 0.1757647
10007.72 0.1760814
10013.039999999999 0.1757867
10018.35 0.1755998
10023.61 0.1755485
10028.87 0.1752228
10034.179999999998 0.1750882
10039.499999999998 0.174907
10044.81 0.174778
10050.12 0.1747597
10055.43 0.1747781
10060.74 0.1744812
10066.05 0.1741441
10071.369999999999 0.1738423
10076.68 0.1736759
10081.99 0.1734998
10087.3 0.1733131
10092.62 0.1730634
10097.93 0.1729223
10103.24 0.1729397
10108.5 0.1726745
10113.76 0.1757527
10119.08 0.1755197
10124.390000000001 0.1755683
10129.699999999999 0.1751797
10135.01 0.1751111
10140.32 0.1746548
10145.64 0.1744529
10150.95 0.1742607
10156.259999999998 0.1737278
10161.57 0.1736672
10166.880000000001 0.1732372
10172.15 0.1731491
10177.41 0.1729424
10182.720000000001 0.1727396
10188.029999999999 0.1726425
10193.35 0.1725931
10198.66 0.1723519
10203.97 0.1741254
10209.28 0.1739976
10214.589999999998 0.173676
10219.910000000002 0.1735994
10225.12 0.1734529
10230.429999999998 0.1732004
10235.74 0.1729341
10241.06 0.1728566
10246.37 0.1727146
10251.68 0.1741916
10256.99 0.1739672
10262.3 0.1737863
10267.619999999999 0.1735523
10272.83 0.173434
10278.14 0.1732646
10283.45 0.1731669
10288.77 0.1728158
10294.080000000002 0.1725782
10299.39 0.1723083
10304.7 0.1720003
10309.960000000001 0.1719729
10315.23 0.1717872
10320.54 0.1717866
10325.85 0.1716632
10331.16 0.1716397
10336.47 0.1712739
10341.789999999999 0.1708703
10347.1 0.1707614
10352.31 0.1704001
10357.62 0.1702251
10362.94 0.1699014
10368.250000000002 0.1697921
10373.56 0.1697003
10378.87 0.1694579
10384.130000000001 0.1694283
10389.4 0.1692496
10394.710000000001 0.1702187
10400.02 0.1700254
10405.33 0.1699939
10410.65 0.1696856
10415.96 0.1695806
10421.17 0.1692367
10426.48 0.169024
10431.8 0.1689168
10437.11 0.1686355
10442.419999999998 0.1686343
10447.73 0.1684658
10452.95 0.1681824
10458.259999999998 0.1678161
10463.57 0.1678769
10468.880000000001 0.16769
10474.19 0.1676522
10479.5 0.1674113
10484.720000000001 0.1671943
10490.029999999999 0.1670416
10495.34 0.1666637
10500.65 0.1665402
10505.97 0.1665103
10511.23 0.1662729
10516.49 0.1661654
10521.8 0.166018
10527.109999999999 0.1658197
10532.429999999998 0.1656224
10537.74 0.1655371
10542.95 0.1653459
10548.27 0.1652184
10553.58 0.1649861
10558.890000000001 0.1649195
10564.199999999999 0.1647659
10569.46 0.1646337
10574.730000000001 0.1644203
10580.039999999999 0.1641631
10585.35 0.1640607
10590.66 0.1639228
10595.93 0.1637636
10601.19 0.1638689
10606.500000000002 0.1636992
10611.81 0.1635515
10617.13 0.1636333
10622.39 0.1634748
10627.65 0.1633566
10632.960000000001 0.1634551
10638.27 0.1630795
10643.58 0.1631677
10648.85 0.1630579
10654.11 0.1627776
10659.42 0.1626392
10664.73 0.1625846
10670.05 0.1625426
10675.26 0.1623253
10680.57 0.1623846
10685.880000000001 0.1620386
10691.2 0.1620956
10696.509999999998 0.1618709
10701.72 0.1616257
10707.029999999999 0.1616622
10712.349999999999 0.1615614
10717.66 0.1615151
10722.92 0.1614408
10728.18 0.1613762
10733.5 0.1612461
10738.810000000001 0.1614665
10744.119999999999 0.1611243
10749.33 0.1609858
10754.65 0.161385
10759.96 0.1609406
10765.27 0.1607319
10770.53 0.1607296
10775.79 0.160594
10781.11 0.1605643
10786.420000000002 0.1603914
10791.73 0.1602505
10796.939999999999 0.160115
10802.259999999998 0.1603299
10807.57 0.1605495
10812.880000000001 0.1613609
10818.09 0.1620054
10823.41 0.163373
10828.720000000001 0.1650951
10834.029999999999 0.1675872
10839.289999999999 0.1683049
10844.560000000001 0.1658916
10849.869999999999 0.1625011
10855.18 0.1603015
10860.44 0.1594373
10865.71 0.1590425
10871.02 0.1588245
10876.33 0.1583726
10881.59 0.1580063
10886.849999999999 0.1578443
10892.170000000002 0.1576076
10897.48 0.1572625
10902.79 0.15689
10908.0 0.1567092
10913.32 0.1566027
10918.630000000001 0.1563878
10923.94 0.1562415
10929.150000000001 0.156005
10934.470000000001 0.1558539
10939.779999999999 0.1560424
10945.09 0.1557385
10950.3 0.1555964
10955.619999999999 0.1550169
10960.93 0.154949
10966.24 0.1548001
10971.45 0.1545166
10976.77 0.1543356
10982.08 0.1537992
10987.39 0.1540018
10992.599999999999 0.1539676
10997.920000000002 0.1536618
11003.23 0.1534453
11008.54 0.1532643
11013.75 0.1524034
11019.060000000001 0.1524459
11024.369999999999 0.152046
11029.640000000001 0.1520845
11034.900000000001 0.1515766
11040.21 0.1515244
11045.529999999999 0.1510037
11050.789999999999 0.1512203
11056.05 0.1509394
11061.36 0.1508606
11066.67 0.150831
11071.94 0.1504782
11077.2 0.1502818
11082.51 0.1502313
11087.83 0.149826
11093.09 0.1497023
11099.42 0.1498298
11106.37 0.14956
11112.759999999998 0.149508
11119.16 0.1492389
11125.55 0.1490946
11131.94 0.1488884
11138.39 0.1487058
11144.78 0.1485438
11151.169999999998 0.1482641
11157.570000000002 0.1481755
11163.96 0.1480046
11170.359999999999 0.147975
11176.75 0.1476858
11183.14 0.1475416
11189.54 0.1473138
11195.93 0.147159
11202.33 0.1479911
11208.720000000001 0.1478608
11215.12 0.1476174
11221.509999999998 0.1475453
11227.9 0.1473437
11234.3 0.147171
11240.69 0.1469229
11247.08 0.1466418
11253.48 0.1464467
11259.87 0.1463521
11266.27 0.1461168
11272.660000000002 0.1459476
11279.060000000001 0.1458513
11285.449999999999 0.1457723
11291.84 0.1455894
11298.24 0.1454721
11304.63 0.1452342
11311.029999999999 0.1451337
11317.42 0.1450387
11323.810000000001 0.1448022
11330.210000000001 0.144644
11336.599999999999 0.1445099
11343.0 0.144262
11349.39 0.1441149
11355.740000000002 0.1438969
11362.13 0.1437885
11368.52 0.1435846
11374.92 0.1434482
11381.31 0.1432031
11387.71 0.142971
11394.1 0.142881
11400.490000000002 0.1462675
11406.84 0.1461547
11413.230000000001 0.14596
11419.630000000001 0.1458129
11426.019999999999 0.1456093
11432.41 0.145575
11438.81 0.1453325
11445.15 0.1451986
11451.55 0.1450727
11457.94 0.1448941
11464.34 0.1447989
11470.73 0.1447025
11477.08 0.1444762
11483.47 0.1442736
11489.86 0.1440697
11496.26 0.1439721
11502.650000000001 0.1438186
11509.0 0.1436412
11515.390000000001 0.1434693
11521.779999999999 0.143282
11528.179999999998 0.1431391
11534.519999999999 0.1430142
11540.919999999998 0.1428078
11547.31 0.1427517
11553.659999999998 0.1426283
11560.05 0.1424045
11566.44 0.1422132
11572.84 0.142098
11579.18 0.1419225
11585.58 0.1418741
11591.970000000001 0.1415808
11598.32 0.1418129
11604.710000000001 0.1416172
11611.1 0.1415088
11617.5 0.14133
11623.84 0.1412153
11630.24 0.141097
11636.58 0.1409649
11642.980000000001 0.1406715
11649.369999999999 0.1405898
11655.76 0.1405005
11662.11 0.1403502
11668.5 0.1402096
11674.85 0.140014
11681.24 0.1399129
11687.64 0.1396928
11693.98 0.1395416
11700.38 0.1394854
11706.72 0.1393191
11713.11 0.1391303
11719.51 0.1389912
11725.85 0.1388235
11732.25 0.1386748
11738.59 0.1385306
11744.99 0.1383514
11751.380000000001 0.1382611
11757.73 0.1381646
11764.12 0.1379805
11770.460000000001 0.1377477
11776.86 0.1376567
11783.25 0.1374528
11789.6 0.1373308
11795.94 0.1371918
11802.34 0.1370165
11808.730000000001 0.1368793
11815.070000000002 0.1367975
11821.42 0.1365947
11827.810000000001 0.1364929
11834.210000000001 0.1362387
11840.550000000001 0.1361014
11846.95 0.1360205
11853.29 0.1359036
11859.69 0.135794
11866.03 0.1356633
11872.37 0.1355141
11878.77 0.1354931
11885.16 0.1353606
11891.51 0.1352438
11897.85 0.1350124
11904.25 0.1348822
11910.64 0.1346677
11916.98 0.1345448
11923.330000000002 0.1343906
11929.72 0.1342522
11936.070000000002 0.1340776
11942.42 0.1339898
11948.810000000001 0.1338396
11955.199999999999 0.1337489
11961.550000000001 0.1335337
11967.890000000001 0.1333771
11974.29 0.1332624
11980.630000000001 0.1330162
11986.98 0.1329279
11993.37 0.1328004
11999.71 0.132709
12006.11 0.1337395
12012.449999999999 0.1335574
12018.85 0.1334989
12025.189999999999 0.1333215
12031.54 0.1331757
12037.929999999998 0.1331115
12044.28 0.1328985
12050.62 0.1327882
12057.009999999998 0.132648
12063.36 0.132548
12069.710000000001 0.1324734
12076.1 0.1322993
12082.44 0.1321264
12088.79 0.131929
12095.18 0.1318869
12101.53 0.1317154
12107.87 0.1315682
12114.27 0.1314363
12120.61 0.131314
12126.96 0.1311674
12133.35 0.1310674
12139.7 0.1308935
12146.04 0.1307874
12152.43 0.1306996
12158.78 0.1304944
12165.12 0.1304611
12171.52 0.1303492
12177.86 0.1301801
12184.21 0.130073
12190.55 0.1299044
12196.9 0.131498
12203.29 0.131342
12209.64 0.1312404
12215.98 0.131065
12222.38 0.1309707
12228.72 0.1308234
12235.07 0.1306893
12241.46 0.1306243
12247.75 0.1304136
12254.15 0.1303486
12260.49 0.1302031
12266.840000000002 0.1300855
12273.23 0.1298979
12279.580000000002 0.1297434
12285.919999999998 0.1297225
12292.27 0.1295486
12298.61 0.1294236
12305.01 0.1292524
12311.35 0.1291717
12317.7 0.1290857
12324.04 0.1289281
12330.39 0.1287463
12336.78 0.1286291
12343.13 0.1284694
12349.47 0.1283495
12355.810000000001 0.1282245
12362.16 0.1280623
12368.550000000001 0.1279764
12374.85 0.127829
12381.24 0.1276662
12387.59 0.1276544
12393.93 0.1275313
12400.279999999999 0.1279086
12406.619999999999 0.1277884
12413.019999999999 0.1276182
12419.359999999999 0.1275043
12425.710000000001 0.1274751
12432.05 0.1273164
12438.400000000001 0.1271186
12444.789999999999 0.1269866
12451.09 0.1268123
12457.480000000001 0.1267076
12463.78 0.1266479
12470.17 0.1265739
12476.51 0.1263357
12482.86 0.1262577
12489.2 0.126158
12495.55 0.1260909
12501.94 0.1260338
12508.24 0.1258681
12514.63 0.1258154
12520.929999999998 0.1257924
12527.32 0.125679
12533.669999999998 0.1254707
12540.009999999998 0.1253009
12546.36 0.125076
12552.7 0.124978
12559.050000000001 0.12494
12565.390000000001 0.1250444
12571.79 0.125178
12578.08 0.1250855
12584.48 0.12467
12590.77 0.1244806
12597.17 0.1250369
12603.46 0.1250392
12609.859999999999 0.1248912
12616.15 0.1248473
12622.539999999999 0.1247081
12628.89 0.1247168
12635.23 0.1245263
12641.579999999998 0.1244313
12647.919999999998 0.1244135
12654.27 0.1242734
12660.61 0.1241166
12666.960000000001 0.1240856
12673.300000000001 0.1239949
12679.65 0.1238611
12685.99 0.1238118
12692.34 0.1236714
12698.68 0.123597
12705.029999999999 0.1235538
12711.369999999999 0.1234486
12717.72 0.1233658
12724.06 0.1233364
12730.410000000002 0.1232307
12736.749999999998 0.1231542
12743.1 0.122964
12749.44 0.1229338
12755.79 0.1227671
12762.130000000001 0.1226788
12768.48 0.1225239
12774.82 0.1223903
12781.17 0.1222683
12787.51 0.1222589
12793.859999999999 0.1221091
12800.199999999999 0.1220388
12806.550000000001 0.122633
12812.89 0.1226147
12819.24 0.1228474
12825.580000000002 0.1229904
12831.93 0.1228117
12838.27 0.1223955
12844.57 0.1219325
12850.960000000001 0.1217433
12857.25 0.1215999
12863.65 0.1213948
12869.94 0.1213237
12876.34 0.1213134
12882.63 0.1211122
12889.029999999999 0.1208753
12895.32 0.1207539
12901.720000000001 0.120475
12908.01 0.1203694
12914.36 0.120111
12920.71 0.1200037
12927.05 0.1199513
12933.39 0.1198014
12939.74 0.1197399
12946.08 0.1195646
12952.38 0.1195334
12958.769999999999 0.1193304
12965.070000000002 0.1192335
12971.46 0.119088
12977.76 0.1190423
12984.150000000001 0.1187939
12990.45 0.1186874
12996.79 0.1185837
13003.14 0.1184486
13009.48 0.1196674
13015.83 0.1194601
13022.119999999999 0.1193795
13028.519999999999 0.1193366
13034.81 0.1191723
13041.210000000001 0.1190005
13047.5 0.1189422
13053.85 0.1188496
13060.19 0.1187146
13066.539999999999 0.1185982
13072.88 0.1184863
13079.179999999998 0.1183992
13085.57 0.1182787
13091.87 0.1181359
13098.26 0.117967
13104.560000000001 0.1177816
13110.900000000001 0.1176466
13117.25 0.1175381
13123.54 0.1174847
13129.94 0.1172483
13136.23 0.1171338
13142.63 0.1169995
13148.92 0.1169393
13155.269999999999 0.1167976
13161.609999999999 0.1167376
13167.960000000001 0.1165848
13174.300000000001 0.1165812
13180.6 0.1164659
13186.99 0.1162951
13193.289999999999 0.116142
13199.63 0.1160499
13205.98 0.116017
13212.269999999999 0.1158094
13218.669999999998 0.1158386
13224.96 0.1156291
13231.36 0.1154372
13237.650000000001 0.1154137
13244.0 0.1152489
13250.34 0.1150732
13256.64 0.1149868
13263.03 0.1148918
13269.33 0.1147577
13275.67 0.1147793
13282.02 0.114557
13286.74 0.114605
13378.32 0.1129105
13427.51 0.1135798
13476.69 0.1127465
13525.88 0.1119284
13575.060000000001 0.1111255
13624.25 0.1110763
13673.43 0.1102974
13722.62 0.1095326
13771.800000000001 0.1087822
13820.99 0.1073257
13889.849999999999 0.1065191
13897.859999999999 0.1065052
13905.83 0.1063239
13913.85 0.1061822
13921.859999999999 0.1060407
13929.83 0.1058812
13937.85 0.1057702
13945.82 0.1057211
13953.83 0.105526
13961.8 0.1054773
13969.82 0.1052653
13977.839999999998 0.1051864
13985.8 0.1050836
13993.77 0.1049759
14001.79 0.104835
14009.81 0.1039817
14017.779999999999 0.1039459
14025.74 0.1038499
14033.76 0.1038193
14041.779999999999 0.1036481
14049.75 0.1034809
14057.710000000001 0.1033907
14065.730000000001 0.1032741
14073.7 0.1031256
14081.72 0.103005
14089.68 0.1028574
14097.699999999999 0.1028308
14105.669999999998 0.1026337
14113.69 0.1025201
14121.65 0.1024468
14129.62 0.1023285
14137.64 0.1022079
14145.609999999999 0.1020895
14153.579999999998 0.1019771
14161.59 0.101889
14169.560000000001 0.1017903
14177.53 0.1017563
14185.54 0.1015933
14193.51 0.1014276
14201.48 0.1013195
14209.5 0.1012502
14217.470000000001 0.1022127
14225.429999999998 0.1021194
14233.4 0.1019881
14241.42 0.1018937
14249.39 0.1016875
14257.359999999999 0.101695
14265.369999999999 0.1016018
14273.34 0.1014822
14281.31 0.1013169
14289.28 0.1013995
14297.24 0.101305
14305.26 0.1012773
14313.23 0.1011274
14321.2 0.1009191
14329.17 0.1007411
14337.18 0.1006369
14345.15 0.1004981
14353.119999999999 0.1003511
14361.09 0.1001984
14369.050000000001 0.1001394
14377.02 0.1000514
14384.99 0.09994661
14393.01 0.09989232
14400.980000000001 0.09972123
14408.939999999999 0.09960124
14416.91 0.1023757
14424.88 0.1023801
14432.849999999999 0.1022152
14440.820000000002 0.1021418
14448.78 0.1020224
14456.75 0.1018498
14464.77 0.101717
14472.74 0.1015693
14480.710000000001 0.1016092
14488.669999999998 0.1015274
14496.640000000001 0.1013976
14504.61 0.101333
14512.58 0.1012088
14520.539999999999 0.1010131
14528.509999999998 0.1009147
14536.480000000001 0.100857
14544.45 0.1006925
14552.42 0.1006084
14560.38 0.1005044
14568.35 0.1003938
14576.32 0.1002506
14584.289999999999 0.1001789
14592.259999999998 0.1001111
14600.22 0.09994071
14608.19 0.09984576
14616.16 0.09906509
14624.08 0.09893704
14632.050000000001 0.09883804
14640.01 0.09875677
14647.98 0.09863539
14655.949999999999 0.09851426
14663.92 0.09844597
14671.890000000001 0.09832937
14679.85 0.09826015
14687.82 0.09816333
14695.789999999999 0.09805129
14703.710000000001 0.09794889
14711.68 0.09783533
14719.65 0.0977549
14727.61 0.09767507
14735.58 0.09754466
14743.550000000001 0.09748032
14751.47 0.09736038
14759.439999999999 0.09723333
14767.4 0.09714657
14775.37 0.09708034
14783.34 0.09695681
14791.31 0.09684152
14799.230000000001 0.09954074
14807.189999999999 0.09953043
14815.16 0.09932544
14823.13 0.09921018
14831.05 0.09914698
14839.02 0.09909892
14846.99 0.09894766
14854.95 0.09886233
14862.92 0.09879348
14870.84 0.09869724
14878.81 0.09850885
14886.779999999999 0.09839551
14894.7 0.09827327
14902.660000000002 0.09819333
14910.630000000001 0.09814968
14918.6 0.09803826
14926.52 0.09796935
14934.49 0.0978925
14942.4 0.097791
14950.369999999999 0.09771409
14958.340000000002 0.09757346
14966.310000000001 0.09750538
14974.23 0.09740062
14982.2 0.09728409
14990.11 0.1000079
14998.08 0.09989394
15006.05 0.09981606
15014.019999999999 0.09976146
15021.94 0.0995571
15029.9 0.09939387
15037.82 0.09925652
15045.79 0.09907294
15053.76 0.09902903
15061.68 0.09893153
15069.650000000001 0.09889041
15077.57 0.0987483
15085.53 0.09865931
15093.5 0.09858602
15101.42 0.09853628
15109.34 0.09841183
15117.31 0.09832085
15125.27 0.0981985
15133.19 0.09813436
15141.16 0.09799837
15149.08 0.09789673
15157.050000000001 0.09784362
15165.02 0.09772763
15172.93 0.09762348
15180.849999999999 0.09751689
15188.820000000002 0.09746846
15196.79 0.1010881
15204.71 0.1009401
15212.630000000001 0.1008353
15220.6 0.1007347
15228.56 0.1006788
15236.48 0.1005794
15244.4 0.1004407
15252.369999999999 0.1003574
15260.29 0.1002747
15268.250000000002 0.1001874
15276.17 0.1000465
15284.14 0.09998249
15292.060000000001 0.09985156
15299.98 0.09973682
15307.949999999999 0.09961612
15315.91 0.09958316
15323.83 0.09950633
15331.75 0.09945526
15339.72 0.09939813
15347.64 0.09927391
15355.56 0.09918319
15363.53 0.09905717
15371.490000000002 0.09893988
15379.41 0.09881678
15387.33 0.09869574
15395.300000000001 0.09859153
15403.22 0.09851224
15411.140000000001 0.09999507
15419.11 0.0998894
15427.02 0.09980726
15434.939999999999 0.0996933
15442.910000000002 0.09962618
15450.83 0.09955866
15458.750000000002 0.09954109
15466.720000000001 0.09943313
15474.64 0.09925848
15482.55 0.0992124
15490.52 0.09910043
15498.44 0.0990162
15506.359999999999 0.09887393
15514.33 0.09879822
15522.25 0.09865172
15530.17 0.09854317
15538.130000000001 0.09849528
15546.05 0.09836505
15553.97 0.09826729
15561.94 0.09812086
15569.86 0.09807056
15577.78 0.09789954
15585.74 0.0978412
15593.66 0.09774401
15601.58 0.09763324
15609.5 0.09840623
15617.42 0.0983269
15625.39 0.09822129
15633.31 0.09818692
15641.23 0.09813767
15649.189999999999 0.09801941
15657.11 0.09790721
15665.03 0.09778938
15673.0 0.09767436
15680.87 0.09757669
15688.84 0.0975003
15696.75 0.09734895
15704.67 0.09726779
15712.64 0.09718129
15720.51 0.09711128
15728.48 0.09703139
15736.4 0.09693296
15744.32 0.09680328
15752.28 0.09674475
15760.15 0.09659028
15768.12 0.09644789
15776.04 0.09638487
15783.96 0.09620728
15791.93 0.09610576
15799.8 0.09609135
15807.77 0.09560632
15815.68 0.09552688
15823.6 0.09542072
15831.519999999999 0.09536275
15839.44 0.09520857
15847.41 0.0951921
15855.33 0.09512459
15863.25 0.09495395
15871.170000000002 0.09491489
15879.080000000002 0.09488157
15887.050000000001 0.09476967
15894.919999999998 0.09457971
15902.890000000001 0.09445776
15910.81 0.0943798
15918.730000000001 0.09428847
15926.65 0.09418783
15934.56 0.09409848
15942.480000000001 0.09408067
15950.4 0.09401474
15958.369999999999 0.0939286
15966.24 0.09373309
15974.21 0.09364147
15982.130000000001 0.09363654
15990.04 0.0934523
15997.96 0.09339379
16005.88 0.09539791
16013.800000000001 0.09531167
16021.72 0.09522148
16029.69 0.09511367
16037.56 0.09500341
16045.529999999999 0.09495573
16053.4 0.09482678
16061.36 0.09477735
16069.230000000001 0.09469471
16077.2 0.09462637
16085.119999999999 0.0945165
16093.04 0.09449908
16100.96 0.09438591
16108.880000000001 0.09433805
16116.79 0.09419447
16124.71 0.09414556
16132.63 0.09399789
16140.55 0.09389443
16148.52 0.09383654
16156.390000000001 0.09376731
16164.36 0.09365235
16172.230000000001 0.09363372
16180.2 0.09348627
16188.06 0.09341951
16196.029999999999 0.09471838
16203.9 0.09450427
16211.869999999999 0.09441149
16219.74 0.09432259
16227.71 0.09422551
16235.58 0.09425623
16243.54 0.09410864
16251.41 0.09405076
16259.380000000001 0.09397157
16267.25 0.0938873
16275.22 0.09379819
16283.09 0.09377336
16291.06 0.09369833
16298.93 0.09365593
16306.890000000001 0.09348988
16314.759999999998 0.09346046
16322.730000000001 0.09334178
16330.6 0.09322951
16338.57 0.0931533
16346.44 0.09310802
16354.41 0.09297206
16362.28 0.0928895
16370.25 0.09277703
16378.109999999999 0.09270382
16386.08 0.09260965
16393.95 0.09248485
16401.920000000002 0.0932093
16409.79 0.09313861
16417.76 0.09304782
16425.63 0.09290699
16433.6 0.09295034
16441.460000000003 0.09302664
16449.38 0.09296684
16457.3 0.09284753
16465.22 0.09263567
16473.14 0.09248478
16481.06 0.0923631
16488.98 0.09233447
16496.9 0.09230002
16504.82 0.09215484
16512.73 0.09213029
16520.649999999998 0.09199787
16528.52 0.09189857
16536.489999999998 0.09183476
16544.36 0.09169824
16552.329999999998 0.09163464
16560.2 0.09150185
16568.16 0.09147261
16576.04 0.0914347
16584.0 0.09136454
16591.87 0.09128937
16599.79 0.09118325
16607.71 0.09189546
16615.629999999997 0.09178631
16623.55 0.09166229
16631.469999999998 0.09157554
16639.379999999997 0.09147527
16647.25 0.09143316
16655.22 0.09127426
16663.09 0.09125718
16671.06 0.09115372
16678.93 0.09101084
16686.9 0.0909743
16694.77 0.09088725
16702.69 0.09080089
16710.61 0.09071411
16718.53 0.09065733
16726.44 0.09061201
16734.36 0.0905351
16742.28 0.09039564
16750.149999999998 0.09029687
16758.12 0.09023738
16765.989999999998 0.09015417
16773.960000000003 0.0900813
16781.829999999998 0.09001471
16789.739999999998 0.09000059
16797.66 0.09008031
16805.58 0.08998119
16813.5 0.08992277
16821.37 0.08983346
16829.34 0.08970819
16837.21 0.08959357
16845.18 0.0894551
16853.04 0.08943078
16861.010000000002 0.08937626
16868.88 0.08931696
16876.8 0.08920612
16884.72 0.0890832
16892.64 0.0889989
16900.56 0.08893207
16908.43 0.08886321
16916.39 0.08875976
16924.26 0.08870126
16932.23 0.08857794
16940.1 0.0885937
16948.02 0.08848391
16955.94 0.08836091
16963.86 0.088251
16971.780000000002 0.08826104
16979.649999999998 0.08816842
16987.620000000003 0.08811063
16995.48 0.08763385
17003.45 0.08753988
17011.32 0.0875412
17019.24 0.08743274
17027.16 0.08734715
17035.08 0.08724938
17043.0 0.08718444
17050.87 0.08715622
17058.84 0.08698997
17066.71 0.086941
17074.670000000002 0.08678859
17082.54 0.08673641
17090.46 0.0866832
17098.38 0.08659146
17106.25 0.0865249
17114.22 0.08644394
17122.09 0.08642757
17130.050000000003 0.0863194
17137.93 0.0862681
17145.84 0.08616271
17153.76 0.08609356
17161.68 0.08592559
17169.600000000002 0.08593804
17177.469999999998 0.085893
17185.440000000002 0.08580452
17193.309999999998 0.0843517
17201.280000000002 0.08425461
17209.14 0.08413766
17217.06 0.08414345
17224.98 0.08403697
17232.9 0.08395912
17240.82 0.08391401
17248.69 0.08378191
17256.66 0.08378496
17264.53 0.08366408
17272.49 0.08352661
17280.36 0.08349508
17288.28 0.08341953
17296.2 0.0833638
17304.12 0.08322016
17312.04 0.08314743
17319.91 0.08306167
17327.88 0.08293471
17335.75 0.0829164
17343.710000000003 0.08282887
17351.579999999998 0.082712
17359.5 0.08256056
17367.420000000002 0.08261527
17375.34 0.08255036
17383.260000000002 0.08253
17391.18 0.08176612
17399.100000000002 0.08164744
17406.97 0.08163309
17414.93 0.08157479
17422.8 0.0814711
17430.77 0.0813575
17438.64 0.08126831
17446.56 0.08123979
17454.48 0.08117511
17462.4 0.08112048
17470.32 0.08105178
17478.19 0.08099455
17486.15 0.08087558
17494.02 0.08083824
17501.99 0.08076822
17509.86 0.08068455
17517.83 0.08057058
17525.7 0.08049744
17533.620000000003 0.08038015
17541.54 0.08032767
17549.46 0.08029674
17557.38 0.08006179
17565.29 0.08001233
17573.21 0.07994621
17581.08 0.07989521
17589.05 0.07857758
17596.920000000002 0.07854869
17604.89 0.07848925
17612.760000000002 0.07841026
17620.68 0.07834126
17628.59 0.07818034
17636.510000000002 0.0782365
17644.43 0.07808688
17652.350000000002 0.07806592
17660.27 0.077977
17668.19 0.07788348
17676.11 0.07787914
17683.98 0.07784603
17691.94 0.07785535
17699.81 0.07777444
17707.78 0.07766627
17715.65 0.07748432
17723.62 0.07750847
17731.49 0.07738535
17739.46 0.07731125
17747.329999999998 0.07721632
17755.24 0.07716464
17763.16 0.07698775
17771.079999999998 0.07702081
17779.0 0.07696795
17786.92 0.07693447
17794.84 0.07575246
17802.76 0.0758525
17810.68 0.07569458
17818.6 0.07568982
17826.52 0.07564917
17834.43 0.07540285
17842.35 0.07557528
17850.27 0.07534682
17858.19 0.07543557
17866.11 0.07532364
17874.030000000002 0.075249
17881.899999999998 0.07520922
17889.870000000003 0.07511947
17895.77 0.07502927
17952.53 0.07482415
18001.71 0.072823
18050.9 0.07244444
18100.08 0.07206901
18149.27 0.07169655
18198.45 0.07132718
18247.64 0.07065075
18296.82 0.07028895
18346.01 0.06992997
18395.19 0.06957393
18444.38 0.06832047
18522.48 0.06790536
18527.79 0.0679449
18533.11 0.06794346
18538.42 0.06780793
18543.73 0.06781268
18549.04 0.06777548
18554.36 0.0677857
18559.67 0.06778795
18564.98 0.06765187
18570.29 0.06768847
18575.600000000002 0.06768188
18580.91 0.06775251
18586.23 0.06778941
18591.54 0.06644825
18596.85 0.06636068
18602.16 0.06636279
18607.469999999998 0.06645039
18612.690000000002 0.06633552
18618.0 0.06631126
18623.31 0.0664193
18628.63 0.06632315
18633.94 0.06622512
18639.25 0.06619439
18644.559999999998 0.06623776
18649.87 0.06627798
18655.18 0.06623196
18660.5 0.06630151
18665.81 0.06630723
18671.120000000003 0.0662228
18676.43 0.06628745
18681.74 0.06625358
18687.05 0.0662536
18692.37 0.06602809
18697.68 0.06559717
18702.989999999998 0.06568289
18708.21 0.06591121
18713.52 0.06591573
18718.829999999998 0.06581938
18724.14 0.06573021
18729.45 0.06590057
18734.77 0.06592476
18740.079999999998 0.06597282
18745.39 0.06590428
18750.7 0.06638554
18756.010000000002 0.06634337
18761.32 0.06658934
18766.64 0.06680243
18771.95 0.0668237
18777.26 0.0665007
18782.57 0.06617428
18787.79 0.06588938
18793.1 0.06552541
18798.41 0.06534447
18803.719999999998 0.06485356
18809.04 0.06476839
18814.35 0.0647006
18819.66 0.06470779
18824.97 0.06459404
18830.28 0.06438823
18835.59 0.06427932
18840.91 0.06437202
18846.22 0.06446236
18851.530000000002 0.06425711
18856.74 0.06410598
18862.05 0.06395657
18867.370000000003 0.06392568
18872.68 0.06399068
18877.99 0.06410151
18883.3 0.06407903
18888.62 0.06405944
18893.93 0.06369559
18899.239999999998 0.06347703
18904.55 0.06341664
18909.86 0.06345988
18915.18 0.06351475
18920.39 0.06358312
18925.7 0.06354955
18931.01 0.06336696
18936.32 0.06336024
18941.64 0.06324938
18946.95 0.06322564
18952.260000000002 0.06329886
18957.57 0.06319396
18962.88 0.06314297
18968.2 0.06312179
18973.51 0.0629336
18978.72 0.06297239
18984.03 0.06300593
18989.350000000002 0.06292084
18994.66 0.06290697
18999.97 0.06272359
19005.28 0.06264387
19010.59 0.06257343
19015.91 0.06259165
19021.22 0.06256565
19026.53 0.06250138
19031.739999999998 0.06240497
19037.059999999998 0.06241187
19042.37 0.06240749
19047.68 0.06236913
19052.99 0.06232604
19058.3 0.06226947
19063.62 0.06227402
19068.93 0.06226681
19074.24 0.06222211
19079.55 0.0621142
19084.77 0.06210688
19090.08 0.06209502
19095.39 0.06200183
19100.7 0.06195076
19106.01 0.06195073
19111.329999999998 0.06189338
19116.64 0.06184016
19121.95 0.0618531
19127.26 0.06175932
19132.469999999998 0.06181041
19137.789999999997 0.06177332
19143.1 0.06178364
19148.41 0.06177112
19153.72 0.06178677
19159.04 0.0617267
19164.350000000002 0.06168135
19169.66 0.06162897
19174.87 0.06159316
19180.18 0.06153764
19185.5 0.06153918
19190.81 0.06144773
19196.120000000003 0.06147012
19201.43 0.06076343
19206.74 0.06078319
19212.06 0.06071911
19217.37 0.06072927
19222.58 0.06066045
19227.89 0.06058781
19233.21 0.06056932
19238.52 0.06048555
19243.829999999998 0.06042327
19249.14 0.06042549
19254.45 0.06039268
19259.77 0.06032387
19264.98 0.0602946
19270.29 0.06023636
19275.6 0.06018307
19280.92 0.06015861
19286.23 0.06010313
19291.54 0.06006938
19296.850000000002 0.06003418
19302.06 0.06006441
19307.38 0.05998778
19312.69 0.05996893
19318.0 0.05988732
19323.31 0.05981118
19328.63 0.0597979
19333.940000000002 0.05982228
19339.25 0.05972093
19344.460000000003 0.05972352
19349.780000000002 0.05968966
19355.09 0.05967837
19360.4 0.05963515
19365.71 0.05962414
19371.02 0.05956551
19376.329999999998 0.05956886
19381.55 0.05950016
19386.86 0.05953847
19392.17 0.05948849
19397.48 0.0581715
19402.8 0.0580919
19408.11 0.05810721
19413.42 0.05801867
19418.629999999997 0.05799028
19423.95 0.05792892
19429.26 0.05792707
19434.57 0.05790559
19439.88 0.05785213
19445.190000000002 0.05782398
19450.510000000002 0.05786788
19455.72 0.05780609
19461.03 0.05778032
19466.34 0.05775053
19471.65 0.05773487
19476.97 0.05766112
19482.280000000002 0.05760764
19487.49 0.05758076
19492.8 0.05750714
19498.120000000003 0.05750408
19503.43 0.05751632
19508.74 0.05747964
19514.05 0.05745894
19519.37 0.05742299
19524.58 0.05737893
19529.89 0.0573348
19535.2 0.05734126
19540.51 0.05733713
19545.82 0.05730033
19551.14 0.05725209
19556.35 0.05724396
19561.66 0.05719479
19566.969999999998 0.05722076
19572.29 0.05720364
19577.6 0.05721506
19582.91 0.05721675
19588.12 0.05721109
19593.44 0.05719747
19598.75 0.05666202
19604.06 0.05664188
19609.37 0.05663075
19614.69 0.05663789
19619.899999999998 0.05663488
19625.21 0.0567047
19630.52 0.05669571
19635.83 0.05668138
19641.15 0.05672138
19646.46 0.05666139
19651.670000000002 0.05658835
19656.98 0.05643795
19662.29 0.05637387
19667.61 0.05636097
19672.920000000002 0.05608115
19678.23 0.05625572
19683.45 0.05618645
19688.760000000002 0.05615287
19694.07 0.05599951
19699.38 0.05605901
19704.69 0.0561083
19710.0 0.05605717
19715.22 0.05604984
19720.53 0.05594624
19725.84 0.05593274
19731.149999999998 0.05586279
19736.469999999998 0.05564234
19741.78 0.05564845
19746.99 0.05561772
19752.31 0.05560322
19757.62 0.05557255
19762.93 0.05560713
19768.239999999998 0.05561207
19773.45 0.05558234
19778.77 0.055548
19784.079999999998 0.0555085
19789.39 0.05547388
19794.7 0.05543548
19800.01 0.05536462
19805.23 0.05466362
19810.54 0.05460187
19815.85 0.05457197
19821.16 0.05454308
19826.47 0.05449255
19831.69 0.05452063
19837.0 0.05450238
19842.31 0.05439993
19847.62 0.0543839
19852.94 0.05438073
19858.15 0.05435744
19863.46 0.05426742
19868.77 0.05423717
19874.09 0.05421504
19879.4 0.05418824
19884.61 0.0541514
19889.920000000002 0.05412237
19895.24 0.05408727
19900.55 0.05405929
19905.86 0.05400534
19911.170000000002 0.05399609
19916.39 0.05400907
19921.7 0.05395919
19927.010000000002 0.05391136
19932.32 0.05389222
19937.63 0.05384932
19942.850000000002 0.05376934
19948.16 0.05376392
19953.47 0.05378685
19958.78 0.05375346
19964.1 0.05373118
19969.31 0.0536619
19974.62 0.05365618
19979.93 0.05361075
19985.239999999998 0.05360894
19990.559999999998 0.05358949
19995.77 0.05357044
20001.08 0.05354884
20006.39 0.0535339
20011.71 0.05348623
20017.02 0.05345642
20022.23 0.05342596
20027.54 0.05338387
20032.85 0.05336695
20038.170000000002 0.05334116
20043.48 0.05333515
20048.69 0.05330812
20054.01 0.05325809
20059.32 0.05324539
20064.63 0.05325556
20069.84 0.05317898
20075.16 0.05316733
20080.469999999998 0.05308963
20085.78 0.05314258
20091.09 0.05306936
20096.3 0.05307285
20101.62 0.05304029
20106.929999999997 0.05301789
20112.239999999998 0.0529708
20117.55 0.05297522
20122.77 0.05293725
20128.08 0.05292461
20133.390000000003 0.05290494
20138.699999999997 0.05289173
20144.01 0.0528571
20149.23 0.05282071
20154.54 0.05280023
20159.850000000002 0.05279688
20165.160000000003 0.0527654
20170.379999999997 0.05272651
20175.69 0.05270576
20181.0 0.05266296
20186.31 0.05265163
20191.620000000003 0.05263435
20196.839999999997 0.05192414
20202.149999999998 0.05191129
20207.46 0.05184786
20212.77 0.05184196
20217.99 0.05179684
20223.300000000003 0.05176668
20228.609999999997 0.05174621
20233.93 0.05170493
20239.24 0.05168166
20244.45 0.05164409
20249.760000000002 0.05161036
20255.070000000003 0.05159516
20260.379999999997 0.05159297
20265.6 0.05154872
20270.91 0.05155333
20276.22 0.05154656
20281.539999999997 0.05149585
20286.749999999996 0.05145932
20292.059999999998 0.05146724
20297.37 0.05141539
20302.68 0.05138256
20308.0 0.0513823
20313.210000000003 0.05133568
20318.52 0.05131291
20323.84 0.05132049
20329.15 0.05128055
20334.36 0.05124265
20339.670000000002 0.05130992
20344.980000000003 0.05124707
20350.29 0.05121952
20355.51 0.05119976
20360.82 0.05117902
20366.13 0.05113522
20371.45 0.05107054
20376.76 0.05101468
20381.969999999998 0.0510032
20387.28 0.05101421
20392.59 0.05096129
20397.91 0.05098601
20403.120000000003 0.05091671
20408.43 0.05101913
20413.739999999998 0.05101814
20419.06 0.05094827
20424.27 0.05096387
20429.58 0.05090701
20434.89 0.05090904
20440.21 0.05086525
20445.42 0.05084602
20450.73 0.0507984
20456.04 0.0508013
20461.36 0.05075349
20466.570000000003 0.05074998
20471.879999999997 0.05068962
20477.19 0.05070089
20482.510000000002 0.05062678
20487.72 0.0506034
20493.030000000002 0.05059271
20498.34 0.05058075
20503.65 0.05052618
20508.97 0.05049779
20514.18 0.05048393
20519.49 0.05045631
20524.8 0.05045527
20530.12 0.05041271
20535.329999999998 0.05038264
20540.64 0.05036477
20545.95 0.05034609
20551.27 0.05029005
20556.480000000003 0.05027763
20561.79 0.05029507
20567.1 0.05021721
20572.420000000002 0.0502009
20577.63 0.05015928
20582.940000000002 0.05016615
20588.25 0.05015115
20593.56 0.04973261
20598.78 0.0497124
20604.09 0.0496916
20609.4 0.04964202
20614.620000000003 0.04960159
20619.93 0.04957333
20625.239999999998 0.04953082
20630.55 0.04952133
20635.76 0.04944423
20641.08 0.04946625
20646.39 0.0494281
20651.7 0.04941659
20656.92 0.04938233
20662.23 0.04933746
20667.54 0.04936365
20672.850000000002 0.04935714
20678.070000000003 0.04930651
20683.379999999997 0.04926594
20688.69 0.04923904
20694.0 0.04922912
20699.21 0.04918706
20704.530000000002 0.04914374
20709.84 0.04914473
20715.15 0.04913915
20720.36 0.04912526
20725.68 0.04904576
20730.99 0.04906018
20736.3 0.04903017
20741.510000000002 0.0490517
20746.82 0.04902307
20752.14 0.04895574
20757.35 0.04894147
20762.66 0.04890215
20767.980000000003 0.04889243
20773.29 0.0488712
20778.500000000004 0.04886543
20783.809999999998 0.04840116
20789.12 0.04837248
20794.440000000002 0.04837815
20799.65 0.0483157
20804.960000000003 0.04830123
20810.27 0.04826045
20815.59 0.04824227
20820.8 0.04820961
20826.11 0.04819652
20831.420000000002 0.04817386
20836.640000000003 0.04813759
20841.949999999997 0.04812197
20847.26 0.04812675
20852.57 0.04809011
20857.79 0.04806065
20863.100000000002 0.04804079
20868.410000000003 0.04801663
20873.719999999998 0.04797309
20878.930000000004 0.04800785
20884.25 0.04794607
20889.56 0.04793373
20894.77 0.04788191
20900.089999999997 0.0479241
20905.399999999998 0.04788839
20910.71 0.047844
20915.92 0.04782573
20921.24 0.04781543
20926.550000000003 0.04776576
20931.86 0.04776809
20937.070000000003 0.04770605
20942.379999999997 0.04771118
20947.7 0.04768604
20952.91 0.04765244
20958.22 0.04764456
20963.530000000002 0.04758743
20968.85 0.04756218
20974.059999999998 0.04756155
20979.37 0.0475127
20984.68 0.0475348
20989.9 0.0474722
20995.210000000003 0.04745188
21000.519999999997 0.04754999
21005.829999999998 0.04752844
21011.05 0.04750845
21016.36 0.04749104
21021.670000000002 0.04746784
21026.88 0.04744706
21032.199999999997 0.04736595
21037.51 0.04740526
21042.82 0.04736615
21048.03 0.04733937
21053.350000000002 0.0473082
21058.659999999996 0.04726935
21063.87 0.04725778
21069.179999999997 0.04723879
21074.489999999998 0.04721019
21079.81 0.04720485
21085.02 0.04716688
21090.33 0.04714499
21095.649999999998 0.04712171
21100.86 0.04707601
21106.17 0.04705718
21111.48 0.04703446
21116.79 0.04701731
21122.010000000002 0.04700719
21127.32 0.04695267
21132.629999999997 0.04698652
21137.85 0.04691832
21143.16 0.04689807
21148.47 0.0469001
21153.780000000002 0.04688247
21158.99 0.04683526
21164.31 0.04680191
21169.62 0.04680693
21174.83 0.04675377
21180.14 0.04673636
21185.46 0.04670355
21190.67 0.04670332
21195.98 0.04670565
21201.3 0.04668518
21206.61 0.0466618
21211.82 0.04662551
21217.13 0.04662826
21222.44 0.04641204
21227.66 0.04645542
21232.97 0.04646077
21238.28 0.04641327
21243.59 0.04637669
21248.809999999998 0.04631324
21254.12 0.04628381
21259.43 0.04621817
21264.64 0.04622401
21269.960000000003 0.04622368
21275.27 0.04617281
21280.480000000003 0.0461839
21285.79 0.04613693
21291.11 0.04613813
21296.420000000002 0.04613044
21301.63 0.04611495
21306.940000000002 0.04607849
21312.25 0.04609796
21317.469999999998 0.04604357
21322.78 0.04603972
21328.09 0.04603849
21333.31 0.04598475
21338.620000000003 0.04596115
21343.93 0.0459242
21349.239999999998 0.04589111
21354.46 0.04587941
21359.77 0.04589172
21365.08 0.04586635
21370.29 0.04578395
21375.609999999997 0.04581298
21380.92 0.04577682
21386.129999999997 0.04575598
21391.44 0.04575642
21396.75 0.0457542
21401.97 0.04570945
21407.280000000002 0.04568917
21412.589999999997 0.04565901
21417.899999999998 0.04544302
21423.12 0.0454239
21428.43 0.04537795
21433.74 0.04535824
21438.96 0.04533526
21444.269999999997 0.04534233
21449.579999999998 0.0452953
21454.79 0.04529555
21460.11 0.04522119
21465.420000000002 0.04526891
21470.63 0.04526028
21475.95 0.04520811
21481.26 0.04520096
21486.57 0.0451789
21491.78 0.04514278
21497.09 0.0450593
21502.4 0.04509321
21507.62 0.04508608
21512.93 0.04507602
21518.239999999998 0.04503169
21523.46 0.04500399
21528.77 0.04500517
21534.08 0.04498234
21539.29 0.04496141
21544.61 0.0449491
21549.920000000002 0.04490617
21555.13 0.04490586
21560.45 0.04487633
21565.76 0.04488745
21570.969999999998 0.04484167
21576.28 0.04480305
21581.59 0.04476671
21586.9 0.04476232
21592.120000000003 0.04470549
21597.43 0.04471958
21602.739999999998 0.04471016
21607.96 0.04469177
21613.27 0.04400341
21618.58 0.04395963
21623.79 0.04395992
21629.109999999997 0.04396333
21634.42 0.0439334
21639.629999999997 0.04392634
21644.95 0.04390336
21650.260000000002 0.04387806
21655.47 0.0438703
21660.780000000002 0.0438777
21666.089999999997 0.04383949
21671.3 0.04385739
21676.62 0.04385422
21681.93 0.04382997
21687.14 0.04372603
21692.46 0.04374918
21697.769999999997 0.04368433
21703.079999999998 0.04364165
21708.289999999997 0.04364361
21713.61 0.04357593
21718.920000000002 0.04357298
21724.13 0.0435311
21729.440000000002 0.04352684
21734.76 0.0435343
21739.97 0.04348421
21745.28 0.04347874
21750.59 0.0434681
21755.81 0.0433768
21761.12 0.0433565
21766.43 0.04339837
21771.64 0.04336256
21776.96 0.0433581
21782.27 0.04333028
21787.48 0.04329597
21792.79 0.04324901
21798.11 0.04323403
21803.32 0.04321008
21808.63 0.04319189
21813.940000000002 0.04306582
21819.160000000003 0.04307318
21824.469999999998 0.04303173
21829.78 0.04300986
21834.989999999998 0.04299347
21840.31 0.04298038
21845.620000000003 0.04296111
21850.83 0.04295934
21856.140000000003 0.04294566
21861.46 0.04291102
21866.67 0.04288767
21871.98 0.04286723
21877.29 0.04284922
21882.510000000002 0.0428121
21887.819999999996 0.04283185
21893.129999999997 0.04280619
21898.34 0.04275944
21903.66 0.04274611
21908.97 0.04271922
21914.18 0.04272113
21919.5 0.04267521
21924.809999999998 0.04265511
21930.02 0.0426481
21935.329999999998 0.04265506
21940.64 0.04259853
21945.86 0.04260961
21951.170000000002 0.04256967
21956.48 0.04254095
21961.69 0.04253446
21967.01 0.04254437
21972.32 0.04251156
21977.530000000002 0.04248794
21982.84 0.04246079
21988.16 0.04244285
21993.37 0.04239241
21998.68 0.04238224
22003.99 0.04238251
22009.210000000003 0.0423695
22014.52 0.04234713
22019.829999999998 0.04187343
22025.039999999997 0.04180463
22030.36 0.04184844
22035.670000000002 0.04182416
22040.88 0.04177635
22046.199999999997 0.04177911
22051.51 0.04172817
22056.719999999998 0.04174196
22062.03 0.04166991
22067.34 0.04167106
22072.56 0.04165103
22077.870000000003 0.04164495
22083.179999999997 0.04162605
22088.399999999998 0.04158346
22093.71 0.04156378
22099.02 0.04157812
22104.23 0.04150755
22109.54 0.04152629
22114.859999999997 0.04151998
22120.07 0.04147153
22125.379999999997 0.0414723
22130.69 0.04148589
22135.91 0.04142459
22141.22 0.04137723
22146.530000000002 0.04148463
22151.74 0.04131922
22157.06 0.04137023
22162.37 0.04135003
22167.58 0.0413398
22172.9 0.04129693
22178.21 0.0413051
22183.42 0.04127929
22188.73 0.0412647
22194.04 0.041258
22199.260000000002 0.04117086
22204.57 0.04119896
22209.88 0.04114776
22215.1 0.04112368
22220.41 0.04077972
22225.72 0.04073744
22230.93 0.04073028
22236.24 0.04080074
22241.460000000003 0.0407114
22246.769999999997 0.04073269
22252.079999999998 0.04067423
22257.3 0.04068079
22262.61 0.04065581
22267.920000000002 0.04057096
22273.13 0.04059469
22278.449999999997 0.04058027
22283.76 0.04051812
22288.969999999998 0.04051626
22294.29 0.04049194
22299.600000000002 0.04046082
22304.81 0.04047096
22310.120000000003 0.0404363
22315.429999999997 0.04043729
22320.64 0.04041554
22325.96 0.04039667
22331.27 0.04039998
22336.48 0.04035247
22341.8 0.04035732
22347.11 0.04034636
22352.32 0.04029357
22357.63 0.04031388
22362.95 0.04027102
22368.16 0.0402985
22373.47 0.04023777
22378.78 0.040242
22384.0 0.0401653
22389.31 0.04018905
22394.52 0.04017274
22399.83 0.03972535
22405.149999999998 0.03971494
22410.359999999997 0.03966067
22415.67 0.03964783
22420.98 0.03963552
22426.2 0.03963617
22431.510000000002 0.03959418
22436.820000000003 0.03960063
22442.039999999997 0.03955634
22447.35 0.03956431
22452.66 0.0395324
22457.87 0.03951012
22463.190000000002 0.03948941
22468.499999999996 0.03946607
22473.71 0.03943685
22479.019999999997 0.03942726
22484.329999999998 0.03941139
22489.55 0.03939863
22494.86 0.03938854
22500.07 0.0393613
22505.39 0.03935477
22510.7 0.0393435
22515.91 0.03934491
22521.22 0.03930611
22526.53 0.03927784
22531.75 0.03926042
22537.06 0.03923414
22542.37 0.03923908
22547.59 0.03920679
22552.9 0.03917305
22558.21 0.03918853
22563.43 0.03915946
22568.739999999998 0.03917498
22574.05 0.03914328
22579.26 0.03907773
22584.57 0.03873074
22589.79 0.03872366
22595.100000000002 0.03872928
22600.410000000003 0.03872872
22605.629999999997 0.03872083
22610.94 0.03868933
22616.25 0.03866139
22621.46 0.03864272
22626.77 0.03864451
22632.089999999997 0.03859392
22637.3 0.03855729
22642.609999999997 0.03856988
22647.92 0.03850633
22653.14 0.0385123
22658.45 0.03848092
22663.66 0.03848377
22668.97 0.03848519
22674.29 0.03846491
22679.5 0.03841996
22684.81 0.03842701
22690.13 0.03836708
22695.34 0.03840114
22700.65 0.03836854
22705.96 0.03836793
22711.18 0.03830053
22716.49 0.03827203
22721.8 0.0383242
22727.010000000002 0.03826261
22732.329999999998 0.03823515
22737.539999999997 0.03827481
22742.85 0.03819604
22748.16 0.03818873
22753.38 0.03818365
22758.690000000002 0.03817645
22764.000000000004 0.03816927
22769.210000000003 0.03814832
22774.53 0.03814537
22779.84 0.03814452
22785.05 0.03811006
22790.370000000003 0.0350734
22795.670000000002 0.03505248
22800.89 0.03506079
22806.199999999997 0.03499033
22811.41 0.0349817
22816.73 0.03494234
22822.04 0.03495466
22827.25 0.03491829
22832.56 0.0349345
22837.88 0.0348831
22843.09 0.03487734
22848.4 0.03489376
22853.71 0.03487413
22858.93 0.03484732
22864.239999999998 0.03484111
22869.55 0.03480795
22874.77 0.03478399
22880.08 0.03477623
22885.29 0.03475864
22890.600000000002 0.03469781
22895.91 0.03473746
22901.129999999997 0.0347547
22906.44 0.03467105
22911.75 0.0346754
22916.96 0.03464498
22922.280000000002 0.03465834
22927.590000000004 0.03460284
22932.800000000003 0.03458359
22938.12 0.03456363
22943.329999999998 0.03456171
22948.64 0.03449383
22953.95 0.03444655
22959.170000000002 0.03446137
22964.48 0.03441975
22969.789999999997 0.03443808
22975.01 0.03437687
22980.32 0.03433317
22985.63 0.03435926
22990.84 0.03436485
22996.15 0.03439521
23001.46 0.034604
23006.68 0.034574
23011.99 0.03456823
23017.210000000003 0.03454086
23022.52 0.03455865
23027.829999999998 0.03450018
23033.039999999997 0.03450656
23038.35 0.03447787
23043.670000000002 0.03449641
23048.88 0.03445607
23054.190000000002 0.03445502
23059.51 0.03442736
23064.719999999998 0.03441517
23070.03 0.03440292
23075.239999999998 0.03442538
23080.55 0.0343979
23085.870000000003 0.03440602
23091.08 0.03438196
23096.390000000003 0.03433361
23101.71 0.03429984
23106.92 0.03431699
23112.23 0.03431894
23117.54 0.03427251
23122.760000000002 0.03427767
23128.07 0.03428444
23133.28 0.03422389
23138.59 0.0342234
23143.91 0.03420667
23149.120000000003 0.03419546
23154.43 0.03416453
23159.74 0.03414697
23164.96 0.0341465
23170.27 0.03409893
23175.58 0.0341154
23180.79 0.03407917
23186.11 0.03407459
23191.320000000003 0.0341116
23196.629999999997 0.03410535
23201.94 0.03402959
23207.16 0.03405277
23212.47 0.03071877
23217.780000000002 0.03072154
23222.999999999996 0.03068826
23228.309999999998 0.03066108
23233.62 0.03064039
23238.829999999998 0.03060515
23244.14 0.03059458
23249.36 0.03052961
23254.670000000002 0.03045853
23259.98 0.03045845
23265.2 0.03044441
23270.51 0.03045232
23275.82 0.03042251
23281.03 0.03046204
23286.34 0.03044476
23291.66 0.03037515
23296.87 0.03039916
23302.18 0.03039255
23307.4 0.03038888
23312.71 0.03039269
23318.02 0.0304147
23323.230000000003 0.0303344
23328.54 0.03031655
23333.86 0.03028558
23339.07 0.03028655
23344.38 0.03032789
23349.7 0.03029476
23354.910000000003 0.03028417
23360.219999999998 0.03022723
23365.44 0.03027383
23370.739999999998 0.03023768
23376.06 0.0302202
23381.27 0.0302057
23386.58 0.03020043
23391.899999999998 0.03017231
23397.109999999997 0.03012525
23402.42 0.02896936
23407.73 0.0290123
23412.95 0.02898236
23418.260000000002 0.02893334
23423.47 0.02889087
23428.79 0.02885867
23434.1 0.02892865
23439.31 0.02893115
23444.63 0.02892023
23449.94 0.02883827
23455.149999999998 0.02880931
23460.46 0.02881257
23465.77 0.02877794
23470.98 0.02879551
23476.3 0.02881956
23481.510000000002 0.02881742
23486.820000000003 0.02877419
23492.13 0.02876161
23497.35 0.02872477
23502.66 0.0287084
23507.97 0.02873366
23513.190000000002 0.02872139
23518.500000000004 0.02872187
23523.710000000003 0.02862905
23529.03 0.02864922
23534.34 0.02863984
23539.55 0.02855999
23544.86 0.02856172
23550.170000000002 0.02856486
23555.39 0.02856298
23560.699999999997 0.02853963
23566.01 0.02854342
23571.22 0.02850638
23576.54 0.02852678
23581.75 0.02851901
23587.06 0.02851338
23592.37 0.02931117
23597.59 0.02937364
23602.9 0.029331
23608.21 0.02931472
23903.91 0.02691003
24100.649999999998 0.02604075
24297.39 0.02578888
24494.129999999997 0.02420576
24690.87 0.02393506
24887.609999999997 0.02063493
25203.38 0.02061713
25295.649999999998 0.02044614
25388.02 0.02027794
25480.390000000003 0.02033715
25572.86 0.02024165
25665.32 0.02061937
25757.789999999997 0.0205098
25850.460000000003 0.02033338
25943.03 0.02020397
26035.69 0.02023763
26128.45 0.02010179
26221.21 0.01980607
26314.079999999998 0.01962905
26406.94 0.01943567
26499.8 0.01943298
26592.760000000002 0.01929133
26685.819999999996 0.01898317
26778.870000000003 0.01885472
26871.93 0.01870381
26965.089999999997 0.01855679
27058.239999999998 0.01840122
27151.5 0.01828651
27244.75 0.01801678
27338.010000000002 0.01790186
27431.359999999997 0.01780901
27524.71 0.01772522
27618.170000000002 0.01762032
27711.62 0.01739745
27805.07 0.0172858
27898.62 0.01718698
27992.170000000002 0.01707516
28085.82 0.0168717
28179.47 0.01676397
28273.11 0.01660408
28366.859999999997 0.01650019
28460.61 0.01630268
28554.35 0.01619304
28648.2 0.01596006
28742.04 0.01584948
28835.989999999998 0.01569402
28929.83 0.01558996
29023.780000000002 0.01538136
29117.82 0.01527915
29211.76 0.01508576
29305.8 0.01504087
29399.94 0.0148352
29493.99 0.01474004
29588.12 0.01462772
29682.260000000002 0.01449083
29776.5 0.01439976
29870.739999999998 0.01422943
29964.98 0.0141386
30059.22 0.01399879
30153.55 0.01392466
30247.890000000003 0.01378051
30342.23 0.01372859
30436.57 0.01363208
30531.0 0.01355344
30625.44 0.01342308
30719.87 0.01334488
30814.41 0.01321505
30908.84 0.01311446
31003.370000000003 0.01302152
31098.010000000002 0.01294543
31192.54 0.01283999
31287.17 0.01273777
31381.71 0.01264079
31476.440000000002 0.0125422
31571.07 0.01248543
31665.7 0.01236345
31760.43 0.01229805
31855.159999999996 0.01226993
31949.89 0.01218392
32044.72 0.01209484
32139.55 0.01202311
32234.280000000002 0.01190963
32329.11 0.01186543
32424.04 0.01183538
32518.859999999997 0.01180773
32613.789999999997 0.01195492
32708.620000000003 0.011862
32803.54 0.01215454
32898.47 0.01207045
32993.5 0.01197943
33088.43 0.0119107
33183.45 0.01181483
33278.47 0.01120404
33373.5 0.01114896
33468.520000000004 0.01086225
33563.55 0.01081028
33658.68 0.01060635
33753.700000000004 0.01061996
33848.82 0.01043508
33943.95 0.01041235
34039.07 0.01028192
34134.2 0.010167
34229.42 0.01004604
34324.54 0.01001486
34419.770000000004 0.009889029
34514.99 0.009864764
34610.21 0.009800249
34705.43 0.009693651
34800.65 0.00962587
34895.88 0.00950279
34991.2 0.009428434
35086.42 0.009364635
35181.74 0.009315458
35277.06 0.009158907
35372.38 0.009109002
35467.7 0.009051941
35563.020000000004 0.008984341
35658.340000000004 0.00887436
35753.76 0.008869197
35849.08 0.008760214
35944.5 0.008702924
36039.82 0.008643376
36135.24 0.008600768
36230.66 0.008468127
36326.08 0.008428637
36421.5 0.008324074
36516.91 0.008279043
36612.43 0.008242709
36707.85 0.008137833
36803.270000000004 0.008021477
36898.79 0.007956022
36994.3 0.007946117
37089.72 0.007872701
37185.24 0.007843363
37280.76 0.007755157
37376.28 0.007725967
37471.79 0.007579082
37567.31 0.007526819
37662.83 0.00750713
37758.44 0.007478436
37853.96 0.007368307
37949.48 0.007336947
38045.09 0.00726764
38140.61 0.007222716
38236.23 0.007149692
38331.840000000004 0.007087048
38427.36 0.007026446
38522.979999999996 0.006979354
38618.59 0.00688002
38714.200000000004 0.006867382
38809.82 0.006782844
38905.43 0.006741732
39001.05 0.006687894
39096.67 0.006675654
39192.28 0.006646582
39287.9 0.006595457
39383.62 0.006558785
39479.229999999996 0.006474743
39574.84 0.006447847
39670.56 0.006371976
39766.18 0.00635596
39861.89 0.006252665
39957.5 0.006222482
40053.219999999994 0.00617671
40148.83 0.006144555
40244.549999999996 0.006111144
40340.27 0.006066112
40435.88 0.00598323
40531.59 0.00596145
40627.3 0.005897274
40723.02 0.005863998
40818.729999999996 0.005787339
40914.450000000004 0.005757775
41010.07 0.005708899
41105.780000000006 0.005677048
41201.49 0.005625714
41297.21 0.005608536
41392.920000000006 0.00554624
41488.630000000005 0.005500949
41584.35 0.005461565
41680.06 0.005452232
41775.78 0.005385757
41871.590000000004 0.005349529
41967.299999999996 0.005315858
42063.02 0.005312847
42158.73 0.005278022
42254.45 0.005244862
42350.159999999996 0.005225224
42445.87 0.005174118
42541.59 0.005143435
42637.4 0.00509839
42733.10999999999 0.005086326
42828.83 0.004963299
42924.54 0.004947116
43020.259999999995 0.004887132
43115.97 0.004718036
43211.78 0.004706337
43307.5 0.004770545
43403.21000000001 0.00471065
43498.92 0.00457425
43594.64 0.004572216
43690.45 0.004557663
43786.16 0.00450391
43881.880000000005 0.00445434
43977.59 0.004430099
44073.31 0.004343529
44169.020000000004 0.004315198
44264.74 0.004271426
44360.45 0.004250512
44456.26 0.004195326
44551.97 0.004227633
44647.69 0.004150834
44743.399999999994 0.004117252
44839.11 0.004094531
44934.83 0.004103119
45030.53999999999 0.004062867
45126.16 0.004053425
45221.869999999995 0.003988661
45317.590000000004 0.003920619
45413.3 0.003910499
45509.009999999995 0.003892586
45604.73 0.00388204
45700.35 0.003865748
45796.06 0.003792509
45891.770000000004 0.003788359
45987.49 0.003776765
46083.100000000006 0.003779974
46178.82 0.003771219
46274.439999999995 0.003768518
46370.15 0.003756894
46465.759999999995 0.003720459
46561.479999999996 0.003692551
46657.09 0.003732701
46752.71000000001 0.003725895
46848.32 0.003681207
46944.03999999999 0.003663234
47039.65 0.003619756
47135.27 0.003598793
47230.88 0.003585489
47326.49999999999 0.003586049
47422.11 0.003555074
47517.73 0.003562819
47613.35 0.003549362
47708.86 0.00351981
47804.479999999996 0.003500841
47900.1 0.003470271
47995.61 0.003478832
48091.229999999996 0.0034047
48186.75 0.003406264
49185.0 0.003241767
50168.7 0.003108295
51152.41 0.002986838
52214.5 0.002860213
52511.979999999996 0.002850185
52809.549999999996 0.00285912
53107.02 0.002846552
53404.48 0.002851318
53701.96 0.002774568
53999.43 0.002703081
54297.00000000001 0.00271716
54594.47 0.002699603
54891.94 0.002690595
55189.409999999996 0.002680748
55486.880000000005 0.002636298
55784.450000000004 0.002645172
56081.92 0.002633283
56379.39 0.002580089
56676.86 0.002603329
56974.340000000004 0.002581191
57271.91 0.002568601
57569.38 0.00257013
57866.840000000004 0.00256208
58164.32 0.002589928
58461.79 0.002606715
58759.36 0.002609221
59056.829999999994 0.002687849
59354.3 0.00266193
59651.77 0.00271385
59949.24 0.0028931
60246.810000000005 0.00289544
60544.28 0.002879777
60841.75 0.003007397
61139.219999999994 0.003343268
61436.69 0.00401795
61734.270000000004 0.004518829
62031.729999999996 0.004830455
62329.21 0.004523443
62626.68 0.00397944
62924.14 0.003923247
63221.72 0.003546226
63519.189999999995 0.003218831
63816.66 0.003015032
64114.13 0.002823342
64411.6 0.002733855
64709.17 0.002484349
65006.64000000001 0.002468857
65304.11 0.002377086
65601.59 0.002398487
65899.05 0.002406933
66196.63 0.002391969
66494.09 0.002389844
66791.57 0.002426913
67089.03 0.002429803
67386.51 0.002338734
67684.08 0.002417343
67981.55 0.002402817
68279.02 0.002393899
68576.49 0.002394928
68873.95999999999 0.002514853
69171.53 0.002510249
69469.0 0.002579943
69766.47 0.002685587
70063.94 0.00252972
70361.41 0.002395087
70658.98 0.002435941
70956.45 0.002441843
71253.92 0.002454615
71551.39 0.002480079
71848.86 0.002489774
72146.43 0.002542801
72443.9 0.002672417
72741.38 0.002739118
73038.85 0.002838193
73336.31999999999 0.002812179
73633.87999999999 0.002952789
73931.36 0.003167159
74526.3 0.003477056
75121.24 0.003920582
75716.28 0.004349366
76311.22 0.0043899
76906.16 0.00417487
77501.2 0.004015936
78096.15 0.00391322
78691.19 0.003676426
79286.13 0.003323192
79881.07 0.003011615
80476.1 0.002702997
81071.05 0.002494066
81666.00000000001 0.002435859
82261.03 0.002412657
82855.98 0.002444157
83450.91 0.00235668
84045.95999999999 0.002388858
84640.90000000001 0.002470527
85235.95 0.002568629
85830.88 0.002648692
86425.83 0.002611494
87020.87000000001 0.002381433
87615.8 0.002105887
88210.76 0.001901178
88805.78 0.00171056
89400.73 0.001587572
89995.67000000001 0.001601545
90590.70999999999 0.001504237
91185.65999999999 0.001454347
91780.7 0.001436651
92375.63 0.001455249
92970.58 0.001444323
93565.60999999999 0.00143822
94160.55 0.00141797
94755.5 0.001427007
95350.54000000001 0.001443103
95945.48 0.001480479
96540.42 0.001552957
97135.47 0.001457297
97730.40999999999 0.001403815
98325.45 0.001388938
98920.39 0.001371849
99515.34000000001 0.001372128
100110.37999999999 0.001365622
100705.31000000001 0.001369469
101300.26000000001 0.001356909
101895.29000000001 0.001343332
102490.23 0.001341351
103085.17 0.001335395
103680.21 0.001348542
104275.16 0.001403762
104870.2 0.001470448
105465.14 0.001535552
106060.09 0.001459225
106655.13 0.001468485
107250.06999999999 0.001474908
107845.01000000001 0.001472054
108440.04999999999 0.001484355
109034.99 0.001574589
109629.94 0.001719639
110224.97 0.00182428
110819.91 0.00202138
111414.95000000001 0.002704422
112009.89 0.003330312
112604.84 0.003181157
113199.88 0.002667839
113794.81999999999 0.002602474
114389.76999999999 0.002229386
114984.8 0.001977626
115579.73999999999 0.001808239
116174.68000000001 0.001677607
116769.71999999999 0.001576707
117364.66 0.001540615
117959.70999999999 0.001520564
118554.65000000001 0.001539727
119149.59 0.00157691
119744.63 0.001596086
120339.58 0.001547891
120934.51999999999 0.001500167
121529.55 0.001475863
122124.5 0.001492664
122719.45000000001 0.001547207
123314.48 0.001553062
123909.42000000001 0.001547176
124504.45999999999 0.001586065
125099.40000000001 0.001623185
125694.34 0.001678169
126289.38 0.001711852
126884.32 0.001768131
127479.27 0.001980984
128074.31 0.001959307
128669.25 0.001527347
129264.18999999999 0.001444277
129859.23 0.00129292
130454.17 0.001233213
131049.11 0.001219864
131644.16 0.001213321
132239.09 0.001190295
132834.14 0.001186544
133429.08 0.001181095
134024.02 0.001207803
134619.06 0.001197791
135214.0 0.001178126
135808.94 0.001172043
136403.97999999998 0.001147249
136998.92 0.001150281
137593.86 0.001114386
138400.2 0.001117097
139233.2 0.00112905
140066.22 0.001139084
140899.11000000002 0.001132691
141732.09 0.001179675
142565.09 0.00116875
143397.98 0.001164276
144231.0 0.001110649
145064.0 0.001117266
145896.98 0.001072967
146729.88999999998 0.001040769
147562.89 0.001046083
148395.88 0.001012778
149228.78 0.001060067
150061.77 0.00102389
150894.77000000002 0.001018805
151727.67 0.001027818
152560.66 0.001025919
153393.66999999998 0.001037819
154226.58000000002 0.00105002
155059.56 0.001179029
155892.56 0.001266983
156725.44999999998 0.0010846
157558.45 0.001084494
158391.45 0.001077022
159224.45 0.001077058
160057.33 0.001089925
160890.37000000002 0.001077206
161723.35 0.001061339
162556.24999999997 0.001115051
163389.23 0.001185691
164222.22 0.001310603
165055.14 0.001299442
165888.12 0.001235727
166721.13 0.001213356
167554.02 0.001229583
168387.03 0.001234103
169220.03 0.001393321
170052.91 0.001415397
170885.93 0.001483678
171718.91999999998 0.001320097
172551.92 0.001218935
173384.81999999998 0.001228696
174217.82 0.001217105
175050.78999999998 0.001116563
175883.71 0.001074027
176716.71 0.001062351
177549.71000000002 0.001075672
178382.61 0.001037173
179215.58000000002 0.001032207
180048.6 0.000998824
180881.5 0.0009929084
181714.48 0.0009622328
182547.46999999997 0.0009731558
183380.37 0.0009374191
184213.37000000002 0.0009481006
185046.39 0.0009547936
185879.38 0.0009874049
186712.27 0.001131912
187545.28 0.001073788
188378.27999999997 0.001034098
189211.18 0.0009276084
190044.17 0.000922458
190877.17 0.0009049248
191710.05000000002 0.0009006013
192543.09 0.0009142559
193376.06 0.0008863399
194208.95 0.0008661026
195041.93999999997 0.0008554302
195874.96000000002 0.000861572
196707.86 0.0008565044
197540.84 0.0008645139
198373.83 0.0008419466
199206.84999999998 0.000827158
200039.72999999998 0.0008142709
200872.73 0.0008284552
201705.74 0.0008249681
202538.64 0.0008246659
204204.62 0.0008138726
205870.53 0.0008095479
207536.40999999997 0.0007920162
209202.4 0.0007938103
210868.3 0.0007737912
212534.31 0.0007865591
214200.19 0.0007719163
215866.09 0.0007543215
217532.1 0.0007592505
219198.0 0.0007559949
220863.88 0.0007555465
222529.87 0.0007366062
224195.78999999998 0.000742423
225861.78 0.0007472403
227527.66 0.0007234364
229193.55 0.0007190703
230859.57 0.0007180271
232525.44 0.0007137879
234191.36000000002 0.0007224237
235857.33000000002 0.0007047694
237523.23 0.0007014069
239189.21999999997 0.0006851101
240855.12000000002 0.0006835745
242521.02000000002 0.0006846701
244187.03 0.0006762555
245852.93 0.0006583877
247518.81 0.0006566392
249184.82 0.0006453828
250850.72 0.0006395455
252516.69 0.0006341444
254182.59 0.0006225368
255848.48 0.0006307492
257514.48 0.0006808274
259180.37000000002 0.000714094
260846.27000000002 0.0006416026
262512.25 0.0006039441
264178.16 0.0005900769
265844.15 0.0005831275
267510.03 0.0005818601
269175.97000000003 0.0005758846
270841.95999999996 0.0005723407
272507.8 0.0005693726
274173.72000000003 0.0005690136
275839.75 0.0005652674
277505.63 0.0005607593
279171.62 0.000560034
280837.54 0.0005905669
282503.41 0.0005874513
284169.41000000003 0.0005392482
285835.3 0.0005309117
287501.18 0.0005237959
289167.19 0.0005271494
290833.09 0.0005181803
292499.07 0.0005148786
294165.0 0.000510565
295830.92 0.0005118297
297496.87 0.0005062089
299162.79 0.000503438
300828.69 0.0004931825
302494.66000000003 0.000499516
304160.56 0.0004961916
305826.57 0.0004933972
307492.45 0.0004861834
309158.34 0.0004964353
310824.33999999997 0.0004917
312490.25 0.0004837294
314156.14999999997 0.0004753822
315822.12 0.0004791522
317488.0 0.0004846139
319154.03 0.0004804814
320819.89 0.0004903122
322485.81 0.0004896341
324151.8 0.0004753577
325817.68 0.0004849091
327483.6 0.0004938503
329149.63 0.0005041922
330815.50999999995 0.0004880915
332481.45999999996 0.0004960424
334147.38 0.000618162
335813.29 0.0006073318
337479.25 0.000471299
339145.16 0.000475683
340811.04000000004 0.0004642112
342477.07 0.0004603378
344142.95 0.0004665025
345808.94 0.0006069545
