918.6600000000001 0.07440215
923.65 0.1250413
928.64 0.1602119
933.63 0.1958329
938.61 0.3406693
943.6 0.2778166
948.59 0.114126
953.5799999999999 0.5010547
958.5699999999999 0.5313675
963.56 0.4565429
968.55 0.3495961
973.53 0.1873886
978.52 0.6087091
983.51 0.4955288
988.4999999999999 0.2663363
993.4900000000001 0.728426
998.48 0.8606631
1003.46 0.8645832
1008.45 0.7724931
1013.44 0.8001143
1018.4300000000001 0.7353245
1023.4200000000001 0.628457
1028.41 0.5858701
1033.4 0.965104
1038.38 1.106975
1043.37 0.9522042
1048.36 0.952265
1053.35 1.023798
1058.34 0.9043911
1063.33 0.7476406
1068.31 0.8337154
1073.3 0.578296
1078.29 0.5437894
1083.28 0.605172
1088.27 0.6790929
1093.26 0.6458526
1098.24 0.6633851
1103.23 0.6243284
1108.22 0.5860412
1113.21 0.5864724
1118.2 0.5024294
1123.19 0.5341135
1128.18 0.4521576
1133.16 0.5563628
1141.1200000000001 0.4795375
1146.3700000000001 0.6058056
1151.6200000000001 0.6159108
1156.87 0.6485053
1162.12 0.6848814
1167.37 0.6930654
1172.6200000000001 0.4778499
1177.8700000000001 0.7268175
1183.1200000000001 0.82838
1188.37 0.7084573
1193.62 0.8159611
1198.87 1.04971
1204.1200000000001 1.027531
1209.3700000000001 0.6382193
1214.6200000000001 1.427471
1219.87 3.878259
1225.12 2.416338
1230.37 1.662732
1235.6200000000001 0.4864622
1240.8700000000001 0.4145796
1246.11 1.00555
1251.36 0.8888412
1256.61 0.6506421
1261.86 0.6522288
1267.11 0.6405755
1272.36 0.5930222
1277.6100000000001 0.605834
1282.8600000000001 0.6152914
1288.1100000000001 0.6177632
1293.3600000000001 0.6185553
1298.6100000000001 0.5240724
1303.8600000000001 0.653431
1309.11 0.6390676
1314.36 0.6004014
1319.61 0.5788884
1324.86 0.5698429
1330.11 0.4332502
1335.36 0.5214785
1340.6100000000001 0.5810949
1345.8600000000001 0.5934402
1351.1100000000001 0.596091
1356.3600000000001 0.5935112
1361.6100000000001 0.6016896
1366.8600000000001 0.59207
1372.11 0.6246044
1377.36 0.646739
1382.61 0.6855588
1387.86 0.578025
1393.11 0.4987526
1398.36 0.5880018
1403.6100000000001 0.7103417
1408.8500000000001 0.7346717
1414.1000000000001 0.6459043
1419.3500000000001 0.588088
1424.6000000000001 0.5530262
1429.85 0.5204764
1435.1 0.5134102
1440.35 0.5111322
1445.6 0.5212453
1450.85 0.5011808
1456.1 0.5010029
1461.35 0.5015924
1466.6000000000001 0.5120227
1471.8500000000001 0.5365143
1477.1000000000001 0.5623274
1482.3500000000001 0.6150334
1487.6000000000001 0.6642575
1492.85 0.6475943
1498.1 0.6837334
1503.35 0.7359852
1508.6 0.7991675
1513.85 0.8924704
1519.1 0.9298624
1524.35 1.06155
1529.6000000000001 1.386525
1534.8500000000001 1.795504
1540.1000000000001 1.829003
1545.3500000000001 0.5706253
1550.6000000000001 2.089505
1555.85 2.588765
1561.1 1.981503
1566.35 1.464382
1571.59 1.120904
1576.84 0.9255402
1582.09 0.8297302
1587.34 0.7975007
1592.5900000000001 0.7731896
1597.8400000000001 0.7472759
1603.0900000000001 0.6486009
1608.3400000000001 0.6562443
1613.59 0.6307932
1618.84 0.6206688
1624.09 0.6447154
1629.34 0.6716884
1634.59 0.7050782
1639.84 0.8654846
1645.09 0.7383724
1650.34 0.6534299
1655.5900000000001 0.6524404
1660.8400000000001 0.673075
1666.0900000000001 0.5804088
1671.3400000000001 0.5524729
1676.59 0.5112135
1681.84 0.4763055
1687.09 0.4461563
1692.34 0.4366547
1695.17 0.5021904
1700.6399999999999 0.4900021
1706.1000000000001 0.4799892
1711.57 0.4582979
1717.04 0.4842348
1722.5099999999998 0.4727787
1727.98 0.4873066
1733.45 0.47147
1738.9199999999998 0.4979452
1744.39 0.4927123
1749.85 0.5084911
1755.32 0.4513935
1760.7900000000002 0.48544
1766.26 0.4629184
1771.73 0.4693055
1777.1999999999998 0.4688244
1782.68 0.4722687
1788.15 0.444152
1793.62 0.4669142
1799.0900000000001 0.4612208
1804.56 0.4610473
1810.03 0.4660851
1815.5 0.4591239
1820.98 0.4547217
1826.45 0.4597539
1831.9199999999998 0.4505012
1837.39 0.4552326
1842.8700000000001 0.4623012
1848.34 0.4005023
1853.81 0.4257579
1859.2800000000002 0.4361972
1864.76 0.4575958
1870.23 0.4880553
1875.7099999999998 0.5200356
1881.18 0.5547478
1886.65 0.6042947
1892.1299999999999 0.6762653
1897.6000000000001 0.7160588
1903.0800000000002 0.8042141
1908.55 0.9601567
1914.03 0.7357933
1919.5 0.6125023
1924.98 0.5308266
1930.45 0.4937936
1935.9299999999998 0.4539461
1941.4 0.4317661
1946.88 0.4167266
1952.35 0.4149685
1957.8300000000002 0.4034441
1963.31 0.3943994
1968.78 0.3895552
1974.26 0.395431
1979.73 0.3878751
1985.21 0.387209
1990.69 0.3804981
1996.1699999999998 0.3764785
2001.64 0.3762283
2007.1200000000001 0.3784268
2012.6 0.3819333
2018.07 0.3730088
2023.5500000000002 0.3720375
2029.03 0.3708884
2034.51 0.3661673
2039.98 0.3706314
2045.46 0.3752168
2050.94 0.3705696
2056.42 0.3716893
2061.9 0.3767871
2067.37 0.3861965
2072.85 0.3892408
2078.33 0.3836072
2083.81 0.3889805
2089.29 0.385618
2094.77 0.379776
2100.25 0.3786862
2105.7200000000003 0.3801113
2111.2 0.3708035
2116.68 0.3706316
2122.16 0.3690685
2127.64 0.3625921
2133.12 0.3574586
2138.6 0.3652035
2144.08 0.3746504
2149.56 0.3783427
2155.04 0.3673581
2160.52 0.3555038
2166.0 0.3487873
2171.48 0.3515504
2176.96 0.3455419
2182.44 0.3420914
2187.9100000000003 0.3435014
2193.39 0.3458935
2198.87 0.3477068
2204.35 0.347914
2209.83 0.339725
2215.31 0.3450116
2220.79 0.3407651
2226.27 0.3533786
2231.75 0.3483256
2237.23 0.3492588
2242.71 0.339046
2248.2 0.3469574
2253.6800000000003 0.3455407
2259.16 0.3567897
2264.64 0.3540272
2270.12 0.3547097
2275.6 0.3589809
2281.08 0.3658985
2286.56 0.3654695
2292.04 0.3623533
2297.52 0.3777376
2303.0 0.3804844
2308.48 0.3881064
2313.96 0.3893964
2319.44 0.4024625
2324.92 0.4146886
2330.4 0.3975281
2335.88 0.3340864
2341.36 0.3802809
2346.84 0.3861771
2352.32 0.3786839
2357.7999999999997 0.3771136
2363.28 0.3662263
2368.76 0.3490845
2374.24 0.3136628
2379.72 0.369563
2385.2000000000003 0.3743121
2390.68 0.3727282
2396.16 0.3783775
2401.64 0.3763975
2407.12 0.376945
2412.6 0.379416
2418.08 0.3846035
2423.56 0.4041704
2429.04 0.3855927
2434.52 0.389988
2440.0 0.391579
2445.48 0.3928236
2450.96 0.3973836
2456.44 0.396159
2461.92 0.4004894
2467.4 0.4080532
2472.88 0.4134951
2478.36 0.4052338
2483.84 0.402963
2489.3199999999997 0.4034999
2494.8 0.4020428
2500.2799999999997 0.4064613
2505.75 0.4100187
2511.23 0.4087431
2516.7099999999996 0.4000451
2522.19 0.3934749
2527.67 0.3892954
2533.15 0.3845998
2538.63 0.3832582
2544.11 0.3763285
2549.5800000000004 0.3798049
2555.06 0.3722689
2560.54 0.3658517
2566.02 0.3633761
2571.5 0.3649222
2576.98 0.3110257
2582.45 0.3610991
2587.93 0.3256796
2593.41 0.3028145
2598.89 0.3492719
2604.36 0.3551367
2609.84 0.3643602
2615.3199999999997 0.3612959
2620.79 0.3600142
2626.27 0.3620866
2631.75 0.3652756
2637.23 0.3546062
2642.7000000000003 0.3563594
2648.18 0.3572799
2653.66 0.3568416
2659.13 0.3397578
2664.61 0.3367615
2670.0800000000004 0.3378818
2675.56 0.3386848
2681.04 0.3414805
2686.5099999999998 0.34037
2691.9900000000002 0.3421575
2697.46 0.3405641
2702.9399999999996 0.3409114
2708.41 0.3475645
2713.89 0.3532405
2719.36 0.3519635
2724.84 0.3645293
2730.3100000000004 0.3727593
2735.7799999999997 0.3703282
2741.2599999999998 0.3702161
2746.73 0.373187
2752.21 0.3835505
2757.6800000000003 0.3820445
2763.1499999999996 0.3985473
2768.63 0.4276398
2774.1 0.468582
2779.57 0.5046831
2785.05 0.4292146
2790.5200000000004 0.4676704
2795.99 0.463387
2801.46 0.5704741
2806.9300000000003 0.5719324
2812.4100000000003 0.5349872
2817.8799999999997 0.4816335
2823.35 0.4403415
2828.82 0.4303537
2834.29 0.4237785
2839.76 0.3847924
2845.2300000000005 0.3439027
2850.7 0.3634299
2856.17 0.3543391
2861.64 0.3487036
2867.11 0.3421237
2872.58 0.3372463
2878.0499999999997 0.3343081
2883.52 0.3284783
2888.9900000000002 0.3219967
2894.46 0.324632
2899.93 0.3205817
2905.4 0.3229225
2910.87 0.3203258
2916.33 0.3149578
2921.7999999999997 0.3171102
2927.27 0.3211709
2932.74 0.3224034
2938.2000000000003 0.3133409
2943.67 0.3157939
2949.14 0.3214327
2954.6 0.3198627
2960.07 0.3177323
2965.53 0.3200239
2970.9999999999995 0.3161657
2976.47 0.3146418
2981.93 0.314513
2987.4 0.3133175
2994.85 0.2973101
3000.32 0.2928412
3005.8 0.291184
3011.27 0.2933192
3016.74 0.2903806
3022.22 0.291988
3027.69 0.283771
3033.16 0.2796894
3038.6400000000003 0.2900292
3044.1099999999997 0.2900897
3049.58 0.2962113
3055.06 0.2851165
3060.53 0.2820306
3066.0 0.28568
3071.4799999999996 0.2824745
3076.95 0.2868291
3082.43 0.2882633
3087.9 0.2875999
3093.37 0.289986
3098.8500000000004 0.2922755
3104.3199999999997 0.2955348
3109.7999999999997 0.2935681
3115.27 0.3030874
3120.75 0.3115902
3126.2200000000003 0.3175659
3131.6899999999996 0.3206069
3137.17 0.3225629
3142.64 0.3016266
3148.12 0.2999146
3153.59 0.3023927
3159.0699999999997 0.2945362
3164.5499999999997 0.2961596
3170.02 0.2971845
3175.5 0.2807729
3180.9700000000003 0.2664904
3186.4500000000003 0.2797052
3191.9199999999996 0.289005
3197.4 0.2903801
3202.87 0.2988746
3208.35 0.2962357
3213.83 0.2811201
3219.2999999999997 0.2840968
3224.7799999999997 0.2885701
3230.25 0.2777073
3235.73 0.2737584
3241.21 0.2779669
3246.6800000000003 0.282038
3252.16 0.2803281
3257.64 0.2813723
3263.11 0.2803032
3268.59 0.2826052
3274.07 0.2776345
3279.5400000000004 0.2831121
3285.02 0.2754408
3290.5 0.2760814
3295.97 0.2787142
3301.4500000000003 0.273751
3306.9300000000003 0.2754578
3312.3999999999996 0.2764909
3317.88 0.2739949
3323.36 0.2684753
3328.84 0.264524
3334.31 0.2748843
3339.7900000000004 0.2809782
3345.27 0.2832882
3350.75 0.2755487
3356.22 0.2703771
3361.7000000000003 0.2591182
3367.1800000000003 0.258248
3372.6600000000003 0.2547214
3378.14 0.2596845
3383.61 0.2621852
3389.09 0.2613351
3394.57 0.2603034
3400.05 0.2578958
3405.5299999999997 0.2642676
3411.0 0.2649899
3416.48 0.2786718
3421.96 0.3116992
3427.44 0.3061147
3432.92 0.2878179
3438.3999999999996 0.2768557
3443.87 0.2662607
3449.35 0.2663392
3454.83 0.2619559
3460.31 0.2627682
3465.7900000000004 0.2600103
3471.27 0.25534
3476.75 0.2588058
3482.23 0.2482157
3487.7000000000003 0.2464469
3493.1800000000003 0.2429334
3498.6600000000003 0.2425852
3504.14 0.2454279
3509.62 0.2483044
3515.1 0.2401062
3520.58 0.2461465
3526.06 0.2469177
3531.5400000000004 0.2443478
3537.02 0.2494724
3542.5 0.2489377
3547.98 0.2488831
3553.46 0.2467332
3558.94 0.2419427
3564.41 0.245965
3569.89 0.23463
3575.37 0.2343739
3580.85 0.2481131
3586.33 0.2452916
3591.81 0.2354916
3597.2900000000004 0.2419964
3602.77 0.2459911
3608.25 0.2389816
3613.73 0.2389894
3619.21 0.2444146
3624.69 0.2415989
3630.1699999999996 0.240636
3635.65 0.2390177
3641.13 0.2421461
3646.61 0.2341542
3652.09 0.2434485
3657.57 0.2490964
3663.0499999999997 0.2401309
3668.5299999999997 0.2377621
3674.0099999999998 0.2364297
3679.4900000000002 0.2310464
3684.9700000000003 0.2303474
3690.46 0.2334438
3695.9399999999996 0.2306169
3701.42 0.2334779
3706.9 0.2279496
3712.38 0.2283794
3717.86 0.2260296
3723.34 0.2286537
3728.8199999999997 0.2354176
3734.2999999999997 0.2208424
3739.7799999999997 0.2138196
3745.26 0.2148323
3750.7400000000002 0.216099
3756.2200000000003 0.2259976
3761.7 0.219763
3767.18 0.2162262
3772.66 0.2185477
3778.14 0.2166344
3783.63 0.2094211
3789.11 0.2082747
3794.5899999999997 0.2055388
3800.0699999999997 0.2061058
3805.5499999999997 0.2053076
3811.03 0.1979444
3816.51 0.1930294
3821.9900000000002 0.189238
3827.4700000000003 0.1859817
3832.95 0.1872498
3838.43 0.1933251
3843.92 0.1997396
3849.4 0.1992888
3854.88 0.1955283
3860.36 0.2099811
3865.8399999999997 0.2446621
3871.3199999999997 0.233754
3876.8 0.1880627
3882.28 0.1682874
3887.76 0.1929579
3893.2499999999995 0.1986255
3898.7300000000005 0.196072
3904.21 0.188966
3909.69 0.189162
3915.17 0.1847209
3920.65 0.1766781
3926.13 0.1729496
3931.6099999999997 0.1687782
3937.0899999999997 0.1698045
3942.58 0.1777037
3948.06 0.17895
3953.54 0.1760516
3959.02 0.1789136
3964.5000000000005 0.1818505
3969.98 0.192973
3975.46 0.1855831
3980.94 0.1843443
3986.42 0.1895013
3991.9100000000003 0.186891
3997.3900000000003 0.1841827
4002.87 0.180951
4008.35 0.1823195
4013.83 0.1797336
4019.31 0.1743046
4024.79 0.171967
4030.2700000000004 0.1703376
4035.7599999999998 0.1691279
4041.24 0.1705191
4046.72 0.1681848
4052.2000000000003 0.172211
4057.6800000000003 0.1710519
4063.1600000000003 0.1783744
4068.64 0.1863107
4074.12 0.1847339
4079.61 0.1828161
4085.09 0.1865513
4090.57 0.1847349
4096.05 0.1887495
4101.53 0.194518
4107.01 0.1913865
4112.49 0.1862863
4117.97 0.1871452
4123.45 0.1812812
4128.93 0.1790318
4134.42 0.1756218
4139.900000000001 0.1744861
4145.38 0.1706047
4150.86 0.1640794
4156.34 0.1602625
4161.82 0.1609534
4167.3 0.1585727
4172.78 0.1565235
4178.259999999999 0.1581905
4183.75 0.1582265
4189.23 0.1577993
4194.71 0.1519949
4200.19 0.1536312
4205.67 0.1564828
4211.150000000001 0.1559426
4216.63 0.1562871
4222.11 0.1544168
4227.59 0.1532803
4233.07 0.1556648
4238.55 0.154773
4244.03 0.1559654
4249.51 0.1533236
4254.99 0.1529912
4260.48 0.1530076
4265.96 0.1553913
4271.4400000000005 0.1558623
4276.92 0.1601817
4282.400000000001 0.1604527
4287.88 0.1615821
4293.36 0.1663105
4298.84 0.1659731
4304.32 0.1681744
4309.8 0.180427
4315.280000000001 0.1919811
4320.76 0.1907502
4326.24 0.1921623
4331.72 0.1995712
4337.2 0.2120817
4342.68 0.2196552
4348.16 0.2167934
4353.639999999999 0.2172035
4359.12 0.2339618
4364.6 0.234198
4370.08 0.210909
4375.56 0.1906453
4381.04 0.1840577
4386.5199999999995 0.1812295
4392.0 0.1759699
4397.4800000000005 0.1708361
4402.96 0.165231
4408.4400000000005 0.1646433
4413.92 0.1653928
4419.4 0.1662592
4424.88 0.1631342
4430.36 0.1602303
4435.84 0.1616923
4441.320000000001 0.1666235
4446.8 0.1654307
4452.28 0.1625508
4457.76 0.1606426
4463.24 0.1584285
4468.72 0.1669212
4474.2 0.1671724
4479.67 0.1684678
4485.15 0.1674155
4490.63 0.1671089
4496.11 0.166988
4501.59 0.1700515
4507.070000000001 0.1732737
4512.55 0.1702792
4518.03 0.1676116
4523.51 0.1648384
4528.99 0.1624177
4534.46 0.1608825
4539.9400000000005 0.166472
4545.42 0.1702202
4550.9 0.1687244
4556.38 0.1715093
4561.86 0.1720531
4567.34 0.1715959
4572.8099999999995 0.1694946
4578.29 0.1695603
4583.7699999999995 0.168208
4589.25 0.1681781
4594.7300000000005 0.1698215
4600.21 0.1700306
4605.679999999999 0.1695858
4611.16 0.171805
4616.64 0.1724093
4622.12 0.1738422
4627.6 0.1737155
4633.070000000001 0.1732594
4638.55 0.1704198
4644.03 0.1716303
4649.51 0.1697148
4654.9800000000005 0.1736338
4660.46 0.1759939
4665.9400000000005 0.1707048
4671.42 0.1724649
4676.89 0.176703
4682.37 0.1830018
4687.85 0.1834198
4693.320000000001 0.1807102
4698.8 0.1760612
4704.28 0.1756868
4709.76 0.1717142
4715.2300000000005 0.1735502
4720.71 0.1746934
4726.1900000000005 0.1746106
4731.66 0.1708246
4737.14 0.1700251
4742.62 0.1738334
4748.09 0.1707039
4753.57 0.1667158
4759.04 0.1635265
4764.5199999999995 0.1601413
4770.0 0.1653017
4775.47 0.1695724
4780.95 0.1713804
4786.42 0.1708901
4791.9 0.1767065
4797.38 0.1817255
4802.85 0.1913882
4808.33 0.2005079
4813.8 0.2139722
4819.280000000001 0.2271738
4824.75 0.2336727
4830.23 0.2369452
4835.7 0.2377893
4841.18 0.2383955
4846.66 0.246775
4852.13 0.2503246
4857.6 0.2743666
4863.08 0.2885123
4868.55 0.2759693
4874.03 0.2642048
4879.5 0.2593554
4884.98 0.254609
4890.45 0.2484373
4895.93 0.2377524
4901.400000000001 0.2323946
4906.87 0.2233069
4912.349999999999 0.2132568
4917.82 0.2043322
4923.3 0.19164
4928.77 0.1880438
4934.24 0.1806474
4939.72 0.178937
4945.19 0.1816742
4950.67 0.1974256
4956.14 0.2721526
4961.610000000001 0.2551761
4967.09 0.188448
4972.5599999999995 0.1721359
4978.03 0.1685654
4983.5 0.1655985
4988.9800000000005 0.1690041
4994.45 0.1838855
4999.92 0.2670952
5005.4 0.500749
5010.87 0.3533054
5016.34 0.1966333
5021.8099999999995 0.1629854
5027.28 0.1597974
5032.759999999999 0.1571416
5038.2300000000005 0.1559338
5043.7 0.1537464
5049.169999999999 0.1534911
5054.64 0.1533595
5060.12 0.1545621
5065.59 0.1506138
5071.0599999999995 0.1491441
5076.530000000001 0.1453895
5082.0 0.1444625
5087.469999999999 0.1462966
5092.9400000000005 0.1467006
5098.41 0.1448911
5103.879999999999 0.1444573
5109.36 0.1439434
5114.83 0.1458297
5120.3 0.1451157
5125.7699999999995 0.1427494
5131.240000000001 0.1451027
5136.71 0.1447749
5142.179999999999 0.144558
5147.650000000001 0.1453161
5153.12 0.1480705
5158.589999999999 0.1474555
5164.06 0.1409398
5169.53 0.1370111
5175.0 0.1402404
5180.47 0.1403205
5185.929999999999 0.1416974
5191.400000000001 0.1423199
5196.87 0.1471672
5202.34 0.14533
5207.81 0.1429173
5213.28 0.1451857
5218.75 0.1462586
5224.22 0.1460956
5229.68 0.1436487
5235.15 0.1477203
5240.62 0.1488153
5246.09 0.1467871
5251.5599999999995 0.1457202
5257.02 0.1465266
5262.49 0.1442057
5267.96 0.1426174
5273.43 0.1457669
5278.89 0.1482573
5284.360000000001 0.1507317
5289.83 0.1539774
5295.29 0.1510126
5300.76 0.1521392
5306.23 0.1548787
5311.69 0.1555086
5317.16 0.15127
5322.63 0.1454453
5328.09 0.1459165
5333.56 0.1470052
5339.0199999999995 0.1464361
5344.49 0.1451081
5349.96 0.1466714
5355.42 0.1507331
5360.89 0.1500425
5366.349999999999 0.146251
5371.820000000001 0.1465267
5377.28 0.1472934
5382.749999999999 0.1473954
5388.21 0.1439916
5393.679999999999 0.1411501
5399.14 0.1403649
5404.61 0.141158
5410.07 0.1434647
5415.53 0.144593
5421.0 0.1461691
5426.46 0.1437443
5431.93 0.1420564
5437.389999999999 0.1424526
5442.85 0.1419634
5448.32 0.1423467
5453.780000000001 0.1411392
5459.24 0.1408506
5464.7 0.1413581
5470.17 0.1399773
5475.63 0.140433
5481.089999999999 0.1409209
5486.55 0.1404072
5492.0199999999995 0.1413253
5497.4800000000005 0.1389561
5502.94 0.1403385
5508.4 0.1400752
5513.860000000001 0.1412577
5519.33 0.1421405
5524.790000000001 0.140019
5530.25 0.1394934
5535.71 0.1413164
5541.17 0.1433853
5546.63 0.1434748
5552.089999999999 0.1418846
5557.55 0.1418534
5563.01 0.139131
5568.47 0.141976
5573.93 0.1396229
5579.389999999999 0.1385453
5584.85 0.1376895
5590.3099999999995 0.1360802
5595.7699999999995 0.1363695
5601.2300000000005 0.1389768
5606.69 0.1392015
5612.150000000001 0.1401858
5617.61 0.1398621
5623.07 0.1394253
5628.530000000001 0.1401419
5633.98 0.1392428
5639.44 0.1377435
5644.900000000001 0.1391897
5650.36 0.138044
5655.820000000001 0.1360472
5661.27 0.1362948
5666.73 0.1386172
5672.1900000000005 0.1390485
5677.65 0.1401342
5689.52 0.1385979
5699.23 0.1372702
5708.950000000001 0.1396062
5718.67 0.1459512
5728.379999999999 0.143931
5738.1 0.1415148
5747.82 0.1411197
5757.53 0.1410078
5767.25 0.1412828
5776.97 0.1387022
5786.679999999999 0.1395845
5796.400000000001 0.1415302
5806.12 0.1456266
5815.84 0.1481638
5825.5599999999995 0.1509892
5835.280000000001 0.1527343
5844.99 0.150612
5854.71 0.1479116
5864.43 0.1446711
5874.150000000001 0.1488235
5883.87 0.1428309
5893.589999999999 0.1359697
5903.31 0.1450125
5913.030000000001 0.1483743
5922.75 0.1450563
5932.469999999999 0.1427727
5942.1900000000005 0.1440541
5951.91 0.1408977
5961.63 0.1391302
5971.349999999999 0.1394009
5981.08 0.1360002
5990.799999999999 0.1371267
6000.52 0.1367432
6010.24 0.1340976
6019.96 0.1355081
6029.679999999999 0.1368946
6039.41 0.1372063
6049.13 0.137406
6058.85 0.1372537
6068.57 0.1393022
6078.3 0.1441366
6088.0199999999995 0.1426179
6097.740000000001 0.1374378
6107.47 0.1349302
6117.1900000000005 0.1332266
6126.91 0.1328136
6136.639999999999 0.1321833
6146.36 0.1321117
6156.089999999999 0.1295542
6165.81 0.1281448
6175.53 0.1305426
6185.26 0.1298419
6194.98 0.1285025
6204.71 0.1304148
6214.429999999999 0.1280663
6224.16 0.1289093
6233.88 0.1273848
6243.610000000001 0.1271886
6253.339999999999 0.1290222
6263.06 0.1317315
6272.79 0.1316157
6282.51 0.1355708
6292.24 0.1418438
6301.97 0.1399066
6311.69 0.1361964
6321.42 0.1357557
6331.15 0.1353955
6340.87 0.138264
6350.599999999999 0.1371317
6360.33 0.1411883
6370.0599999999995 0.1437421
6379.780000000001 0.1435559
6389.51 0.1393545
6399.240000000001 0.1380093
6408.97 0.1376026
6418.700000000001 0.1373526
6428.42 0.1402371
6438.150000000001 0.1418372
6447.88 0.1412785
6457.610000000001 0.1467192
6467.34 0.1562721
6477.070000000001 0.173957
6486.8 0.2061358
6496.52 0.2546725
6506.25 0.3076317
6515.9800000000005 0.346188
6525.71 0.3591685
6535.4400000000005 0.3722491
6545.17 0.3947177
6554.900000000001 0.4202689
6564.63 0.4379689
6574.360000000001 0.4304451
6584.09 0.4151089
6593.820000000001 0.3846578
6603.55 0.3479259
6613.280000000001 0.3005319
6623.01 0.2650951
6632.749999999999 0.2338078
6642.48 0.2082104
6652.209999999999 0.1875569
6661.94 0.1733182
6671.669999999999 0.1651386
6681.4 0.1601639
6691.129999999999 0.1530102
6700.86 0.148082
6710.599999999999 0.1478363
6720.33 0.147291
6730.0599999999995 0.1463731
6739.79 0.1368568
6749.5199999999995 0.1325515
6759.26 0.1315487
6768.990000000001 0.1294158
6778.72 0.1275286
6788.450000000001 0.1261044
6798.19 0.1241257
6807.919999999999 0.1259156
6817.65 0.1259491
6827.379999999999 0.125468
6837.12 0.1247946
6846.849999999999 0.1236089
6856.58 0.1237026
6866.320000000001 0.1201342
6876.05 0.1203183
6885.780000000001 0.1221918
6895.52 0.1226434
6905.250000000001 0.1215095
6914.98 0.1223271
6924.719999999999 0.1218539
6934.45 0.1207873
6944.179999999999 0.1237724
6953.92 0.1234763
6963.650000000001 0.1229242
6973.39 0.1232951
6983.120000000001 0.1232241
6992.86 0.1269711
7002.589999999999 0.1283405
7012.32 0.1279039
7022.06 0.1274581
7031.79 0.1255366
7041.530000000001 0.1293401
7051.26 0.1302156
7060.999999999999 0.1292578
7070.73 0.1283689
7080.47 0.1271512
7090.2 0.1246018
7099.9400000000005 0.1239405
7109.67 0.1232845
7119.410000000001 0.122829
7129.14 0.1255213
7138.88 0.1234797
7148.62 0.1209914
7158.35 0.1198348
7168.09 0.1192388
7177.820000000001 0.1190233
7187.5599999999995 0.1143798
7197.29 0.1138911
7207.03 0.1165315
7216.77 0.1174343
7226.5 0.1187629
7236.240000000001 0.117845
7245.97 0.119678
7255.71 0.1195062
7265.45 0.1193599
7275.18 0.1203872
7284.92 0.1199498
7294.650000000001 0.1184802
7304.389999999999 0.122204
7314.13 0.1236328
7323.86 0.1260495
7333.6 0.1234659
7343.34 0.1225043
7353.070000000001 0.1218932
7362.8099999999995 0.1187048
7372.55 0.1223499
7382.28 0.1215241
7392.02 0.1182207
7401.759999999999 0.1181554
7411.49 0.1204522
7421.23 0.1201582
7430.97 0.1185648
7440.71 0.1186524
7450.4400000000005 0.1173909
7460.179999999999 0.1211549
7469.92 0.1207624
7479.65 0.1202174
7489.39 0.1186213
7499.13 0.1176878
7508.87 0.1194619
7518.599999999999 0.1196444
7528.34 0.1202405
7538.08 0.1192682
7547.81 0.1210874
7557.549999999999 0.1215955
7567.29 0.1212279
7577.03 0.1187201
7586.76 0.1196402
7596.500000000001 0.120317
7606.24 0.1202636
7615.98 0.1197424
7625.71 0.1180729
7635.450000000001 0.1149496
7645.19 0.1144089
7654.929999999999 0.1171171
7664.66 0.1169354
7674.400000000001 0.1071414
7684.14 0.1135004
7693.879999999999 0.1135641
7703.61 0.1091755
7713.35 0.1107342
7723.09 0.1156875
7732.830000000001 0.1131352
7742.56 0.1145066
7752.3 0.1151079
7762.04 0.1149024
7771.780000000001 0.1155236
7781.5199999999995 0.112949
7791.25 0.1116303
7800.99 0.1120652
7810.7300000000005 0.1141422
7820.47 0.1153469
7830.21 0.1167933
7839.94 0.1143481
7849.68 0.1138182
7859.42 0.114302
7869.16 0.1170631
7878.889999999999 0.1177246
7888.63 0.1170261
7898.37 0.1147686
7908.110000000001 0.1133723
7917.84 0.1099972
7927.58 0.1086333
7937.32 0.1105456
7947.06 0.1120165
7956.8 0.1140006
7966.53 0.1126391
7976.2699999999995 0.1117274
7986.01 0.1117828
7995.75 0.1133327
8005.4800000000005 0.1140624
8015.219999999999 0.1138104
8024.96 0.1131387
8034.7 0.1085458
8044.43 0.1081773
8054.17 0.1107644
8063.91 0.1150207
8073.65 0.1140483
8083.38 0.1105182
8093.12 0.1105738
8102.86 0.1130847
8112.599999999999 0.1143197
8122.33 0.1142664
8132.07 0.1143004
8141.81 0.113581
8151.540000000001 0.1129572
8161.28 0.1145448
8171.0199999999995 0.1152001
8180.76 0.1114803
8190.490000000001 0.1111418
8200.23 0.105785
8209.97 0.1064896
8219.710000000001 0.1127273
8229.44 0.111444
8239.18 0.1092576
8248.92 0.109953
8258.65 0.1142301
8268.39 0.1147477
8278.130000000001 0.1127777
8287.86 0.111393
8297.6 0.1098557
8307.34 0.1104568
8317.07 0.1101187
8326.81 0.1084815
8336.550000000001 0.1074908
8346.28 0.1066034
8356.02 0.1083482
8365.76 0.1091766
8375.49 0.112752
8385.23 0.1149756
8394.960000000001 0.1116958
8404.7 0.1122831
8414.44 0.1165555
8424.17 0.1142747
8433.91 0.109313
8443.64 0.1102333
8453.380000000001 0.1136634
8463.119999999999 0.1147333
8472.85 0.1146481
8482.59 0.112995
8492.32 0.1120228
8502.06 0.1080971
8511.79 0.1043346
8521.53 0.1036419
8531.26 0.10508
8541.0 0.1062892
8550.74 0.08122378
8560.47 0.08122265
8570.210000000001 0.1046858
8579.94 0.1028471
8589.68 0.1007795
8599.41 0.1004193
8609.15 0.1030492
8618.88 0.1047152
8628.62 0.103607
8638.35 0.1018663
8648.08 0.1011641
8657.82 0.09982366
8667.550000000001 0.07904878
8677.289999999999 0.08157889
8687.02 0.1017344
8696.76 0.09900288
8706.49 0.09730516
8716.22 0.09724976
8725.960000000001 0.1003398
8735.69 0.1013082
8745.43 0.1008427
8755.16 0.1004967
8764.89 0.1013707
8774.63 0.09951912
8784.36 0.09907648
8794.09 0.09983917
8803.83 0.09826518
8813.56 0.09773523
8823.29 0.09791043
8833.029999999999 0.09868701
8842.76 0.09896964
8852.49 0.09865668
8862.22 0.09429485
8871.96 0.09349863
8881.69 0.09260751
8891.42 0.09386588
8901.15 0.09470435
8910.89 0.09665078
8920.62 0.09690809
8930.35 0.09645873
8940.08 0.09682386
8949.81 0.09527765
8959.54 0.09252519
8969.279999999999 0.09058563
8977.59 0.09359927
8985.56 0.09257065
8993.529999999999 0.09322761
9001.5 0.09397993
9009.48 0.0978253
9017.45 0.09822446
9025.42 0.09776945
9033.4 0.09862091
9041.369999999999 0.09951062
9049.34 0.107856
9057.32 0.116679
9065.28 0.1404939
9073.26 0.1392626
9081.23 0.114346
9089.199999999999 0.1013273
9097.18 0.09738306
9105.15 0.0965676
9113.12 0.1013044
9121.1 0.1012607
9129.07 0.1012479
9137.039999999999 0.09725712
9145.01 0.09648649
9152.98 0.09199842
9160.960000000001 0.09223962
9168.93 0.09226467
9176.9 0.09101452
9184.88 0.09124335
9192.85 0.09090383
9200.82 0.09681046
9208.800000000001 0.09726108
9216.76 0.09701697
9224.73 0.09804157
9232.71 0.09796307
9240.68 0.09716112
9248.65 0.0958709
9256.630000000001 0.09495971
9264.6 0.09542677
9272.57 0.09517886
9280.55 0.09254225
9288.52 0.09215877
9296.48 0.09182728
9304.46 0.0960231
9312.43 0.09579399
9320.41 0.09559093
9328.38 0.09555829
9336.35 0.09544875
9344.33 0.09548461
9352.3 0.09466262
9360.27 0.09414063
9368.24 0.09346196
9376.210000000001 0.09308424
9384.18 0.09295787
9392.16 0.09356751
9400.13 0.09325077
9408.1 0.09299148
9416.08 0.09193426
9424.050000000001 0.09173042
9432.03 0.09239642
9440.0 0.09227592
9447.96 0.09240671
9455.94 0.09325701
9463.91 0.09331494
9471.880000000001 0.09353358
9479.86 0.09400151
9487.83 0.09492047
9495.8 0.09645242
9503.779999999999 0.09873763
9511.75 0.1047763
9519.720000000001 0.1294292
9527.69 0.1891201
9535.66 0.1976052
9543.63 0.1397499
9551.61 0.1090155
9559.58 0.09802718
9567.550000000001 0.09526118
9575.53 0.09396538
9583.5 0.09345552
9591.48 0.09357403
9599.44 0.09322753
9607.41 0.09243349
9615.39 0.09203675
9623.36 0.09164239
9631.33 0.09191004
9639.31 0.09175365
9647.28 0.09151087
9655.25 0.09065178
9663.23 0.09005247
9671.199999999999 0.08960309
9679.17 0.08967242
9687.14 0.0892729
9695.11 0.08855981
9703.09 0.08830854
9711.06 0.08827806
9719.029999999999 0.08819794
9727.01 0.08797215
9734.98 0.08762442
9742.95 0.08743473
9750.92 0.08753437
9758.89 0.08754524
9766.86 0.08801238
9774.84 0.08793031
9782.81 0.08772466
9790.78 0.08718809
9798.76 0.08750489
9806.73 0.08751393
9814.71 0.08895495
9822.67 0.08947724
9830.640000000001 0.08942728
9838.62 0.0893851
9846.59 0.09073476
9854.56 0.09126238
9862.539999999999 0.08989327
9870.51 0.08933352
9878.48 0.08971591
9886.460000000001 0.08998702
9894.43 0.09023052
9902.4 0.09079627
9910.369999999999 0.09349894
9918.34 0.09290953
9926.310000000001 0.09096765
9934.29 0.08989563
9942.26 0.08959653
9950.24 0.08980084
9958.21 0.08983099
9966.199999999999 0.08950887
9974.199999999999 0.09033258
9982.17 0.09072622
9990.14 0.09082484
9998.12 0.09114417
10006.09 0.09133478
10014.01 0.09139911
10021.94 0.09156961
10029.91 0.09210431
10037.88 0.09315871
10045.86 0.09552245
10053.83 0.09552783
10061.800000000001 0.09296379
10069.779999999999 0.09146427
10077.75 0.09082687
10085.73 0.09034025
10093.7 0.09084024
10101.67 0.09095054
10109.65 0.09148287
10117.62 0.09386561
10125.59 0.09539256
10133.570000000002 0.09247992
10141.54 0.08949728
10149.51 0.0884842
10157.49 0.08781354
10165.46 0.08686475
10173.43 0.08633243
10181.41 0.08593726
10189.38 0.0853724
10197.36 0.08485891
10205.33 0.08502945
10213.300000000001 0.08472777
10221.279999999999 0.08451007
10229.25 0.08423017
10237.22 0.08402917
10245.2 0.08397892
10253.17 0.08393207
10261.14 0.08416321
10269.12 0.08438721
10277.09 0.0857773
10285.06 0.08817999
10293.04 0.08754454
10301.01 0.08564344
10308.980000000001 0.08605037
10316.96 0.08892078
10324.93 0.08991357
10332.91 0.088974
10340.88 0.08747287
10348.85 0.08459917
10356.83 0.08342356
10364.800000000001 0.08396344
10372.77 0.08442424
10380.75 0.08371505
10388.72 0.08362415
10396.689999999999 0.0844158
10404.67 0.08469065
10412.64 0.08388384
10420.609999999999 0.08311124
10428.59 0.08252765
10436.56 0.08230818
10444.539999999999 0.08218374
10452.509999999998 0.0820961
10460.480000000001 0.08198945
10468.46 0.08204873
10476.43 0.08210887
10484.4 0.08225042
10492.38 0.08232157
10500.35 0.08239955
10508.32 0.0825374
10516.300000000001 0.08262302
10524.27 0.08262095
10532.24 0.08253091
10540.22 0.08258846
10548.189999999999 0.08261417
10556.160000000002 0.08267518
10564.14 0.08265719
10572.109999999999 0.08268582
10580.08 0.0826766
10588.06 0.08280328
10596.03 0.08273721
10604.009999999998 0.08300501
10611.980000000001 0.08323157
10619.95 0.08372291
10627.93 0.08420979
10635.9 0.08482833
10643.869999999999 0.08560316
10651.85 0.08595374
10659.82 0.08602825
10667.789999999999 0.08611184
10675.77 0.08641757
10683.74 0.08661647
10691.710000000001 0.08688177
10699.689999999999 0.0872975
10707.660000000002 0.08797303
10715.630000000001 0.08874603
10723.609999999999 0.08934427
10731.58 0.09013456
10739.56 0.09155457
10747.53 0.09293177
10755.5 0.09358568
10763.480000000001 0.09431024
10771.45 0.09516938
10779.369999999999 0.0966861
10787.3 0.09910927
10795.269999999999 0.1014108
10803.24 0.100886
10811.22 0.100177
10819.19 0.120264
10827.16 0.1885106
10835.140000000001 0.2129862
10843.11 0.1636581
10851.08 0.1290487
10859.06 0.1140368
10867.029999999999 0.1068734
10875.01 0.1028154
10882.98 0.1004474
10890.949999999999 0.09855651
10898.93 0.09738755
10906.9 0.09693329
10914.87 0.09641577
10922.85 0.09619955
10930.820000000002 0.09822402
10938.79 0.1011042
10946.769999999999 0.0985352
10954.74 0.09420974
10962.71 0.09137431
10970.69 0.08898159
10978.66 0.08730683
10986.63 0.08582426
10994.61 0.08421329
11002.58 0.08280912
11010.56 0.08143149
11018.529999999999 0.08068032
11026.499999999998 0.08026157
11034.48 0.07985715
11042.449999999999 0.07946235
11050.42 0.07920925
11058.4 0.07879373
11066.37 0.07809459
11074.34 0.07720641
11082.320000000002 0.07669646
11090.29 0.07617394
11098.26 0.07558529
11106.24 0.07518405
11114.21 0.07471931
11122.19 0.07439679
11130.16 0.07419945
11138.13 0.07396816
11146.11 0.07384494
11154.08 0.07390953
11162.05 0.07388801
11170.029999999999 0.07412782
11177.999999999998 0.07391316
11185.970000000001 0.0736721
11193.949999999999 0.0734577
11201.92 0.07418711
11209.89 0.07413668
11217.87 0.07418531
11225.84 0.07398737
11233.81 0.0739788
11241.79 0.07388608
11249.76 0.07371277
11257.74 0.07388257
11265.71 0.07414761
11273.679999999998 0.0740516
11281.66 0.07405297
11289.63 0.07385831
11297.6 0.07348277
11305.58 0.07357831
11313.550000000001 0.07306409
11321.52 0.07277391
11329.499999999998 0.07280027
11337.470000000001 0.07252121
11345.44 0.0723006
11353.42 0.07216166
11361.39 0.07192769
11369.359999999999 0.07170368
11377.34 0.07142467
11385.31 0.07118801
11393.29 0.07111584
11401.26 0.0711415
11409.23 0.07204438
11417.21 0.07173929
11425.179999999998 0.07158969
11433.150000000001 0.07130388
11441.13 0.07083418
11449.1 0.07057118
11457.07 0.07087138
11465.050000000001 0.07143952
11473.02 0.07122747
11480.99 0.07057952
11488.970000000001 0.07006303
11496.94 0.06972076
11504.92 0.06968083
11512.89 0.06959682
11520.859999999999 0.06961906
11528.830000000002 0.06962604
11536.81 0.06951034
11544.68 0.06951646
11552.66 0.06953865
11560.630000000001 0.06935016
11568.6 0.06920622
11576.58 0.06919155
11584.55 0.06912189
11592.519999999999 0.06902296
11600.5 0.06908586
11608.47 0.06899631
11616.45 0.06936954
11624.42 0.06985961
11632.39 0.06974431
11640.369999999999 0.06910171
11648.34 0.06872325
11656.310000000001 0.06870215
11664.289999999999 0.06853052
11672.26 0.06848356
11680.23 0.06838391
11688.210000000001 0.06814286
11696.18 0.06794733
11704.15 0.06794018
11712.130000000001 0.06792183
11720.1 0.06791752
11728.07 0.06787494
11736.05 0.06776657
11744.019999999999 0.06772581
11752.0 0.06769461
11759.97 0.0675784
11767.939999999999 0.0673174
11775.92 0.06713514
11783.89 0.06713521
11791.86 0.06713732
11799.839999999998 0.06708259
11807.810000000001 0.06722509
11815.78 0.06723193
11823.76 0.06697205
11831.73 0.06665953
11839.699999999999 0.06678349
11847.68 0.06702658
11855.65 0.06709845
11863.619999999999 0.06717147
11871.6 0.06768683
11879.57 0.068793
11887.54 0.06890801
11895.519999999999 0.06778896
11903.490000000002 0.06717507
11911.47 0.06686491
11919.439999999999 0.06652226
11927.41 0.06627913
11935.39 0.06619073
11943.36 0.06614074
11951.33 0.0659372
11959.310000000001 0.06589291
11967.28 0.06585185
11975.25 0.06565667
11983.23 0.06553765
11991.199999999999 0.06543926
11999.169999999998 0.06542496
12007.15 0.06548517
12015.119999999999 0.06573256
12023.1 0.0657386
12031.07 0.06558254
12039.04 0.06542054
12047.019999999999 0.06543632
12054.990000000002 0.06538207
12062.960000000001 0.065332
12070.939999999999 0.06527756
12078.91 0.06518103
12086.88 0.06513957
12094.86 0.06511677
12102.83 0.06500878
12110.8 0.06494031
12118.78 0.06488185
12126.75 0.06482605
12134.720000000001 0.06476338
12142.699999999999 0.06471447
12150.669999999998 0.06479681
12158.65 0.06480964
12166.619999999999 0.06461857
12174.59 0.06446012
12182.57 0.06427494
12190.54 0.06424939
12198.51 0.06429318
12206.490000000002 0.06473992
12214.460000000001 0.06466473
12222.43 0.06461082
12230.41 0.06452346
12238.38 0.06444912
12246.349999999999 0.06443242
12254.33 0.06443418
12262.3 0.06430727
12270.28 0.06417525
12278.25 0.06406511
12286.220000000001 0.06409754
12294.199999999999 0.06395952
12302.169999999998 0.06392728
12310.039999999999 0.06395394
12318.02 0.06395216
12325.99 0.06408818
12333.96 0.06409017
12341.94 0.06373785
12349.91 0.06379476
12357.880000000001 0.06376354
12365.859999999999 0.06373154
12373.829999999998 0.06367243
12381.81 0.06365779
12389.779999999999 0.06359903
12397.75 0.06349839
12405.73 0.06373491
12413.7 0.06371568
12421.67 0.06366101
12429.650000000001 0.06369054
12437.62 0.0636041
12445.59 0.06349411
12453.57 0.06356103
12461.539999999999 0.06365156
12469.509999999998 0.06388288
12477.49 0.06398405
12485.46 0.06416683
12493.43 0.06426628
12501.41 0.06441972
12509.380000000001 0.06492214
12517.359999999999 0.0669297
12525.329999999998 0.06844225
12533.300000000001 0.06707039
12541.279999999999 0.06577503
12549.25 0.0663712
12557.22 0.06876055
12565.2 0.07183459
12573.17 0.07156829
12581.14 0.06838295
12589.12 0.06622564
12597.09 0.0652392
12605.06 0.06473772
12613.039999999999 0.06499561
12621.009999999998 0.06482981
12628.980000000001 0.06471913
12636.96 0.06469869
12644.93 0.06475443
12652.91 0.0648089
12660.880000000001 0.06499175
12668.85 0.06532513
12676.829999999998 0.06550011
12684.800000000001 0.06575436
12692.77 0.06617369
12700.75 0.06665229
12708.72 0.06693473
12716.689999999999 0.06725343
12724.67 0.06750589
12732.64 0.06781315
12740.61 0.06804954
12748.59 0.06832533
12756.56 0.06876731
12764.539999999999 0.06930628
12772.509999999998 0.07036921
12780.480000000001 0.0718246
12788.46 0.07288953
12796.43 0.07391789
12804.4 0.07593936
12812.380000000001 0.08125914
12820.35 0.08494871
12828.32 0.08062397
12836.300000000001 0.07519111
12844.27 0.07269556
12852.24 0.0716876
12860.22 0.07086317
12868.189999999999 0.07024634
12876.160000000002 0.06974332
12884.14 0.06918971
12892.11 0.06860075
12900.08 0.06771793
12908.06 0.06704621
12916.03 0.06666853
12924.009999999998 0.06657508
12931.980000000001 0.06695832
12939.95 0.0673898
12947.93 0.06753667
12955.9 0.06694767
12963.869999999999 0.06633116
12971.85 0.06532575
12979.82 0.06437173
12987.789999999999 0.06359458
12995.77 0.06287302
13003.74 0.06253254
13011.710000000001 0.06204603
13019.689999999999 0.06169027
13027.660000000002 0.06129817
13035.630000000001 0.0610177
13043.61 0.06090885
13051.58 0.06072876
13059.56 0.06060577
13067.48 0.06063213
13075.4 0.06056889
13083.38 0.06038238
13091.349999999999 0.0602655
13099.320000000002 0.06012502
13107.3 0.06015525
13115.27 0.06018789
13123.24 0.06018434
13131.22 0.06012059
13139.19 0.06018202
13147.16 0.060109
13155.140000000001 0.06017524
13163.11 0.06039321
13171.08 0.06046243
13179.06 0.06038598
13187.029999999999 0.06051723
13195.01 0.06103473
13202.98 0.06193959
13210.949999999999 0.06193452
13218.93 0.0609741
13226.9 0.06011526
13234.87 0.05983533
13242.849999999999 0.05959212
13250.820000000002 0.05943316
13258.79 0.05948825
13266.77 0.05925741
13274.74 0.05934971
13282.71 0.05926945
13290.69 0.05898489
13298.66 0.05875169
13306.63 0.05875625
13314.61 0.05854469
13322.58 0.05837203
13330.56 0.05849619
13338.529999999999 0.05840081
13346.499999999998 0.05816697
13354.48 0.05822641
13362.449999999999 0.05816426
13370.42 0.05803016
13378.4 0.05789616
13386.37 0.05775637
13394.34 0.05769249
13402.320000000002 0.05787083
13410.29 0.05793781
13418.26 0.05799991
13426.24 0.057875
13434.21 0.0578309
13442.19 0.05772835
13450.16 0.05771752
13458.13 0.05767042
13466.11 0.05733577
13474.08 0.05733566
13482.050000000001 0.057296
13490.029999999999 0.05724665
13498.000000000002 0.05719743
13505.970000000001 0.05714831
13513.949999999999 0.05709916
13521.92 0.05705016
13529.89 0.05700126
13537.87 0.05695234
13545.84 0.05690357
13553.81 0.05685485
13561.79 0.05680615
13569.76 0.05675759
13577.74 0.05670903
13585.71 0.05666062
13593.679999999998 0.05661228
13601.66 0.05703878
13609.63 0.05699002
13617.6 0.05694133
13625.58 0.05689264
13633.550000000001 0.0568441
13641.52 0.05679562
13649.500000000002 0.05674714
13657.470000000001 0.05669882
13665.44 0.05665055
13673.42 0.05660227
13681.39 0.05655415
13689.37 0.05650602
13697.34 0.05645804
13705.31 0.05641014
13713.29 0.05636223
13721.26 0.05631445
13729.23 0.05626675
13737.21 0.05621903
13745.179999999998 0.05617147
13753.150000000001 0.05612398
13761.13 0.05607646
13769.1 0.05602913
13777.07 0.05598182
13785.050000000001 0.05593452
13793.02 0.05588737
13800.99 0.05584027
13808.970000000001 0.05571711
13816.94 0.05567024
13824.92 0.05562336
13832.84 0.05557688
13840.76 0.05553046
13848.74 0.05548379
13856.710000000001 0.05543725
13864.68 0.05539079
13872.660000000002 0.05534432
13880.630000000001 0.05529799
13888.6 0.05525173
13896.58 0.05520545
13904.55 0.05515931
13912.519999999999 0.05511324
13920.5 0.05506716
13928.47 0.05502123
13936.45 0.05497527
13944.42 0.05492946
13952.39 0.05488372
13960.369999999999 0.05483796
13968.339999999998 0.05479234
13976.310000000001 0.05474679
13984.289999999999 0.05470123
13992.26 0.05465581
14000.23 0.05446009
14008.210000000001 0.05441487
14016.18 0.05436993
14024.15 0.05432489
14032.130000000001 0.05427981
14040.1 0.05423493
14048.07 0.0541901
14056.05 0.05414588
14064.019999999999 0.05402206
14072.0 0.05391915
14079.97 0.05387887
14087.94 0.05414496
14095.92 0.05424321
14103.89 0.0540867
14111.86 0.05379258
14119.839999999998 0.05370076
14127.810000000001 0.05351106
14135.78 0.05341462
14143.76 0.05363873
14151.73 0.05356148
14159.699999999999 0.0535862
14167.68 0.0537342
14175.65 0.05373534
14183.619999999999 0.05374627
14191.6 0.05359442
14199.57 0.05367865
14207.54 0.05393957
14215.519999999999 0.05375497
14223.490000000002 0.05359464
14231.47 0.05358214
14239.44 0.05378118
14247.41 0.05395357
14255.39 0.05390879
14263.36 0.05417714
14271.33 0.05422016
14279.310000000001 0.0543291
14287.28 0.05507194
14295.25 0.05697809
14303.23 0.05801521
14311.199999999999 0.05664575
14319.170000000002 0.05494305
14327.15 0.05421147
14335.119999999999 0.05394046
14343.1 0.05402097
14351.07 0.05349641
14359.04 0.05334778
14367.019999999999 0.05339109
14374.990000000002 0.05334497
14382.960000000001 0.05330489
14390.94 0.0540817
14398.91 0.05393579
14406.88 0.05392512
14414.86 0.05388687
14422.83 0.05401837
14430.8 0.05394207
14438.78 0.05384312
14446.75 0.05367541
14454.720000000001 0.05367659
14462.699999999999 0.05369064
14470.670000000002 0.05376348
14478.65 0.0538646
14486.619999999999 0.05376343
14494.59 0.05373413
14502.57 0.05362348
14510.54 0.05354507
14518.51 0.05357684
14526.490000000002 0.05351426
14534.460000000001 0.05334159
14542.43 0.05334601
14550.41 0.05327603
14558.38 0.05308427
14566.349999999999 0.05315861
14574.33 0.05317943
14582.3 0.05333817
14590.28 0.05317911
14598.150000000001 0.05299416
14606.12 0.05283088
14614.1 0.05261873
14622.07 0.05257936
14630.039999999999 0.05274134
14638.02 0.05289221
14645.99 0.05287813
14653.96 0.05271236
14661.94 0.05249921
14669.91 0.0523503
14677.880000000001 0.0526776
14685.859999999999 0.0528271
14693.830000000002 0.0525697
14701.800000000001 0.05248789
14709.779999999999 0.05248729
14717.75 0.05237482
14725.72 0.05244602
14733.7 0.05250373
14741.67 0.05251273
14749.650000000001 0.05253238
14757.62 0.05250438
14765.59 0.05251576
14773.57 0.05240655
14781.539999999999 0.0523322
14789.509999999998 0.05234404
14797.49 0.05322457
14805.46 0.0530796
14813.43 0.05312767
14821.41 0.05307506
14829.380000000001 0.05302919
14837.35 0.05299535
14845.330000000002 0.05306482
14853.300000000001 0.05308479
14861.279999999999 0.05302524
14869.25 0.052841
14877.22 0.05261709
14885.2 0.05261914
14893.17 0.05273181
14901.14 0.0527317
14909.12 0.05275149
14917.09 0.05279713
14925.060000000001 0.05284497
14933.039999999999 0.05279112
14941.009999999998 0.05276696
14948.980000000001 0.0527646
14956.96 0.0527889
14964.93 0.05286208
14972.9 0.05275876
14980.880000000001 0.05261972
14988.85 0.05255281
14996.830000000002 0.0524503
15004.800000000001 0.05325019
15012.77 0.05327418
15020.75 0.05310977
15028.72 0.05285569
15036.689999999999 0.05267635
15044.67 0.05261803
15052.64 0.05262395
15060.61 0.0527553
15068.59 0.05293072
15076.560000000001 0.05299037
15084.53 0.05305745
15092.509999999998 0.05294373
15100.480000000001 0.05280088
15108.46 0.05276741
15116.43 0.05280337
15124.4 0.05273423
15132.380000000001 0.05267031
15140.35 0.05273685
15148.32 0.05276776
15156.300000000001 0.05269858
15164.27 0.05254209
15172.24 0.0524869
15180.22 0.05254722
15188.189999999999 0.05261541
15196.160000000002 0.05258085
15204.14 0.05250568
15212.11 0.05355617
15220.08 0.0534799
15228.060000000001 0.05337171
15236.03 0.05336927
15244.0 0.05334992
15251.980000000001 0.05331479
15259.95 0.05333221
15267.93 0.05338939
15275.9 0.0533615
15283.869999999999 0.05322514
15291.85 0.053161
15299.82 0.05324406
15307.789999999999 0.05332352
15315.77 0.05341176
15323.74 0.05364538
15331.710000000001 0.05395939
15339.689999999999 0.05392283
15347.66 0.05364358
15355.630000000001 0.0533678
15363.51 0.05316539
15371.48 0.05302983
15379.460000000001 0.05296804
15387.43 0.05279557
15395.4 0.05264363
15403.38 0.05299571
15411.349999999999 0.05301573
15419.320000000002 0.05293418
15427.3 0.05284873
15435.27 0.05294689
15443.24 0.0530612
15451.220000000001 0.05273868
15459.19 0.0528708
15467.16 0.05297487
15475.140000000001 0.05297922
15483.11 0.05310974
15491.08 0.05306356
15499.06 0.05279768
15507.029999999999 0.05264964
15515.01 0.05265164
15522.98 0.05267784
15530.949999999999 0.0525854
15538.93 0.05256267
15546.9 0.0525128
15554.87 0.05242668
15562.849999999999 0.05235478
15570.820000000002 0.0521808
15578.79 0.05188737
15586.77 0.05154606
15594.74 0.05174007
15602.71 0.05245501
15610.69 0.05255216
15618.66 0.05262651
15626.63 0.05251136
15634.61 0.05244032
15642.58 0.05245423
15650.56 0.05245388
15658.529999999999 0.05233892
15666.500000000002 0.05259485
15674.48 0.05261424
15682.449999999999 0.05232135
15690.42 0.05234656
15698.4 0.0524135
15706.37 0.05245936
15714.34 0.05241519
15722.320000000002 0.05239699
15730.29 0.05232257
15738.26 0.05200936
15746.24 0.05188506
15754.21 0.0518281
15762.19 0.05166366
15770.16 0.05153822
15778.13 0.05154444
15786.11 0.05164145
15794.08 0.05171006
15802.050000000001 0.05173122
15810.029999999999 0.05172815
15818.000000000002 0.05156277
15825.970000000001 0.05138486
15833.95 0.05136505
15841.92 0.05158391
15849.89 0.05182492
15857.87 0.05180786
15865.84 0.05179497
15873.81 0.05169299
15881.79 0.05142227
15889.76 0.0511633
15897.74 0.05092503
15905.71 0.05089102
15913.679999999998 0.05100171
15921.66 0.05106656
15929.63 0.05115191
15937.6 0.05117432
15945.58 0.05113195
15953.550000000001 0.05105111
15961.52 0.05086054
15969.500000000002 0.05063098
15977.470000000001 0.05073923
15985.44 0.0509364
15993.42 0.05106361
16001.39 0.05191512
16009.37 0.05195137
16017.34 0.05195645
16025.31 0.05179715
16033.29 0.05177441
16041.26 0.05161594
16049.230000000001 0.05147435
16057.21 0.05145544
16065.179999999998 0.05156006
16073.15 0.05163724
16081.13 0.0516678
16089.1 0.05166802
16097.07 0.05176656
16105.050000000001 0.05190835
16113.02 0.05190044
16120.939999999999 0.05165428
16128.869999999999 0.05146364
16136.839999999998 0.05142598
16144.82 0.05130959
16152.789999999999 0.05119791
16160.76 0.05114643
16168.74 0.05122814
16176.710000000001 0.05103262
16184.68 0.05071383
16192.660000000002 0.05041721
16200.630000000001 0.05020008
16208.6 0.0506895
16216.58 0.05079415
16224.55 0.0509207
16232.519999999999 0.05101742
16240.5 0.05093648
16248.47 0.05088769
16256.45 0.0510188
16264.42 0.05108654
16272.390000000001 0.05114729
16280.369999999999 0.05119226
16288.339999999998 0.0512571
16296.310000000001 0.05131814
16304.289999999999 0.05121164
16312.26 0.05105613
16320.23 0.05103573
16328.210000000001 0.05102409
16336.18 0.05089929
16344.15 0.05081684
16352.130000000001 0.05078866
16360.1 0.05090227
16368.08 0.05095596
16376.05 0.05088064
16384.02 0.05093565
16392.0 0.05127845
16399.969999999998 0.05141017
16407.940000000002 0.05169129
16415.92 0.05243767
16423.89 0.05382973
16431.86 0.05566418
16439.84 0.05635823
16447.81 0.05501276
16455.78 0.05306552
16463.760000000002 0.05192751
16471.73 0.05128902
16479.71 0.05085322
16487.68 0.05070946
16495.649999999998 0.05070383
16503.63 0.05059892
16511.6 0.0505946
16519.57 0.05046015
16527.54 0.0502695
16535.52 0.05006116
16543.49 0.04992544
16551.469999999998 0.05003127
16559.440000000002 0.05020986
16567.41 0.05025119
16575.39 0.05024046
16583.36 0.05019307
16591.329999999998 0.05013157
16599.31 0.05036827
16607.28 0.05025671
16615.25 0.05012407
16623.23 0.05016121
16631.2 0.05032009
16639.18 0.05029473
16647.149999999998 0.05017249
16655.120000000003 0.04999956
16663.1 0.04990179
16671.07 0.04987093
16679.04 0.04995641
16687.02 0.04994468
16694.99 0.04996636
16702.96 0.05002741
16710.940000000002 0.05003296
16718.91 0.04999718
16726.88 0.04996743
16734.86 0.04996942
16742.829999999998 0.05005511
16750.8 0.05003838
16758.78 0.05017778
16766.75 0.05051611
16774.72 0.05075153
16782.7 0.05071432
16790.670000000002 0.05063709
16798.649999999998 0.05064958
16806.620000000003 0.05059737
16814.59 0.05039964
16822.57 0.05017564
16830.54 0.04997281
16838.51 0.04981893
16846.49 0.04965965
16854.46 0.04949228
16862.43 0.04950132
16870.41 0.04961878
16878.38 0.04966237
16886.31 0.04963272
16894.23 0.04963339
16902.2 0.0495611
16910.18 0.04945294
16918.15 0.04941364
16926.12 0.04947939
16934.100000000002 0.0495123
16942.07 0.04947482
16950.04 0.04936262
16958.02 0.04922018
16965.989999999998 0.04912098
16973.96 0.04918203
16981.94 0.04910054
16989.91 0.0490473
16997.88 0.04907908
17005.86 0.04898708
17013.83 0.0489127
17021.8 0.04883747
17029.780000000002 0.04869787
17037.75 0.04866987
17045.73 0.04870934
17053.7 0.04859404
17061.67 0.04847644
17069.65 0.04824042
17077.62 0.0482277
17085.59 0.04818612
17093.57 0.04817928
17101.54 0.04813258
17109.510000000002 0.04801434
17117.489999999998 0.04809518
17125.46 0.04821088
17133.44 0.04837609
17141.41 0.04851171
17149.38 0.04852773
17157.36 0.04835506
17165.33 0.0484429
17173.3 0.04841233
17181.280000000002 0.04816735
17189.25 0.04818713
17197.22 0.04814173
17205.2 0.04767435
17213.17 0.04759748
17221.14 0.04759286
17229.12 0.04765499
17237.09 0.04745394
17245.06 0.04746641
17253.04 0.04753727
17261.010000000002 0.04766491
17268.98 0.04758271
17276.96 0.04756652
17284.93 0.04728938
17292.91 0.04711281
17300.88 0.04727938
17308.85 0.04723316
17316.83 0.04720888
17324.8 0.04727114
17332.77 0.04728451
17340.75 0.04742577
17348.72 0.047725
17356.69 0.04792794
17364.67 0.04814069
17372.64 0.04812893
17380.62 0.04789181
17388.59 0.04775407
17396.56 0.04761432
17404.54 0.04733609
17412.510000000002 0.04722139
17420.48 0.04709635
17428.46 0.0471821
17436.43 0.04722239
17444.4 0.04718991
17452.38 0.04722848
17460.35 0.04722716
17468.32 0.04727817
17476.3 0.04737524
17484.27 0.04725314
17492.239999999998 0.04699322
17500.22 0.04675239
17508.19 0.04666712
17516.16 0.04652881
17524.14 0.04644812
17532.11 0.04643303
17540.09 0.04641535
17548.06 0.04632479
17556.03 0.04632405
17564.010000000002 0.04626886
17571.98 0.04621653
17579.95 0.04590007
17587.93 0.04532262
17595.9 0.04457828
17603.87 0.04391389
17611.85 0.04407994
17619.82 0.04410216
17627.79 0.04406137
17635.77 0.04404309
17643.74 0.0439139
17651.61 0.04395309
17659.59 0.04405101
17667.56 0.04398366
17675.53 0.04374515
17683.51 0.04364483
17691.48 0.04373721
17699.46 0.04369486
17707.43 0.04356782
17715.399999999998 0.04370186
17723.38 0.04371782
17731.35 0.04357627
17739.32 0.04386858
17747.3 0.04409411
17755.27 0.0438859
17763.24 0.04386491
17771.22 0.04408164
17779.19 0.04411364
17787.16 0.04388024
17795.14 0.04378488
17803.11 0.04404968
17811.079999999998 0.04395454
17819.06 0.04403031
17827.03 0.04411455
17835.0 0.04404141
17842.98 0.04403914
17850.95 0.04402971
17858.93 0.04422601
17866.899999999998 0.04450048
17874.87 0.04443849
17882.85 0.04440107
17890.82 0.04456703
17898.79 0.04446724
17906.77 0.04433468
17914.74 0.04436794
17922.71 0.04437855
17930.69 0.04482303
17938.66 0.04478185
17946.629999999997 0.04390081
17954.61 0.04371153
17962.579999999998 0.04402217
17970.55 0.0444356
17978.53 0.04460267
17986.5 0.04462454
17994.47 0.04470742
18002.45 0.0441143
18010.420000000002 0.04382054
18018.4 0.04353992
18026.37 0.04347388
18034.34 0.04359428
18042.32 0.04357365
18050.29 0.04300313
18058.26 0.04262041
18066.24 0.04307869
18072.22 0.04168218
18139.79 0.04398928
18189.63 0.04387789
18239.46 0.04356512
18289.3 0.04345675
18339.129999999997 0.04334939
18388.97 0.04309489
18438.8 0.04299018
18488.64 0.04288635
18538.47 0.04278344
18588.3 0.04268142
18638.14 0.0422476
18727.940000000002 0.05608582
18735.92 0.05748079
18743.89 0.06326404
18751.86 0.07211622
18759.84 0.07306872
18767.81 0.07036334
18775.78 0.06563176
18783.760000000002 0.05806761
18791.73 0.05403334
18799.7 0.05283355
18807.68 0.05186481
18815.649999999998 0.05089859
18823.620000000003 0.05040211
18831.6 0.05041284
18839.57 0.05012697
18847.54 0.04849042
18855.52 0.04802122
18863.49 0.04751339
18871.46 0.04659742
18879.440000000002 0.04647422
18887.41 0.0461159
18895.39 0.04592589
18903.36 0.0457465
18911.329999999998 0.04578835
18919.31 0.04591732
18927.28 0.04598978
18935.25 0.04673002
18943.23 0.04602276
18951.2 0.04493488
18959.170000000002 0.04455412
18967.149999999998 0.04452514
18975.120000000003 0.04351834
18983.09 0.04344196
18991.07 0.04394324
18999.04 0.04367727
19007.02 0.04321486
19014.99 0.04178338
19022.96 0.04147412
19030.940000000002 0.04127114
19038.91 0.0411045
19046.88 0.04116638
19054.86 0.04042407
19062.829999999998 0.03955414
19070.8 0.0399246
19078.78 0.04053225
19086.75 0.03999507
19094.72 0.04007039
19102.7 0.0405195
19110.670000000002 0.04023397
19118.64 0.03992916
19126.620000000003 0.04016154
19134.59 0.04077387
19142.57 0.0408703
19150.54 0.04065862
19158.51 0.04015005
19166.49 0.04006984
19174.41 0.04061017
19182.33 0.04056961
19190.309999999998 0.04009923
19198.280000000002 0.04043455
19206.25 0.04062189
19214.23 0.04032648
19222.2 0.04021878
19230.18 0.03955417
19238.15 0.0393477
19246.12 0.03957856
19254.100000000002 0.03956707
19262.07 0.03943421
19270.04 0.03953672
19278.02 0.03967777
19285.989999999998 0.03942143
19293.960000000003 0.03940677
19301.94 0.03941319
19309.91 0.0392267
19317.88 0.03934022
19325.86 0.03949831
19333.83 0.03951355
19341.8 0.03945983
19349.780000000002 0.03973794
19357.75 0.03942495
19365.72 0.03929883
19373.7 0.03932384
19381.67 0.03968945
19389.65 0.03973563
19397.62 0.0398912
19405.59 0.04005177
19413.57 0.03962894
19421.54 0.03952807
19429.510000000002 0.03964792
19437.489999999998 0.04003818
19445.460000000003 0.0403515
19453.43 0.04039688
19461.41 0.04003127
19469.38 0.03966017
19477.36 0.03942239
19485.33 0.03932219
19493.3 0.03915027
19501.280000000002 0.039086
19509.25 0.03899276
19517.22 0.0388789
19525.2 0.0390444
19533.17 0.03919882
19541.14 0.03931327
19549.12 0.03937606
19557.09 0.03963594
19565.06 0.04039317
19573.04 0.04097799
19581.010000000002 0.04070554
19588.98 0.04039045
19596.960000000003 0.03989446
19604.93 0.03997689
19612.9 0.04088228
19620.88 0.04291914
19628.85 0.04461739
19636.83 0.04443118
19644.8 0.04273714
19652.77 0.04069067
19660.75 0.03952675
19668.72 0.03909346
19676.69 0.03873422
19684.67 0.03849389
19692.64 0.03840068
19700.61 0.03827326
19708.59 0.03817296
19716.56 0.03802072
19724.54 0.03782309
19732.510000000002 0.03775715
19740.48 0.03765364
19748.460000000003 0.03759509
19756.43 0.03774772
19764.4 0.03790323
19772.38 0.03778326
19780.35 0.03753367
19788.32 0.03735409
19796.3 0.03725612
19804.27 0.03737612
19812.24 0.03727581
19820.22 0.03726232
19828.190000000002 0.03732604
19836.16 0.03731497
19844.14 0.03718421
19852.11 0.03713747
19860.08 0.03709315
19868.06 0.03708625
19876.03 0.03709649
19884.010000000002 0.03706693
19891.98 0.03707938
19899.95 0.03712528
19907.93 0.03706497
19915.9 0.03704047
19923.87 0.03698127
19931.85 0.03694109
19939.77 0.03699157
19947.69 0.03701881
19955.670000000002 0.03700772
19963.64 0.03687612
19971.620000000003 0.03679281
19979.59 0.0368606
19987.56 0.03689176
19995.54 0.03678928
20003.510000000002 0.03685809
20011.480000000003 0.0369414
20019.46 0.03680731
20027.43 0.03680804
20035.4 0.0368993
20043.38 0.03685994
20051.350000000002 0.0369185
20059.32 0.03692125
20067.300000000003 0.03686838
20075.27 0.03688602
20083.24 0.03689882
20091.22 0.03688584
20099.19 0.03684383
20107.16 0.03683938
20115.14 0.03685277
20123.11 0.03682982
20131.09 0.03679121
20139.06 0.03675456
20147.03 0.03677631
20155.01 0.03672844
20162.98 0.03666092
20170.949999999997 0.03669395
20178.93 0.03682887
20186.899999999998 0.03639805
20194.87 0.03652981
20202.85 0.0364596
20210.82 0.03636274
20218.79 0.03631945
20226.769999999997 0.03634396
20234.74 0.03633096
20242.710000000003 0.03627356
20250.69 0.03625798
20258.66 0.03631929
20266.63 0.03632902
20274.61 0.03632529
20282.58 0.03626372
20290.56 0.03622126
20298.530000000002 0.03624534
20306.5 0.03626072
20314.480000000003 0.03634694
20322.45 0.03665692
20330.420000000002 0.0371439
20338.4 0.03703426
20346.37 0.03683024
20354.34 0.03642442
20362.32 0.03628795
20370.29 0.03627373
20378.27 0.03625304
20386.24 0.03623366
20394.21 0.03624019
20402.19 0.03634152
20410.16 0.0363082
20418.129999999997 0.03630984
20426.11 0.03636329
20434.079999999998 0.03643292
20442.05 0.03647538
20450.03 0.03642738
20458.0 0.03628324
20465.97 0.03621176
20473.949999999997 0.03621673
20481.92 0.03611166
20489.890000000003 0.03594261
20497.87 0.03584069
20505.84 0.03576054
20513.81 0.0359645
20521.79 0.03586805
20529.760000000002 0.03554146
20537.74 0.03536724
20545.710000000003 0.03525289
20553.68 0.0351707
20561.66 0.0351837
20569.63 0.0355302
20577.6 0.03595083
20585.58 0.03615521
20593.55 0.03607407
20601.52 0.03593943
20609.5 0.03565341
20617.47 0.03560841
20625.45 0.03553216
20633.420000000002 0.0355078
20641.39 0.03549304
20649.37 0.03553584
20657.34 0.0356711
20665.309999999998 0.03567296
20673.29 0.03555494
20681.26 0.03549725
20689.23 0.03551368
20697.21 0.03543859
20705.079999999998 0.03538587
20713.050000000003 0.03544379
20721.03 0.03554864
20729.000000000004 0.03559099
20736.97 0.03557837
20744.95 0.03556801
20752.920000000002 0.03552388
20760.89 0.03552426
20768.870000000003 0.03548927
20776.84 0.03546253
20784.820000000003 0.03543103
20792.79 0.03543059
20800.760000000002 0.03531681
20808.74 0.03526293
20816.71 0.03526122
20824.68 0.03522288
20832.66 0.0351865
20840.63 0.03516309
20848.6 0.03512376
20856.58 0.03513906
20864.55 0.03513784
20872.53 0.03514
20880.5 0.03514188
20888.469999999998 0.03515268
20896.45 0.0350924
20904.42 0.03506732
20912.39 0.03504311
20920.37 0.03506522
20928.34 0.03505325
20936.309999999998 0.03497651
20944.289999999997 0.03497802
20952.26 0.03496512
20960.230000000003 0.03489006
20968.21 0.03484093
20976.18 0.03489994
20984.15 0.03490405
20992.13 0.0348499
21000.100000000002 0.03490773
21008.07 0.03488514
21016.050000000003 0.03482036
21024.02 0.03475101
21032.0 0.03479617
21039.97 0.03479683
21047.940000000002 0.03478091
21055.920000000002 0.03475634
21063.89 0.03473275
21071.86 0.03472644
21079.84 0.0347136
21087.81 0.03475776
21095.78 0.03480861
21103.760000000002 0.03476832
21111.73 0.03476625
21119.71 0.03474981
21127.68 0.03468428
21135.649999999998 0.03470556
21143.62 0.03486723
21151.6 0.03481064
21159.57 0.0346566
21167.539999999997 0.03461637
21175.52 0.03462595
21183.489999999998 0.03462519
21191.469999999998 0.03461659
21199.44 0.03501009
21207.410000000003 0.03562236
21215.39 0.03605119
21223.359999999997 0.03594871
21231.33 0.03543237
21239.309999999998 0.03492396
21247.280000000002 0.03463849
21255.25 0.03457666
21263.230000000003 0.03453331
21271.2 0.03448234
21279.18 0.03441256
21287.15 0.03436202
21295.12 0.03452484
21303.100000000002 0.03464678
21311.07 0.03462503
21319.04 0.03462264
21327.02 0.03460129
21334.99 0.03449422
21342.96 0.03449566
21350.94 0.03451519
21358.91 0.03448032
21366.88 0.03451915
21374.86 0.03453097
21382.829999999998 0.03444337
21390.8 0.03439226
21398.78 0.0344074
21406.75 0.03437216
21414.719999999998 0.03440961
21422.7 0.03449054
21430.67 0.03452875
21438.649999999998 0.03452358
21446.62 0.03446092
21454.589999999997 0.03444869
21462.57 0.03445806
21470.440000000002 0.03448666
21478.41 0.0345131
21486.390000000003 0.03449643
21494.36 0.03442745
21502.33 0.03438558
21510.31 0.03447235
21518.280000000002 0.03455527
21526.25 0.03459946
21534.23 0.03459544
21542.2 0.03458444
21550.17 0.03461841
21558.15 0.03461243
21566.12 0.03454589
21574.100000000002 0.03466043
21582.07 0.03451941
21590.04 0.03450147
21598.02 0.03464815
21605.989999999998 0.03464837
21613.96 0.03463714
21621.94 0.03473672
21629.91 0.03485328
21637.879999999997 0.03517918
21645.86 0.0357723
21653.829999999998 0.03622958
21661.800000000003 0.03625991
21669.78 0.03585489
21677.749999999996 0.0353197
21685.72 0.03511826
21693.699999999997 0.03495509
21701.670000000002 0.0346694
21709.64 0.03464551
21717.620000000003 0.03460191
21725.59 0.03448104
21733.570000000003 0.03441003
21741.54 0.0342158
21749.510000000002 0.03398288
21757.49 0.03416103
21765.46 0.03413867
21773.43 0.03412838
21781.41 0.03410274
21789.38 0.03405995
21797.35 0.03402623
21805.33 0.03398972
21813.3 0.03397179
21821.27 0.03394023
21829.25 0.03392001
21837.22 0.03401241
21845.2 0.03401188
21853.17 0.03398551
21861.14 0.03434083
21869.12 0.03424064
21877.09 0.03404903
21885.059999999998 0.03399562
21893.04 0.03395458
21901.01 0.03384634
21908.98 0.03371952
21916.96 0.03371935
21924.929999999997 0.033637
21932.9 0.0335571
21940.879999999997 0.03353784
21948.850000000002 0.03351915
21956.82 0.03348878
21964.800000000003 0.03348441
21972.77 0.03337827
21980.749999999996 0.03330002
21988.72 0.03314735
21996.690000000002 0.03308942
22004.670000000002 0.03302722
22012.64 0.03303416
22020.61 0.03302729
22028.59 0.03298958
22036.56 0.03303499
22044.53 0.03328912
22052.510000000002 0.03306184
22060.48 0.03286427
22068.45 0.03285722
22076.43 0.03285255
22084.399999999998 0.03276835
22092.37 0.03268914
22100.35 0.03278687
22108.32 0.03291228
22116.289999999997 0.03289584
22124.27 0.0328775
22132.239999999998 0.03287612
22140.22 0.03281464
22148.19 0.03283011
22156.16 0.03291148
22164.14 0.03297926
22172.109999999997 0.0329
22180.08 0.03293686
22188.059999999998 0.03287413
22196.030000000002 0.03281285
22204.0 0.03271332
22211.98 0.03263013
22219.95 0.03287544
22227.87 0.03302597
22235.800000000003 0.03312043
22243.77 0.03303302
22251.75 0.03274234
22259.72 0.03257791
22267.69 0.03251289
22275.670000000002 0.03251913
22283.64 0.03248546
22291.61 0.03239638
22299.59 0.03233452
22307.56 0.0324485
22315.54 0.03239827
22323.51 0.03244037
22331.48 0.03247412
22339.46 0.03251793
22347.43 0.03246585
22355.399999999998 0.03241065
22363.38 0.03238799
22371.35 0.03239867
22379.32 0.03243726
22387.3 0.03241671
22395.269999999997 0.03226331
22403.24 0.03221276
22411.219999999998 0.03225709
22419.190000000002 0.03227724
22427.16 0.03229219
22435.14 0.03225438
22443.11 0.03218742
22451.08 0.03214766
22459.06 0.03211614
22467.030000000002 0.03223535
22475.010000000002 0.03226623
22482.98 0.03227023
22490.95 0.03226538
22498.93 0.03221652
22506.9 0.03214378
22514.87 0.03216627
22522.850000000002 0.03221758
22530.82 0.03220058
22538.79 0.03218729
22546.77 0.032127
22554.74 0.03206362
22562.71 0.03213835
22570.69 0.03209727
22578.66 0.03206086
22586.629999999997 0.03205569
22594.61 0.03194222
22602.579999999998 0.03180061
22610.55 0.03182917
22618.53 0.03175358
22626.5 0.0316948
22634.48 0.0316435
22642.449999999997 0.0317072
22650.420000000002 0.03169993
22658.399999999998 0.03169108
22666.37 0.0318143
22674.34 0.03187293
22682.32 0.03183598
22690.29 0.03175391
22698.260000000002 0.03175901
22706.24 0.03179531
22714.210000000003 0.03181997
22722.190000000002 0.03186289
22730.16 0.03179363
22738.13 0.03168942
22746.11 0.03171747
22754.08 0.03176158
22762.05 0.03170852
22770.030000000002 0.03169142
22778.0 0.03165431
22785.97 0.03166317
22793.95 0.03164817
22801.92 0.03165806
22809.89 0.03069234
22817.87 0.03064107
22825.84 0.03056574
22833.809999999998 0.03052838
22841.79 0.03063282
22849.76 0.03072612
22857.73 0.03070705
22865.71 0.03069699
22873.679999999997 0.03066781
22881.66 0.03062517
22889.629999999997 0.03060052
22897.6 0.03056257
22905.579999999998 0.03060542
22913.55 0.03065154
22921.52 0.03049673
22929.5 0.03031146
22937.47 0.0301662
22945.440000000002 0.03014404
22953.420000000002 0.03009459
22961.390000000003 0.03013934
22969.37 0.03013872
22977.34 0.03014622
22985.31 0.03024238
22993.239999999998 0.03024406
23001.16 0.03026398
23009.13 0.03026737
23017.11 0.03045259
23025.08 0.03040674
23033.05 0.03037413
23041.03 0.03040062
23049.0 0.03038456
23056.969999999998 0.03031454
23064.95 0.03030773
23072.92 0.03042483
23080.89 0.03041418
23088.87 0.03035738
23096.84 0.03025181
23104.809999999998 0.03029115
23112.789999999997 0.03031177
23120.76 0.03030116
23128.739999999998 0.03027399
23136.71 0.03028744
23144.68 0.03020437
23152.66 0.03023152
23160.63 0.03034003
23168.600000000002 0.03040924
23176.58 0.0304333
23184.550000000003 0.03043249
23192.52 0.03047777
23200.5 0.03089319
23208.47 0.03044489
23216.45 0.03089721
23224.420000000002 0.03068502
23232.39 0.02990794
23240.370000000003 0.02922297
23248.34 0.02891044
23256.31 0.02880951
23264.29 0.02882324
23272.26 0.02895783
23280.23 0.02893783
23288.21 0.02892579
23296.18 0.02891788
23304.149999999998 0.02894796
23312.13 0.02894661
23320.1 0.02892641
23328.07 0.0289409
23336.05 0.0290504
23344.02 0.02904479
23351.989999999998 0.02865054
23359.969999999998 0.02868664
23367.94 0.02890934
23375.92 0.02892404
23383.89 0.02892674
23391.86 0.02853982
23399.84 0.02845268
23407.809999999998 0.02847511
23415.780000000002 0.02861381
23423.76 0.02858948
23431.730000000003 0.02860752
23439.7 0.02856812
23447.68 0.02845151
23455.65 0.02846633
23463.63 0.02854499
23471.600000000002 0.0286919
23479.57 0.02872363
23487.54 0.02882644
23495.52 0.0285649
23503.49 0.0284542
23511.46 0.02829309
23519.44 0.0282338
23527.41 0.02821178
23535.39 0.02821153
23543.36 0.02828063
23551.329999999998 0.02826483
23559.31 0.02813638
23567.28 0.02817318
23575.25 0.02828877
23583.23 0.02811057
23591.199999999997 0.02822883
23599.17 0.02832237
23607.149999999998 0.02826971
23615.12 0.02857993
23623.1 0.02873459
23631.07 0.02863778
23639.039999999997 0.02852551
23647.019999999997 0.0285954
23654.989999999998 0.02859169
23662.960000000003 0.02831065
23670.94 0.02847497
23678.910000000003 0.0287707
23686.88 0.02876817
23694.86 0.02863311
23702.83 0.02861893
23710.8 0.02861044
23718.780000000002 0.02863242
23726.75 0.02854141
23734.72 0.02854682
23742.7 0.02842037
23750.670000000002 0.02843142
23758.54 0.02841548
23766.52 0.02841595
23774.489999999998 0.02846167
23782.47 0.02858489
23790.44 0.02857445
23798.41 0.02787122
23806.39 0.02777015
23814.36 0.02787261
23822.329999999998 0.02787976
23830.309999999998 0.02785783
23838.28 0.02777272
23846.250000000004 0.02767498
23854.23 0.02774801
23862.199999999997 0.02790679
23870.18 0.02794001
23878.149999999998 0.02777505
23886.120000000003 0.02771577
23894.1 0.02786481
23902.070000000003 0.02793573
23910.04 0.02791403
23918.02 0.02794655
24219.620000000003 0.02810004
24418.95 0.02770312
24618.289999999997 0.02771447
24817.63 0.02669117
25016.97 0.02663501
25216.31 0.02664751
25467.870000000003 0.02717679
25561.26 0.0265555
25654.85 0.02641043
25748.34 0.0264581
25842.03 0.02644514
25935.62 0.02657359
26029.41 0.02675325
26123.1 0.02655705
26216.99 0.02626684
26310.78 0.02609322
26404.760000000002 0.02569838
26498.750000000004 0.02522067
26592.739999999998 0.02495212
26686.83 0.02472595
26780.910000000003 0.02459242
26875.0 0.024387
26969.19 0.02412779
27063.47 0.02381818
27157.76 0.02363657
27252.149999999998 0.02344794
27346.44 0.02334256
27440.920000000002 0.02342025
27535.31 0.02346962
27629.899999999998 0.02340566
27724.38 0.02335276
27818.969999999998 0.0234474
27913.66 0.02342239
28008.24 0.02316322
28102.93 0.02303687
28197.71 0.02293748
28292.5 0.02321604
28387.280000000002 0.02340096
28482.17 0.02329798
28577.050000000003 0.023206
28671.94 0.02304637
28766.92 0.0230204
28861.910000000003 0.02272425
28956.99 0.0226513
29051.98 0.02226845
29147.16 0.02204014
29242.24 0.02188777
29337.430000000004 0.02169449
29432.61 0.02158178
29527.899999999998 0.0219033
29623.08 0.02169653
29718.37 0.02173266
29813.75 0.02169919
29909.03 0.02181492
30004.420000000002 0.02181421
30099.9 0.021846
30195.280000000002 0.02151815
30290.76 0.02106977
30386.25 0.02086373
30481.829999999998 0.02068636
30577.31 0.0206143
30672.899999999998 0.02055438
30768.58 0.02040951
30864.16 0.02016387
30959.850000000002 0.02019149
31055.53 0.02016049
31151.21 0.02009555
31246.99 0.01989645
31342.77 0.01975119
31438.56 0.01964356
31534.34 0.01970438
31630.120000000003 0.01970675
31726.0 0.01958898
31821.88 0.01963436
31917.76 0.01962164
32013.739999999998 0.0194939
32109.63 0.01921562
32205.61 0.0192158
32301.59 0.01933219
32397.57 0.01934859
32493.65 0.01939289
32589.73 0.01928625
32685.710000000003 0.01931066
32781.799999999996 0.01924445
32877.98 0.01913463
32974.06 0.01897049
33070.240000000005 0.01882196
33166.42 0.01888525
33262.6 0.01880442
33358.78 0.01861401
33454.96 0.01849285
33551.25 0.01846943
33647.43 0.01840521
33743.7 0.01840718
33839.98 0.01824758
33936.36 0.01805508
34032.65 0.01785728
34128.93 0.01782951
34225.310000000005 0.01778388
34321.68 0.01767753
34418.07 0.01765864
34514.450000000004 0.01764988
34610.82 0.01772455
34707.3 0.01755506
34803.69 0.01733969
34900.17 0.0175896
34996.65 0.01739324
35093.130000000005 0.01736518
35189.61 0.01719087
35286.09 0.01689423
35382.57 0.01723836
35479.14 0.01675828
35575.73 0.01665864
35672.21 0.01662196
35768.79 0.01657152
35865.36 0.01657133
35961.94 0.0168179
36058.520000000004 0.01664359
36155.2 0.01669308
36251.78 0.01670166
36348.46 0.01715957
36445.04 0.01712733
36541.72 0.01697834
36638.4 0.0168278
36735.08 0.0165533
36831.75 0.01650118
36928.43 0.0166205
37025.11 0.01654982
37121.79 0.01643839
37218.57 0.01631297
37315.25 0.01626867
37412.03 0.01617954
37508.810000000005 0.01605231
37605.49 0.01608382
37702.270000000004 0.01594672
37799.049999999996 0.01593245
37895.82 0.01595878
37992.6 0.01587555
38089.38 0.01597287
38186.16 0.01594249
38283.04 0.01562733
38379.82 0.01556972
38476.6 0.01561703
38573.48 0.01548113
38670.25 0.01522416
38767.13 0.01517074
38864.01 0.01503605
38960.89 0.01513549
39057.67 0.01527391
39154.55 0.01538678
39251.42 0.01520694
39348.299999999996 0.01513387
39445.18 0.01495391
39542.06 0.01493325
39638.939999999995 0.01481579
39735.92 0.01476927
39832.8 0.01476321
39929.67 0.01487377
40026.549999999996 0.01498259
40123.53 0.01525757
40220.409999999996 0.01557379
40317.39 0.01574924
40414.27 0.01554701
40511.24 0.01520479
40608.12 0.01485214
40705.1 0.01450493
40801.98 0.01433918
40898.96000000001 0.01420562
40995.92999999999 0.014014
41092.909999999996 0.01390575
41189.79 0.01374692
41286.77 0.01378718
41383.75 0.01386269
41480.72 0.01381136
41577.700000000004 0.01359969
41674.68000000001 0.01367214
41771.659999999996 0.01342116
41868.64 0.01343164
41965.62 0.01340052
42062.590000000004 0.01344256
42159.57000000001 0.01320163
42256.549999999996 0.01315729
42353.53 0.01332187
42450.5 0.01333492
42547.48 0.01334013
42644.469999999994 0.01345517
42741.439999999995 0.01348501
42838.42 0.01349519
42935.5 0.01343164
43032.48 0.01324891
43129.45 0.01330096
43226.43 0.01308136
43323.41 0.01310419
43420.39 0.01312279
43517.46000000001 0.01316165
43614.439999999995 0.01301856
43711.42 0.01299455
43808.4 0.01300568
43905.380000000005 0.01293636
44002.46 0.01280399
44099.43 0.01285032
44196.41 0.0128263
44293.39 0.01276033
44390.37 0.01290179
44487.35 0.01290122
44584.32 0.0131795
44681.41 0.01323643
44778.380000000005 0.0130123
44875.36 0.01296153
44972.34 0.01322996
45069.32 0.0132111
45166.29 0.01297062
45263.270000000004 0.01278908
45360.25000000001 0.0127318
45457.229999999996 0.01245047
45554.2 0.01226044
45651.18 0.0122254
45748.16 0.01220849
45845.14000000001 0.01219846
45942.119999999995 0.01205872
46039.1 0.01193613
46135.979999999996 0.01194496
46232.95 0.01197672
46329.93 0.01199694
46426.91 0.01203165
46523.79 0.011996
46620.77 0.01219007
46717.75 0.0121056
46814.619999999995 0.01200579
46911.6 0.01182309
47008.479999999996 0.01198309
47105.36 0.01191463
47202.34 0.01185263
47299.21 0.01181657
47396.19 0.01165944
47493.07 0.01151007
47589.95 0.01170932
47686.83 0.01189436
47783.71 0.01170778
47880.59 0.01179453
47977.46 0.0117712
48074.34 0.01164033
48171.22 0.01146167
48268.1 0.01139849
48364.880000000005 0.01157088
48461.75 0.01151962
48558.630000000005 0.01110806
48655.41 0.01106095
48752.29 0.01099498
49834.6 0.01113822
50831.28999999999 0.01088121
51827.98 0.01063905
52824.68 0.0104155
53821.37 0.01020534
55014.11 0.01040276
55315.51 0.009992271
55616.909999999996 0.009709587
55918.31 0.0102328
56219.700000000004 0.01017557
56521.2 0.009686539
56822.60999999999 0.009627193
57124.0 0.009604985
57425.41 0.009479704
57726.810000000005 0.00943048
58028.3 0.009455427
58329.700000000004 0.009404348
58631.1 0.00940678
58932.5 0.009352474
59233.9 0.009366371
59535.4 0.009279375
59836.799999999996 0.009169362
60138.2 0.00914407
60439.61 0.009045649
60740.99999999999 0.00903379
61042.50000000001 0.009124179
61343.9 0.009094808
61645.3 0.008912115
61946.700000000004 0.008980788
62248.1 0.008918929
62549.6 0.008880689
62851.0 0.008750572
63152.4 0.008712103
63453.799999999996 0.008729964
63755.2 0.00870771
64056.7 0.008685321
64358.09 0.008536206
64659.5 0.00844788
64960.88999999999 0.008297242
65262.3 0.008278051
65563.79 0.008305804
65865.19 0.008241949
66166.59 0.008176569
66467.98999999999 0.008211319
66769.39 0.008103342
67070.89 0.008043726
67372.29000000001 0.007970272
67673.7 0.007931489
67975.09 0.007952284
68276.49 0.007929572
68577.99 0.007988609
68879.39 0.008019995
69180.79 0.008022932
69482.2 0.008063999
69783.59 0.009248848
70085.09 0.008365503
70386.49 0.007751175
70687.89 0.007763439
70989.28 0.007684599
71290.68000000001 0.007629399
71592.18000000001 0.007609153
71893.59 0.007603488
72194.98 0.007585848
72496.38 0.007563895
72797.78 0.007577991
73099.28 0.007609143
73400.68 0.00758953
73702.09 0.007544511
74003.48 0.007462157
74304.88 0.00757202
74606.38 0.007572407
74907.78 0.007640404
75510.58 0.007471111
76113.38 0.00848606
76716.27 0.008576724
77319.06999999999 0.007414126
77921.88 0.007259402
78524.77 0.007221023
79127.58 0.007197722
79730.48000000001 0.007129658
80333.27 0.007037993
80936.08 0.006860063
81538.97 0.006847828
82141.76999999999 0.006810373
82744.56999999999 0.006744082
83347.46 0.0067159
83950.27 0.006677442
84553.06 0.006040429
85155.97 0.006710557
85758.77 0.006725532
86361.67 0.006716532
86964.46999999999 0.006687592
87567.27 0.006618914
88170.16 0.006530077
88772.95999999999 0.006463578
89375.76999999999 0.006682756
89978.66 0.007035038
90581.46 0.006543553
91184.26 0.006454687
91787.16 0.006422747
92389.96 0.006456666
92992.86 0.00648642
93595.65999999999 0.006486622
94198.45000000001 0.006554945
94801.34 0.006653007
95404.15 0.006762348
96006.95 0.006633455
96609.85 0.00669915
97212.65000000001 0.006653284
97815.45 0.006665739
98418.34999999999 0.00666589
99021.15999999999 0.006661236
99624.05 0.006681118
100226.84 0.006707514
100829.65 0.00669165
101432.55 0.006692398
102035.34 0.006665309
102638.15 0.00667251
103241.04000000001 0.006670387
103843.84000000001 0.00665337
104446.64 0.007144305
105049.54 0.007828324
105652.34 0.007319154
106255.24 0.006658965
106858.03 0.006725288
107460.84 0.006686013
108063.74 0.006671229
108666.54000000001 0.00667002
109269.34 0.006650413
109872.23 0.00662024
110475.04 0.006614918
111077.84000000001 0.006628355
111680.73 0.006637019
112283.53 0.006703898
112886.43000000001 0.006722556
113489.23 0.006615331
114092.03 0.006535938
114694.93 0.006523848
115297.73000000001 0.006483872
115900.53 0.006446742
116503.42 0.006407931
117106.23 0.006371307
117709.01999999999 0.006290292
118311.91 0.006197706
118914.72 0.006255201
119517.62999999999 0.006263186
120120.42 0.006235018
120723.22 0.006230202
121326.12999999999 0.006194791
121928.92 0.006181965
122531.73 0.006192211
123134.61 0.006183523
123737.41 0.006162138
124340.22 0.006099726
124943.11 0.006035542
125545.91 0.006041415
126148.81 0.006038461
126751.60999999999 0.00599069
127354.41 0.006603908
127957.31 0.007840511
128560.11 0.007215966
129162.90999999999 0.006005068
129765.81 0.005851574
130368.6 0.005863591
130971.4 0.005879629
131574.31 0.005829093
132177.09 0.005777311
132779.88999999998 0.005731788
133382.8 0.005729764
133985.59 0.00572609
134588.5 0.005725143
135191.30000000002 0.005745789
135794.09 0.005756861
136397.0 0.00574481
136999.8 0.005754323
137602.59 0.005764813
138205.5 0.005792619
138808.3 0.005787229
139411.09 0.005809888
140228.08 0.006235931
141072.08 0.00615473
141916.09 0.006237401
142759.97999999998 0.007063244
143603.97 0.006887924
144447.97 0.00626159
145291.88 0.006131773
146135.88 0.006180045
146979.87 0.006218953
147823.88 0.00623423
148667.78 0.006217266
149511.77 0.006239114
150355.77 0.006216272
151199.67 0.006199625
152043.66 0.006180681
152887.66 0.006195601
153731.56 0.006142963
154575.56 0.006963447
155419.56 0.008354608
156263.47 0.007358705
157107.47 0.006181141
157951.47 0.006181694
158795.34 0.006190381
159639.36000000002 0.00623774
160483.36 0.006220522
161327.34 0.006241161
162171.25 0.006268887
163015.27 0.006249688
163859.25 0.006328724
164703.16 0.006281307
165547.14 0.006238685
166391.13999999998 0.00615498
167235.07 0.00612806
168079.03 0.006165294
168923.05000000002 0.006175531
169766.93999999997 0.00620865
170610.94 0.006194761
171454.94 0.006049144
172298.83000000002 0.006013181
173142.83 0.006075984
173986.84 0.006097192
174830.84000000003 0.006081202
175674.71999999997 0.006026858
176518.75 0.00602202
177362.73 0.005931705
178206.63 0.005902869
179050.63999999998 0.005923107
179894.64 0.005881451
180738.53 0.005750639
181582.52999999997 0.005758717
182426.53 0.005686311
183270.41999999998 0.005754624
184114.42 0.005703779
184958.41999999998 0.005643002
185802.31000000003 0.005589302
186646.31 0.006235631
187490.33000000002 0.006083828
188334.33 0.005589871
189178.22 0.005403065
190022.22 0.005311799
190866.2 0.005298155
191710.12999999998 0.005254002
192554.11 0.005212319
193398.11000000002 0.005110483
194242.02000000002 0.005075781
195086.02 0.005143523
195930.0 0.005056816
196773.91 0.004946537
197617.90999999997 0.004906109
198461.91 0.004918371
199305.8 0.004844657
200149.80000000002 0.004828827
200993.8 0.004805995
201837.81 0.004708226
202681.69 0.00465688
203525.7 0.004570588
204369.72 0.004558453
205213.58 0.004439609
206901.59000000003 0.004431362
208589.5 0.004427867
210277.39 0.004306689
211965.39 0.004259872
213653.28000000003 0.004247349
215341.28 0.004141193
217029.19 0.004083643
218717.08000000002 0.004068023
220405.08 0.004073694
222092.97 0.003946424
223780.86 0.003904638
225468.86000000002 0.00386898
227156.77 0.003819147
228844.78000000003 0.003757686
230532.67 0.003706923
232220.55000000002 0.003598445
233908.56 0.003524057
235596.46999999997 0.003460102
237284.36 0.003429052
238972.31999999998 0.003383601
240660.25 0.003351292
242348.22999999998 0.003443247
244036.14 0.003355511
245724.03 0.003160411
247412.05000000002 0.003138465
249099.94 0.002989367
250787.85 0.00288523
252475.83 0.002902169
254163.74000000002 0.002947615
255851.73 0.002914668
257539.62000000002 0.003466352
259227.52 0.003828701
260915.53 0.002904054
262603.42000000004 0.002697028
264291.31 0.002650217
265979.31 0.002656873
267667.22000000003 0.002664861
269355.18 0.002638095
271043.09 0.002554515
272731.04 0.002520562
274419.01999999996 0.002541213
276106.87 0.002538069
277794.78 0.002514896
279482.8 0.00243646
281170.69 0.002423292
282858.7 0.002384957
284546.58999999997 0.00238569
286234.49 0.002354446
287922.48 0.002306229
289610.37 0.002258037
291298.26999999996 0.002214851
292986.28 0.002219476
294674.17 0.002212404
296362.15 0.002204248
298050.1 0.002189143
299737.97000000003 0.002142491
301425.97 0.002099128
303113.88 0.002085483
304801.79 0.002091415
306489.75 0.002087346
308177.66 0.002056868
309865.67 0.002025692
311553.55 0.002016933
313241.44 0.002004799
314929.45 0.002001462
316617.37 0.001971532
318305.24 0.001957736
319993.25 0.001922503
321681.14 0.001905044
323369.18 0.001932965
325057.02999999997 0.001960474
326744.95999999996 0.001976408
328432.92 0.001993747
330120.85 0.001942908
331808.74000000005 0.001958736
333496.74 0.00204975
335184.67 0.001955673
336872.60000000003 0.001904173
338560.49 0.001886021
338914.44999999995 0.00195656
342303.58 0.001943326
345726.59 0.001934725
