1.0332e-05 1.616028e-10
1.4465e-05 2.507004e-10
2.0664e-05 1.791509e-10
3.011e-05 1.255989e-10
4.3542e-05 8.55817e-11
5.6826e-05 6.038498e-11
7.5276e-05 4.207301e-11
0.00015664 1.458609e-11
0.00018099 1.815816e-11
0.00019264 1.943905e-11
0.00020186 1.804228e-11
0.00021172 1.292444e-11
0.00022316 1.014772e-11
0.00023403 1.077025e-11
0.00024368 1.014382e-11
0.00025232 1.173542e-11
0.0002597 1.266596e-11
0.00026727 9.803502e-12
0.00027559 8.887007e-12
0.0002841 9.476646e-12
0.00029247 9.291487e-12
0.00030025 8.71693e-12
0.00030849 6.900944e-12
0.00031715 7.4736e-12
0.00032547 7.150737e-12
0.00033425 6.871834e-12
0.0003445 4.927909e-12
0.00035481 5.929622e-12
0.0003631 7.508885e-12
0.00037357 4.096544e-12
0.00038389 7.517791e-12
0.00039242 5.812721e-12
0.00040195 5.713643e-12
0.00041269 4.541382e-12
0.00042173 5.798252e-12
0.00042906 7.134786e-12
0.00043816 5.888554e-12
0.00044765 5.835547e-12
0.00045756 4.684161e-12
0.00046792 5.195814e-12
0.00047877 4.533306e-12
0.00049212 3.461805e-12
0.00050613 4.484723e-12
0.00051884 4.369883e-12
0.00052874 5.106693e-12
0.00053559 4.604045e-12
0.00054262 4.329935e-12
0.00055108 3.073126e-12
0.00056236 3.959269e-12
0.0005727 3.706614e-12
0.00058075 2.858518e-12
0.00059046 4.421249e-12
0.00060044 4.157967e-12
0.00060778 5.237733e-12
0.0006138 3.980084e-12
0.0006231 3.58517e-12
0.00063588 3.25186e-12
0.0006492 2.972176e-12
0.00065951 4.462767e-12
0.0006666 4.222241e-12
0.00067385 2.957536e-12
0.00068316 3.539358e-12
0.00069267 3.504264e-12
0.00069851 5.292321e-12
0.00070651 3.139502e-12
0.0007167 2.291045e-12
0.00072508 2.37054e-12
0.00073148 3.915529e-12
0.00074026 3.204817e-12
0.00075145 3.331305e-12
0.00076067 3.437018e-12
0.00076771 3.515252e-12
0.0007774 2.195889e-12
0.00078721 3.956467e-12
0.0007948 2.459131e-12
0.00080513 2.439007e-12
0.00081572 3.012694e-12
0.0008266 2.432383e-12
0.00083777 2.778032e-12
0.00084632 4.465119e-12
0.00085213 3.893994e-12
0.00085803 2.825295e-12
0.00086401 2.899716e-12
0.00087317 2.19667e-12
0.00088246 3.381239e-12
0.00089202 2.597347e-12
0.00090504 2.06714e-12
0.00091845 2.305045e-12
0.00092873 2.590952e-12
0.00093574 2.564134e-12
0.00094286 2.542319e-12
0.00095008 2.519033e-12
0.00095742 2.743708e-12
0.00096487 2.53014e-12
0.00097244 2.777491e-12
0.00098013 2.275875e-12
0.00098794 3.240522e-12
0.00099994 2.338098e-12
0.0010121 2.410718e-12
0.0010205 2.827596e-12
0.0010289 2.259183e-12
0.0010375 2.489272e-12
0.0010463 2.603862e-12
0.0010552 2.076677e-12
0.0010689 2.582006e-12
0.0010828 2.390083e-12
0.0010924 3.026354e-12
0.0011021 2.687509e-12
0.001112 2.841416e-12
0.001122 2.074235e-12
0.0011323 2.063898e-12
0.0011481 2.637985e-12
0.0011642 2.174174e-12
0.0011752 2.488542e-12
0.0011865 2.7327e-12
0.0011979 2.359853e-12
0.0012096 2.127512e-12
0.0012215 2.542659e-12
0.0012337 3.142454e-12
0.0012461 2.573911e-12
0.0012588 2.234096e-12
0.0012717 2.350316e-12
0.0012848 2.381648e-12
0.0012983 2.60189e-12
0.0013191 2.19783e-12
0.0013404 3.043085e-12
0.0013551 3.522667e-12
0.00137 3.620365e-12
0.0013853 3.665326e-12
0.001401 3.475174e-12
0.0014253 2.634873e-12
0.0014502 3.329944e-12
0.0014673 2.97824e-12
0.0014849 3.119138e-12
0.0015029 3.36846e-12
0.0015309 2.870276e-12
0.0015697 2.707433e-12
0.0015999 3.430173e-12
0.0016208 4.313554e-12
0.0016534 3.379788e-12
0.0016987 3.334307e-12
0.0017466 3.620144e-12
0.0018109 3.589073e-12
0.0018939 3.647914e-12
0.0019685 3.850084e-12
0.0020506 4.259307e-12
0.0021778 4.250881e-12
0.0022968 4.314685e-12
0.0023852 3.257534e-12
0.0024807 3.316514e-12
0.0025841 3.734803e-12
0.0026966 3.71512e-12
0.0028536 2.496117e-12
0.0035424 1.672577e-12
0.09 3.113328e-13
0.091 3.070346e-13
0.092 3.028417e-13
0.093 2.987505e-13
0.094 2.947575e-13
0.095 2.908592e-13
0.096 2.870525e-13
0.097 2.833343e-13
0.098 2.797017e-13
0.099 2.761518e-13
0.1 2.72682e-13
0.101 2.692896e-13
0.102 2.659723e-13
0.103 2.627276e-13
0.104 2.595532e-13
0.105 2.564471e-13
0.106 2.53407e-13
0.107 2.50431e-13
0.108 2.475172e-13
0.109 2.446636e-13
0.11 2.418686e-13
0.111 2.391304e-13
0.112 2.364473e-13
0.113 2.338177e-13
0.114 2.312402e-13
0.115226 5.384418e-13
0.115729 2.624683e-13
0.116231 3.181472e-13
0.116734 4.172308e-13
0.117237 3.135348e-13
0.11774 2.533251e-13
0.118243 2.577716e-13
0.118746 2.647673e-13
0.119249 2.934561e-13
0.121 2.145372e-13
0.122 2.123271e-13
0.123775 3.994625e-13
0.124278 5.36885e-13
0.124781 7.870728e-13
0.125284 1.327007e-12
0.125787 1.307187e-12
0.126289 7.745886e-13
0.126792 5.329393e-13
0.127295 4.328781e-13
0.127798 4.492198e-13
0.128301 4.447766e-13
0.128804 3.686606e-13
0.129307 3.008269e-13
0.12981 2.507413e-13
0.130313 2.214944e-13
0.130816 2.275805e-13
0.131319 2.129717e-13
0.131821 1.818419e-13
0.132324 1.838636e-13
0.132827 1.778994e-13
0.13333 1.645528e-13
0.133833 1.638796e-13
0.134336 1.939191e-13
0.134839 1.978769e-13
0.135342 1.725801e-13
0.135845 1.769188e-13
0.136348 1.696684e-13
0.13685 1.58464e-13
0.137353 1.540352e-13
0.137856 1.775145e-13
0.138359 1.700199e-13
0.138862 1.691946e-13
0.139365 1.441728e-13
0.139868 1.682017e-13
0.140371 1.744193e-13
0.140874 1.787248e-13
0.141377 1.715735e-13
0.141879 1.492465e-13
0.142382 1.661295e-13
0.142885 1.913596e-13
0.143388 2.264102e-13
0.143891 2.456217e-13
0.144394 2.483358e-13
0.144897 2.450911e-13
0.1454 2.287753e-13
0.145903 1.833223e-13
0.146406 1.643069e-13
0.146908 1.561094e-13
0.147411 1.60394e-13
0.147914 1.640398e-13
0.148417 1.477145e-13
0.14892 1.48711e-13
0.149423 1.554622e-13
0.149926 1.495243e-13
0.150429 1.545275e-13
0.150932 1.464547e-13
0.151435 1.357261e-13
0.151937 1.618612e-13
0.15244 1.500152e-13
0.152943 1.280516e-13
0.153446 1.535638e-13
0.153949 1.567441e-13
0.154452 1.546671e-13
0.154955 1.500964e-13
0.155458 1.59263e-13
0.155961 1.548527e-13
0.156464 1.712385e-13
0.156966 1.873672e-13
0.157469 2.184747e-13
0.157972 2.450931e-13
0.158475 3.139706e-13
0.158978 4.025748e-13
0.159481 6.054616e-13
0.159984 7.567554e-13
0.160487 6.092991e-13
0.16099 4.24588e-13
0.161493 3.284336e-13
0.161995 2.616028e-13
0.162498 2.188627e-13
0.163001 1.993833e-13
0.163504 1.935224e-13
0.164007 1.745938e-13
0.16451 1.600511e-13
0.165013 1.623164e-13
0.165516 1.583206e-13
0.166019 1.588274e-13
0.166522 1.856932e-13
0.167024 1.507506e-13
0.167527 1.498433e-13
0.16803 1.507365e-13
0.168533 1.599499e-13
0.169036 1.743516e-13
0.169539 1.878641e-13
0.170042 1.725237e-13
0.170545 1.481249e-13
0.171048 1.492664e-13
0.171551 1.59454e-13
0.172054 1.619984e-13
0.172556 1.500302e-13
0.173059 1.38072e-13
0.173562 1.411041e-13
0.174065 1.237121e-13
0.174568 1.232583e-13
0.175071 1.281858e-13
0.175574 1.195637e-13
0.176077 1.144082e-13
0.17658 1.171854e-13
0.177083 1.127069e-13
0.177585 1.139745e-13
0.178088 1.095778e-13
0.178591 1.117911e-13
0.179094 9.809861e-14
0.179597 1.114028e-13
0.1801 1.143912e-13
0.180603 1.15771e-13
0.181106 1.085948e-13
0.181609 1.078212e-13
0.182112 1.02382e-13
0.182614 1.035287e-13
0.183117 1.065036e-13
0.18362 1.059619e-13
0.184123 1.080887e-13
0.184626 1.08158e-13
0.185129 9.935887e-14
0.185632 1.055357e-13
0.186135 1.050064e-13
0.186638 1.061474e-13
0.187141 1.116452e-13
0.187643 1.066618e-13
0.188146 1.008189e-13
0.188649 9.836122e-14
0.189152 9.657585e-14
0.189655 1.017243e-13
0.190158 1.065199e-13
0.190661 1.084838e-13
0.191164 1.106289e-13
0.191667 1.118941e-13
0.19217 1.158601e-13
0.192672 1.193738e-13
0.193175 1.11229e-13
0.193678 1.128068e-13
0.194181 1.156389e-13
0.194684 1.23942e-13
0.195187 1.404829e-13
0.19569 1.508377e-13
0.196193 1.541702e-13
0.196696 1.766644e-13
0.197199 1.877529e-13
0.197701 1.688632e-13
0.2 9.620525e-14
0.202 9.404922e-14
0.204 9.196204e-14
0.206 8.994087e-14
0.208 8.798301e-14
0.21 8.60859e-14
0.212 8.42471e-14
0.214 8.24643e-14
0.216 8.073528e-14
0.218 7.905796e-14
0.22 7.743032e-14
0.222 7.585048e-14
0.224 7.431661e-14
0.226 7.282698e-14
0.228 7.137994e-14
0.23 6.997392e-14
0.232 6.860741e-14
0.234 6.727897e-14
0.236 6.598724e-14
0.238 6.47309e-14
0.240369 6.415266e-14
0.240901 6.611446e-14
0.241433 5.84722e-14
0.241966 5.167849e-14
0.242499 6.047273e-14
0.243031 5.840169e-14
0.243564 6.827186e-14
0.244096 5.482882e-14
0.244629 4.9494e-14
0.245161 5.498317e-14
0.245694 6.554022e-14
0.246226 5.642329e-14
0.246759 4.429541e-14
0.247292 4.887797e-14
0.247824 5.204163e-14
0.248356 5.783437e-14
0.248889 6.023639e-14
0.249421 6.115436e-14
0.249954 6.51627e-14
0.250487 6.763664e-14
0.251019 5.758846e-14
0.251552 5.68467e-14
0.252084 5.814529e-14
0.252617 5.60987e-14
0.253149 5.451346e-14
0.253682 6.149903e-14
0.254215 6.071812e-14
0.254747 5.731421e-14
0.255279 6.501194e-14
0.255812 5.858428e-14
0.256345 5.031571e-14
0.256877 5.617692e-14
0.257409 5.828448e-14
0.257942 5.702113e-14
0.258475 5.397775e-14
0.259007 5.019022e-14
0.25954 4.770093e-14
0.260072 4.813394e-14
0.260605 5.382449e-14
0.261137 5.915058e-14
0.26167 5.542637e-14
0.262202 4.806063e-14
0.262735 5.180634e-14
0.263268 5.19109e-14
0.2638 6.040893e-14
0.264332 5.056507e-14
0.264865 4.851378e-14
0.265398 4.94515e-14
0.26593 5.19095e-14
0.266463 4.911758e-14
0.266995 4.868805e-14
0.267528 4.779487e-14
0.26806 5.370974e-14
0.268593 5.101743e-14
0.269125 5.051024e-14
0.269658 4.909009e-14
0.270191 5.025352e-14
0.270723 5.394824e-14
0.271255 5.885563e-14
0.271788 5.308557e-14
0.272321 5.088091e-14
0.272853 4.70499e-14
0.273385 5.245121e-14
0.273918 4.673643e-14
0.274451 4.824808e-14
0.274983 4.880084e-14
0.275516 4.718703e-14
0.276048 4.653102e-14
0.276581 4.549545e-14
0.277113 4.639806e-14
0.277646 4.652292e-14
0.278179 4.921985e-14
0.278711 4.411198e-14
0.279244 4.34979e-14
0.279776 3.994955e-14
0.280308 4.089535e-14
0.280841 5.055524e-14
0.281373 5.129284e-14
0.281906 5.434207e-14
0.282439 5.448629e-14
0.282971 5.250506e-14
0.283504 5.475608e-14
0.284036 5.410451e-14
0.284569 5.592075e-14
0.285101 5.339196e-14
0.285634 5.608701e-14
0.286167 5.998576e-14
0.286699 6.378901e-14
0.287231 7.135368e-14
0.287764 8.548715e-14
0.288296 1.073906e-13
0.288829 1.199381e-13
0.289361 1.166918e-13
0.289894 1.077393e-13
0.290527 9.225781e-14
0.291076 9.385728e-14
0.291625 7.043651e-14
0.292174 6.704723e-14
0.292723 6.173128e-14
0.293272 5.414122e-14
0.293821 5.501813e-14
0.29437 5.390211e-14
0.294919 5.23245e-14
0.295468 5.167742e-14
0.296017 4.877058e-14
0.296566 4.744068e-14
0.297115 4.953513e-14
0.297664 5.204016e-14
0.298213 4.609861e-14
0.298762 4.666881e-14
0.299311 4.47786e-14
0.29986 4.427122e-14
0.30041 3.919635e-14
0.300959 4.145567e-14
0.301508 4.156064e-14
0.302057 4.426305e-14
0.302606 4.458111e-14
0.303155 4.405579e-14
0.303704 4.403815e-14
0.304254 4.723847e-14
0.304803 4.690417e-14
0.305352 4.575191e-14
0.305901 4.370238e-14
0.30645 4.614814e-14
0.307 4.544725e-14
0.307549 4.361937e-14
0.308098 4.401295e-14
0.308647 4.437341e-14
0.309196 4.28266e-14
0.309746 4.153936e-14
0.310295 3.965534e-14
0.310844 3.867929e-14
0.311394 3.592909e-14
0.311943 3.634321e-14
0.312492 3.592664e-14
0.313041 3.637879e-14
0.313591 3.468405e-14
0.31414 3.628484e-14
0.314689 3.652288e-14
0.315239 3.785791e-14
0.315788 3.676628e-14
0.316337 3.738742e-14
0.316887 3.648663e-14
0.317436 3.726734e-14
0.317986 3.578253e-14
0.318535 3.782956e-14
0.319084 3.595769e-14
0.319634 3.651118e-14
0.320183 3.815269e-14
0.320733 3.65982e-14
0.321282 3.943562e-14
0.321831 3.974472e-14
0.322381 4.137854e-14
0.32293 4.248878e-14
0.32348 4.417276e-14
0.324029 4.36906e-14
0.324579 3.973352e-14
0.325128 4.074051e-14
0.325678 3.993581e-14
0.326227 3.945644e-14
0.326777 4.123223e-14
0.327326 4.174111e-14
0.327876 4.042075e-14
0.328425 4.149985e-14
0.328975 4.250693e-14
0.329524 4.179543e-14
0.330074 4.219945e-14
0.330623 3.974414e-14
0.331173 4.037364e-14
0.331723 3.903002e-14
0.332272 3.892377e-14
0.332822 3.956293e-14
0.333371 3.919368e-14
0.333921 3.838139e-14
0.33447 3.870249e-14
0.33502 3.699378e-14
0.33557 3.607226e-14
0.336119 3.756922e-14
0.336669 3.548671e-14
0.337218 3.655687e-14
0.337768 3.469129e-14
0.338318 3.574137e-14
0.338867 3.613756e-14
0.339417 3.510649e-14
0.339967 3.556056e-14
0.340516 3.421222e-14
0.341066 3.33839e-14
0.341616 3.557622e-14
0.342165 3.287852e-14
0.342715 3.283255e-14
0.343265 3.270297e-14
0.343814 3.393869e-14
0.344364 3.444251e-14
0.344914 3.587989e-14
0.345463 3.575918e-14
0.346013 3.545728e-14
0.346563 3.388663e-14
0.347113 3.308803e-14
0.347662 3.400588e-14
0.348212 3.242343e-14
0.348762 3.316893e-14
0.349312 3.150639e-14
0.349861 3.222965e-14
0.350411 3.269837e-14
0.350961 3.163847e-14
0.351511 3.076461e-14
0.35206 3.273704e-14
0.35261 3.31158e-14
0.35316 3.632658e-14
0.35371 3.925531e-14
0.354259 3.694721e-14
0.354809 3.404993e-14
0.355359 3.423531e-14
0.355909 3.429793e-14
0.356459 3.284842e-14
0.357008 3.350916e-14
0.357558 3.2087e-14
0.358108 3.203223e-14
0.358658 3.26325e-14
0.359208 3.159377e-14
0.359758 3.148482e-14
0.360307 3.112503e-14
0.360857 3.056524e-14
0.361407 2.989416e-14
0.361957 2.977745e-14
0.362507 3.078054e-14
0.363057 3.023438e-14
0.363606 2.98293e-14
0.364156 2.985756e-14
0.364706 2.837502e-14
0.365256 2.860746e-14
0.365806 2.88538e-14
0.366356 2.898333e-14
0.366906 2.910213e-14
0.367455 2.852002e-14
0.368005 2.869041e-14
0.368555 2.844267e-14
0.369105 2.908977e-14
0.369655 2.871316e-14
0.370205 2.8918e-14
0.370755 2.814719e-14
0.371305 2.820434e-14
0.371855 2.833509e-14
0.372404 2.801817e-14
0.372954 2.695584e-14
0.373504 2.795549e-14
0.374054 2.791281e-14
0.374604 2.791124e-14
0.375154 2.822754e-14
0.375704 2.723682e-14
0.376254 2.750487e-14
0.376804 2.69742e-14
0.377354 2.811046e-14
0.377904 2.752251e-14
0.378454 2.751103e-14
0.379004 2.725809e-14
0.379553 2.834989e-14
0.380103 2.669688e-14
0.380653 2.722992e-14
0.381203 2.67049e-14
0.381753 2.813224e-14
0.382303 2.594541e-14
0.382853 2.490978e-14
0.383403 2.527921e-14
0.383953 2.581781e-14
0.384503 2.603127e-14
0.385053 2.696597e-14
0.385603 2.592141e-14
0.386153 2.421926e-14
0.386703 2.460395e-14
0.387253 2.462942e-14
0.387803 2.547213e-14
0.388353 2.537988e-14
0.388903 2.416748e-14
0.389453 2.382372e-14
0.390002 2.353005e-14
0.390552 2.247638e-14
0.391102 2.253968e-14
0.391652 2.212087e-14
0.392202 2.199429e-14
0.392752 2.17448e-14
0.393302 2.045461e-14
0.393852 2.014627e-14
0.394402 2.017808e-14
0.394952 2.0597e-14
0.395502 2.104715e-14
0.396052 2.178919e-14
0.396602 2.138043e-14
0.397152 2.030971e-14
0.397702 2.093704e-14
0.398252 2.106273e-14
0.398802 2.208272e-14
0.399352 2.577025e-14
0.399902 2.708469e-14
0.400452 2.192232e-14
0.401002 2.180968e-14
0.401552 2.321507e-14
0.402102 2.355425e-14
0.402652 2.181412e-14
0.403202 2.047373e-14
0.403752 1.886988e-14
0.404302 1.794126e-14
0.404852 1.752553e-14
0.405402 1.723467e-14
0.405952 1.744881e-14
0.406502 1.776605e-14
0.407052 1.712099e-14
0.407602 1.739168e-14
0.408152 1.718648e-14
0.408701 1.806789e-14
0.409251 1.974253e-14
0.409801 2.137298e-14
0.410351 2.102484e-14
0.410901 1.915217e-14
0.411451 1.770882e-14
0.412001 1.708845e-14
0.412551 1.620931e-14
0.413101 1.577145e-14
0.413651 1.516342e-14
0.414201 1.516612e-14
0.414751 1.510751e-14
0.415301 1.513028e-14
0.415851 1.494913e-14
0.416401 1.413656e-14
0.416951 1.437765e-14
0.417501 1.46011e-14
0.418051 1.404353e-14
0.418601 1.434401e-14
0.419151 1.385844e-14
0.419701 1.488329e-14
0.420251 1.520192e-14
0.420801 1.506759e-14
0.42135 1.511252e-14
0.4219 1.585674e-14
0.42245 1.657214e-14
0.423 1.864228e-14
0.42355 2.005839e-14
0.4241 1.962673e-14
0.42465 1.839464e-14
0.4252 1.720103e-14
0.42575 1.626007e-14
0.4263 1.581668e-14
0.42685 1.498107e-14
0.4274 1.435859e-14
0.42795 1.393976e-14
0.428499 1.355224e-14
0.429049 1.354474e-14
0.429599 1.325472e-14
0.430149 1.377874e-14
0.430699 1.334257e-14
0.431249 1.301357e-14
0.431799 1.334789e-14
0.432349 1.2686e-14
0.432899 1.234993e-14
0.433449 1.217939e-14
0.433998 1.181566e-14
0.434548 1.187589e-14
0.435098 1.185901e-14
0.435648 1.188861e-14
0.436198 1.178239e-14
0.436748 1.213913e-14
0.437298 1.218836e-14
0.437848 1.207347e-14
0.438397 1.199183e-14
0.438947 1.182034e-14
0.439497 1.161037e-14
0.440047 1.170655e-14
0.440597 1.157224e-14
0.441147 1.156418e-14
0.441696 1.163787e-14
0.442246 1.17981e-14
0.442796 1.176017e-14
0.443346 1.18789e-14
0.443896 1.24284e-14
0.444446 1.29928e-14
0.444995 1.358759e-14
0.445545 1.4347e-14
0.446095 1.452249e-14
0.446645 1.588752e-14
0.447195 1.738408e-14
0.447744 1.992425e-14
0.448294 2.221286e-14
0.448844 2.278513e-14
0.449394 2.209426e-14
0.449943 2.194819e-14
0.450493 2.084827e-14
0.451043 1.955946e-14
0.451593 1.70532e-14
0.452143 1.579476e-14
0.452692 1.45586e-14
0.453242 1.401747e-14
0.453792 1.392303e-14
0.454341 1.304408e-14
0.454891 1.292924e-14
0.455441 1.287716e-14
0.455991 1.447303e-14
0.45654 1.239159e-14
0.45709 1.205418e-14
0.45764 1.174532e-14
0.458189 1.199491e-14
0.458739 1.148078e-14
0.459289 1.122689e-14
0.459839 1.133081e-14
0.460388 1.145951e-14
0.460938 1.160818e-14
0.461488 1.167409e-14
0.462037 1.202722e-14
0.462587 1.209446e-14
0.463137 1.189148e-14
0.463686 1.199575e-14
0.464236 1.191421e-14
0.464785 1.168573e-14
0.465335 1.166587e-14
0.465885 1.182008e-14
0.466434 1.206689e-14
0.466984 1.201189e-14
0.467533 1.211292e-14
0.468083 1.160043e-14
0.468633 1.212107e-14
0.469182 1.186853e-14
0.469732 1.192648e-14
0.470281 1.21478e-14
0.470831 1.173688e-14
0.471381 1.164912e-14
0.47193 1.152417e-14
0.47248 1.148964e-14
0.473029 1.123656e-14
0.473579 1.143562e-14
0.474128 1.132731e-14
0.474678 1.127278e-14
0.475227 1.120526e-14
0.475777 1.127906e-14
0.476326 1.091851e-14
0.476876 1.100018e-14
0.477425 1.07744e-14
0.477975 1.083732e-14
0.478524 1.172645e-14
0.479074 1.145197e-14
0.479623 1.171394e-14
0.480172 1.140661e-14
0.480722 1.164677e-14
0.481271 1.14993e-14
0.481821 1.143703e-14
0.48237 1.175249e-14
0.48292 1.212272e-14
0.483469 1.266349e-14
0.484018 1.254821e-14
0.484568 1.241319e-14
0.485117 1.196349e-14
0.485666 1.168965e-14
0.486216 1.177022e-14
0.486765 1.161761e-14
0.487315 1.151413e-14
0.487864 1.109111e-14
0.488413 1.088301e-14
0.488963 1.090078e-14
0.489512 1.050541e-14
0.490061 1.067464e-14
0.49061 1.028365e-14
0.49116 1.196607e-14
0.491709 1.052174e-14
0.492258 9.967149e-15
0.492808 1.02616e-14
0.493357 1.012869e-14
0.493906 1.007059e-14
0.494455 1.022394e-14
0.495004 1.062031e-14
0.495554 1.075471e-14
0.496103 1.101395e-14
0.496652 1.143064e-14
0.497201 1.216305e-14
0.49775 1.230692e-14
0.4983 1.317443e-14
0.498849 1.400748e-14
0.499398 1.561101e-14
0.499947 1.746981e-14
0.500496 1.976692e-14
0.501045 2.459107e-14
0.501594 2.899973e-14
0.502144 3.298519e-14
0.502693 3.219255e-14
0.503242 2.915919e-14
0.503791 2.56667e-14
0.50434 2.276772e-14
0.504889 1.986961e-14
0.505438 1.778198e-14
0.505987 1.599045e-14
0.506536 1.501593e-14
0.507085 1.446467e-14
0.507634 1.388157e-14
0.508183 1.370691e-14
0.508732 1.420688e-14
0.509281 1.309515e-14
0.50983 1.296228e-14
0.510379 1.233715e-14
0.510928 1.25987e-14
0.511477 1.426149e-14
0.512026 1.989149e-14
0.512575 2.202474e-14
0.513124 1.400614e-14
0.513673 1.075635e-14
0.514221 1.034058e-14
0.51477 1.043018e-14
0.515319 1.06635e-14
0.515868 1.294187e-14
0.516417 1.906632e-14
0.516966 3.559479e-14
0.517515 4.423092e-14
0.518063 2.186184e-14
0.518612 1.314623e-14
0.519161 1.150217e-14
0.51971 1.057589e-14
0.520259 1.033141e-14
0.520807 9.834959e-15
0.521356 1.000882e-14
0.521905 9.761703e-15
0.522454 9.310179e-15
0.523002 9.158088e-15
0.523551 8.942868e-15
0.5241 8.680749e-15
0.524648 8.722131e-15
0.525197 8.743116e-15
0.525746 8.21262e-15
0.526294 8.295765e-15
0.526843 8.599199e-15
0.527392 8.244089e-15
0.52794 8.090452e-15
0.528489 8.074448e-15
0.529037 8.326479e-15
0.529586 8.39171e-15
0.530134 8.393928e-15
0.530683 8.348772e-15
0.531232 8.412903e-15
0.53178 8.707314e-15
0.532329 9.04319e-15
0.532877 9.49428e-15
0.533426 9.344286e-15
0.533974 9.764033e-15
0.534523 1.000772e-14
0.535071 9.259773e-15
0.535619 9.332727e-15
0.536168 8.860993e-15
0.536716 8.722479e-15
0.537265 8.539506e-15
0.537813 8.29849e-15
0.538361 8.434659e-15
0.53891 8.192539e-15
0.539458 8.246798e-15
0.540006 8.272964e-15
0.540555 8.48211e-15
0.541103 8.219457e-15
0.541651 8.329712e-15
0.5422 8.035335e-15
0.542748 8.357414e-15
0.543296 8.302093e-15
0.543844 8.359812e-15
0.544393 8.524788e-15
0.544941 8.530245e-15
0.545489 8.21842e-15
0.546037 8.371076e-15
0.546585 8.175042e-15
0.547134 8.250954e-15
0.547682 8.366032e-15
0.54823 8.479377e-15
0.548778 8.487283e-15
0.549326 8.316811e-15
0.549874 8.289069e-15
0.550558 8.350398e-15
0.551533 8.023423e-15
0.552507 7.831481e-15
0.553482 7.765704e-15
0.554456 7.748066e-15
0.555431 7.550553e-15
0.556405 7.61806e-15
0.55738 7.366541e-15
0.558354 7.432614e-15
0.559329 7.600463e-15
0.560304 7.427421e-15
0.561278 7.381928e-15
0.562253 7.282675e-15
0.563227 7.236671e-15
0.564202 7.184269e-15
0.565177 7.160323e-15
0.566152 7.085516e-15
0.567126 7.339901e-15
0.568101 6.99131e-15
0.569076 7.22563e-15
0.570051 7.230039e-15
0.571025 7.151571e-15
0.572 7.178088e-15
0.572975 7.126238e-15
0.57395 7.116554e-15
0.574925 7.029881e-15
0.5759 6.902079e-15
0.576875 6.887981e-15
0.57785 6.747609e-15
0.578825 6.686689e-15
0.5798 6.841821e-15
0.580775 6.885416e-15
0.58175 6.859549e-15
0.582725 6.700789e-15
0.5837 6.654608e-15
0.584675 6.558563e-15
0.58565 6.741885e-15
0.586625 6.731073e-15
0.587601 6.680152e-15
0.588576 6.723966e-15
0.589551 6.573443e-15
0.590526 7.216704e-15
0.591501 6.968024e-15
0.592477 6.734575e-15
0.593452 6.898057e-15
0.594427 6.791161e-15
0.595402 6.69991e-15
0.596378 6.609519e-15
0.597353 6.765853e-15
0.598328 6.733977e-15
0.599304 6.799581e-15
0.600279 6.976847e-15
0.601255 7.027012e-15
0.60223 7.155892e-15
0.603205 7.466832e-15
0.604181 7.623795e-15
0.605156 8.139819e-15
0.606132 8.983361e-15
0.607107 9.470992e-15
0.608083 9.500423e-15
0.609058 8.888547e-15
0.610034 8.363292e-15
0.61101 7.94106e-15
0.611985 7.703339e-15
0.612961 7.471674e-15
0.613936 7.348119e-15
0.614912 7.230079e-15
0.615888 7.283501e-15
0.616863 7.087281e-15
0.617839 7.12138e-15
0.618815 6.886143e-15
0.619791 6.796622e-15
0.620766 6.562985e-15
0.621742 6.492941e-15
0.622718 6.345855e-15
0.623694 6.397759e-15
0.624669 6.319563e-15
0.625645 6.320578e-15
0.626621 6.456619e-15
0.627597 6.60561e-15
0.628573 6.688445e-15
0.629549 6.474118e-15
0.630524 6.263455e-15
0.6315 6.03921e-15
0.632476 5.988211e-15
0.633452 6.041721e-15
0.634428 6.034737e-15
0.635404 5.802044e-15
0.63638 6.148462e-15
0.637356 6.149711e-15
0.638332 6.126967e-15
0.639308 6.078318e-15
0.640284 6.146759e-15
0.64126 6.177872e-15
0.642236 6.089512e-15
0.643212 6.188058e-15
0.644188 6.257559e-15
0.645164 6.292329e-15
0.64614 6.160332e-15
0.647117 6.165567e-15
0.648093 6.227183e-15
0.649069 6.153801e-15
0.650045 6.547102e-15
0.651021 7.212307e-15
0.651997 6.823166e-15
0.652974 6.587457e-15
0.65395 6.626569e-15
0.654926 6.569935e-15
0.655902 7.016574e-15
0.656878 7.331309e-15
0.657855 7.438283e-15
0.658831 7.148539e-15
0.659807 7.014364e-15
0.660783 6.947626e-15
0.66176 6.859104e-15
0.662736 6.942002e-15
0.663712 7.042917e-15
0.664689 6.984928e-15
0.665665 7.346199e-15
0.666641 7.687008e-15
0.667618 8.036271e-15
0.668594 8.717231e-15
0.669571 9.62945e-15
0.670547 1.069131e-14
0.671523 1.224375e-14
0.6725 1.43096e-14
0.673476 1.76237e-14
0.674453 2.382563e-14
0.675429 3.472236e-14
0.676406 5.064758e-14
0.677382 6.747466e-14
0.678359 7.49368e-14
0.679335 6.655367e-14
0.680312 5.191913e-14
0.681288 3.690256e-14
0.682265 2.673214e-14
0.683241 2.018899e-14
0.684218 1.589242e-14
0.685194 1.342496e-14
0.686171 1.180661e-14
0.687147 1.076415e-14
0.688124 1.011214e-14
0.689101 9.43139e-15
0.690077 9.19925e-15
0.691054 8.694168e-15
0.69203 8.074235e-15
0.693007 7.764084e-15
0.693984 7.725886e-15
0.69496 7.424439e-15
0.695937 7.130653e-15
0.696914 6.400621e-15
0.69789 6.132246e-15
0.698867 6.177531e-15
0.699844 5.930011e-15
0.70082 5.997621e-15
0.701797 5.94429e-15
0.702774 5.774079e-15
0.70375 5.874903e-15
0.704727 5.77336e-15
0.705704 5.642745e-15
0.706681 5.534662e-15
0.707657 5.602322e-15
0.708634 5.509201e-15
0.709611 5.445785e-15
0.710588 5.439183e-15
0.711565 5.436559e-15
0.712541 5.383041e-15
0.713518 5.459814e-15
0.714495 5.197048e-15
0.715472 5.319953e-15
0.716448 5.482287e-15
0.717425 5.30408e-15
0.718402 5.253925e-15
0.719379 5.29922e-15
0.720356 5.383331e-15
0.721333 5.483433e-15
0.722309 5.461114e-15
0.723286 5.421467e-15
0.724263 5.547856e-15
0.72524 5.625845e-15
0.726217 5.695182e-15
0.727194 5.742286e-15
0.728171 5.871215e-15
0.729148 6.329777e-15
0.730124 6.512906e-15
0.731101 6.149442e-15
0.732078 5.881708e-15
0.733055 5.75614e-15
0.734032 5.756535e-15
0.735009 5.618028e-15
0.735986 5.673885e-15
0.736963 5.762417e-15
0.73794 5.657425e-15
0.738917 5.521911e-15
0.739894 5.428297e-15
0.740871 5.245614e-15
0.741848 5.205434e-15
0.742824 5.091435e-15
0.743801 5.306158e-15
0.744778 5.095077e-15
0.745755 5.219876e-15
0.746732 5.118557e-15
0.747709 5.132783e-15
0.748686 5.178294e-15
0.749663 5.260684e-15
0.75064 5.156488e-15
0.751617 5.029851e-15
0.752594 5.116514e-15
0.753571 5.136837e-15
0.754548 5.257409e-15
0.755525 5.247167e-15
0.756502 5.244979e-15
0.757479 5.316704e-15
0.758456 5.164324e-15
0.759433 5.022248e-15
0.76041 4.819474e-15
0.761387 4.780759e-15
0.762364 5.024899e-15
0.763341 4.941591e-15
0.764318 4.79297e-15
0.765295 4.741682e-15
0.766272 4.573016e-15
0.767249 4.616007e-15
0.768226 4.762945e-15
0.769203 4.820333e-15
0.77018 4.765215e-15
0.771157 4.680308e-15
0.772134 4.4829e-15
0.773112 4.88051e-15
0.774089 5.078164e-15
0.775066 5.004908e-15
0.776043 4.713446e-15
0.77702 4.577084e-15
0.777997 4.676202e-15
0.778974 4.955211e-15
0.779951 5.004947e-15
0.780928 4.76973e-15
0.781905 4.535279e-15
0.782882 4.551957e-15
0.783859 4.888818e-15
0.784836 4.985983e-15
0.785813 4.941199e-15
0.78679 4.715045e-15
0.787767 4.583712e-15
0.788744 4.492076e-15
0.789721 4.648369e-15
0.790698 4.831527e-15
0.791675 4.834493e-15
0.792652 4.656275e-15
0.793629 4.750327e-15
0.794606 4.643238e-15
0.795583 4.608093e-15
0.79656 4.671356e-15
0.797538 4.819525e-15
0.798515 4.882712e-15
0.799492 4.971907e-15
0.800469 4.846081e-15
0.801446 4.887897e-15
0.802423 4.855212e-15
0.8034 5.08257e-15
0.804377 5.206299e-15
0.805354 4.902979e-15
0.806331 4.737693e-15
0.807308 4.591573e-15
0.808285 4.810892e-15
0.809262 4.825862e-15
0.810239 4.730408e-15
0.811216 4.545985e-15
0.812193 4.493176e-15
0.81317 4.681561e-15
0.814147 4.925646e-15
0.815124 5.029145e-15
0.816101 4.890469e-15
0.817078 4.635303e-15
0.818055 4.47601e-15
0.819032 4.512182e-15
0.820009 4.571395e-15
0.820986 5.193692e-15
0.821963 4.288403e-15
0.82294 4.515467e-15
0.823917 4.533835e-15
0.824894 4.498165e-15
0.825871 4.307815e-15
0.826848 4.292738e-15
0.827825 4.302262e-15
0.828801 4.457968e-15
0.829778 4.393558e-15
0.830755 4.093574e-15
0.831732 4.095306e-15
0.832709 4.347422e-15
0.833686 4.437077e-15
0.834663 4.472741e-15
0.83564 4.275532e-15
0.836617 4.150476e-15
0.837594 4.096297e-15
0.838571 4.087002e-15
0.839548 4.236808e-15
0.840525 4.159731e-15
0.841501 4.317704e-15
0.842478 4.448441e-15
0.843455 4.483818e-15
0.844432 4.538442e-15
0.845409 4.220363e-15
0.846386 4.084773e-15
0.847363 4.20375e-15
0.84834 4.449158e-15
0.849316 4.61055e-15
0.850293 4.787127e-15
0.85127 5.019694e-15
0.852247 4.742633e-15
0.853224 4.538298e-15
0.854201 3.995772e-15
0.855177 4.102801e-15
0.856154 4.165903e-15
0.857131 4.477584e-15
0.858108 4.586692e-15
0.859085 4.625776e-15
0.860061 4.350564e-15
0.861038 4.22263e-15
0.862015 4.09176e-15
0.862992 4.06136e-15
0.863968 4.116452e-15
0.864945 4.351415e-15
0.865922 4.636189e-15
0.866899 4.532009e-15
0.867875 4.483443e-15
0.868852 4.458147e-15
0.869829 5.005868e-15
0.870805 5.709462e-15
0.871782 6.199694e-15
0.872759 6.192912e-15
0.873736 5.762141e-15
0.874712 5.548278e-15
0.875689 5.156921e-15
0.876665 5.113551e-15
0.877642 5.122705e-15
0.878619 4.85148e-15
0.879595 4.560173e-15
0.880572 4.225915e-15
0.881549 4.033706e-15
0.882525 4.020485e-15
0.883502 4.044381e-15
0.884478 3.863753e-15
0.885455 4.057551e-15
0.886431 4.116031e-15
0.887408 3.897193e-15
0.888384 3.933665e-15
0.889361 3.910631e-15
0.890338 3.92992e-15
0.891314 3.725424e-15
0.892291 3.668023e-15
0.893267 3.689647e-15
0.894244 3.924033e-15
0.89522 4.021231e-15
0.896196 3.813584e-15
0.897173 3.931555e-15
0.898149 3.996053e-15
0.899126 3.565951e-15
0.900102 3.375442e-15
0.901079 3.61116e-15
0.902055 3.722992e-15
0.903031 3.916648e-15
0.904008 3.957022e-15
0.904984 4.15848e-15
0.905961 4.009842e-15
0.906937 3.575165e-15
0.907913 3.277705e-15
0.908889 3.290787e-15
0.909866 3.36935e-15
0.910842 3.53011e-15
0.911818 3.893279e-15
0.912795 4.000158e-15
0.913771 3.849693e-15
0.914747 3.894964e-15
0.915723 3.288585e-15
0.9167 3.305183e-15
0.917676 3.191918e-15
0.918652 3.48781e-15
0.919628 3.688425e-15
0.920604 3.906731e-15
0.92158 3.947984e-15
0.922557 3.560361e-15
0.923533 3.058839e-15
0.924509 2.934774e-15
0.925485 3.107027e-15
0.926461 3.262107e-15
0.927437 3.705573e-15
0.928413 4.072503e-15
0.929389 3.88057e-15
0.930365 3.470502e-15
0.931341 3.168747e-15
0.932317 3.268289e-15
0.933293 3.343276e-15
0.934269 3.592678e-15
0.935245 3.754844e-15
0.936221 4.263082e-15
0.937197 4.820961e-15
0.938173 4.24672e-15
0.939149 3.421385e-15
0.940125 3.126052e-15
0.941101 2.943346e-15
0.942077 2.863875e-15
0.943053 3.017201e-15
0.944028 3.30846e-15
0.945004 3.834318e-15
0.94598 4.280336e-15
0.946956 4.150357e-15
0.947932 3.456515e-15
0.948907 3.213035e-15
0.949883 3.475558e-15
0.950859 3.687541e-15
0.951835 4.13558e-15
0.95281 4.645402e-15
0.953786 4.814886e-15
0.954762 4.847006e-15
0.955737 4.217213e-15
0.956713 3.35865e-15
0.957689 3.066915e-15
0.958664 3.119688e-15
0.95964 3.126545e-15
0.960615 3.536039e-15
0.961591 3.903247e-15
0.962567 3.763284e-15
0.963542 3.142372e-15
0.964518 2.668266e-15
0.965493 2.758812e-15
0.966469 3.058507e-15
0.967444 3.552546e-15
0.96842 3.59729e-15
0.969395 3.215915e-15
0.97037 2.770378e-15
0.971346 2.625524e-15
0.972321 2.621796e-15
0.973296 2.760203e-15
0.974272 2.90128e-15
0.975247 2.927882e-15
0.976222 3.164564e-15
0.977198 3.432662e-15
0.978173 3.603509e-15
0.979148 3.575696e-15
0.980123 3.026969e-15
0.981099 2.827977e-15
0.982074 2.835842e-15
0.983049 3.336097e-15
0.984024 4.151458e-15
0.984999 5.69137e-15
0.985975 5.365658e-15
0.98695 4.701169e-15
0.987925 3.74172e-15
0.9889 2.992395e-15
0.989875 2.926838e-15
0.99085 2.870716e-15
0.991825 2.806058e-15
0.9928 2.717433e-15
0.993775 2.832207e-15
0.99475 2.968607e-15
0.995725 3.117191e-15
0.9967 3.263211e-15
0.997675 3.389207e-15
0.998649 3.219818e-15
0.999624 3.295684e-15
1.000807 3.167823e-15
1.003019 2.916661e-15
1.00523 2.854439e-15
1.007442 2.926447e-15
1.009654 2.558698e-15
1.011865 2.353954e-15
1.014077 2.596378e-15
1.016288 2.599546e-15
1.0185 2.507813e-15
1.020711 2.427583e-15
1.022923 2.808767e-15
1.025134 2.698496e-15
1.027346 2.834736e-15
1.029558 2.684137e-15
1.031769 3.56796e-15
1.033981 3.878943e-15
1.036192 4.38943e-15
1.038404 4.491933e-15
1.040615 4.279238e-15
1.042827 3.517973e-15
1.045039 3.258841e-15
1.04725 3.247543e-15
1.049462 3.014035e-15
1.051673 2.537158e-15
1.053885 2.42724e-15
1.056096 2.336246e-15
1.058308 2.156582e-15
1.06052 2.439062e-15
1.062731 2.173806e-15
1.064943 2.304639e-15
1.067154 2.705169e-15
1.069366 2.08295e-15
1.071577 1.741258e-15
1.073789 2.048017e-15
1.076001 2.402368e-15
1.078212 2.63432e-15
1.080424 2.573157e-15
1.082635 3.119536e-15
1.084847 3.148781e-15
1.087058 3.123908e-15
1.08927 3.181242e-15
1.091482 3.129312e-15
1.093693 3.299082e-15
1.095905 3.129132e-15
1.098116 2.871156e-15
1.100328 3.041799e-15
1.102539 3.032474e-15
1.104751 3.288405e-15
1.106963 3.804125e-15
1.109174 4.893456e-15
1.111386 5.805336e-15
1.113597 7.231873e-15
1.115809 1.024522e-14
1.11802 1.536253e-14
1.120232 1.518155e-14
1.122443 1.061467e-14
1.124655 8.644472e-15
1.126867 7.664522e-15
1.129078 7.259327e-15
1.13129 6.843534e-15
1.133501 5.345505e-15
1.135713 4.483855e-15
1.137925 4.107135e-15
1.140136 3.680201e-15
1.142348 3.613526e-15
1.144559 3.242148e-15
1.146771 3.326686e-15
1.148982 3.336644e-15
1.151194 3.167325e-15
1.153405 3.135055e-15
1.155617 2.702697e-15
1.157829 2.899135e-15
1.16004 2.98827e-15
1.162252 2.884165e-15
1.164463 3.352525e-15
1.166675 3.700602e-15
1.168886 3.39916e-15
1.171098 3.156323e-15
1.17331 3.125872e-15
1.175521 3.05844e-15
1.177733 2.79392e-15
1.179944 2.80436e-15
1.182156 2.634903e-15
1.184367 2.767227e-15
1.186579 2.634758e-15
1.188791 2.802675e-15
1.191002 2.845558e-15
1.193214 2.894498e-15
1.195425 2.913901e-15
1.197637 2.964974e-15
1.199848 2.886673e-15
1.20206 3.006474e-15
1.204272 2.863638e-15
1.206483 2.871931e-15
1.208695 2.986903e-15
1.210906 2.887219e-15
1.213118 3.005646e-15
1.215329 2.884852e-15
1.217541 2.777599e-15
1.219753 2.836061e-15
1.221964 2.922527e-15
1.224176 2.919605e-15
1.226387 2.900514e-15
1.228599 2.960706e-15
1.23081 2.955124e-15
1.233022 2.844327e-15
1.235233 2.885408e-15
1.237445 2.905116e-15
1.239657 2.837704e-15
1.241868 2.785131e-15
1.24408 2.880093e-15
1.246291 2.924884e-15
1.248503 2.827903e-15
1.250715 2.904783e-15
1.252926 2.842909e-15
1.255138 3.004927e-15
1.257349 3.086402e-15
1.259561 2.981813e-15
1.261772 3.054566e-15
1.263984 2.806539e-15
1.266196 2.798339e-15
1.268407 2.694574e-15
1.270619 2.923184e-15
1.27283 2.876672e-15
1.275042 3.013482e-15
1.277253 3.125849e-15
1.279465 3.179784e-15
1.281676 3.249584e-15
1.283888 3.183472e-15
1.2861 3.093443e-15
1.288311 3.126218e-15
1.290523 3.167915e-15
1.292734 3.559369e-15
1.294946 3.606783e-15
1.297157 3.435286e-15
1.299369 3.448612e-15
1.301581 3.399453e-15
1.303792 3.398035e-15
1.306004 3.39713e-15
1.308215 3.523027e-15
1.310427 3.647485e-15
1.312638 3.744869e-15
1.31485 3.985886e-15
1.317062 4.378034e-15
1.319273 5.000875e-15
1.321485 6.056411e-15
1.323696 7.041484e-15
1.325908 6.739465e-15
1.328119 5.798878e-15
1.330331 5.057118e-15
1.332543 4.351916e-15
1.334754 4.186011e-15
1.336966 3.841821e-15
1.339177 3.728556e-15
1.341389 3.601649e-15
1.3436 3.421445e-15
1.345812 3.459061e-15
1.348024 3.310163e-15
1.350235 3.32388e-15
1.352447 2.974865e-15
1.354658 2.44876e-15
1.35687 2.873524e-15
1.359081 2.603447e-15
1.365 3.034997e-15
1.37 2.970077e-15
1.375 2.913193e-15
1.38 2.863862e-15
1.385 2.821668e-15
1.390043 2.768625e-15
1.392255 2.025332e-15
1.394467 1.544713e-15
1.396678 2.263654e-15
1.39889 2.892521e-15
1.401101 2.441905e-15
1.403313 2.760237e-15
1.405524 2.558953e-15
1.407736 2.731842e-15
1.409947 2.935454e-15
1.412159 2.884852e-15
1.414371 2.580675e-15
1.416582 2.925601e-15
1.418794 2.796519e-15
1.421005 2.500497e-15
1.423217 2.695263e-15
1.425429 2.795899e-15
1.42764 2.683895e-15
1.429852 2.86312e-15
1.432063 2.63776e-15
1.434275 2.713947e-15
1.436486 2.871226e-15
1.438698 2.830199e-15
1.440909 2.912587e-15
1.443121 2.996581e-15
1.445333 2.970578e-15
1.447544 3.081019e-15
1.449756 2.988922e-15
1.451967 3.005385e-15
1.454179 2.938636e-15
1.45639 3.019435e-15
1.458602 2.988428e-15
1.460814 2.942832e-15
1.463025 2.97208e-15
1.465237 3.088236e-15
1.467448 3.064271e-15
1.46966 2.969698e-15
1.471871 2.947038e-15
1.474083 3.205944e-15
1.476295 3.186473e-15
1.478506 3.236828e-15
1.480718 3.056815e-15
1.482929 3.110383e-15
1.485141 3.064558e-15
1.487352 3.100696e-15
1.489564 3.157289e-15
1.491776 3.157219e-15
1.493987 3.160392e-15
1.496199 3.183575e-15
1.49841 3.102603e-15
1.500622 3.003277e-15
1.502833 3.05331e-15
1.505045 3.064112e-15
1.507257 3.090465e-15
1.509468 3.19395e-15
1.51168 3.1183e-15
1.513891 3.273002e-15
1.516103 3.04154e-15
1.518314 3.064264e-15
1.520526 3.032235e-15
1.522738 3.042971e-15
1.524949 3.210344e-15
1.527161 3.19336e-15
1.529372 3.128988e-15
1.531584 3.166206e-15
1.533795 3.195582e-15
1.536007 3.10658e-15
1.538219 3.107651e-15
1.54043 3.143232e-15
1.542642 3.166504e-15
1.544853 3.240765e-15
1.547065 3.19506e-15
1.549276 3.125677e-15
1.551488 3.097857e-15
1.5537 3.132942e-15
1.555911 3.166513e-15
1.558123 3.304748e-15
1.560334 3.351314e-15
1.562546 3.161355e-15
1.564757 3.211718e-15
1.566969 3.267815e-15
1.56918 3.302855e-15
1.571392 3.304394e-15
1.573604 3.356736e-15
1.575815 3.24466e-15
1.578027 3.175996e-15
1.580238 3.145866e-15
1.58245 3.238622e-15
1.584661 3.232522e-15
1.586873 3.243662e-15
1.589085 3.339857e-15
1.591296 3.191545e-15
1.593508 3.128245e-15
1.595719 3.08235e-15
1.597931 3.133214e-15
1.600142 3.137273e-15
1.602354 3.217497e-15
1.604566 3.229134e-15
1.606777 3.172482e-15
1.608989 3.288135e-15
1.6112 3.409131e-15
1.613412 3.350864e-15
1.615623 3.277046e-15
1.617835 3.281042e-15
1.620047 3.230511e-15
1.622258 3.243062e-15
1.62447 3.190431e-15
1.626681 3.227678e-15
1.628893 3.240173e-15
1.631104 3.177872e-15
1.633316 3.21291e-15
1.635528 3.170899e-15
1.637739 3.491327e-15
1.639951 3.234304e-15
1.642162 3.130559e-15
1.644374 3.222289e-15
1.646585 3.216466e-15
1.648797 3.138642e-15
1.651009 3.180653e-15
1.65322 3.185924e-15
1.655432 3.14819e-15
1.657643 3.261073e-15
1.659855 3.183104e-15
1.662066 3.242698e-15
1.664278 3.211565e-15
1.666489 3.263824e-15
1.668701 3.196367e-15
1.670913 3.202891e-15
1.673124 3.172152e-15
1.675336 3.265967e-15
1.677547 3.244414e-15
1.679759 3.229778e-15
1.681971 3.306372e-15
1.684182 3.246958e-15
1.686394 3.171972e-15
1.688605 3.172244e-15
1.690817 3.221994e-15
1.693028 3.187455e-15
1.69524 3.226319e-15
1.697452 3.225768e-15
1.699663 3.203841e-15
1.701875 3.196136e-15
1.704086 3.256826e-15
1.706298 3.319463e-15
1.708509 3.321467e-15
1.710721 3.33404e-15
1.712932 3.435084e-15
1.715144 3.380656e-15
1.717356 3.384953e-15
1.719567 3.403972e-15
1.721779 3.396241e-15
1.72399 3.400498e-15
1.726202 3.344618e-15
1.728413 3.358695e-15
1.730625 3.394199e-15
1.732837 3.483521e-15
1.735048 3.505701e-15
1.73726 3.477354e-15
1.739471 3.445762e-15
1.741683 3.179542e-15
1.743895 3.283774e-15
1.746106 3.273724e-15
1.748318 3.254071e-15
1.750529 3.027343e-15
1.752741 3.127537e-15
1.754952 3.214116e-15
1.757164 3.172217e-15
1.759375 3.111389e-15
1.761587 3.315741e-15
1.763799 3.038048e-15
1.76601 3.121656e-15
1.768222 3.016818e-15
1.770433 2.862828e-15
1.772645 2.890472e-15
1.774856 3.028415e-15
1.777068 3.086706e-15
1.779279 3.070812e-15
1.781491 3.067755e-15
1.783703 3.2258e-15
1.785914 3.29144e-15
1.788126 3.290893e-15
1.790338 3.342968e-15
1.792549 3.176051e-15
1.794761 3.360339e-15
1.796972 3.334831e-15
1.799184 2.969306e-15
1.801395 3.193776e-15
1.803607 3.050697e-15
1.805818 3.196752e-15
1.80803 3.265882e-15
1.810241 3.144749e-15
1.812453 3.044054e-15
1.814665 3.182678e-15
1.816876 3.478819e-15
1.819088 3.485316e-15
1.825 3.351005e-15
1.83 3.349014e-15
1.835 3.347028e-15
1.84 3.345049e-15
1.845 3.343077e-15
1.85 3.341112e-15
1.855 3.339153e-15
1.86 3.3372e-15
1.865 3.335253e-15
1.87 3.333313e-15
1.875 3.33138e-15
1.88 3.329452e-15
1.885 3.327531e-15
1.89 3.325616e-15
1.895 3.323707e-15
1.9 3.321804e-15
1.905 3.319907e-15
1.91 3.318017e-15
1.915 3.316132e-15
1.92082 2.200858e-15
1.923032 3.631252e-15
1.925243 3.912815e-15
1.927455 4.235703e-15
1.929666 4.678379e-15
1.931878 5.28093e-15
1.934089 6.067458e-15
1.936301 6.832118e-15
1.938513 7.30182e-15
1.940724 6.564955e-15
1.942936 6.157544e-15
1.945147 6.147259e-15
1.947359 4.999226e-15
1.94957 4.387135e-15
1.951782 4.076539e-15
1.953994 3.823232e-15
1.956205 3.619336e-15
1.958417 3.449546e-15
1.960628 3.240829e-15
1.96284 3.237425e-15
1.965051 3.301182e-15
1.967263 2.824602e-15
1.969475 2.314887e-15
1.971686 1.654153e-15
1.973898 3.212332e-15
1.976109 3.198396e-15
1.978321 3.199908e-15
1.980532 3.228497e-15
1.982744 3.250968e-15
1.984955 3.287808e-15
1.987167 3.247209e-15
1.989379 3.133918e-15
1.99159 3.272827e-15
1.993802 3.288897e-15
1.996013 3.176913e-15
1.998225 3.140756e-15
2.000437 3.142652e-15
2.002648 3.033132e-15
2.00486 2.936446e-15
2.007071 3.257273e-15
2.009283 3.367168e-15
2.011494 3.330633e-15
2.013706 3.335244e-15
2.015917 3.262854e-15
2.018129 3.381336e-15
2.020341 3.265023e-15
2.022552 3.325789e-15
2.024764 3.379074e-15
2.026975 3.49596e-15
2.029187 3.663455e-15
2.031398 3.310034e-15
2.03361 3.179123e-15
2.035821 3.133697e-15
2.038033 3.084995e-15
2.040245 3.098382e-15
2.042456 3.141553e-15
2.044668 3.155475e-15
2.046879 3.157174e-15
2.049091 3.057241e-15
2.051303 3.065239e-15
2.053514 3.04241e-15
2.055726 3.244924e-15
2.057937 3.079483e-15
2.060149 3.129762e-15
2.06236 3.093474e-15
2.064572 3.073848e-15
2.066784 3.062963e-15
2.068995 3.071272e-15
2.071207 3.024183e-15
2.073418 3.100007e-15
2.07563 3.204889e-15
2.077841 3.106637e-15
2.080053 3.13586e-15
2.082264 3.173424e-15
2.084476 3.399219e-15
2.086688 3.16451e-15
2.088899 3.145609e-15
2.091111 3.152211e-15
2.093322 3.167275e-15
2.095534 3.153041e-15
2.097746 3.177233e-15
2.099957 3.201325e-15
2.102169 3.210956e-15
2.10438 3.136552e-15
2.106592 3.179118e-15
2.108803 3.175042e-15
2.111015 3.192016e-15
2.113227 3.196385e-15
2.115438 3.202659e-15
2.11765 3.282274e-15
2.119861 3.226972e-15
2.122073 3.268797e-15
2.124284 3.248308e-15
2.126496 3.253838e-15
2.128707 3.260851e-15
2.130919 3.241067e-15
2.133131 3.256717e-15
2.135342 3.247404e-15
2.137554 2.547487e-15
2.139765 1.446486e-15
2.141977 2.983495e-15
2.144188 3.088039e-15
2.1464 3.208611e-15
2.148612 3.214917e-15
2.150823 3.052815e-15
2.153035 3.261142e-15
2.155246 3.273622e-15
2.157458 3.253205e-15
2.15967 3.306372e-15
2.161881 3.325742e-15
2.164093 3.229981e-15
2.166304 3.34425e-15
2.168516 3.357083e-15
2.170727 3.448405e-15
2.172939 3.318712e-15
2.17515 3.175306e-15
2.177362 3.208959e-15
2.179574 3.185154e-15
2.181785 3.16881e-15
2.183997 3.200941e-15
2.186208 3.196206e-15
2.18842 3.188533e-15
2.190631 3.210398e-15
2.192843 3.186865e-15
2.195054 3.19918e-15
2.197266 3.210742e-15
2.199478 3.202303e-15
2.201689 3.240072e-15
2.203901 3.218362e-15
2.206113 3.242095e-15
2.208324 3.261343e-15
2.210536 3.251882e-15
2.212747 3.208165e-15
2.214959 3.26218e-15
2.21717 3.238227e-15
2.219382 3.30836e-15
2.221593 3.253785e-15
2.223805 3.280254e-15
2.226017 3.294978e-15
2.228228 3.377746e-15
2.23044 3.422781e-15
2.232651 3.49099e-15
2.234863 3.54206e-15
2.237074 3.569149e-15
2.239286 3.603568e-15
2.241497 3.555506e-15
2.243709 3.465982e-15
2.245921 3.408561e-15
2.248132 3.336918e-15
2.250344 3.34056e-15
2.252555 3.346781e-15
2.254767 3.375128e-15
2.256979 3.31244e-15
2.25919 3.326409e-15
2.261402 3.294122e-15
2.263613 3.244607e-15
2.265825 3.233516e-15
2.268036 3.209869e-15
2.270248 3.269789e-15
2.272459 3.230537e-15
2.274671 3.21334e-15
2.276883 3.072492e-15
2.279094 3.23904e-15
2.281306 3.283872e-15
2.283517 3.240825e-15
2.285729 3.240458e-15
2.28794 3.22537e-15
2.290152 3.272861e-15
2.292364 3.283287e-15
2.294575 3.331358e-15
2.296787 3.422058e-15
2.298998 3.174616e-15
2.30121 3.169783e-15
2.303421 3.204292e-15
2.305633 3.210655e-15
2.307845 3.16288e-15
2.310056 3.284495e-15
2.312268 3.209302e-15
2.314479 3.128548e-15
2.316691 3.134457e-15
2.318902 3.005898e-15
2.321114 3.163076e-15
2.323326 3.224576e-15
2.325537 3.205444e-15
2.327749 3.232807e-15
2.32996 3.238899e-15
2.332172 3.199576e-15
2.334383 3.150299e-15
2.336595 3.130967e-15
2.338807 3.184472e-15
2.341018 3.311422e-15
2.34323 3.182976e-15
2.345441 3.177248e-15
2.347653 3.240252e-15
2.349864 3.174985e-15
2.352076 3.194976e-15
2.354288 3.217423e-15
2.356499 3.208288e-15
2.358711 3.153055e-15
2.360922 3.183733e-15
2.363134 3.190541e-15
2.365345 3.180941e-15
2.367557 3.149865e-15
2.369769 3.148821e-15
2.37198 3.127552e-15
2.374192 3.093743e-15
2.376403 3.114604e-15
2.378615 3.224965e-15
2.380826 3.194975e-15
2.383038 3.107423e-15
2.38525 3.113064e-15
2.387461 2.775573e-15
2.389673 3.177062e-15
2.391884 3.277409e-15
2.394096 3.177771e-15
2.396307 3.124796e-15
2.398519 3.28236e-15
2.43 3.061329e-15
2.45 3.033991e-15
2.47 3.00954e-15
2.49 2.98785e-15
2.51 2.968803e-15
2.53 2.952294e-15
2.55 2.938225e-15
2.57 2.926509e-15
2.60382 2.948904e-15
2.61322 2.919785e-15
2.62263 2.926254e-15
2.63205 2.801887e-15
2.64147 2.844088e-15
2.65089 2.834712e-15
2.66032 2.914188e-15
2.66975 2.955587e-15
2.67919 2.973777e-15
2.68863 2.906843e-15
2.69808 2.896989e-15
2.70753 2.927931e-15
2.71699 2.83533e-15
2.72645 2.848089e-15
2.73591 2.788402e-15
2.74538 2.773973e-15
2.75486 2.782187e-15
2.76434 2.75782e-15
2.77382 2.652786e-15
2.7833 2.695755e-15
2.7928 2.686717e-15
2.80229 2.641495e-15
2.81179 2.690099e-15
2.82129 2.704059e-15
2.8308 2.713738e-15
2.84031 2.650696e-15
2.84982 2.751996e-15
2.85934 2.682785e-15
2.86886 2.759948e-15
2.87838 2.673182e-15
2.88791 2.702073e-15
2.89744 2.675783e-15
2.90698 2.629898e-15
2.91652 2.619247e-15
2.92606 2.632306e-15
2.9356 2.613491e-15
2.94515 2.669648e-15
2.95471 2.667677e-15
2.96426 2.689763e-15
2.97382 2.657561e-15
2.98338 2.630426e-15
2.99294 2.55974e-15
3.00251 2.572622e-15
3.01208 2.561975e-15
3.02166 2.51845e-15
3.03123 2.505978e-15
3.04081 2.586217e-15
3.05039 2.444786e-15
3.05998 2.496452e-15
3.06957 2.500682e-15
3.07916 2.513213e-15
3.08875 2.480826e-15
3.09834 2.511604e-15
3.10794 2.501129e-15
3.11754 2.543105e-15
3.12715 2.544377e-15
3.13675 2.488607e-15
3.14636 2.470927e-15
3.15597 2.517797e-15
3.16558 2.503088e-15
3.1752 2.453889e-15
3.18482 2.44553e-15
3.19444 2.427195e-15
3.20406 2.401248e-15
3.21368 2.365204e-15
3.22331 2.356491e-15
3.23294 2.398093e-15
3.24257 2.396878e-15
3.2522 2.416974e-15
3.26184 2.427951e-15
3.27147 2.43039e-15
3.28111 2.413977e-15
3.29075 2.432422e-15
3.3004 2.406828e-15
3.31004 2.357936e-15
3.31969 2.323725e-15
3.32934 2.41542e-15
3.33899 2.4048e-15
3.34864 2.382421e-15
3.35829 2.376854e-15
3.36795 2.408608e-15
3.37761 2.391754e-15
3.38727 2.426079e-15
3.39693 2.37695e-15
3.40659 2.334643e-15
3.41625 2.282812e-15
3.42592 2.345604e-15
3.43559 2.33308e-15
3.44525 2.299936e-15
3.45492 2.239993e-15
3.4646 2.270775e-15
3.47427 2.313475e-15
3.48394 2.316458e-15
3.49362 2.301898e-15
3.5033 2.291135e-15
3.51297 2.224706e-15
3.52265 2.213617e-15
3.53234 2.231386e-15
3.54202 2.253919e-15
3.5517 2.257254e-15
3.56139 2.210139e-15
3.57107 2.216319e-15
3.58076 2.193626e-15
3.59045 2.195845e-15
3.60014 2.216869e-15
3.60983 2.198439e-15
3.61952 2.2043e-15
3.62922 2.208292e-15
3.63891 2.183469e-15
3.64861 2.189912e-15
3.6583 2.214378e-15
3.668 2.228549e-15
3.6777 2.222299e-15
3.6874 2.145205e-15
3.6971 2.184006e-15
3.7068 2.145468e-15
3.7165 2.154926e-15
3.7262 2.099796e-15
3.73591 2.124252e-15
3.74561 2.152723e-15
3.75532 2.178431e-15
3.76503 2.103089e-15
3.77473 2.084191e-15
3.78444 2.044741e-15
3.79415 2.060042e-15
3.80386 2.003986e-15
3.81357 2.058087e-15
3.82328 2.10099e-15
3.833 2.09861e-15
3.84271 2.056317e-15
3.85242 2.051417e-15
3.86214 2.030915e-15
3.87185 2.050124e-15
3.88157 2.022064e-15
3.89128 2.01748e-15
3.901 1.981403e-15
3.91072 1.959667e-15
3.92044 1.925319e-15
3.93016 1.898998e-15
3.93987 1.885055e-15
3.94959 1.913151e-15
3.95931 1.93174e-15
3.96904 1.940629e-15
3.97876 1.905223e-15
3.98848 1.91176e-15
3.9982 1.864178e-15
4.00792 1.868284e-15
4.01765 1.854487e-15
4.02737 1.865388e-15
4.0371 1.872603e-15
4.04682 1.879565e-15
4.05655 1.867491e-15
4.06627 1.888511e-15
4.076 1.843892e-15
4.08572 1.851516e-15
4.09545 1.803595e-15
4.10518 1.849718e-15
4.1149 1.836999e-15
4.12463 1.836758e-15
4.13436 1.832398e-15
4.14409 1.844768e-15
4.15382 1.888474e-15
4.16355 1.909571e-15
4.17327 1.900348e-15
4.183 1.898196e-15
4.19273 1.842411e-15
4.20246 1.815596e-15
4.21219 1.760144e-15
4.22192 1.782632e-15
4.23165 1.773057e-15
4.24138 1.798925e-15
4.25111 1.753501e-15
4.26085 1.764992e-15
4.27058 1.763424e-15
4.28031 1.773152e-15
4.29004 1.764598e-15
4.29977 1.771354e-15
4.3095 1.745137e-15
4.31923 1.734157e-15
4.32897 1.751061e-15
4.3387 1.761212e-15
4.34843 1.75016e-15
4.35816 1.776026e-15
4.36789 1.779604e-15
4.37762 1.771942e-15
4.38736 1.735983e-15
4.39709 1.705932e-15
4.40682 1.682345e-15
4.41655 1.681277e-15
4.42628 1.669942e-15
4.43601 1.691557e-15
4.44575 1.632209e-15
4.45548 1.670424e-15
4.46521 1.658326e-15
4.47494 1.650753e-15
4.48467 1.634655e-15
4.4944 1.635128e-15
4.50413 1.61348e-15
4.51387 1.614651e-15
4.5236 1.550675e-15
4.53333 1.53576e-15
4.54306 1.560981e-15
4.55279 1.575848e-15
4.56252 1.563449e-15
4.57225 1.57024e-15
4.58198 1.556799e-15
4.5917 1.559955e-15
4.60143 1.592716e-15
4.61116 1.567287e-15
4.62089 1.555263e-15
4.63062 1.529868e-15
4.64035 1.529143e-15
4.65007 1.53447e-15
4.6598 1.550219e-15
4.66953 1.562748e-15
4.67925 1.570573e-15
4.68898 1.555192e-15
4.69871 1.540764e-15
4.70843 1.536344e-15
4.71816 1.479002e-15
4.72788 1.48327e-15
4.7376 1.423803e-15
4.74733 1.437092e-15
4.75705 1.454406e-15
4.76677 1.510956e-15
4.77649 1.492679e-15
4.78622 1.50337e-15
4.79594 1.504412e-15
4.80566 1.526292e-15
4.81538 1.49568e-15
4.82509 1.46642e-15
4.83481 1.409415e-15
4.84453 1.432033e-15
4.85425 1.427552e-15
4.86396 1.417074e-15
4.87368 1.432827e-15
4.8834 1.428912e-15
4.89311 1.373931e-15
5.0 1.377929e-15
5.1 1.340241e-15
5.2 1.305092e-15
5.3 1.272263e-15
5.4 1.241561e-15
5.5 1.21281e-15
5.6 1.185856e-15
5.7 1.160556e-15
5.8 1.136784e-15
5.9 1.114426e-15
6.00354 1.073501e-15
6.03378 1.072296e-15
6.06402 1.073361e-15
6.09426 1.069754e-15
6.12451 1.071938e-15
6.15475 1.052608e-15
6.18499 1.050377e-15
6.21523 1.051527e-15
6.24547 1.042087e-15
6.27572 1.03538e-15
6.30596 1.028004e-15
6.3362 1.037784e-15
6.36644 1.035159e-15
6.39668 1.029671e-15
6.42693 1.024506e-15
6.45717 1.02195e-15
6.48741 1.019546e-15
6.51765 9.914134e-16
6.54789 9.863863e-16
6.57814 9.661096e-16
6.60838 9.767378e-16
6.63862 9.785031e-16
6.66886 9.638064e-16
6.6991 9.379535e-16
6.72935 9.447818e-16
6.75959 9.340216e-16
6.78983 9.269672e-16
6.82007 9.255858e-16
6.85031 9.073585e-16
6.88056 9.192661e-16
6.9108 9.084036e-16
6.94104 9.032781e-16
6.97128 8.970428e-16
7.00152 8.798759e-16
7.03177 8.724507e-16
7.06201 8.59385e-16
7.09225 8.734974e-16
7.12249 8.796845e-16
7.15273 8.822634e-16
7.18298 8.933372e-16
7.21322 9.071745e-16
7.24346 8.73384e-16
7.2737 8.61402e-16
7.30394 8.567405e-16
7.33419 8.518903e-16
7.36443 8.432135e-16
7.39467 8.302324e-16
7.42491 8.447938e-16
7.45515 8.426426e-16
7.4854 8.330172e-16
7.51564 8.276822e-16
7.57612 8.250154e-16
7.6366 8.11162e-16
7.69709 8.289991e-16
7.75757 8.331988e-16
7.81805 8.549915e-16
7.87854 9.465428e-16
7.93902 9.321159e-16
7.99951 8.100822e-16
8.05999 7.982135e-16
8.12047 7.880876e-16
8.180959 7.721128e-16
8.24144 7.519361e-16
8.30192 7.3723e-16
8.362409 7.287704e-16
8.42289 7.335994e-16
8.48337 6.790007e-16
8.54386 7.113209e-16
8.60434 7.078273e-16
8.66483 6.987859e-16
8.72531 6.936129e-16
8.785791 6.935795e-16
8.84628 6.945416e-16
8.90676 6.742898e-16
8.967241 6.716193e-16
9.02773 6.70109e-16
9.08821 6.597625e-16
9.14869 6.537019e-16
9.20918 6.554375e-16
9.26966 6.918664e-16
9.33015 6.824978e-16
9.39063 6.608606e-16
9.45111 6.508659e-16
9.511599 6.541785e-16
9.57208 6.693555e-16
9.63256 6.716737e-16
9.69305 6.745381e-16
9.75353 6.767557e-16
9.814009 6.950392e-16
9.8745 7.019866e-16
9.93498 7.071172e-16
9.99547 7.100284e-16
10.05595 7.108204e-16
10.11643 7.146312e-16
10.17692 7.219368e-16
10.2374 7.228041e-16
10.29788 7.251315e-16
10.35837 7.315812e-16
10.41885 7.344765e-16
10.47933 7.379116e-16
10.53982 7.411003e-16
10.6003 7.37619e-16
10.660791 7.309253e-16
10.72127 7.307604e-16
10.78175 7.737985e-16
10.842241 9.093079e-16
10.90272 8.820736e-16
10.9632 7.453097e-16
11.02369 7.292599e-16
11.08417 7.245045e-16
11.144651 7.116206e-16
11.20514 7.110402e-16
11.26562 7.023184e-16
11.32611 7.041545e-16
11.38659 7.035512e-16
11.44707 7.038792e-16
11.50756 7.179792e-16
11.56804 7.345003e-16
11.62852 7.297588e-16
11.689009 7.200469e-16
11.74949 7.073934e-16
11.80997 6.794708e-16
11.870459 6.69477e-16
11.93094 6.674431e-16
11.99143 6.49839e-16
12.05191 6.521035e-16
12.11239 6.451666e-16
12.17288 6.369448e-16
12.23336 6.340109e-16
12.293841 6.322447e-16
12.35433 6.280558e-16
12.41481 6.157515e-16
12.475291 6.117785e-16
12.53578 6.082704e-16
12.59626 6.01871e-16
12.65675 6.012459e-16
12.71723 5.94556e-16
12.77771 5.910498e-16
12.8382 5.87251e-16
12.89868 5.822596e-16
12.95916 5.777708e-16
13.019651 5.7479e-16
13.08013 5.686081e-16
13.140609 5.729378e-16
13.2011 5.947297e-16
13.26158 6.117011e-16
13.322059 5.54918e-16
13.38255 5.41918e-16
13.44303 5.372313e-16
13.50352 5.399091e-16
13.564 5.40256e-16
13.62448 5.311824e-16
13.68497 5.247607e-16
13.74545 5.304649e-16
13.80593 5.29909e-16
13.86642 5.27441e-16
13.9269 5.318627e-16
13.98738 5.314976e-16
14.06935 5.356814e-16
14.15403 5.305716e-16
14.238711 5.362853e-16
14.323381 5.348213e-16
14.408059 5.411663e-16
14.492739 5.474662e-16
14.577409 5.46575e-16
14.662091 5.704733e-16
14.74677 6.168177e-16
14.83145 7.051514e-16
14.91612 5.614988e-16
15.0008 5.369787e-16
15.08548 5.348137e-16
15.17015 5.397614e-16
15.25483 5.434191e-16
15.339509 5.292486e-16
15.42418 5.31237e-16
15.508859 5.291888e-16
15.593541 5.279153e-16
15.678211 5.291859e-16
15.762891 5.395249e-16
15.84757 5.42495e-16
15.932239 5.657567e-16
16.01692 6.706068e-16
16.1016 7.951472e-16
16.18628 5.943691e-16
16.27095 5.553663e-16
16.355631 5.398635e-16
16.440309 5.414384e-16
16.524981 5.412071e-16
16.609659 5.46131e-16
16.694339 5.47568e-16
16.779011 5.516786e-16
16.863689 5.49948e-16
16.94837 5.434775e-16
17.033039 5.485802e-16
17.11772 5.493024e-16
17.2024 5.483243e-16
17.287069 5.581269e-16
17.37175 5.487414e-16
17.45643 5.501702e-16
17.541109 5.579689e-16
17.62578 5.57242e-16
17.710461 5.500736e-16
17.795139 5.412579e-16
17.879811 5.437939e-16
17.964491 5.393896e-16
18.04917 5.408044e-16
18.133841 5.313533e-16
18.218519 5.255563e-16
18.3032 5.283346e-16
18.38787 5.28134e-16
18.47255 5.253966e-16
18.55723 5.192906e-16
18.641898 5.112978e-16
18.72658 5.100838e-16
18.811261 5.095669e-16
18.895941 5.103385e-16
18.980609 4.960593e-16
19.065291 4.937472e-16
19.149969 5.013613e-16
19.234641 5.16863e-16
19.31932 5.706928e-16
19.404 5.338558e-16
19.48867 4.981066e-16
19.573352 4.869807e-16
19.65803 4.820075e-16
19.7427 4.853502e-16
19.82738 4.717195e-16
19.912059 4.777118e-16
19.996731 4.718326e-16
20.081409 4.761262e-16
20.166091 4.602852e-16
20.25077 4.66069e-16
20.335439 4.513261e-16
20.42012 4.587459e-16
20.504802 4.410689e-16
20.58947 4.466357e-16
20.75883 4.461306e-16
20.928181 4.382284e-16
21.09753 4.322549e-16
21.266889 4.325186e-16
21.436239 4.185377e-16
21.6056 4.141688e-16
21.77495 4.096643e-16
21.9443 4.069312e-16
22.113661 4.076215e-16
22.283011 4.017434e-16
22.452359 3.899398e-16
22.621719 3.882329e-16
22.79107 3.84462e-16
22.96043 3.799247e-16
23.12978 3.810586e-16
23.29913 3.768037e-16
23.468491 3.723989e-16
23.637841 3.652496e-16
23.807191 3.571345e-16
23.976548 3.514797e-16
24.1459 3.4527e-16
24.315259 3.473056e-16
24.484609 3.454242e-16
24.653959 3.396803e-16
24.82332 3.390563e-16
24.99267 3.745319e-16
25.16202 4.162894e-16
25.331381 3.420423e-16
25.500731 3.158731e-16
25.670089 3.156901e-16
25.839439 3.118102e-16
26.008789 3.178613e-16
26.17815 3.07703e-16
26.3475 2.991546e-16
26.51685 3.616919e-16
26.686209 5.549139e-16
26.855559 4.75303e-16
27.024919 3.152755e-16
27.194269 2.851846e-16
27.363622 2.853109e-16
27.532981 2.79078e-16
27.702328 2.719171e-16
27.871678 2.686528e-16
28.041041 2.704872e-16
28.210391 2.708502e-16
28.37975 2.643601e-16
28.5491 2.638224e-16
28.71845 2.634761e-16
28.887809 2.61922e-16
29.057159 2.614533e-16
29.226509 2.604245e-16
29.395869 2.558446e-16
29.565219 2.542352e-16
29.734578 2.524637e-16
29.903931 2.539518e-16
30.073281 2.498167e-16
30.242641 2.467841e-16
30.411991 2.463568e-16
30.581341 2.440506e-16
30.7507 2.469577e-16
30.92005 2.431701e-16
31.089409 2.385259e-16
31.258759 2.34111e-16
31.428109 2.359844e-16
31.597469 2.402822e-16
31.766822 2.332117e-16
31.936172 2.297401e-16
32.105531 2.264153e-16
32.274878 2.278163e-16
32.444241 2.267865e-16
32.613591 2.25571e-16
32.782941 2.239173e-16
32.9523 2.240911e-16
33.12165 2.247943e-16
33.291 2.296824e-16
33.460363 2.269139e-16
33.629713 2.218212e-16
33.799069 2.232296e-16
33.968419 2.371333e-16
34.137772 2.20512e-16
34.307128 2.286182e-16
34.476478 2.563585e-16
34.645828 2.615617e-16
34.815191 2.352061e-16
34.984538 2.211528e-16
35.1539 2.126311e-16
35.32325 2.057947e-16
35.4926 2.15912e-16
35.661959 2.132211e-16
35.831309 2.289971e-16
36.000659 2.464698e-16
36.170022 2.078303e-16
36.339372 1.983327e-16
36.508731 1.886478e-16
36.678081 1.900483e-16
36.847431 1.919451e-16
37.016787 2.014959e-16
37.186138 2.153568e-16
37.355491 1.926025e-16
39.0 1.920739e-16
40.0 1.865298e-16
41.0 1.811793e-16
42.0 1.760156e-16
43.0 1.710321e-16
44.0 1.66222e-16
45.0 1.615789e-16
46.0 1.570965e-16
47.0 1.527687e-16
48.0 1.485896e-16
49.0 1.445533e-16
50.0 1.406545e-16
51.0 1.368877e-16
52.0 1.332479e-16
53.0 1.297301e-16
54.0 1.263295e-16
55.0 1.230416e-16
56.0 1.198621e-16
57.0 1.167867e-16
58.0 1.138114e-16
59.0 1.109324e-16
60.0 1.08146e-16
61.0 1.054486e-16
62.0 1.028368e-16
63.0 1.003075e-16
64.0 9.785739e-17
65.0 9.548364000000001e-17
66.0 9.318334000000001e-17
67.0 9.095376e-17
68.0 8.87923e-17
69.0 8.669643000000001e-17
70.0 8.466376e-17
71.0 8.269199e-17
72.0 8.077891e-17
73.0 7.892240000000001e-17
74.0 7.712044e-17
75.0 7.537109e-17
76.0 7.367247000000001e-17
77.0 7.202281000000001e-17
78.0 7.042040000000001e-17
79.0 6.886358000000001e-17
80.014231 6.471797e-17
80.814375 6.390094e-17
81.622512 6.307342000000001e-17
82.438738 6.22363e-17
83.263125 6.139050000000001e-17
84.095756 6.053692e-17
84.936712 5.967643e-17
85.786081 5.880989000000001e-17
86.643938 5.793814e-17
87.510381 5.706200000000001e-17
88.385481 5.618226000000001e-17
89.269338 5.529971e-17
90.162031 5.4415100000000006e-17
91.06365 5.3529180000000004e-17
91.974288 5.264265000000001e-17
92.894025 5.1756210000000006e-17
93.822969 5.0870520000000006e-17
94.7612 4.9986240000000005e-17
95.708813 4.9103980000000004e-17
96.6659 4.822436e-17
97.632563 4.7347930000000004e-17
98.608888 4.6475270000000006e-17
99.594975 4.560689e-17
100.590919 4.474331e-17
101.596831 4.3885000000000003e-17
102.6128 4.3032440000000004e-17
103.638931 4.2186070000000006e-17
104.675319 4.1346290000000005e-17
105.722075 4.051351e-17
106.779288 3.96881e-17
107.847088 3.8870400000000005e-17
108.92555 3.806075e-17
110.014813 3.7259470000000003e-17
111.11495 3.646683e-17
112.2261 3.568312e-17
113.348363 3.4908580000000006e-17
114.48185 3.414344e-17
115.626663 3.3387910000000005e-17
116.782938 3.264221e-17
117.950763 3.190649e-17
119.130263 3.118092e-17
120.321562 3.046564e-17
121.524788 2.9760780000000003e-17
122.740037 2.906645e-17
123.967425 2.8382770000000005e-17
125.207113 2.7709800000000003e-17
126.459188 2.7047610000000002e-17
127.723775 2.639627e-17
129.001013 2.5755820000000002e-17
130.291025 2.5126280000000002e-17
131.593925 2.450768e-17
132.909875 2.3900010000000002e-17
134.238975 2.33033e-17
135.581363 2.271751e-17
136.937175 2.214262e-17
138.30655 2.1578600000000003e-17
139.689625 2.1025400000000002e-17
141.086525 2.0482990000000003e-17
142.497388 1.995131e-17
143.92235 1.9430270000000003e-17
145.361588 1.8919820000000003e-17
146.8152 1.841987e-17
148.283363 1.7930340000000003e-17
149.7662 1.7451130000000002e-17
151.263875 1.6982150000000002e-17
152.776512 1.6523300000000002e-17
154.304275 1.6074460000000003e-17
155.847313 1.563553e-17
157.405788 1.5206400000000003e-17
158.979838 1.478694e-17
160.569625 1.4377020000000002e-17
162.175338 1.397653e-17
163.797088 1.358532e-17
165.43505 1.3203290000000001e-17
167.0894 1.283028e-17
168.760288 1.2466160000000002e-17
170.447888 1.21108e-17
172.152375 1.1764060000000001e-17
173.8739 1.1425790000000002e-17
175.612625 1.109586e-17
177.36875 1.0774120000000001e-17
179.14245 1.0460430000000001e-17
180.933875 1.015465e-17
182.743212 9.856628e-18
184.570638 9.566233e-18
186.41635 9.283315000000001e-18
188.280513 9.007729e-18
190.163313 8.739337e-18
192.064938 8.477991e-18
193.985588 8.223555e-18
195.92545 7.975882e-18
197.8847 7.734838e-18
199.863538 7.500282e-18
201.862175 7.272074e-18
203.8808 7.050079e-18
205.919612 6.834162e-18
207.978813 6.624188e-18
210.0586 6.420024e-18
212.159175 6.221541e-18
214.280775 6.028606e-18
216.4236 5.841093e-18
218.587825 5.658876e-18
220.7737 5.48183e-18
222.98145 5.309831e-18
225.21125 5.14276e-18
227.463375 4.9804940000000004e-18
229.738 4.822919e-18
232.0354 4.669919e-18
234.35575 4.521379e-18
236.699325 4.377188e-18
239.066325 4.237236e-18
241.456975 4.101416e-18
243.87155 3.96962e-18
246.31025 3.841745e-18
248.773375 3.71769e-18
251.2611 3.597354e-18
253.773725 3.480639e-18
256.311475 3.3674490000000002e-18
258.874575 3.257689e-18
261.46335 3.151268e-18
264.077975 3.048095e-18
266.718725 2.948081e-18
269.385925 2.8511410000000002e-18
272.079775 2.7571890000000002e-18
274.800575 2.666142e-18
277.5486 2.577919e-18
280.324075 2.492443e-18
283.127325 2.4096340000000002e-18
285.9586 2.329417e-18
288.8182 2.25172e-18
291.706375 2.17647e-18
294.62345 2.103596e-18
297.5697 2.03303e-18
300.5454 1.964706e-18
303.55085 1.898556e-18
306.58635 1.834519e-18
309.6522 1.772533e-18
312.74875 1.712535e-18
315.87625 1.654468e-18
319.035 1.598274e-18
322.22535 1.543897e-18
325.447625 1.491283e-18
328.7021 1.4403790000000001e-18
331.9891 1.391132e-18
335.309025 1.343493e-18
338.6621 1.297412e-18
342.0487 1.252843e-18
345.4692 1.209738e-18
348.923875 1.168053e-18
352.4131 1.127743e-18
355.937225 1.088767e-18
359.4966 1.051082e-18
363.09155 1.014648e-18
366.722475 9.794272e-19
370.3897 9.453802e-19
374.0936 9.124703999999999e-19
377.83455 8.80662e-19
381.6129 8.499200999999999e-19
385.429 8.202109999999999e-19
389.2833 7.915016999999999e-19
393.176125 7.637602e-19
397.107875 7.369555999999999e-19
1500.0 1.5940839999999998e-19
1537.5 1.5298109999999999e-19
1575.9 1.4682079999999998e-19
1615.3 1.4091579999999999e-19
1655.7 1.3525499999999998e-19
1697.1 1.2982789999999998e-19
1739.5 1.2462419999999999e-19
1783.0 1.196343e-19
1827.6 1.14849e-19
1873.3 1.1025939999999998e-19
1920.1 1.0585729999999999e-19
1968.1 1.016347e-19
2017.3 9.758377999999999e-20
2067.8 9.369737e-20
2119.5 8.996841e-20
2172.4 8.639039e-20
2226.8 8.295689e-20
2282.4 7.966184999999999e-20
2339.5 7.649948e-20
2398.0 7.346416e-20
2457.9 7.055073e-20
2519.4 6.775405e-20
2582.4 6.50693e-20
2646.9 6.249186e-20
2713.1 6.001724e-20
2780.9 5.764131999999999e-20
2850.4 5.536e-20
2921.7 5.31694e-20
2994.7 5.106578e-20
3069.6 4.9045679999999996e-20
3146.4 4.710566e-20
3225.0 4.524245e-20
3305.6 4.345298e-20
3388.3 4.1734199999999997e-20
3473.0 4.0083339999999996e-20
3559.8 3.849763e-20
3648.8 3.697445e-20
3740.0 3.551127e-20
3833.5 3.410573e-20
3929.4 3.275552e-20
4027.6 3.145841e-20
4128.3 3.021229e-20
4231.5 2.9015119999999997e-20
4337.3 2.7865e-20
4445.7 2.6760029999999998e-20
4556.9 2.569842e-20
4670.8 2.4678479999999998e-20
4787.5 2.369852e-20
4907.2 2.275701e-20
5029.9 2.185241e-20
5155.7 2.098328e-20
5284.6 2.014821e-20
5416.7 1.934588e-20
5552.1 1.8575009999999998e-20
5690.9 1.7834349999999998e-20
5833.2 1.712273e-20
5979.0 1.6438989999999998e-20
6128.5 1.578207e-20
6281.7 1.515092e-20
6438.7 1.454452e-20
6599.7 1.396192e-20
6764.7 1.340217e-20
6933.8 1.2864409999999999e-20
7107.1 1.234776e-20
7284.8 1.1851419999999999e-20
7466.9 1.137458e-20
7653.6 1.091649e-20
7845.0 1.047642e-20
8041.1 1.0053679999999999e-20
8242.1 9.647593e-21
8448.2 9.257507e-21
8659.4 8.882797e-21
8875.8 8.52288e-21
9097.7 8.177174e-21
9325.2 7.845129999999999e-21
9558.3 7.52621e-21
9797.3 7.219918e-21
10042.0 6.925755e-21
10293.0 6.6432539999999996e-21
10551.0 6.3719599999999996e-21
10814.0 6.111435e-21
11085.0 5.861268e-21
11362.0 5.621053e-21
11646.0 5.390404e-21
11937.0 5.168948e-21
12235.0 4.956324e-21
12541.0 4.752196e-21
12855.0 4.55623e-21
13176.0 4.368106e-21
13506.0 4.187521e-21
13843.0 4.014176e-21
14189.0 3.847796e-21
14544.0 3.688105e-21
14908.0 3.534842e-21
15280.0 3.387755e-21
15662.0 3.246601e-21
16054.0 3.111152e-21
16455.0 2.9811809999999998e-21
16867.0 2.856475e-21
17288.0 2.736823e-21
17721.0 2.6220309999999998e-21
18164.0 2.511906e-21
18618.0 2.406265e-21
19083.0 2.30493e-21
19560.0 2.20773e-21
20049.0 2.1145039999999998e-21
20550.0 2.025094e-21
21064.0 1.939349e-21
21591.0 1.857122e-21
22131.0 1.778276e-21
22684.0 1.702675e-21
23251.0 1.63019e-21
23832.0 1.5606979999999999e-21
24428.0 1.494077e-21
25039.0 1.430214e-21
25665.0 1.368999e-21
26306.0 1.310326e-21
26964.0 1.254092e-21
27638.0 1.200199e-21
28329.0 1.148554e-21
29037.0 1.099066e-21
29763.0 1.051647e-21
30507.0 1.0062149999999999e-21
31270.0 9.626877000000001e-22
32052.0 9.209898e-22
32853.0 8.810461e-22
33674.0 8.427855e-22
34516.0 8.061393000000001e-22
35379.0 7.7104210000000005e-22
36264.0 7.374303e-22
37170.0 7.052434e-22
38099.0 6.74423e-22
39052.0 6.449126e-22
40028.0 6.166589e-22
41029.0 5.896101e-22
42055.0 5.637164e-22
43106.0 5.389302e-22
44184.0 5.152055e-22
45288.0 4.924987000000001e-22
46420.0 4.707673e-22
47581.0 4.499708e-22
48770.0 4.300703e-22
49990.0 4.110285e-22
51239.0 3.928096e-22
52520.0 3.75379e-22
53833.0 3.587038e-22
55179.0 3.427521e-22
56559.0 3.2749380000000003e-22
57973.0 3.128996e-22
59422.0 2.9894130000000003e-22
60908.0 2.855923e-22
62430.0 2.728265e-22
63991.0 2.606195e-22
65591.0 2.489475e-22
67231.0 2.377876e-22
68911.0 2.271181e-22
70634.0 2.16918e-22
72400.0 2.0716740000000001e-22
74210.0 1.978469e-22
76065.0 1.8893810000000001e-22
77967.0 1.804233e-22
79916.0 1.722857e-22
81914.0 1.645089e-22
83962.0 1.570773e-22
86061.0 1.499761e-22
88212.0 1.431909e-22
90418.0 1.3670810000000001e-22
92678.0 1.305145e-22
94995.0 1.2459760000000002e-22
97370.0 1.189452e-22
99804.0 1.135458e-22
102300.0 1.0838850000000002e-22
104860.0 1.034625e-22
107480.0 9.875784000000001e-23
110170.0 9.426467000000001e-23
112920.0 8.997376000000001e-23
115740.0 8.587620000000001e-23
118640.0 8.196345000000001e-23
121600.0 7.822736000000001e-23
124640.0 7.466010000000001e-23
127760.0 7.125422e-23
130950.0 6.800256000000001e-23
134230.0 6.489828e-23
137580.0 6.193481000000001e-23
141020.0 5.910587000000001e-23
144550.0 5.64055e-23
148160.0 5.382794e-23
151860.0 5.1367700000000004e-23
155660.0 4.9019540000000006e-23
159550.0 4.677841e-23
163540.0 4.463954e-23
167630.0 4.2598330000000004e-23
171820.0 4.065037e-23
176120.0 3.8791450000000005e-23
180520.0 3.7017610000000003e-23
185030.0 3.5324960000000005e-23
189660.0 3.370985e-23
194400.0 3.2168760000000005e-23
199260.0 3.069834e-23
204240.0 2.9295400000000004e-23
209350.0 2.795686e-23
214580.0 2.667981e-23
219940.0 2.5461440000000002e-23
225440.0 2.4299080000000002e-23
231080.0 2.319018e-23
236860.0 2.2132290000000003e-23
242780.0 2.1123110000000002e-23
248850.0 2.0160370000000002e-23
255070.0 1.924199e-23
261440.0 1.836591e-23
267980.0 1.753021e-23
274680.0 1.673301e-23
281550.0 1.5972570000000003e-23
288590.0 1.524719e-23
295800.0 1.455527e-23
303200.0 1.3895250000000002e-23
310780.0 1.326568e-23
318540.0 1.2665140000000001e-23
326510.0 1.2092300000000001e-23
334670.0 1.1545890000000001e-23
343040.0 1.102468e-23
351610.0 1.052751e-23
360400.0 1.005326e-23
369410.0 9.600890999999999e-24
378650.0 9.169372999999999e-24
388120.0 8.757747e-24
397820.0 8.365086e-24
407760.0 7.99052e-24
417960.0 7.633208e-24
428410.0 7.292347999999999e-24
439120.0 6.967178e-24
450100.0 6.656967e-24
461350.0 6.361027e-24
472880.0 6.078693e-24
484700.0 5.809331e-24
496820.0 5.552342e-24
509240.0 5.307147e-24
521970.0 5.073203e-24
535020.0 4.849984e-24
548400.0 4.6369939999999996e-24
562110.0 4.433754e-24
576160.0 4.239815e-24
590560.0 4.054743e-24
605330.0 3.878127e-24
620460.0 3.709573e-24
635970.0 3.548705e-24
651870.0 3.395169e-24
668170.0 3.248624e-24
684870.0 3.108744e-24
701990.0 2.975219e-24
719540.0 2.847755e-24
737530.0 2.726071e-24
755970.0 2.6099e-24
774870.0 2.498984e-24
794240.0 2.39308e-24
814100.0 2.291956e-24
834450.0 2.195391e-24
855310.0 2.103175e-24
876700.0 2.015104e-24
898610.0 1.930987e-24
921080.0 1.8506429999999998e-24
944100.0 1.773897e-24
967710.0 1.700582e-24
991900.0 1.630541e-24
1016700.0 1.5636209999999999e-24
1042100.0 1.49968e-24
1068200.0 1.438581e-24
1094900.0 1.380192e-24
1122200.0 1.32439e-24
1150300.0 1.271054e-24
1179100.0 1.220073e-24
1208500.0 1.171338e-24
1238700.0 1.124747e-24
1269700.0 1.080201e-24
1301500.0 1.037606e-24
1334000.0 9.968752e-25
1367300.0 9.579222e-25
1401500.0 9.20666e-25
1436600.0 8.850289e-25
1472500.0 8.509389e-25
1509300.0 8.183249e-25
1547000.0 7.871201e-25
1585700.0 7.572607e-25
1625300.0 7.286853e-25
1666000.0 7.013375e-25
1707600.0 6.7516100000000005e-25
1750300.0 6.501033e-25
1794100.0 6.261142e-25
1838900.0 6.031451e-25
1884900.0 5.811516e-25
1932000.0 5.600896e-25
1980300.0 5.399174e-25
2029800.0 5.205948000000001e-25
2080600.0 5.020854e-25
2132600.0 4.843525e-25
2185900.0 4.673616e-25
2240600.0 4.510801e-25
2296600.0 4.354761e-25
2354000.0 4.205208e-25
2412800.0 4.061854e-25
2473200.0 3.924425e-25
2535000.0 3.7926600000000003e-25
2598400.0 3.66632e-25
2663300.0 3.5451650000000003e-25
2729900.0 3.428969e-25
2798100.0 3.3175200000000003e-25
2868100.0 3.210606e-25
2939800.0 3.108043e-25
3013300.0 3.0096390000000003e-25
3088600.0 2.915215e-25
3165800.0 2.824601e-25
3245000.0 2.7376380000000003e-25
3326100.0 2.6541670000000002e-25
3409300.0 2.5740460000000003e-25
3494500.0 2.4971290000000003e-25
3581900.0 2.423285e-25
3671400.0 2.3523840000000003e-25
3763200.0 2.284301e-25
3857300.0 2.2189240000000003e-25
3953700.0 2.156137e-25
4052500.0 2.095837e-25
4153900.0 2.0379170000000002e-25
4257700.0 1.982286e-25
4364200.0 1.928847e-25
4473300.0 1.877511e-25
4585100.0 1.8281970000000001e-25
4699700.0 1.78082e-25
4817200.0 1.7353060000000002e-25
4937600.0 1.6915810000000001e-25
