4.354e-05 1.500318e-11
4.769e-05 9.755138e-12
5.905e-05 9.278759e-12
7.22e-05 6.699565e-12
8.354e-05 6.555495e-12
9.249e-05 4.907755e-12
0.00010221 4.125374e-12
0.00011145 3.575774e-12
0.00011957 3.927967e-12
0.00012798 2.775991e-12
0.000137 3.02081e-12
0.00014674 2.404403e-12
0.00015711 2.189875e-12
0.00016724 2.250767e-12
0.0001778 1.904007e-12
0.00018857 1.86465e-12
0.00020018 1.798865e-12
0.00021402 1.264185e-12
0.00022901 1.334803e-12
0.00024329 1.512977e-12
0.00025975 1.122727e-12
0.00027827 1.056001e-12
0.00030005 9.253681e-13
0.00033266 6.789126e-13
0.00037481 7.235325e-13
0.00050714 4.301085e-13
0.00070383 2.750993e-13
0.00088051 2.397899e-13
0.0010766 1.701007e-13
0.0013614 1.283228e-13
0.0018925 8.908593e-14
0.0031935 4.608008e-14
0.09 1.880899e-15
0.092 1.93002e-15
0.094 1.979326e-15
0.096 2.028814e-15
0.098 2.07848e-15
0.1 2.128322e-15
0.102 2.178337e-15
0.104 2.228522e-15
0.106 2.278874e-15
0.108 2.329391e-15
0.110932 2.901831e-15
0.111433 2.595549e-15
0.111933 1.960385e-15
0.112434 2.11334e-15
0.112934 2.228758e-15
0.113435 1.862195e-15
0.113935 2.000512e-15
0.114435 1.81511e-15
0.114936 2.063587e-15
0.115436 2.17553e-15
0.115937 2.18581e-15
0.116437 2.198259e-15
0.116937 2.385165e-15
0.117438 2.47665e-15
0.117938 2.511177e-15
0.118439 2.609801e-15
0.118939 2.37541e-15
0.119439 2.443763e-15
0.11994 2.553205e-15
0.12044 2.774343e-15
0.122942 8.313368e-15
0.123443 1.15255e-14
0.123943 1.466887e-14
0.124443 2.704876e-14
0.124944 4.063463e-14
0.125444 1.89133e-14
0.125945 1.172973e-14
0.126445 1.191147e-14
0.126945 1.128641e-14
0.127446 1.133432e-14
0.127946 8.011884e-15
0.128447 6.114037e-15
0.128947 5.069773e-15
0.129447 4.405455e-15
0.129948 5.959269e-15
0.130448 7.693655e-15
0.130949 4.662597e-15
0.131449 3.06071e-15
0.13195 2.954905e-15
0.13245 3.011776e-15
0.13295 2.863485e-15
0.133451 2.514668e-15
0.133951 3.145165e-15
0.134452 2.990843e-15
0.134952 2.974309e-15
0.135452 2.890405e-15
0.135953 2.873065e-15
0.136453 2.818683e-15
0.136954 2.922591e-15
0.137454 2.714006e-15
0.137954 2.624049e-15
0.138455 2.640151e-15
0.138955 2.586611e-15
0.139456 2.381103e-15
0.139956 2.622718e-15
0.140456 2.758535e-15
0.140957 3.001073e-15
0.141457 3.097692e-15
0.141958 3.35576e-15
0.142458 3.664194e-15
0.142958 4.344512e-15
0.143459 4.571345e-15
0.143959 4.941785e-15
0.14446 4.315248e-15
0.14496 3.529359e-15
0.14546 3.253383e-15
0.145961 2.970256e-15
0.146461 2.782601e-15
0.146962 2.58818e-15
0.147462 2.572232e-15
0.147962 2.491242e-15
0.148463 2.350547e-15
0.148963 2.18749e-15
0.149464 2.106741e-15
0.149964 2.173686e-15
0.150465 2.23462e-15
0.150965 2.228808e-15
0.151465 2.409298e-15
0.151966 2.736893e-15
0.152466 3.148847e-15
0.152967 3.129389e-15
0.153467 2.863017e-15
0.153967 2.876282e-15
0.154468 3.204336e-15
0.154968 3.295524e-15
0.155469 4.707861e-15
0.155969 6.08698e-15
0.156469 7.679023e-15
0.15697 9.042051e-15
0.15747 1.039707e-14
0.157971 1.1781e-14
0.158471 1.514408e-14
0.158971 2.392815e-14
0.159472 1.818761e-14
0.159972 1.195799e-14
0.160473 9.769017e-15
0.160973 8.477284e-15
0.161473 8.070672e-15
0.161974 7.098017e-15
0.162474 6.50585e-15
0.162975 6.179345e-15
0.163475 5.523883e-15
0.163975 5.006116e-15
0.164476 4.411893e-15
0.164976 3.669305e-15
0.165477 3.05923e-15
0.165977 2.511506e-15
0.166478 2.567414e-15
0.166978 2.131533e-15
0.167478 2.605476e-15
0.167979 3.012692e-15
0.168479 3.882486e-15
0.16898 2.814968e-15
0.16948 2.767748e-15
0.16998 2.776053e-15
0.170481 3.01809e-15
0.170981 3.246194e-15
0.171482 2.821171e-15
0.171982 2.453658e-15
0.172482 2.400161e-15
0.172983 2.155057e-15
0.173483 2.086636e-15
0.173984 2.068389e-15
0.174484 2.062564e-15
0.174984 1.981691e-15
0.175485 1.937727e-15
0.175985 1.927457e-15
0.176486 1.961751e-15
0.176986 2.000306e-15
0.177486 2.084974e-15
0.177987 2.081591e-15
0.178487 2.021987e-15
0.178988 2.356128e-15
0.179488 2.544038e-15
0.179988 2.538271e-15
0.180489 2.338119e-15
0.180989 2.008053e-15
0.18149 2.06868e-15
0.18199 2.09499e-15
0.18249 2.007162e-15
0.182991 2.133645e-15
0.183491 2.041247e-15
0.183992 2.164771e-15
0.184492 2.060693e-15
0.184992 2.217376e-15
0.185493 2.280151e-15
0.185993 2.168968e-15
0.186494 2.239261e-15
0.186994 2.069407e-15
0.187495 2.178072e-15
0.187995 1.95833e-15
0.188495 2.258048e-15
0.188996 2.09446e-15
0.189496 2.209379e-15
0.189997 2.218684e-15
0.190497 2.208089e-15
0.190997 2.389458e-15
0.191498 2.638217e-15
0.191998 2.822927e-15
0.192499 2.974774e-15
0.192999 3.255767e-15
0.193499 3.923847e-15
0.194 4.201351e-15
0.1945 4.603896e-15
0.195001 4.29222e-15
0.195501 5.708318e-15
0.196001 6.357215e-15
0.196502 4.945737e-15
0.197002 3.396752e-15
0.197503 2.783598e-15
0.198003 2.790214e-15
0.198503 2.83488e-15
0.199004 2.183935e-15
0.199504 2.227241e-15
0.200005 1.724217e-15
0.200505 2.112313e-15
0.201005 2.002145e-15
0.201506 1.574004e-15
0.202006 1.946231e-15
0.202507 1.71583e-15
0.203007 1.43956e-15
0.203507 1.525408e-15
0.204008 1.721228e-15
0.204508 1.409536e-15
0.205009 1.853205e-15
0.205509 2.024506e-15
0.20601 2.51331e-15
0.20651 2.074727e-15
0.20701 1.892952e-15
0.207511 2.407622e-15
0.21 1.801121e-15
0.212 1.772684e-15
0.214 1.744957e-15
0.216 1.717916e-15
0.218 1.691537e-15
0.22 1.665798e-15
0.222 1.640679e-15
0.224 1.616159e-15
0.226 1.592218e-15
0.228 1.568839e-15
0.23 1.546002e-15
0.232 1.523691e-15
0.234 1.50189e-15
0.236 1.480582e-15
0.238 1.459752e-15
0.240177 1.097229e-15
0.24071 1.247632e-15
0.241244 1.266954e-15
0.241777 1.370722e-15
0.242309 5.719546e-16
0.242843 1.205312e-15
0.243376 1.216207e-15
0.243909 2.101969e-15
0.244442 1.425659e-15
0.244975 1.68075e-15
0.245508 2.599849e-15
0.246042 1.623127e-15
0.246575 1.616157e-15
0.247108 1.292769e-15
0.247641 1.129415e-15
0.248174 9.596297e-16
0.248707 1.649234e-15
0.249241 1.041496e-15
0.249773 8.696275e-16
0.250306 1.020858e-15
0.25084 2.164988e-15
0.251373 1.40593e-15
0.251906 1.160621e-15
0.25244 1.213335e-15
0.252973 1.32625e-15
0.253505 1.356061e-15
0.254039 1.87144e-15
0.254572 1.403579e-15
0.255105 1.73385e-15
0.255639 1.717927e-15
0.256171 1.523379e-15
0.256704 1.743681e-15
0.257238 1.329558e-15
0.257771 1.62026e-15
0.258304 1.200113e-15
0.258837 1.15685e-15
0.259371 1.468461e-15
0.259904 7.676626e-16
0.260436 1.109664e-15
0.26097 1.792215e-15
0.261503 1.563195e-15
0.262036 1.257564e-15
0.262569 1.006566e-15
0.263102 1.049704e-15
0.263635 7.713212e-16
0.264169 1.315752e-15
0.264702 1.743333e-15
0.265235 1.750394e-15
0.265768 9.401228e-16
0.266301 1.406872e-15
0.266834 9.537565e-16
0.267368 1.604692e-15
0.2679 1.465575e-15
0.268433 8.786809e-16
0.268967 1.301013e-15
0.2695 1.160997e-15
0.270033 1.12109e-15
0.270567 9.470462e-16
0.2711 1.224127e-15
0.271632 1.550988e-15
0.272166 1.737089e-15
0.272699 7.566185e-16
0.273232 1.126694e-15
0.273765 8.742929e-16
0.274298 1.145676e-15
0.274831 8.934319e-16
0.275365 1.639424e-15
0.275898 1.419961e-15
0.276431 1.878282e-15
0.276877 1.147331e-15
0.277388 1.040969e-15
0.277898 1.128113e-15
0.278409 1.24907e-15
0.27892 1.074819e-15
0.279431 1.140877e-15
0.279942 1.385407e-15
0.280453 1.155136e-15
0.280964 1.690829e-15
0.281475 1.854519e-15
0.281985 1.932636e-15
0.282496 2.294603e-15
0.283007 2.348652e-15
0.283518 2.836943e-15
0.284029 3.142137e-15
0.28454 3.52306e-15
0.285051 3.37466e-15
0.285561 3.958475e-15
0.286072 4.220308e-15
0.286583 4.917143e-15
0.287094 5.880967e-15
0.287605 5.292736e-15
0.288116 4.582729e-15
0.288627 4.070936e-15
0.289138 3.766557e-15
0.289648 3.839486e-15
0.290159 3.751629e-15
0.29067 4.053725e-15
0.291181 3.918449e-15
0.291692 3.45626e-15
0.292203 3.13965e-15
0.292714 2.747297e-15
0.293225 2.429875e-15
0.293735 2.183185e-15
0.294246 2.029686e-15
0.294757 1.721384e-15
0.295268 1.441771e-15
0.295779 1.491027e-15
0.29629 1.603955e-15
0.296801 1.480949e-15
0.297312 1.555019e-15
0.297822 1.44544e-15
0.298333 1.250119e-15
0.298844 1.523299e-15
0.299355 1.360481e-15
0.299866 1.574982e-15
0.300377 1.659569e-15
0.300888 1.500349e-15
0.301399 1.741222e-15
0.301909 1.449502e-15
0.30242 1.306095e-15
0.302931 1.307495e-15
0.303442 1.408025e-15
0.303953 1.308819e-15
0.304464 1.082993e-15
0.304975 1.414482e-15
0.305486 1.469516e-15
0.305996 1.138876e-15
0.306507 1.126387e-15
0.307018 1.052222e-15
0.307529 1.19818e-15
0.30804 1.18161e-15
0.308551 1.112505e-15
0.309062 9.754558e-16
0.309573 1.060031e-15
0.310083 1.1388e-15
0.310594 8.273364e-16
0.311105 1.159144e-15
0.311616 1.430454e-15
0.312127 6.8533e-16
0.312638 1.059199e-15
0.313149 8.707605e-16
0.313659 1.435992e-15
0.31417 8.398559e-16
0.314681 1.097563e-15
0.315192 1.205656e-15
0.315703 1.140177e-15
0.316214 7.219702e-16
0.316725 1.417003e-15
0.317236 5.018659e-16
0.317746 1.604443e-15
0.32 1.112077e-15
0.322 1.110916e-15
0.324 1.112389e-15
0.326 1.116458e-15
0.328 1.123105e-15
0.33 1.132328e-15
0.332 1.144142e-15
0.334 1.158581e-15
0.336 1.175695e-15
0.338 1.195551e-15
0.34 1.218233e-15
0.342 1.243844e-15
0.344 1.272503e-15
0.34789 1.5447e-15
0.348478 1.917476e-15
0.349066 2.150367e-15
0.349654 1.619536e-15
0.350242 2.023791e-15
0.350831 1.399299e-15
0.351419 2.466887e-15
0.352007 2.255266e-15
0.352595 1.668591e-15
0.353183 1.577762e-15
0.353771 1.307483e-15
0.354359 1.143602e-15
0.354948 1.319852e-15
0.355536 1.331721e-15
0.356124 1.950518e-15
0.356712 1.256361e-15
0.3573 1.579251e-15
0.357888 1.512099e-15
0.358476 1.311054e-15
0.359064 1.23075e-15
0.359653 1.576994e-15
0.360241 1.301026e-15
0.360829 1.469383e-15
0.361417 1.361849e-15
0.362005 1.303507e-15
0.362593 1.599195e-15
0.363181 1.480933e-15
0.363769 9.887737e-16
0.364358 1.506417e-15
0.364946 1.073667e-15
0.365534 1.427164e-15
0.366122 1.142615e-15
0.36671 1.251775e-15
0.367298 1.214818e-15
0.367886 9.188186e-16
0.368474 1.288527e-15
0.369063 1.328709e-15
0.369651 1.590458e-15
0.370239 1.427584e-15
0.370827 1.475546e-15
0.371415 1.194832e-15
0.372003 1.517601e-15
0.372591 1.436975e-15
0.373179 1.719706e-15
0.373768 1.544922e-15
0.374356 1.442976e-15
0.374944 1.581426e-15
0.375532 1.87143e-15
0.37612 1.948338e-15
0.376708 1.696461e-15
0.377296 1.617434e-15
0.377885 1.614011e-15
0.378473 1.51821e-15
0.379061 1.639815e-15
0.379649 1.796495e-15
0.380237 1.608321e-15
0.380825 1.638574e-15
0.381413 1.736802e-15
0.382001 1.929886e-15
0.38259 3.395231e-15
0.383178 2.157837e-15
0.383766 1.338971e-15
0.384354 1.351602e-15
0.384942 1.405711e-15
0.38553 1.62092e-15
0.386118 1.657901e-15
0.386706 1.532434e-15
0.387295 1.715796e-15
0.387883 1.710167e-15
0.388471 1.690354e-15
0.389059 1.624003e-15
0.389647 1.533879e-15
0.390235 1.348809e-15
0.390823 1.607861e-15
0.391411 1.634523e-15
0.392 1.328994e-15
0.392588 1.111374e-15
0.393176 1.088602e-15
0.393764 1.011093e-15
0.394352 1.206243e-15
0.39494 1.527309e-15
0.395528 1.38066e-15
0.396117 1.300346e-15
0.396705 2.098971e-15
0.397293 2.356364e-15
0.397881 1.50764e-15
0.398469 1.422699e-15
0.399057 1.701691e-15
0.399645 1.847951e-15
0.400233 1.766156e-15
0.400822 1.63509e-15
0.40141 1.801052e-15
0.401998 1.846952e-15
0.402586 1.667751e-15
0.403174 1.166241e-15
0.403762 9.566787e-16
0.40435 1.161902e-15
0.404938 1.567745e-15
0.405527 1.887041e-15
0.406115 1.838324e-15
0.406703 1.492875e-15
0.407291 1.525101e-15
0.407879 1.442128e-15
0.408467 2.023598e-15
0.409055 2.115163e-15
0.409643 2.350931e-15
0.410232 2.338746e-15
0.41082 2.321038e-15
0.411408 2.310806e-15
0.411996 2.551712e-15
0.412584 2.57975e-15
0.413172 2.509119e-15
0.41376 2.275505e-15
0.414349 2.369856e-15
0.414937 2.45378e-15
0.415525 2.404917e-15
0.416113 2.386641e-15
0.416701 2.407615e-15
0.417289 2.475984e-15
0.417877 2.589638e-15
0.418465 2.412714e-15
0.419054 2.498639e-15
0.419642 2.759015e-15
0.42023 2.494754e-15
0.420818 2.436023e-15
0.421406 2.506623e-15
0.421994 2.480698e-15
0.422582 2.391797e-15
0.42317 2.523858e-15
0.423759 2.399507e-15
0.424347 2.319575e-15
0.424935 2.30225e-15
0.425523 2.140617e-15
0.426111 2.231936e-15
0.426699 2.258969e-15
0.427287 2.4101e-15
0.427875 2.311205e-15
0.428464 2.166521e-15
0.429052 2.165259e-15
0.42964 2.31242e-15
0.430228 2.372083e-15
0.430816 2.271194e-15
0.431404 2.361232e-15
0.431992 2.349304e-15
0.432581 2.485155e-15
0.433169 2.485145e-15
0.433757 2.149783e-15
0.434345 2.248342e-15
0.434933 2.409912e-15
0.435521 2.616002e-15
0.436109 2.566526e-15
0.436697 2.258368e-15
0.437286 2.480104e-15
0.437874 2.615711e-15
0.438462 2.195948e-15
0.43905 2.356574e-15
0.439638 2.50967e-15
0.440226 2.316575e-15
0.440814 2.224323e-15
0.441402 1.94449e-15
0.441991 1.837309e-15
0.442579 2.168636e-15
0.443167 2.828985e-15
0.443755 2.642964e-15
0.444343 2.618277e-15
0.444931 2.995789e-15
0.445519 2.887619e-15
0.446107 2.957524e-15
0.446696 2.878992e-15
0.447284 3.090999e-15
0.447872 3.371547e-15
0.44846 3.081116e-15
0.449048 2.661303e-15
0.449636 2.606132e-15
0.450224 2.463618e-15
0.450813 2.619452e-15
0.451401 2.886039e-15
0.451989 2.697288e-15
0.452577 2.806727e-15
0.453165 3.030943e-15
0.453753 3.028616e-15
0.454341 2.962735e-15
0.454929 2.94235e-15
0.455518 2.98014e-15
0.456106 3.180285e-15
0.456694 3.280309e-15
0.457282 2.928712e-15
0.45787 2.89134e-15
0.458458 3.017049e-15
0.459046 3.305003e-15
0.459634 3.370206e-15
0.460223 3.360756e-15
0.460811 3.37787e-15
0.461399 3.314165e-15
0.461987 3.459287e-15
0.462575 3.785056e-15
0.463163 3.577588e-15
0.463751 3.59656e-15
0.464339 3.433212e-15
0.464928 3.147132e-15
0.465516 3.188978e-15
0.466104 3.537875e-15
0.466692 3.414594e-15
0.46728 3.324495e-15
0.467868 3.674361e-15
0.468456 3.672736e-15
0.469044 3.708531e-15
0.469633 3.670858e-15
0.470221 3.630817e-15
0.470809 3.554864e-15
0.471397 3.565171e-15
0.471985 3.406846e-15
0.472573 3.587726e-15
0.473161 3.914958e-15
0.47375 3.807273e-15
0.474338 3.901134e-15
0.474926 3.957313e-15
0.475514 3.722187e-15
0.476102 3.593788e-15
0.47669 3.412408e-15
0.477278 3.41311e-15
0.477866 3.721137e-15
0.478455 3.731981e-15
0.479043 3.411578e-15
0.479631 3.399388e-15
0.480219 3.570613e-15
0.480807 3.636206e-15
0.481395 3.67166e-15
0.481983 3.58813e-15
0.482571 3.487307e-15
0.48316 3.497685e-15
0.483748 3.548502e-15
0.484336 3.760934e-15
0.484924 3.934911e-15
0.485512 3.663423e-15
0.4861 3.78534e-15
0.486688 3.912462e-15
0.487276 3.940432e-15
0.487865 3.855642e-15
0.488453 3.812023e-15
0.489041 3.689225e-15
0.489629 3.670907e-15
0.490217 3.926239e-15
0.490805 3.910754e-15
0.491393 3.83053e-15
0.491982 4.04813e-15
0.49257 4.154096e-15
0.493158 3.982674e-15
0.493746 4.012051e-15
0.494334 4.192119e-15
0.494922 4.200663e-15
0.49551 4.07144e-15
0.496098 4.153877e-15
0.496687 4.110345e-15
0.497275 4.102647e-15
0.497863 4.075375e-15
0.498451 4.097609e-15
0.499039 4.262846e-15
0.499627 3.857784e-15
0.500215 3.792783e-15
0.500803 4.076677e-15
0.501392 3.903671e-15
0.50198 3.8629e-15
0.502568 4.115445e-15
0.503156 4.172867e-15
0.503744 4.091323e-15
0.504332 3.989196e-15
0.50492 3.843454e-15
0.505508 3.822325e-15
0.506097 4.026175e-15
0.506685 3.970822e-15
0.507273 4.079693e-15
0.507861 4.276963e-15
0.508449 5.127415e-15
0.509037 6.304225e-15
0.509625 4.698366e-15
0.510214 3.96128e-15
0.510802 3.897805e-15
0.51139 3.637316e-15
0.511978 3.808038e-15
0.512566 4.112639e-15
0.513154 5.412239e-15
0.513742 1.07588e-14
0.51433 8.16745e-15
0.514919 3.882974e-15
0.515507 3.614838e-15
0.516095 3.647033e-15
0.516683 3.702362e-15
0.517271 3.481378e-15
0.517859 3.634183e-15
0.518447 3.645335e-15
0.519035 3.718249e-15
0.519624 3.831356e-15
0.520212 3.625584e-15
0.5208 3.621244e-15
0.521388 3.489398e-15
0.521976 3.448908e-15
0.522564 3.704046e-15
0.523152 3.553552e-15
0.52374 3.476795e-15
0.524329 3.432151e-15
0.524917 3.535258e-15
0.525505 3.58644e-15
0.526093 3.339347e-15
0.526681 3.409098e-15
0.527269 3.478574e-15
0.527857 3.395724e-15
0.528446 3.349143e-15
0.529034 3.381955e-15
0.529622 3.50269e-15
0.53021 3.005136e-15
0.530798 2.705864e-15
0.531386 3.039993e-15
0.531974 2.935325e-15
0.532562 3.075053e-15
0.533151 3.405039e-15
0.533739 3.636016e-15
0.534327 3.362895e-15
0.534915 3.305582e-15
0.535503 3.607999e-15
0.536091 3.548096e-15
0.536679 3.466583e-15
0.537267 3.703538e-15
0.537856 3.857096e-15
0.538444 3.845294e-15
0.539032 3.713904e-15
0.53962 3.828809e-15
0.540208 3.632024e-15
0.540796 3.265695e-15
0.541384 3.541129e-15
0.541972 3.819757e-15
0.542561 3.964542e-15
0.543149 4.138e-15
0.543737 3.932406e-15
0.544325 4.074644e-15
0.544913 4.275106e-15
0.545501 4.258092e-15
0.546089 4.008277e-15
0.546677 3.754247e-15
0.547266 3.842311e-15
0.547854 4.111021e-15
0.548442 3.962499e-15
0.54903 4.034208e-15
0.549618 4.216124e-15
0.550206 4.345435e-15
0.550794 4.084109e-15
0.551383 3.988801e-15
0.551971 4.13094e-15
0.552559 4.229248e-15
0.553147 4.059653e-15
0.553735 3.878523e-15
0.554323 3.852646e-15
0.554911 3.778418e-15
0.555499 3.95792e-15
0.556088 4.129848e-15
0.556676 4.122843e-15
0.557264 3.962865e-15
0.557852 3.965977e-15
0.55844 4.168997e-15
0.559028 4.16237e-15
0.559616 3.942094e-15
0.560204 4.068951e-15
0.560793 4.044094e-15
0.561381 4.058202e-15
0.561969 3.92146e-15
0.562557 3.889373e-15
0.563145 4.017471e-15
0.563733 4.068816e-15
0.564321 4.062704e-15
0.564909 4.015334e-15
0.565498 3.930216e-15
0.566086 4.031553e-15
0.566674 4.158476e-15
0.567262 4.174321e-15
0.56785 4.091224e-15
0.568438 4.140278e-15
0.569026 4.174503e-15
0.569615 4.276024e-15
0.570203 4.201241e-15
0.570791 4.160772e-15
0.571379 3.955543e-15
0.571967 4.065945e-15
0.572555 4.158085e-15
0.573143 3.960064e-15
0.573731 3.835763e-15
0.57432 3.938834e-15
0.574908 3.99619e-15
0.575496 4.156475e-15
0.576084 4.131996e-15
0.576672 4.025417e-15
0.57726 4.002161e-15
0.577848 4.058089e-15
0.578436 4.076522e-15
0.579025 4.065295e-15
0.579613 4.111834e-15
0.580201 4.163122e-15
0.580789 4.06289e-15
0.581377 4.07399e-15
0.581965 4.146111e-15
0.582553 4.226873e-15
0.583142 4.25144e-15
0.58373 4.085123e-15
0.584318 4.258267e-15
0.584906 4.213724e-15
0.585494 4.081737e-15
0.586082 4.015445e-15
0.58667 4.232188e-15
0.587258 4.45667e-15
0.587847 4.378395e-15
0.588435 4.299458e-15
0.589023 4.201719e-15
0.589611 4.32319e-15
0.590199 4.272308e-15
0.590787 4.377237e-15
0.591375 4.234022e-15
0.591963 4.278964e-15
0.592552 4.384322e-15
0.59314 4.150878e-15
0.593728 4.062942e-15
0.594316 4.124203e-15
0.594904 4.238301e-15
0.595492 4.403539e-15
0.59608 4.347889e-15
0.596668 4.326153e-15
0.597257 4.423854e-15
0.597845 4.402484e-15
0.598433 4.400661e-15
0.599021 4.43791e-15
0.599609 4.423955e-15
0.600197 4.390565e-15
0.600785 4.276649e-15
0.601373 4.152489e-15
0.601962 4.242205e-15
0.60255 4.311944e-15
0.603138 4.293776e-15
0.603726 4.046922e-15
0.604314 3.595542e-15
0.604902 3.293092e-15
0.60549 3.571596e-15
0.606079 3.986041e-15
0.606667 4.180525e-15
0.607255 4.202196e-15
0.607843 4.161076e-15
0.608431 4.231672e-15
0.609019 4.241778e-15
0.609607 4.209302e-15
0.610195 4.214958e-15
0.610784 4.139156e-15
0.611372 4.164552e-15
0.61196 4.209017e-15
0.612548 4.210709e-15
0.613136 4.275821e-15
0.613724 4.199668e-15
0.614312 4.184643e-15
0.6149 4.198751e-15
0.615489 4.225071e-15
0.616077 4.190483e-15
0.616665 4.079103e-15
0.617253 4.059839e-15
0.617841 4.034012e-15
0.618429 4.177886e-15
0.619017 4.30803e-15
0.619605 4.319955e-15
0.620194 4.350438e-15
0.620782 4.325975e-15
0.62137 4.292497e-15
0.621958 4.254426e-15
0.622546 4.257033e-15
0.623134 4.364985e-15
0.623722 4.346336e-15
0.62431 4.226262e-15
0.624899 4.251534e-15
0.625487 4.169445e-15
0.626075 4.174348e-15
0.626663 4.090179e-15
0.627251 4.126638e-15
0.627839 3.917954e-15
0.628427 3.985338e-15
0.629016 4.019806e-15
0.629604 3.963067e-15
0.630192 3.90264e-15
0.63078 4.062447e-15
0.631368 4.051807e-15
0.631956 3.893232e-15
0.632544 3.78542e-15
0.633132 3.762701e-15
0.633721 3.870081e-15
0.634309 3.930737e-15
0.634897 3.948542e-15
0.635485 3.864424e-15
0.636073 3.934757e-15
0.636661 4.06876e-15
0.637249 4.0485e-15
0.637838 3.859459e-15
0.638426 3.787729e-15
0.639014 3.738074e-15
0.639602 3.733549e-15
0.64019 3.762903e-15
0.640778 3.707943e-15
0.641366 3.743055e-15
0.641954 3.691202e-15
0.642542 3.706722e-15
0.643131 3.840522e-15
0.643719 3.897176e-15
0.644307 3.969629e-15
0.644895 3.959379e-15
0.645483 4.077241e-15
0.646071 4.136316e-15
0.646659 4.557956e-15
0.647248 4.332845e-15
0.647836 4.030685e-15
0.648424 3.883379e-15
0.649012 3.862941e-15
0.6496 4.029541e-15
0.650188 4.004145e-15
0.650776 3.884559e-15
0.651364 3.97963e-15
0.651953 4.002079e-15
0.652541 3.923298e-15
0.653129 3.98183e-15
0.653717 4.118152e-15
0.654305 4.145533e-15
0.654893 4.052529e-15
0.655481 4.059195e-15
0.656069 4.066668e-15
0.656658 3.996709e-15
0.657246 3.995623e-15
0.657834 4.094398e-15
0.658422 4.018653e-15
0.65901 3.942002e-15
0.659598 4.050821e-15
0.660186 4.120498e-15
0.660775 4.12026e-15
0.661363 4.167997e-15
0.661951 4.033829e-15
0.662539 4.139481e-15
0.663127 4.19749e-15
0.663715 4.268274e-15
0.664303 4.34587e-15
0.664891 4.427289e-15
0.665479 4.419083e-15
0.666068 4.435447e-15
0.666656 4.338379e-15
0.667244 4.491077e-15
0.667832 4.738147e-15
0.66842 4.903041e-15
0.669008 4.956682e-15
0.669596 5.004058e-15
0.670185 4.992326e-15
0.670773 5.094866e-15
0.671361 5.282892e-15
0.671949 5.869845e-15
0.672537 5.819577e-15
0.673125 5.834094e-15
0.673713 6.559767e-15
0.674301 5.503379e-15
0.67489 5.185611e-15
0.675478 6.831605e-15
0.676066 7.314494e-15
0.676654 5.182542e-15
0.677242 4.647473e-15
0.67783 4.562617e-15
0.678418 4.521253e-15
0.679006 4.537913e-15
0.679595 4.58996e-15
0.680183 4.532938e-15
0.680771 4.407528e-15
0.681359 4.385228e-15
0.681947 4.347011e-15
0.682535 4.265756e-15
0.683123 4.186324e-15
0.683712 4.166332e-15
0.6843 4.083862e-15
0.684888 4.119821e-15
0.685476 4.083879e-15
0.686064 4.064855e-15
0.686652 3.424326e-15
0.68724 3.003735e-15
0.687828 3.456396e-15
0.688417 3.710124e-15
0.689005 3.774188e-15
0.689593 4.129313e-15
0.690181 3.83771e-15
0.690769 4.280305e-15
0.691357 4.218083e-15
0.691945 3.846868e-15
0.692533 3.708444e-15
0.693122 3.781633e-15
0.69371 3.862946e-15
0.694298 3.965943e-15
0.694886 3.770622e-15
0.695474 3.973428e-15
0.696062 3.953254e-15
0.69665 3.827927e-15
0.697238 3.927648e-15
0.697827 3.97062e-15
0.698415 4.006187e-15
0.699003 3.944372e-15
0.699591 4.001473e-15
0.700179 4.026079e-15
0.700767 3.977665e-15
0.701355 4.038568e-15
0.701944 3.948994e-15
0.702532 3.890911e-15
0.70312 4.020915e-15
0.703708 4.010283e-15
0.704296 3.961001e-15
0.704884 4.051861e-15
0.705472 4.150621e-15
0.70606 4.062046e-15
0.706649 4.100383e-15
0.707237 4.143486e-15
0.707825 4.173035e-15
0.708413 4.166083e-15
0.709001 4.247558e-15
0.709589 4.153859e-15
0.710177 4.174742e-15
0.710765 4.109498e-15
0.711354 4.084431e-15
0.711942 4.121391e-15
0.71253 4.162325e-15
0.713118 4.207111e-15
0.713706 4.147468e-15
0.714294 4.192934e-15
0.714882 4.199134e-15
0.71547 4.185233e-15
0.716059 4.110805e-15
0.716647 4.094869e-15
0.717235 4.125175e-15
0.717823 4.10423e-15
0.718411 3.964735e-15
0.718999 3.981733e-15
0.719587 3.985596e-15
0.720175 3.968247e-15
0.720764 4.017404e-15
0.721352 4.141231e-15
0.72194 4.16964e-15
0.722528 4.274796e-15
0.723116 4.244418e-15
0.723704 4.139205e-15
0.724292 4.015018e-15
0.724881 3.976083e-15
0.725469 3.903554e-15
0.726057 3.97909e-15
0.726645 3.981475e-15
0.727233 3.85026e-15
0.727821 3.773218e-15
0.728409 3.833881e-15
0.728997 3.716982e-15
0.729586 3.766903e-15
0.730174 3.749658e-15
0.730762 3.803292e-15
0.73135 3.72951e-15
0.731938 3.890352e-15
0.732526 3.907184e-15
0.733114 3.865439e-15
0.733702 3.76875e-15
0.734291 3.86672e-15
0.734879 3.85434e-15
0.735467 3.829748e-15
0.736055 3.834586e-15
0.736643 3.848043e-15
0.737231 3.857762e-15
0.737819 3.741118e-15
0.738408 3.802618e-15
0.738996 3.872439e-15
0.739584 3.752069e-15
0.740116 3.662177e-15
0.740628 3.704178e-15
0.74114 3.726132e-15
0.741652 3.775324e-15
0.742164 3.806356e-15
0.742677 3.865115e-15
0.74319 3.857386e-15
0.743704 3.844744e-15
0.744218 3.822463e-15
0.744732 3.868695e-15
0.745247 3.81303e-15
0.745762 3.830729e-15
0.746277 3.851401e-15
0.746793 3.838516e-15
0.747309 3.826867e-15
0.747825 3.762232e-15
0.748342 3.770877e-15
0.748859 3.840289e-15
0.749376 3.900576e-15
0.749894 3.931101e-15
0.750412 3.957729e-15
0.750931 4.054648e-15
0.75145 4.188524e-15
0.751969 4.149575e-15
0.752489 4.195828e-15
0.753009 4.138412e-15
0.753529 4.079721e-15
0.75405 4.049339e-15
0.754571 3.97398e-15
0.755092 3.908094e-15
0.755614 3.900784e-15
0.756136 3.958028e-15
0.756659 4.073062e-15
0.757182 4.153328e-15
0.757705 4.156967e-15
0.758228 4.042759e-15
0.758752 4.03363e-15
0.759277 4.066796e-15
0.759801 3.908542e-15
0.760326 4.072918e-15
0.760852 4.00742e-15
0.761377 3.958467e-15
0.761904 4.012558e-15
0.76243 4.039279e-15
0.762957 4.102372e-15
0.763484 4.059404e-15
0.764012 3.986253e-15
0.76454 4.006074e-15
0.765068 4.113455e-15
0.765597 4.057419e-15
0.766126 3.990924e-15
0.766655 4.065511e-15
0.767185 4.109006e-15
0.767715 4.099469e-15
0.768246 4.108835e-15
0.768776 4.141737e-15
0.769308 4.068601e-15
0.769839 4.068534e-15
0.770371 4.140485e-15
0.770903 4.119155e-15
0.771436 4.157261e-15
0.771969 4.142861e-15
0.772503 4.117727e-15
0.773036 4.120358e-15
0.773571 4.170263e-15
0.774105 4.203654e-15
0.77464 4.184232e-15
0.775175 4.208939e-15
0.775711 4.10216e-15
0.776247 4.111387e-15
0.776783 4.17734e-15
0.77732 4.178505e-15
0.777857 4.15764e-15
0.778395 4.124752e-15
0.778933 4.031708e-15
0.779471 3.992565e-15
0.78001 3.95354e-15
0.780549 3.917274e-15
0.781088 3.98271e-15
0.781628 3.930954e-15
0.782168 3.934846e-15
0.782708 3.942095e-15
0.783249 4.000188e-15
0.783791 3.972177e-15
0.784332 3.904443e-15
0.784874 3.949123e-15
0.785417 3.886582e-15
0.785959 3.826761e-15
0.786502 3.726612e-15
0.787046 3.710394e-15
0.78759 3.754954e-15
0.788134 3.813197e-15
0.788679 3.843247e-15
0.789224 3.778396e-15
0.789769 3.789455e-15
0.790315 3.771605e-15
0.790861 3.778355e-15
0.791407 3.786912e-15
0.791954 3.72565e-15
0.792501 3.755585e-15
0.793049 3.771584e-15
0.793597 3.863637e-15
0.794145 3.893833e-15
0.794694 3.882784e-15
0.795243 3.828268e-15
0.795793 3.865627e-15
0.796343 3.848557e-15
0.796893 3.833349e-15
0.797444 3.870553e-15
0.797995 3.906012e-15
0.798546 3.812387e-15
0.799098 3.802665e-15
0.79965 3.839379e-15
0.800203 3.845573e-15
0.800756 3.823887e-15
0.801309 3.848387e-15
0.801863 3.861509e-15
0.802417 3.913022e-15
0.802971 3.931187e-15
0.803526 3.867326e-15
0.804081 3.784852e-15
0.804637 3.756565e-15
0.805193 3.826934e-15
0.805749 3.853019e-15
0.806306 3.829108e-15
0.806863 3.83524e-15
0.807421 3.878466e-15
0.807979 3.843104e-15
0.808537 3.799343e-15
0.809096 3.771065e-15
0.809655 3.877368e-15
0.810215 3.920879e-15
0.810774 3.744901e-15
0.811335 3.718137e-15
0.811895 3.690109e-15
0.812456 3.619443e-15
0.813018 3.618102e-15
0.813579 3.668467e-15
0.814142 3.655364e-15
0.814704 3.627765e-15
0.815267 3.550376e-15
0.815831 3.602353e-15
0.816394 3.643473e-15
0.816959 3.712433e-15
0.817523 3.796514e-15
0.818088 3.73027e-15
0.818653 3.817253e-15
0.819219 3.804379e-15
0.819785 3.84287e-15
0.820351 3.770985e-15
0.820919 3.738796e-15
0.821486 3.792052e-15
0.822053 3.808533e-15
0.822621 3.817052e-15
0.82319 3.747568e-15
0.823759 3.811016e-15
0.824328 3.803099e-15
0.824898 3.857799e-15
0.825467 3.843289e-15
0.826038 3.813723e-15
0.826609 3.767621e-15
0.82718 3.888628e-15
0.827752 3.863301e-15
0.828324 3.811524e-15
0.828896 3.758512e-15
0.829469 3.729082e-15
0.830042 3.788362e-15
0.830616 3.713543e-15
0.831189 3.729505e-15
0.831764 3.731363e-15
0.832339 3.746736e-15
0.832914 3.769745e-15
0.833489 3.837892e-15
0.834065 3.849956e-15
0.834642 3.867184e-15
0.835218 3.923309e-15
0.835796 3.858966e-15
0.836373 3.868173e-15
0.836951 3.88413e-15
0.837529 3.886803e-15
0.838108 3.906148e-15
0.838687 3.894049e-15
0.839267 3.929356e-15
0.839847 3.89717e-15
0.840427 3.726847e-15
0.841008 3.751039e-15
0.841589 3.732834e-15
0.84217 3.747034e-15
0.842753 3.745253e-15
0.843335 3.797133e-15
0.843917 3.80246e-15
0.844501 3.885708e-15
0.845084 3.935193e-15
0.845668 3.914498e-15
0.846253 3.907037e-15
0.846837 3.932301e-15
0.847423 3.836318e-15
0.848008 3.863734e-15
0.848594 3.923026e-15
0.84918 3.874138e-15
0.849767 3.823449e-15
0.850661 3.716513e-15
0.851358 3.694014e-15
0.852054 3.659461e-15
0.852751 3.706695e-15
0.853448 3.560455e-15
0.854144 3.636054e-15
0.854841 3.559868e-15
0.855537 3.482348e-15
0.856234 3.599271e-15
0.85693 3.531024e-15
0.857626 3.603601e-15
0.858323 3.685811e-15
0.859019 3.890052e-15
0.859715 3.750548e-15
0.860411 3.667159e-15
0.861107 3.651028e-15
0.861803 3.617833e-15
0.862499 3.819283e-15
0.863195 3.652484e-15
0.86389 3.595537e-15
0.864586 3.70953e-15
0.865282 3.578905e-15
0.865977 3.589673e-15
0.866673 3.598012e-15
0.867368 3.531374e-15
0.868064 3.620412e-15
0.868759 3.659832e-15
0.869454 3.483849e-15
0.87015 3.593092e-15
0.870845 3.616436e-15
0.87154 3.581427e-15
0.872235 3.384107e-15
0.87293 3.471627e-15
0.873625 3.474978e-15
0.87432 3.409316e-15
0.875015 3.58398e-15
0.87571 3.347102e-15
0.876405 3.167262e-15
0.8771 3.088395e-15
0.877794 3.365928e-15
0.878489 3.584016e-15
0.879184 3.59006e-15
0.879878 3.58045e-15
0.880573 3.578606e-15
0.881267 3.59917e-15
0.881962 3.559904e-15
0.882656 3.662082e-15
0.88335 3.75475e-15
0.884045 3.638321e-15
0.884739 3.698544e-15
0.885433 3.699815e-15
0.886127 3.651905e-15
0.886822 3.715853e-15
0.887516 3.739032e-15
0.88821 3.448115e-15
0.888904 3.343677e-15
0.889598 3.183119e-15
0.890292 3.385407e-15
0.890985 3.470803e-15
0.891679 3.521293e-15
0.892373 3.517906e-15
0.893067 3.485219e-15
0.89376 3.507908e-15
0.894454 3.528378e-15
0.895148 3.711719e-15
0.895841 3.658975e-15
0.896535 3.526939e-15
0.897228 3.709662e-15
0.897922 3.738499e-15
0.898615 3.735802e-15
0.899309 3.803378e-15
0.900002 3.800201e-15
0.900695 3.733005e-15
0.901389 3.711334e-15
0.902082 3.824306e-15
0.902775 3.885944e-15
0.903468 3.831436e-15
0.904161 3.660996e-15
0.904855 3.834448e-15
0.905548 3.89858e-15
0.906241 3.855631e-15
0.906934 3.893875e-15
0.907627 3.931657e-15
0.90832 3.917367e-15
0.909012 3.876786e-15
0.909705 3.763058e-15
0.910398 3.572789e-15
0.911091 3.708561e-15
0.911784 3.648119e-15
0.912477 3.727769e-15
0.913169 3.760384e-15
0.913862 3.777786e-15
0.914555 3.640772e-15
0.915247 3.53226e-15
0.91594 3.634278e-15
0.916633 3.587208e-15
0.917325 3.594734e-15
0.918018 3.637091e-15
0.91871 3.692231e-15
0.919403 3.733869e-15
0.920095 3.612513e-15
0.920788 3.749459e-15
0.92148 3.86182e-15
0.922172 3.838084e-15
0.922865 3.813503e-15
0.923557 3.823703e-15
0.924249 3.707959e-15
0.924942 3.683028e-15
0.925634 3.753734e-15
0.926326 3.675153e-15
0.927018 3.737786e-15
0.92771 3.883698e-15
0.928403 4.067293e-15
0.929095 3.825545e-15
0.929787 4.238794e-15
0.930479 4.64218e-15
0.931171 4.649842e-15
0.931863 4.297807e-15
0.932555 3.903418e-15
0.933247 3.863127e-15
0.933939 3.804758e-15
0.934631 3.731647e-15
0.935323 3.825164e-15
0.936015 3.828795e-15
0.936707 3.844138e-15
0.937399 3.895278e-15
0.938091 3.684295e-15
0.938783 3.80399e-15
0.939432 3.862109e-15
0.939984 3.675386e-15
0.940526 3.635276e-15
0.941067 3.662874e-15
0.941611 3.694787e-15
0.942153 3.809585e-15
0.942695 3.693244e-15
0.943237 3.740735e-15
0.943779 3.65882e-15
0.944321 3.633929e-15
0.944863 3.514591e-15
0.945404 3.546305e-15
0.945946 3.605195e-15
0.946488 3.51193e-15
0.94703 3.569725e-15
0.947572 3.612818e-15
0.948113 3.489854e-15
0.948655 3.54522e-15
0.949197 3.558934e-15
0.949739 3.418904e-15
0.950281 3.495947e-15
0.950823 3.524834e-15
0.951364 3.456081e-15
0.951906 3.476576e-15
0.952448 3.477601e-15
0.952989 3.500027e-15
0.953531 3.389576e-15
0.954073 3.430659e-15
0.954614 3.505894e-15
0.955156 3.420261e-15
0.955698 3.533146e-15
0.956239 3.648683e-15
0.956781 3.569503e-15
0.957322 3.515022e-15
0.957864 3.607111e-15
0.958405 3.548778e-15
0.958947 3.501374e-15
0.959488 3.547507e-15
0.960029 3.472483e-15
0.960571 3.378787e-15
0.961113 3.37787e-15
0.961654 3.327465e-15
0.962196 3.377448e-15
0.962737 3.426876e-15
0.963278 3.375536e-15
0.96382 3.237692e-15
0.964361 3.277415e-15
0.964902 3.259469e-15
0.965443 3.209612e-15
0.965984 3.196676e-15
0.966525 3.294286e-15
0.967067 3.338801e-15
0.967607 3.295012e-15
0.968148 3.292063e-15
0.96869 3.270628e-15
0.969231 3.205054e-15
0.969772 3.22363e-15
0.970313 3.218439e-15
0.970854 3.254772e-15
0.971395 3.405605e-15
0.971936 3.378541e-15
0.972477 3.340134e-15
0.973018 3.400571e-15
0.973559 3.389178e-15
0.9741 3.324577e-15
0.974641 3.447799e-15
0.975181 3.444184e-15
0.975722 3.472689e-15
0.976263 3.557631e-15
0.976804 3.693025e-15
0.977345 4.199884e-15
0.977886 4.986172e-15
0.978427 5.143302e-15
0.978967 4.575089e-15
0.979508 3.952608e-15
0.980048 3.633921e-15
0.980589 3.558309e-15
0.98113 3.459593e-15
0.981671 3.491305e-15
0.982211 3.436146e-15
0.982752 3.415581e-15
0.983292 3.428682e-15
0.983833 3.458036e-15
0.984373 3.487103e-15
0.984914 3.494215e-15
0.985455 3.511948e-15
0.985995 3.413747e-15
0.986536 3.413664e-15
0.987076 3.426379e-15
0.987617 3.484927e-15
0.988157 3.435115e-15
0.988697 3.475938e-15
0.989238 3.475267e-15
0.989778 3.33831e-15
0.990319 3.367159e-15
0.990859 3.41979e-15
0.991399 3.475087e-15
0.991939 3.378083e-15
0.99248 3.411406e-15
0.99302 3.31597e-15
0.99356 3.39722e-15
0.994101 3.39275e-15
0.994641 3.341295e-15
0.995181 3.390316e-15
0.995721 3.392553e-15
0.996261 3.399563e-15
0.996802 3.374216e-15
0.997342 3.402382e-15
0.997882 3.374571e-15
0.998422 3.346383e-15
0.998962 3.307083e-15
0.999502 3.261725e-15
1.000044 3.273107e-15
1.000585 3.332704e-15
1.001125 3.315285e-15
1.001665 3.357984e-15
1.002205 3.315861e-15
1.002745 3.348099e-15
1.003285 3.407566e-15
1.003825 3.333398e-15
1.004365 3.32906e-15
1.004905 3.356026e-15
1.005445 3.385073e-15
1.005985 3.345749e-15
1.006525 3.352908e-15
1.007065 3.366038e-15
1.007605 3.393179e-15
1.008145 3.428382e-15
1.008685 3.453661e-15
1.009225 3.411951e-15
1.009765 3.369298e-15
1.0103 3.533753e-15
1.010835 3.555871e-15
1.011375 3.569142e-15
1.011915 3.546552e-15
1.012455 3.593322e-15
1.012995 3.530556e-15
1.013535 3.551902e-15
1.014075 3.512279e-15
1.014615 3.507925e-15
1.015155 3.40434e-15
1.015695 3.54021e-15
1.016235 3.485816e-15
1.016775 3.511051e-15
1.017315 3.511661e-15
1.017855 3.465564e-15
1.018395 3.421809e-15
1.018935 3.382197e-15
1.019475 3.389393e-15
1.020015 3.505752e-15
1.020555 3.511337e-15
1.021095 3.384063e-15
1.021635 3.432191e-15
1.022175 3.422437e-15
1.022705 3.514881e-15
1.023245 3.458734e-15
1.023785 3.506901e-15
1.024325 3.479556e-15
1.024865 3.48963e-15
1.025405 3.499015e-15
1.025945 3.45495e-15
1.026485 3.477282e-15
1.027025 3.471517e-15
1.027565 3.553148e-15
1.028105 3.547251e-15
1.028645 3.482048e-15
1.029185 3.50583e-15
1.029725 3.425869e-15
1.030255 3.466364e-15
1.030795 3.450612e-15
1.031335 3.488215e-15
1.031875 3.465328e-15
1.032415 3.486879e-15
1.032955 3.383243e-15
1.033495 3.446144e-15
1.034035 3.401834e-15
1.034575 3.474491e-15
1.035115 3.504631e-15
1.035655 3.505658e-15
1.036185 3.523623e-15
1.036725 3.586036e-15
1.037265 3.548104e-15
1.037805 3.510139e-15
1.038345 3.577261e-15
1.038885 3.531596e-15
1.039425 3.572022e-15
1.039965 3.612172e-15
1.040505 3.459259e-15
1.04104 3.46442e-15
1.041575 3.405921e-15
1.042115 3.420161e-15
1.042655 3.379877e-15
1.043195 3.415656e-15
1.043735 3.415064e-15
1.044275 3.529578e-15
1.044815 3.411914e-15
1.045355 3.428905e-15
1.045885 3.437879e-15
1.046425 3.408597e-15
1.046965 3.41603e-15
1.047505 3.4377e-15
1.048045 3.48475e-15
1.048585 3.462336e-15
1.049125 3.455467e-15
1.049665 3.491964e-15
1.050195 3.399236e-15
1.050735 3.513178e-15
1.051275 3.466265e-15
1.051815 3.488395e-15
1.052355 3.453767e-15
1.052895 3.488999e-15
1.053435 3.504253e-15
1.05397 3.440719e-15
1.054505 3.430086e-15
1.055045 3.511678e-15
1.055585 3.509118e-15
1.056125 3.497311e-15
1.056665 3.527283e-15
1.057205 3.378212e-15
1.057735 3.497083e-15
1.058275 3.529902e-15
1.058815 3.600559e-15
1.059355 3.626202e-15
1.059895 3.619742e-15
1.060435 3.57271e-15
1.06097 3.551e-15
1.061505 3.453273e-15
1.062045 3.42513e-15
1.062585 3.411257e-15
1.063125 3.429929e-15
1.063665 3.456456e-15
1.064205 3.49046e-15
1.064735 3.46385e-15
1.065275 3.455329e-15
1.065815 3.435233e-15
1.066355 3.44199e-15
1.066895 3.582149e-15
1.06743 3.529463e-15
1.067965 3.59328e-15
1.068505 3.551309e-15
1.069045 3.488463e-15
1.069585 3.494933e-15
1.070125 3.383183e-15
1.07066 3.434772e-15
1.071195 3.495083e-15
1.071735 3.479941e-15
1.072275 3.462768e-15
1.072815 3.475874e-15
1.073355 3.463789e-15
1.073885 3.466053e-15
1.074425 3.409987e-15
1.074965 3.389528e-15
1.075505 3.371349e-15
1.076045 3.339236e-15
1.076575 3.327813e-15
1.077115 3.301025e-15
1.077655 3.342762e-15
1.078195 3.219066e-15
1.078735 3.250613e-15
1.07927 3.353513e-15
1.079805 3.424625e-15
1.080345 3.294412e-15
1.080885 3.336054e-15
1.081425 3.31365e-15
1.08196 3.302427e-15
1.082495 3.387865e-15
1.083035 3.36336e-15
1.083575 3.361851e-15
1.084115 3.264536e-15
1.08465 3.188444e-15
1.085185 3.156379e-15
1.085725 3.263217e-15
1.086265 3.191347e-15
1.086805 3.235998e-15
1.087335 3.224829e-15
1.087875 3.258011e-15
1.088415 3.20564e-15
1.088955 3.261604e-15
1.089495 3.26033e-15
1.090025 3.282799e-15
1.090565 3.373072e-15
1.091105 3.344552e-15
1.091645 3.397757e-15
1.09218 3.432963e-15
1.092715 3.358775e-15
1.093255 3.389497e-15
1.093795 3.469174e-15
1.094335 3.335633e-15
1.094865 3.471944e-15
1.095405 3.414023e-15
1.095945 3.474404e-15
1.096485 3.357912e-15
1.09702 3.418194e-15
1.097555 3.422726e-15
1.098095 3.43212e-15
1.098635 3.444255e-15
1.099175 3.511828e-15
1.099705 3.547442e-15
1.100245 3.530456e-15
1.100785 3.478313e-15
1.101325 3.507253e-15
1.101855 3.481077e-15
1.102395 3.566486e-15
1.102935 3.53716e-15
1.103475 3.585735e-15
1.10401 3.630121e-15
1.104545 3.568883e-15
1.105085 3.780458e-15
1.105625 3.588463e-15
1.10616 3.688882e-15
1.106695 3.69047e-15
1.107235 3.734728e-15
1.107775 3.773917e-15
1.10831 3.837919e-15
1.108845 3.828376e-15
1.109385 3.818709e-15
1.109925 3.918931e-15
1.11046 4.315947e-15
1.110995 4.848526e-15
1.111535 5.160964e-15
1.112075 5.055152e-15
1.11261 4.529946e-15
1.113145 4.16784e-15
1.113685 3.965591e-15
1.114225 3.892543e-15
1.11476 3.753007e-15
1.115295 3.756222e-15
1.115835 3.72294e-15
1.116375 3.713395e-15
1.11691 3.705344e-15
1.117445 3.666314e-15
1.117985 3.757103e-15
1.118525 3.7136e-15
1.119055 3.811333e-15
1.119595 3.965423e-15
1.120135 3.627426e-15
1.120675 3.6807e-15
1.121205 3.632693e-15
1.121745 3.791876e-15
1.122285 3.91804e-15
1.122825 3.764503e-15
1.123355 3.600022e-15
1.123895 3.545106e-15
1.124435 3.508058e-15
1.12497 3.296528e-15
1.125505 3.417465e-15
1.126045 3.377069e-15
1.126585 3.232353e-15
1.127115 3.184919e-15
1.127655 3.330792e-15
1.128267 3.446057e-15
1.12902 3.388801e-15
1.12967 3.312039e-15
1.13032 3.251613e-15
1.130975 3.250219e-15
1.131625 3.176056e-15
1.132275 3.212179e-15
1.132925 3.210843e-15
1.133575 3.282829e-15
1.134225 3.335011e-15
1.134875 3.382279e-15
1.135525 3.18566e-15
1.136175 3.139541e-15
1.136825 3.061822e-15
1.137475 3.106377e-15
1.138125 3.137496e-15
1.138775 3.10914e-15
1.139425 3.14999e-15
1.140075 3.12597e-15
1.140725 3.137594e-15
1.141375 3.139924e-15
1.142025 3.112487e-15
1.142675 3.094033e-15
1.143325 3.148873e-15
1.143975 3.198163e-15
1.144625 3.180993e-15
1.145275 3.188374e-15
1.145925 3.213213e-15
1.14657 3.184249e-15
1.14722 3.235052e-15
1.14787 3.174292e-15
1.14852 3.176685e-15
1.14917 3.128374e-15
1.14982 3.203219e-15
1.15047 3.173943e-15
1.15112 3.204272e-15
1.15177 3.160904e-15
1.15242 3.176371e-15
1.15307 3.16403e-15
1.153715 3.151336e-15
1.154365 3.1311e-15
1.155015 3.082824e-15
1.155665 3.117136e-15
1.156315 3.140508e-15
1.156965 3.202762e-15
1.15761 3.171587e-15
1.15826 3.102404e-15
1.15891 3.143619e-15
1.15956 3.099786e-15
1.16021 3.149812e-15
1.16086 3.122111e-15
1.161505 3.147853e-15
1.162155 3.168533e-15
1.162805 3.132016e-15
1.163455 3.136246e-15
1.164105 3.090791e-15
1.16475 3.129764e-15
1.1654 3.117387e-15
1.16605 3.114947e-15
1.1667 3.079516e-15
1.167345 3.031831e-15
1.167995 3.00803e-15
1.168645 2.988521e-15
1.169295 2.971823e-15
1.16994 2.9729e-15
1.17059 3.01397e-15
1.17124 3.014167e-15
1.17189 3.0693e-15
1.172535 3.094693e-15
1.173185 3.081534e-15
1.173835 3.11273e-15
1.17448 3.11112e-15
1.17513 3.153206e-15
1.17578 3.155336e-15
1.17643 3.159088e-15
1.177075 3.153689e-15
1.177725 3.141833e-15
1.17837 3.116384e-15
1.17902 3.072399e-15
1.17967 3.096762e-15
1.18032 3.108156e-15
1.180965 3.105254e-15
1.181615 3.128588e-15
1.18226 3.126075e-15
1.18291 3.098938e-15
1.18356 3.108283e-15
1.184205 3.134566e-15
1.184855 3.161628e-15
1.1855 3.123885e-15
1.18615 3.150786e-15
1.1868 3.115903e-15
1.187445 3.157983e-15
1.188095 3.153393e-15
1.18874 3.076916e-15
1.18939 3.0696e-15
1.19004 3.023978e-15
1.190685 2.988346e-15
1.191335 2.990568e-15
1.19198 2.988498e-15
1.19263 3.029566e-15
1.19328 3.072991e-15
1.193925 3.080986e-15
1.194575 3.032875e-15
1.19522 3.054348e-15
1.19587 3.049037e-15
1.196515 3.093324e-15
1.197165 3.081145e-15
1.19781 3.027218e-15
1.19846 3.020365e-15
1.19911 3.037754e-15
1.199755 2.988139e-15
1.2004 3.027894e-15
1.20105 3.04884e-15
1.2017 3.045314e-15
1.202345 3.076194e-15
1.20299 3.074478e-15
1.20364 3.080666e-15
1.204285 3.110471e-15
1.204935 3.059538e-15
1.20558 3.069033e-15
1.20623 3.061012e-15
1.206875 3.059035e-15
1.207525 3.014429e-15
1.20817 2.952134e-15
1.20882 2.99288e-15
1.209465 2.992675e-15
1.21011 3.001229e-15
1.21076 3.033274e-15
1.211405 3.044506e-15
1.212055 3.0291e-15
1.2127 2.997225e-15
1.21335 2.947785e-15
1.213995 2.873332e-15
1.21464 2.860413e-15
1.21529 2.924428e-15
1.215935 2.955962e-15
1.216585 2.990218e-15
1.21723 2.990378e-15
1.21788 3.024022e-15
1.218525 2.974608e-15
1.21917 2.977232e-15
1.21982 2.977625e-15
1.220465 2.947656e-15
1.22111 2.972762e-15
1.22176 2.992479e-15
1.222405 3.031123e-15
1.22305 3.033226e-15
1.2237 3.003975e-15
1.224345 3.000501e-15
1.22499 2.985569e-15
1.22564 3.003726e-15
1.226285 3.01822e-15
1.22693 3.00126e-15
1.22758 2.952728e-15
1.228225 2.900366e-15
1.22887 2.904183e-15
1.22952 2.86513e-15
1.230165 2.884701e-15
1.23081 2.895016e-15
1.23146 2.940137e-15
1.232105 2.945771e-15
1.23275 2.993739e-15
1.2334 2.99546e-15
1.234045 2.963304e-15
1.23469 2.908376e-15
1.23534 2.932764e-15
1.235985 2.949618e-15
1.23663 2.989592e-15
1.237275 2.989951e-15
1.23792 3.00769e-15
1.23857 3.011971e-15
1.239215 2.974622e-15
1.23986 2.931073e-15
1.24051 2.917438e-15
1.241155 2.95769e-15
1.2418 2.924942e-15
1.242445 2.973816e-15
1.24309 2.956454e-15
1.24374 2.964887e-15
1.244385 2.954245e-15
1.24503 3.011819e-15
1.24568 3.019008e-15
1.24632 3.027938e-15
1.24697 3.047879e-15
1.247615 3.072387e-15
1.24826 3.038496e-15
1.24891 3.043749e-15
1.24955 3.037827e-15
1.2502 2.989425e-15
1.250845 2.959459e-15
1.25149 3.011593e-15
1.25214 3.037471e-15
1.25278 3.012696e-15
1.25343 3.004568e-15
1.254075 3.008352e-15
1.25472 3.028454e-15
1.25537 2.995122e-15
1.25601 3.018198e-15
1.25666 2.977277e-15
1.257305 3.045855e-15
1.25795 2.97918e-15
1.258595 3.014683e-15
1.25924 2.979595e-15
1.25989 3.009803e-15
1.26053 3.026977e-15
1.26118 2.992069e-15
1.261825 3.011672e-15
1.26247 3.06777e-15
1.263115 3.067244e-15
1.26376 3.02505e-15
1.26441 3.020829e-15
1.26505 3.025033e-15
1.2657 3.037285e-15
1.266345 3.055904e-15
1.26699 3.033568e-15
1.267635 3.060901e-15
1.26828 3.012336e-15
1.268925 3.114294e-15
1.26957 3.119177e-15
1.27022 3.043484e-15
1.27086 3.036763e-15
1.27151 2.967131e-15
1.27215 2.963641e-15
1.2728 2.989938e-15
1.273445 2.956725e-15
1.27409 2.960479e-15
1.274735 2.910751e-15
1.27538 2.873314e-15
1.276025 2.881039e-15
1.27667 2.865342e-15
1.277315 2.90756e-15
1.27796 2.901108e-15
1.27861 2.920762e-15
1.27925 3.002502e-15
1.2799 2.966664e-15
1.28054 2.870794e-15
1.28119 2.932959e-15
1.28183 2.925223e-15
1.28248 2.951618e-15
1.28312 2.950216e-15
1.28377 2.961178e-15
1.28441 2.970804e-15
1.28506 2.947523e-15
1.285705 2.954966e-15
1.28635 2.976632e-15
1.286995 2.951087e-15
1.28764 2.969321e-15
1.288285 2.952277e-15
1.28893 2.977819e-15
1.289575 3.06617e-15
1.29022 3.056102e-15
1.290865 2.996832e-15
1.29151 2.956012e-15
1.292155 2.925898e-15
1.2928 2.889719e-15
1.293445 2.894813e-15
1.29409 2.900664e-15
1.294735 2.911573e-15
1.29538 2.925453e-15
1.296025 2.934776e-15
1.29667 2.889882e-15
1.297315 2.895022e-15
1.29796 2.936097e-15
1.298605 2.91465e-15
1.29925 2.920644e-15
1.29989 2.900252e-15
1.30054 2.900534e-15
1.30118 2.915778e-15
1.30183 2.864788e-15
1.30247 2.936171e-15
1.30312 2.966272e-15
1.30376 2.986357e-15
1.30441 3.073503e-15
1.30505 2.997533e-15
1.3057 3.026298e-15
1.30634 3.033977e-15
1.306985 2.995896e-15
1.30763 2.951343e-15
1.308275 3.016428e-15
1.30892 2.994224e-15
1.309565 2.998233e-15
1.31021 3.020171e-15
1.310855 3.013632e-15
1.3115 3.028652e-15
1.31214 3.023806e-15
1.31279 3.051933e-15
1.31343 3.093999e-15
1.31408 3.074332e-15
1.31472 3.00025e-15
1.31537 3.057676e-15
1.31601 2.978847e-15
1.316655 2.972759e-15
1.3173 2.988141e-15
1.317945 2.96651e-15
1.31859 2.996734e-15
1.31923 3.017232e-15
1.31988 3.053221e-15
1.32052 3.01391e-15
1.32117 3.011774e-15
1.32181 2.993365e-15
1.322455 3.013718e-15
1.3231 2.94911e-15
1.323745 2.935078e-15
1.32439 2.97103e-15
1.32503 2.879665e-15
1.32568 2.968758e-15
1.32632 2.965515e-15
1.32697 2.98883e-15
1.32761 3.022107e-15
1.328255 3.022169e-15
1.3289 2.988748e-15
1.329545 3.026754e-15
1.33019 3.055189e-15
1.33083 3.08974e-15
1.33148 3.029444e-15
1.33212 3.055155e-15
1.33277 3.01823e-15
1.33341 3.019028e-15
1.334055 3.037573e-15
1.3347 2.988024e-15
1.33534 2.929898e-15
1.33599 3.044245e-15
1.33663 3.014631e-15
1.337275 2.981528e-15
1.33792 2.991422e-15
1.338565 2.961656e-15
1.33921 2.990118e-15
1.33985 2.99245e-15
1.345 3.007346e-15
1.35 3.00391e-15
1.355 2.999119e-15
1.36 2.992994e-15
1.365 2.985559e-15
1.37 2.976838e-15
1.375 2.966856e-15
1.38 2.955641e-15
1.385 2.943221e-15
1.39 2.929624e-15
1.395 2.914882e-15
1.4 2.899024e-15
1.405 2.882082e-15
1.41 2.864091e-15
1.415 2.845082e-15
1.42 2.825089e-15
1.425 2.804147e-15
1.43 2.782291e-15
1.435 2.759556e-15
1.440785 2.813468e-15
1.441595 2.819455e-15
1.44241 2.754275e-15
1.44322 2.731543e-15
1.444035 2.729974e-15
1.444845 2.666894e-15
1.445655 2.741514e-15
1.446465 2.688103e-15
1.44728 2.665089e-15
1.44809 2.631623e-15
1.4489 2.649795e-15
1.449715 2.656437e-15
1.450525 2.707086e-15
1.451335 2.614447e-15
1.452145 2.597697e-15
1.45296 2.587254e-15
1.45377 2.578617e-15
1.45458 2.549408e-15
1.45539 2.544305e-15
1.456205 2.537274e-15
1.457015 2.528918e-15
1.457825 2.542271e-15
1.458635 2.545605e-15
1.459445 2.581598e-15
1.46026 2.588628e-15
1.46107 2.566692e-15
1.46188 2.550477e-15
1.46269 2.519346e-15
1.4635 2.546365e-15
1.46431 2.540616e-15
1.465125 2.65188e-15
1.465935 2.671642e-15
1.466745 2.699055e-15
1.467555 2.711664e-15
1.468365 2.670956e-15
1.469175 2.684794e-15
1.469985 2.70141e-15
1.470795 2.684593e-15
1.471605 2.634286e-15
1.472415 2.639928e-15
1.473225 2.598638e-15
1.474035 2.601651e-15
1.474845 2.573396e-15
1.47566 2.617187e-15
1.47647 2.627105e-15
1.47728 2.600635e-15
1.47809 2.622158e-15
1.4789 2.592131e-15
1.47971 2.611716e-15
1.48052 2.597203e-15
1.48133 2.561868e-15
1.48214 2.542785e-15
1.482945 2.547735e-15
1.483755 2.548373e-15
1.484565 2.592245e-15
1.485375 2.632426e-15
1.486185 2.656636e-15
1.486995 2.641752e-15
1.487805 2.593176e-15
1.488615 2.57089e-15
1.489425 2.538755e-15
1.490235 2.546563e-15
1.491045 2.505283e-15
1.491855 2.524266e-15
1.492665 2.487563e-15
1.49347 2.48884e-15
1.49428 2.476222e-15
1.49509 2.497273e-15
1.4959 2.523621e-15
1.49671 2.548258e-15
1.49752 2.474019e-15
1.49833 2.463099e-15
1.499135 2.403521e-15
1.499945 2.38737e-15
1.500755 2.413799e-15
1.501565 2.43383e-15
1.502375 2.464435e-15
1.50318 2.471469e-15
1.50399 2.440892e-15
1.5048 2.406516e-15
1.50561 2.430223e-15
1.50642 2.414747e-15
1.507225 2.450669e-15
1.508035 2.433237e-15
1.508845 2.435121e-15
1.50965 2.440408e-15
1.51046 2.453839e-15
1.51127 2.488027e-15
1.51208 2.48941e-15
1.512885 2.468388e-15
1.513695 2.461313e-15
1.514505 2.423727e-15
1.51531 2.424822e-15
1.51612 2.417828e-15
1.51693 2.438974e-15
1.51774 2.43875e-15
1.518545 2.455312e-15
1.519355 2.445263e-15
1.52016 2.444051e-15
1.52097 2.452143e-15
1.52178 2.453365e-15
1.52259 2.446647e-15
1.523395 2.432312e-15
1.524205 2.490647e-15
1.52501 2.473678e-15
1.52582 2.419559e-15
1.52663 2.373499e-15
1.527435 2.339946e-15
1.528245 2.3782e-15
1.52905 2.387983e-15
1.52986 2.430972e-15
1.53067 2.45023e-15
1.531475 2.458555e-15
1.532285 2.472573e-15
1.53309 2.50594e-15
1.5339 2.494554e-15
1.53471 2.505099e-15
1.535515 2.488881e-15
1.53632 2.493627e-15
1.53713 2.496483e-15
1.53794 2.479568e-15
1.538745 2.474935e-15
1.539555 2.493631e-15
1.54036 2.430737e-15
1.54117 2.394239e-15
1.541975 2.315871e-15
1.542785 2.281334e-15
1.54359 2.247038e-15
1.5444 2.294952e-15
1.545205 2.315369e-15
1.546015 2.366377e-15
1.54682 2.400971e-15
1.54763 2.424471e-15
1.548435 2.42074e-15
1.54924 2.393303e-15
1.55005 2.369954e-15
1.55086 2.395612e-15
1.551665 2.391317e-15
1.55247 2.393747e-15
1.55328 2.403787e-15
1.554085 2.41543e-15
1.55489 2.435263e-15
1.5557 2.40401e-15
1.55651 2.375669e-15
1.557315 2.397467e-15
1.55812 2.416088e-15
1.55893 2.38951e-15
1.559735 2.40556e-15
1.56054 2.421182e-15
1.56135 2.394482e-15
1.562155 2.40051e-15
1.56296 2.388704e-15
1.56377 2.384853e-15
1.564575 2.427989e-15
1.56538 2.413735e-15
1.56619 2.424033e-15
1.567 2.433841e-15
1.567805 2.437273e-15
1.56861 2.416557e-15
1.56942 2.434987e-15
1.570225 2.457105e-15
1.57103 2.492684e-15
1.57184 2.545487e-15
1.57264 2.549468e-15
1.57345 2.530126e-15
1.574255 2.511842e-15
1.57506 2.486166e-15
1.57587 2.489281e-15
1.576675 2.471004e-15
1.57748 2.460248e-15
1.57829 2.442027e-15
1.579095 2.419106e-15
1.5799 2.412885e-15
1.58071 2.408639e-15
1.581515 2.411069e-15
1.58232 2.422799e-15
1.58313 2.416787e-15
1.58393 2.458583e-15
1.58474 2.498363e-15
1.585545 2.499632e-15
1.58635 2.527057e-15
1.58716 2.550925e-15
1.587965 2.532956e-15
1.58877 2.544135e-15
1.58958 2.55078e-15
1.59038 2.511693e-15
1.59119 2.507126e-15
1.591995 2.4898e-15
1.5928 2.479332e-15
1.59361 2.482309e-15
1.59441 2.444579e-15
1.59522 2.411677e-15
1.596025 2.40207e-15
1.59683 2.391635e-15
1.59764 2.35145e-15
1.59844 2.340457e-15
1.59925 2.317549e-15
1.600055 2.301112e-15
1.60086 2.343302e-15
1.60167 2.379609e-15
1.60247 2.397895e-15
1.60328 2.409602e-15
1.604085 2.429138e-15
1.60489 2.428535e-15
1.605695 2.443299e-15
1.6065 2.454996e-15
1.60731 2.470094e-15
1.60811 2.472025e-15
1.60892 2.459505e-15
1.609725 2.421351e-15
1.61053 2.396966e-15
1.611335 2.410793e-15
1.61214 2.400976e-15
1.61295 2.461629e-15
1.61375 2.49079e-15
1.61456 2.436273e-15
1.615365 2.407434e-15
1.61617 2.396539e-15
1.616975 2.339731e-15
1.61778 2.258224e-15
1.618585 2.21963e-15
1.61939 2.212709e-15
1.6202 2.224803e-15
1.621 2.276593e-15
1.62181 2.30443e-15
1.62261 2.331682e-15
1.62342 2.316792e-15
1.624225 2.29189e-15
1.62503 2.297259e-15
1.625835 2.318922e-15
1.62664 2.345531e-15
1.627445 2.376599e-15
1.62825 2.367309e-15
1.629055 2.333835e-15
1.62986 2.287777e-15
1.63067 2.223507e-15
1.63147 2.221215e-15
1.63228 2.2368e-15
1.63308 2.280167e-15
1.63389 2.336214e-15
1.63469 2.370478e-15
1.6355 2.397806e-15
1.6363 2.438907e-15
1.63711 2.421177e-15
1.637915 2.391108e-15
1.63872 2.355208e-15
1.639525 2.334815e-15
1.64033 2.309481e-15
1.641135 2.32269e-15
1.64194 2.332177e-15
1.642745 2.333585e-15
1.64355 2.36757e-15
1.644355 2.344312e-15
1.64516 2.350982e-15
1.645965 2.380117e-15
1.64677 2.395856e-15
1.647575 2.360169e-15
1.64838 2.400969e-15
1.649185 2.363794e-15
1.64999 2.38123e-15
1.650795 2.380747e-15
1.6516 2.394131e-15
1.652405 2.403749e-15
1.65321 2.423801e-15
1.654015 2.411805e-15
1.65482 2.382267e-15
1.655625 2.354661e-15
1.65643 2.376889e-15
1.657235 2.344211e-15
1.65804 2.369763e-15
1.658845 2.366911e-15
1.65965 2.349803e-15
1.660455 2.295795e-15
1.66126 2.224182e-15
1.662065 2.160896e-15
1.66287 2.146012e-15
1.663675 2.177948e-15
1.66448 2.239585e-15
1.66528 2.288749e-15
1.66609 2.309872e-15
1.66689 2.305412e-15
1.6677 2.301133e-15
1.6685 2.304855e-15
1.66931 2.368956e-15
1.67011 2.406051e-15
1.67092 2.376184e-15
1.67172 2.411463e-15
1.67253 2.438601e-15
1.67333 2.420962e-15
1.67414 2.409558e-15
1.67494 2.41525e-15
1.675745 2.418121e-15
1.67655 2.429662e-15
1.677355 2.425653e-15
1.67816 2.402177e-15
1.678965 2.400562e-15
1.67977 2.357111e-15
1.680575 2.313026e-15
1.68138 2.280279e-15
1.68218 2.260662e-15
1.68299 2.238765e-15
1.68379 2.238894e-15
1.6846 2.256843e-15
1.6854 2.29008e-15
1.68621 2.353112e-15
1.68701 2.397612e-15
1.68782 2.390154e-15
1.68862 2.35907e-15
1.689425 2.34609e-15
1.69023 2.353235e-15
1.691035 2.327182e-15
1.69184 2.345703e-15
1.692645 2.357684e-15
1.69345 2.372159e-15
1.69425 2.376871e-15
1.69506 2.37647e-15
1.69586 2.341037e-15
1.69667 2.285251e-15
1.69747 2.278766e-15
1.69828 2.292104e-15
1.69908 2.323055e-15
1.699885 2.346359e-15
1.70069 2.391604e-15
1.701495 2.385743e-15
1.7023 2.368153e-15
1.703105 2.356801e-15
1.70391 2.357392e-15
1.70471 2.29603e-15
1.70552 2.246276e-15
1.70632 2.228576e-15
1.70713 2.20477e-15
1.70793 2.254035e-15
1.708735 2.244173e-15
1.70954 2.263001e-15
1.710345 2.227564e-15
1.71115 2.242191e-15
1.711955 2.239934e-15
1.71276 2.278748e-15
1.71356 2.307861e-15
1.71437 2.314852e-15
1.71517 2.281368e-15
1.71598 2.260155e-15
1.71678 2.24898e-15
1.71759 2.295628e-15
1.71839 2.254283e-15
1.719195 2.240827e-15
1.72 2.249358e-15
1.720805 2.269301e-15
1.72161 2.323265e-15
1.72241 2.3341e-15
1.72322 2.338323e-15
1.72402 2.329194e-15
1.72483 2.343477e-15
1.72563 2.332596e-15
1.72644 2.30677e-15
1.72724 2.257461e-15
1.728045 2.232896e-15
1.72885 2.217152e-15
1.729655 2.211123e-15
1.73046 2.213889e-15
1.731265 2.245444e-15
1.73207 2.224155e-15
1.73287 2.244232e-15
1.73368 2.225579e-15
1.73448 2.244793e-15
1.73529 2.28736e-15
1.73609 2.275978e-15
1.736895 2.2876e-15
1.7377 2.296636e-15
1.738505 2.323521e-15
1.73931 2.28665e-15
1.740115 2.27042e-15
1.74092 2.239786e-15
1.74172 2.218763e-15
1.74253 2.266922e-15
1.74333 2.261787e-15
1.74414 2.239877e-15
1.74494 2.246192e-15
1.74575 2.243398e-15
1.74655 2.256938e-15
1.74736 2.282703e-15
1.74816 2.285433e-15
1.748965 2.267277e-15
1.74977 2.246759e-15
1.750575 2.235498e-15
1.75138 2.1684e-15
1.752185 2.142462e-15
1.75299 2.132212e-15
1.75379 2.137116e-15
1.7546 2.12481e-15
1.7554 2.121922e-15
1.75621 2.116997e-15
1.75701 2.125496e-15
1.75782 2.162595e-15
1.75862 2.1918e-15
1.75943 2.240828e-15
1.76023 2.242558e-15
1.761035 2.25269e-15
1.76184 2.224713e-15
1.762645 2.220093e-15
1.76345 2.193438e-15
1.764255 2.231539e-15
1.76506 2.189904e-15
1.765865 2.211051e-15
1.76667 2.171488e-15
1.767475 2.140896e-15
1.76828 2.118364e-15
1.769085 2.124314e-15
1.76989 2.148064e-15
1.77069 2.169976e-15
1.7715 2.16754e-15
1.7723 2.1883e-15
1.77311 2.193451e-15
1.77391 2.173068e-15
1.77472 2.174124e-15
1.77552 2.134906e-15
1.77633 2.096992e-15
1.77713 2.078164e-15
1.77794 2.036059e-15
1.77874 2.070314e-15
1.77955 2.085561e-15
1.78035 2.039296e-15
1.78116 2.068592e-15
1.78196 2.097187e-15
1.78277 2.09532e-15
1.78357 2.119514e-15
1.78438 2.130406e-15
1.78518 2.099135e-15
1.78599 2.083805e-15
1.78679 2.084106e-15
1.7876 2.084909e-15
1.7884 2.070889e-15
1.78921 2.114659e-15
1.79001 2.127489e-15
1.79082 2.163824e-15
1.79162 2.1363e-15
1.79243 2.130293e-15
1.79323 2.129406e-15
1.79404 2.132832e-15
1.79484 2.119822e-15
1.79565 2.126359e-15
1.79645 2.120052e-15
1.79726 2.065967e-15
1.79806 2.046037e-15
1.79887 2.074734e-15
1.799675 2.084254e-15
1.80048 2.124128e-15
1.801285 2.14852e-15
1.80209 2.117824e-15
1.802895 2.100883e-15
1.8037 2.117248e-15
1.804505 2.153735e-15
1.81 2.088158e-15
1.815 2.077612e-15
1.82 2.067148e-15
1.825 2.056766e-15
1.83 2.046464e-15
1.835 2.036241e-15
1.84 2.026097e-15
1.845 2.016031e-15
1.85 2.006042e-15
1.855 1.996129e-15
1.86 1.986291e-15
1.865 1.976529e-15
1.87 1.96684e-15
1.875 1.957224e-15
1.88 1.947681e-15
1.885 1.93821e-15
1.89 1.928809e-15
1.895 1.919479e-15
1.9 1.910218e-15
1.905 1.901026e-15
1.91 1.891903e-15
1.915 1.882847e-15
1.92001 2.100847e-15
1.92055 2.192814e-15
1.92109 2.105487e-15
1.92163 2.068857e-15
1.92217 2.041937e-15
1.92271 2.019639e-15
1.92325 1.967433e-15
1.92379 2.054634e-15
1.92433 2.148271e-15
1.92487 2.213072e-15
1.92541 2.213313e-15
1.92595 2.108933e-15
1.92649 2.105193e-15
1.92703 2.081385e-15
1.92756 2.065656e-15
1.9281 2.051213e-15
1.92864 2.055925e-15
1.92918 2.046479e-15
1.92972 2.032067e-15
1.93026 2.045444e-15
1.9308 2.013227e-15
1.93134 2.02335e-15
1.93188 1.997184e-15
1.93242 1.953333e-15
1.93296 1.919941e-15
1.9335 1.862501e-15
1.93404 1.863768e-15
1.93457 1.877682e-15
1.93511 1.864539e-15
1.93565 1.841445e-15
1.93619 1.863121e-15
1.93673 1.899542e-15
1.93727 1.907285e-15
1.93781 1.942854e-15
1.93835 1.90843e-15
1.93889 1.904975e-15
1.93943 1.916325e-15
1.93997 1.929326e-15
1.94051 1.892177e-15
1.94104 1.847884e-15
1.94158 1.864007e-15
1.94212 1.837945e-15
1.94266 1.845171e-15
1.9432 1.838818e-15
1.94374 1.877688e-15
1.94428 1.874902e-15
1.94482 1.897144e-15
1.94536 1.902434e-15
1.9459 1.898189e-15
1.94644 1.870992e-15
1.94697 1.854689e-15
1.94751 1.890833e-15
1.94805 1.877712e-15
1.94859 1.902497e-15
1.94913 1.909823e-15
1.94967 1.883499e-15
1.95021 1.872709e-15
1.95075 1.883865e-15
1.95129 1.884919e-15
1.95183 1.876216e-15
1.95236 1.900534e-15
1.9529 1.915753e-15
1.95344 1.94229e-15
1.95398 1.961085e-15
1.95452 1.984753e-15
1.95506 1.987448e-15
1.9556 1.998107e-15
1.95614 2.028908e-15
1.95668 2.015807e-15
1.95721 1.999191e-15
1.95775 1.948066e-15
1.95829 1.917378e-15
1.95883 1.88749e-15
1.95937 1.847906e-15
1.95991 1.831676e-15
1.96045 1.785741e-15
1.96099 1.785935e-15
1.96153 1.800606e-15
1.96206 1.809289e-15
1.9626 1.83859e-15
1.96314 1.856118e-15
1.96368 1.866999e-15
1.96422 1.874486e-15
1.96476 1.842858e-15
1.9653 1.817025e-15
1.96584 1.833073e-15
1.96637 1.808456e-15
1.96691 1.798873e-15
1.96745 1.805753e-15
1.96799 1.772404e-15
1.96853 1.755912e-15
1.96907 1.7556e-15
1.96961 1.735877e-15
1.97015 1.749402e-15
1.97069 1.733631e-15
1.97122 1.729843e-15
1.97176 1.735933e-15
1.9723 1.730616e-15
1.97284 1.723182e-15
1.97338 1.699549e-15
1.97392 1.713055e-15
1.97446 1.710058e-15
1.975 1.708844e-15
1.97553 1.682457e-15
1.97607 1.678123e-15
1.97661 1.660903e-15
1.97715 1.660703e-15
1.97769 1.650889e-15
1.97823 1.658154e-15
1.97877 1.65072e-15
1.9793 1.634322e-15
1.97984 1.631174e-15
1.98038 1.615809e-15
1.98092 1.588877e-15
1.98146 1.588322e-15
1.982 1.561258e-15
1.98254 1.559305e-15
1.98307 1.583335e-15
1.98361 1.603545e-15
1.98415 1.609351e-15
1.98469 1.637512e-15
1.98523 1.645212e-15
1.98577 1.641487e-15
1.98631 1.65964e-15
1.98684 1.656705e-15
1.98738 1.65855e-15
1.98792 1.659788e-15
1.98846 1.634964e-15
1.989 1.639048e-15
1.98954 1.63668e-15
1.99008 1.622806e-15
1.99061 1.606005e-15
1.99115 1.600548e-15
1.99169 1.575836e-15
1.99223 1.583243e-15
1.99277 1.575638e-15
1.99331 1.561208e-15
1.99385 1.556075e-15
1.99438 1.564221e-15
1.99492 1.572498e-15
1.99546 1.594935e-15
1.996 1.611517e-15
1.99654 1.622893e-15
1.99708 1.653016e-15
1.99761 1.671906e-15
1.99815 1.718315e-15
1.99869 1.769928e-15
1.99923 1.796647e-15
1.99977 1.855946e-15
2.00031 1.919995e-15
2.00085 1.888022e-15
2.00138 1.971819e-15
2.00192 1.985259e-15
2.00246 2.041629e-15
2.003 2.058603e-15
2.00354 2.072822e-15
2.00408 2.082098e-15
2.00461 2.06471e-15
2.00515 2.040881e-15
2.00569 2.017872e-15
2.00623 1.967834e-15
2.00677 1.925351e-15
2.00731 1.880955e-15
2.00784 1.890141e-15
2.00838 1.927035e-15
2.00892 1.930256e-15
2.00946 1.928748e-15
2.01 1.938825e-15
2.01054 1.958816e-15
2.01107 1.936315e-15
2.01161 1.932134e-15
2.01215 1.914798e-15
2.01269 1.923133e-15
2.01323 1.902435e-15
2.01377 1.905302e-15
2.0143 1.91466e-15
2.01484 1.92982e-15
2.01538 1.89527e-15
2.01592 1.875382e-15
2.01646 1.83741e-15
2.017 1.843335e-15
2.01753 1.806974e-15
2.01807 1.794388e-15
2.01861 1.756437e-15
2.01915 1.738668e-15
2.01969 1.744218e-15
2.02022 1.720667e-15
2.02076 1.718543e-15
2.0213 1.689818e-15
2.02184 1.681081e-15
2.02238 1.651202e-15
2.02292 1.613982e-15
2.02345 1.583162e-15
2.02399 1.575216e-15
2.02453 1.553814e-15
2.02507 1.530143e-15
2.02561 1.523402e-15
2.02614 1.531536e-15
2.02668 1.523307e-15
2.02722 1.504345e-15
2.02776 1.488067e-15
2.0283 1.481357e-15
2.02884 1.47007e-15
2.02937 1.462024e-15
2.02991 1.4517e-15
2.03045 1.457272e-15
2.03099 1.449975e-15
2.03153 1.468436e-15
2.03206 1.487859e-15
2.0326 1.492722e-15
2.03314 1.513916e-15
2.03368 1.499633e-15
2.03422 1.520685e-15
2.03475 1.504509e-15
2.03529 1.519658e-15
2.03583 1.50656e-15
2.03637 1.499547e-15
2.03691 1.487006e-15
2.03744 1.472916e-15
2.03798 1.465012e-15
2.03852 1.469085e-15
2.03906 1.473634e-15
2.0396 1.477798e-15
2.04013 1.475747e-15
2.04067 1.48558e-15
2.04121 1.478071e-15
2.04175 1.505986e-15
2.04229 1.50197e-15
2.04282 1.497002e-15
2.04336 1.488066e-15
2.0439 1.476022e-15
2.04444 1.464575e-15
2.04498 1.473032e-15
2.04551 1.465756e-15
2.04605 1.474253e-15
2.04659 1.475289e-15
2.04713 1.49972e-15
2.04767 1.513026e-15
2.0482 1.521411e-15
2.04874 1.52107e-15
2.04928 1.547454e-15
2.04982 1.543064e-15
2.05036 1.563243e-15
2.05089 1.54639e-15
2.05143 1.564747e-15
2.05197 1.579094e-15
2.05251 1.605741e-15
2.05305 1.60464e-15
2.05358 1.58794e-15
2.05412 1.602206e-15
2.05466 1.603089e-15
2.0552 1.588373e-15
2.05573 1.628948e-15
2.05627 1.594473e-15
2.05681 1.593463e-15
2.05735 1.565518e-15
2.05789 1.567605e-15
2.05842 1.535409e-15
2.05896 1.551416e-15
2.0595 1.544596e-15
2.06004 1.535408e-15
2.06057 1.53285e-15
2.06111 1.547743e-15
2.06165 1.54729e-15
2.06219 1.551312e-15
2.06273 1.550303e-15
2.06326 1.572038e-15
2.0638 1.561301e-15
2.06434 1.571132e-15
2.06488 1.564576e-15
2.06542 1.566907e-15
2.06595 1.565088e-15
2.06649 1.565587e-15
2.06703 1.569781e-15
2.06757 1.547242e-15
2.0681 1.559189e-15
2.06864 1.551237e-15
2.06918 1.534863e-15
2.06972 1.549806e-15
2.07025 1.538827e-15
2.07079 1.513192e-15
2.07133 1.521424e-15
2.07187 1.514221e-15
2.07241 1.503516e-15
2.07294 1.493115e-15
2.07348 1.506164e-15
2.07402 1.50639e-15
2.07456 1.501252e-15
2.07509 1.5e-15
2.07563 1.491573e-15
2.07617 1.49941e-15
2.07671 1.478038e-15
2.07724 1.48634e-15
2.07778 1.465262e-15
2.07832 1.46649e-15
2.07886 1.4545e-15
2.0794 1.457621e-15
2.07993 1.459882e-15
2.08047 1.451525e-15
2.08101 1.454302e-15
2.08155 1.453627e-15
2.08208 1.448652e-15
2.08262 1.444405e-15
2.08316 1.469811e-15
2.0837 1.472506e-15
2.08423 1.468968e-15
2.08477 1.474962e-15
2.08531 1.480967e-15
2.08585 1.486364e-15
2.08638 1.474851e-15
2.08692 1.489488e-15
2.08746 1.48345e-15
2.088 1.476208e-15
2.08853 1.469036e-15
2.08907 1.47495e-15
2.08961 1.465755e-15
2.09015 1.457774e-15
2.09069 1.454235e-15
2.09122 1.459107e-15
2.09176 1.444255e-15
2.0923 1.456867e-15
2.09284 1.459391e-15
2.09337 1.451147e-15
2.09391 1.446152e-15
2.09445 1.444425e-15
2.09499 1.44369e-15
2.09552 1.447023e-15
2.09606 1.444416e-15
2.0966 1.445715e-15
2.09714 1.439374e-15
2.09767 1.449031e-15
2.09821 1.443925e-15
2.09875 1.428315e-15
2.09929 1.44121e-15
2.09982 1.420268e-15
2.10036 1.43462e-15
2.1009 1.438226e-15
2.10144 1.424357e-15
2.10197 1.437262e-15
2.10251 1.418243e-15
2.10305 1.42196e-15
2.10359 1.42332e-15
2.10412 1.429051e-15
2.10466 1.420353e-15
2.1052 1.435261e-15
2.10574 1.423436e-15
2.10627 1.423349e-15
2.10681 1.41452e-15
2.10735 1.413208e-15
2.10788 1.418524e-15
2.10842 1.422909e-15
2.10896 1.415739e-15
2.1095 1.413861e-15
2.11003 1.407703e-15
2.11057 1.411077e-15
2.11111 1.410372e-15
2.11165 1.420474e-15
2.11218 1.418424e-15
2.11272 1.415069e-15
2.11326 1.415275e-15
2.1138 1.402612e-15
2.11433 1.411287e-15
2.11487 1.410825e-15
2.11541 1.412013e-15
2.11595 1.410196e-15
2.11648 1.411232e-15
2.11702 1.398012e-15
2.11756 1.397237e-15
2.1181 1.394651e-15
2.11863 1.3951e-15
2.11917 1.403563e-15
2.11971 1.400997e-15
2.12024 1.40352e-15
2.12078 1.402502e-15
2.12132 1.415831e-15
2.12186 1.398949e-15
2.12239 1.405104e-15
2.12293 1.401102e-15
2.12347 1.396563e-15
2.12401 1.374178e-15
2.12454 1.38258e-15
2.12508 1.377839e-15
2.12562 1.380069e-15
2.12615 1.387822e-15
2.12669 1.395515e-15
2.12723 1.390926e-15
2.12777 1.384152e-15
2.1283 1.38623e-15
2.12884 1.398091e-15
2.12938 1.395566e-15
2.12992 1.407437e-15
2.13045 1.387896e-15
2.13099 1.392169e-15
2.13153 1.395451e-15
2.13206 1.396973e-15
2.1326 1.391706e-15
2.13314 1.395312e-15
2.13368 1.390278e-15
2.13421 1.393216e-15
2.13475 1.373797e-15
2.13529 1.380782e-15
2.13583 1.362466e-15
2.13636 1.370128e-15
2.1369 1.355019e-15
2.13744 1.372291e-15
2.13797 1.367349e-15
2.13851 1.372967e-15
2.13905 1.371879e-15
2.13959 1.382121e-15
2.14012 1.376541e-15
2.14066 1.380238e-15
2.1412 1.381405e-15
2.14173 1.387024e-15
2.14227 1.385662e-15
2.14281 1.37806e-15
2.14335 1.366734e-15
2.14388 1.381214e-15
2.14442 1.364993e-15
2.14496 1.376063e-15
2.14549 1.379901e-15
2.14603 1.386339e-15
2.14657 1.367903e-15
2.14711 1.376313e-15
2.14764 1.371634e-15
2.14818 1.37354e-15
2.14872 1.374586e-15
2.14925 1.369573e-15
2.14979 1.376759e-15
2.15033 1.376157e-15
2.15087 1.34964e-15
2.1514 1.362136e-15
2.15194 1.372771e-15
2.15248 1.363612e-15
2.15301 1.369877e-15
2.15355 1.370054e-15
2.15409 1.364212e-15
2.15463 1.381391e-15
2.15516 1.374426e-15
2.1557 1.363122e-15
2.15624 1.358767e-15
2.15677 1.356537e-15
2.15731 1.360637e-15
2.15785 1.366973e-15
2.15839 1.362082e-15
2.15892 1.379615e-15
2.15946 1.365641e-15
2.16 1.364149e-15
2.16053 1.342792e-15
2.16107 1.340299e-15
2.16161 1.342093e-15
2.16214 1.333076e-15
2.16268 1.33745e-15
2.16322 1.326076e-15
2.16376 1.309322e-15
2.16429 1.335026e-15
2.16483 1.340755e-15
2.16537 1.333741e-15
2.1659 1.337134e-15
2.16644 1.341244e-15
2.16698 1.337608e-15
2.16752 1.332768e-15
2.16805 1.339599e-15
2.16859 1.338825e-15
2.16913 1.342581e-15
2.16966 1.320943e-15
2.1702 1.329494e-15
2.17074 1.326788e-15
2.17127 1.312583e-15
2.17181 1.313842e-15
2.17235 1.311754e-15
2.17289 1.319666e-15
2.17342 1.305796e-15
2.17396 1.324692e-15
2.1745 1.329238e-15
2.17503 1.325753e-15
2.17557 1.318901e-15
2.17611 1.342611e-15
2.17664 1.355873e-15
2.17718 1.379876e-15
2.17772 1.358249e-15
2.17825 1.376416e-15
2.17879 1.35396e-15
2.17933 1.364553e-15
2.17987 1.340671e-15
2.1804 1.332545e-15
2.18094 1.328839e-15
2.18148 1.325921e-15
2.18201 1.316258e-15
2.18255 1.329186e-15
2.18309 1.324752e-15
2.18362 1.340704e-15
2.18416 1.332932e-15
2.1847 1.325201e-15
2.18524 1.321049e-15
2.18577 1.336526e-15
2.18631 1.329017e-15
2.18685 1.325988e-15
2.18738 1.315729e-15
2.18792 1.317706e-15
2.18846 1.304292e-15
2.18899 1.323317e-15
2.18953 1.30324e-15
2.19007 1.295883e-15
2.1906 1.307354e-15
2.19114 1.296176e-15
2.19168 1.308183e-15
2.19221 1.3075e-15
2.19275 1.306646e-15
2.19329 1.316509e-15
2.19383 1.321145e-15
2.19436 1.314921e-15
2.1949 1.297828e-15
2.19544 1.301372e-15
2.19597 1.311943e-15
2.19651 1.318176e-15
2.19705 1.321963e-15
2.19758 1.316073e-15
2.19812 1.329616e-15
2.19866 1.347447e-15
2.19919 1.339302e-15
2.19973 1.332937e-15
2.20027 1.312861e-15
2.2008 1.316435e-15
2.20134 1.289232e-15
2.20188 1.284626e-15
2.20241 1.298291e-15
2.20295 1.309407e-15
2.20349 1.29913e-15
2.20403 1.282765e-15
2.20456 1.288837e-15
2.2051 1.297173e-15
2.20564 1.293497e-15
2.20617 1.303613e-15
2.20671 1.295782e-15
2.20725 1.302622e-15
2.20778 1.282598e-15
2.20832 1.301904e-15
2.20886 1.275601e-15
2.20939 1.301489e-15
2.20993 1.296428e-15
2.21047 1.308272e-15
2.211 1.278482e-15
2.21154 1.29887e-15
2.21208 1.290574e-15
2.21261 1.28881e-15
2.21315 1.30771e-15
2.21369 1.28706e-15
2.21422 1.303413e-15
2.21476 1.289477e-15
2.2153 1.293637e-15
2.21583 1.282996e-15
2.21637 1.299975e-15
2.21691 1.291033e-15
2.21745 1.289977e-15
2.21798 1.292934e-15
2.21852 1.27649e-15
2.21906 1.284037e-15
2.21959 1.279048e-15
2.22013 1.272876e-15
2.22067 1.265471e-15
2.2212 1.278012e-15
2.22174 1.268009e-15
2.22228 1.294005e-15
2.22281 1.27827e-15
2.22335 1.278063e-15
2.22389 1.292039e-15
2.22442 1.283754e-15
2.22496 1.278422e-15
2.2255 1.288961e-15
2.22603 1.293677e-15
2.22657 1.283724e-15
2.22711 1.278553e-15
2.22764 1.283067e-15
2.22818 1.27363e-15
2.22872 1.279054e-15
2.22925 1.279939e-15
2.22979 1.281258e-15
2.23033 1.278918e-15
2.23086 1.284978e-15
2.2314 1.283719e-15
2.23194 1.264498e-15
2.23247 1.28658e-15
2.23301 1.266176e-15
2.23355 1.266949e-15
2.23408 1.26283e-15
2.23462 1.264776e-15
2.23516 1.265681e-15
2.23569 1.252232e-15
2.23623 1.245525e-15
2.23677 1.2465e-15
2.2373 1.243857e-15
2.23784 1.249382e-15
2.23838 1.260637e-15
2.23891 1.255377e-15
2.23945 1.248741e-15
2.23999 1.250292e-15
2.24052 1.258496e-15
2.24106 1.25469e-15
2.2416 1.25238e-15
2.24213 1.250668e-15
2.24267 1.253756e-15
2.24321 1.250749e-15
2.24374 1.266866e-15
2.24428 1.250476e-15
2.24482 1.268979e-15
2.24535 1.250093e-15
2.24589 1.264916e-15
2.24643 1.254268e-15
2.24696 1.25118e-15
2.2475 1.261667e-15
2.24804 1.26519e-15
2.24857 1.259191e-15
2.24911 1.25111e-15
2.24965 1.27038e-15
2.25018 1.269668e-15
2.25072 1.266894e-15
2.25126 1.262391e-15
2.25179 1.261062e-15
2.25233 1.263715e-15
2.25287 1.267986e-15
2.2534 1.259895e-15
2.25394 1.272191e-15
2.25448 1.27918e-15
2.25501 1.271271e-15
2.25555 1.251093e-15
2.25609 1.261599e-15
2.25662 1.257168e-15
2.25716 1.244873e-15
2.2577 1.242261e-15
2.25823 1.229329e-15
2.25877 1.23745e-15
2.25931 1.243045e-15
2.25984 1.231832e-15
2.26038 1.244005e-15
2.26092 1.227375e-15
2.26145 1.22635e-15
2.26199 1.223293e-15
2.26253 1.221045e-15
2.26306 1.205173e-15
2.2636 1.197953e-15
2.26414 1.19715e-15
2.26467 1.193679e-15
2.26521 1.184164e-15
2.26575 1.18327e-15
2.26628 1.195889e-15
2.26682 1.220169e-15
2.26735 1.216264e-15
2.26789 1.215046e-15
2.26843 1.253566e-15
2.26896 1.229741e-15
2.2695 1.233628e-15
2.27004 1.240808e-15
2.27057 1.261157e-15
2.27111 1.236272e-15
2.27165 1.242846e-15
2.27218 1.238011e-15
2.27272 1.250122e-15
2.27326 1.239214e-15
2.27379 1.244343e-15
2.27433 1.257566e-15
2.27487 1.254571e-15
2.2754 1.262084e-15
2.27594 1.269356e-15
2.27648 1.243814e-15
2.27701 1.241465e-15
2.27755 1.225201e-15
2.27809 1.238848e-15
2.27862 1.217794e-15
2.27916 1.223994e-15
2.2797 1.222585e-15
2.28023 1.21486e-15
2.28077 1.222222e-15
2.28131 1.237497e-15
2.28184 1.230641e-15
2.28238 1.219541e-15
2.28292 1.249063e-15
2.28345 1.224655e-15
2.28399 1.225075e-15
2.28452 1.19713e-15
2.28506 1.21296e-15
2.2856 1.211965e-15
2.28613 1.206413e-15
2.28667 1.191828e-15
2.28721 1.181345e-15
2.28774 1.190131e-15
2.28828 1.199363e-15
2.28882 1.21116e-15
2.28935 1.217704e-15
2.28989 1.225793e-15
2.29043 1.226819e-15
2.29096 1.228462e-15
2.2915 1.216322e-15
2.29204 1.229231e-15
2.29257 1.222284e-15
2.29311 1.236224e-15
2.29365 1.219113e-15
2.29418 1.226383e-15
2.29472 1.212384e-15
2.29526 1.214118e-15
2.29579 1.211911e-15
2.29633 1.218757e-15
2.29686 1.202313e-15
2.2974 1.209432e-15
2.29794 1.210013e-15
2.29847 1.211252e-15
2.29901 1.206448e-15
2.29955 1.205079e-15
2.30008 1.204287e-15
2.30062 1.211527e-15
2.30116 1.21427e-15
2.30169 1.212124e-15
2.30223 1.209907e-15
2.30277 1.215591e-15
2.3033 1.189266e-15
2.30384 1.191505e-15
2.30438 1.19244e-15
2.30491 1.212946e-15
2.30545 1.185157e-15
2.30598 1.199025e-15
2.30652 1.190059e-15
2.30706 1.197884e-15
2.30759 1.181967e-15
2.30813 1.190207e-15
2.30867 1.17815e-15
2.3092 1.170881e-15
2.30974 1.156429e-15
2.31028 1.168337e-15
2.31081 1.170242e-15
2.31135 1.172582e-15
2.31189 1.162626e-15
2.31242 1.16541e-15
2.31296 1.16289e-15
2.3135 1.17016e-15
2.31403 1.171904e-15
2.31457 1.17681e-15
2.31511 1.208983e-15
2.31564 1.231366e-15
2.31618 1.233463e-15
2.31671 1.236399e-15
2.31725 1.247901e-15
2.31779 1.241309e-15
2.31832 1.213553e-15
2.31886 1.19301e-15
2.3194 1.19341e-15
2.31993 1.175454e-15
2.32047 1.169105e-15
2.32101 1.149078e-15
2.32154 1.152276e-15
2.32208 1.142917e-15
2.32262 1.125396e-15
2.32315 1.139595e-15
2.32369 1.123488e-15
2.32423 1.131222e-15
2.32476 1.119288e-15
2.3253 1.116041e-15
2.32583 1.128442e-15
2.32637 1.133418e-15
2.32691 1.140456e-15
2.32744 1.149169e-15
2.32798 1.149044e-15
2.32852 1.143757e-15
2.32905 1.157723e-15
2.32959 1.152092e-15
2.33013 1.148048e-15
2.33066 1.155721e-15
2.3312 1.146211e-15
2.33174 1.160339e-15
2.33227 1.164911e-15
2.33281 1.157563e-15
2.33334 1.151175e-15
2.33388 1.153656e-15
2.33442 1.155015e-15
2.33495 1.155708e-15
2.33549 1.165381e-15
2.33603 1.165468e-15
2.33656 1.167424e-15
2.3371 1.163187e-15
2.33764 1.150698e-15
2.33817 1.16329e-15
2.33871 1.177357e-15
2.33925 1.150696e-15
2.33978 1.154005e-15
2.34032 1.147475e-15
2.34086 1.14232e-15
2.34139 1.129861e-15
2.34193 1.120625e-15
2.34246 1.135449e-15
2.343 1.130001e-15
2.34354 1.137926e-15
2.34407 1.136205e-15
2.34461 1.146867e-15
2.34515 1.165903e-15
2.34568 1.150414e-15
2.34622 1.15138e-15
2.34676 1.155376e-15
2.34729 1.151857e-15
2.34783 1.149438e-15
2.34837 1.16912e-15
2.3489 1.165541e-15
2.34944 1.165193e-15
2.34997 1.150402e-15
2.35051 1.135399e-15
2.35105 1.131334e-15
2.35158 1.133906e-15
2.39 1.074902e-15
2.41 1.047748e-15
2.43 1.021943e-15
2.45 9.974088e-16
2.47 9.74069e-16
2.49 9.518548e-16
2.51 9.307012e-16
2.53 9.105484e-16
2.55731 8.32566e-16
2.56669 8.412939e-16
2.57607 8.605889e-16
2.58546 8.903911e-16
2.59485 8.860905e-16
2.60425 8.778187e-16
2.61365 8.593505e-16
2.62306 8.563759e-16
2.63248 8.407726e-16
2.6419 8.007121e-16
2.65132 7.688744e-16
2.66075 7.69026e-16
2.67018 7.826144e-16
2.67962 7.954571e-16
2.68906 7.760921e-16
2.69851 7.859674e-16
2.70796 7.760126e-16
2.71742 7.819547e-16
2.72688 7.707215e-16
2.73635 7.730964e-16
2.74582 7.573561e-16
2.75529 7.224652e-16
2.76477 7.18469e-16
2.77425 7.27416e-16
2.78374 7.344178e-16
2.79323 7.327086e-16
2.80272 7.161579e-16
2.81222 7.089875e-16
2.82172 6.999822e-16
2.83123 7.079272e-16
2.84074 7.147182e-16
2.85025 7.209446e-16
2.85977 7.041961e-16
2.86929 6.821742e-16
2.87882 6.744225e-16
2.88835 6.627868e-16
2.89788 6.514373e-16
2.90741 6.555279e-16
2.91695 6.649744e-16
2.92649 6.771999e-16
2.93604 6.817689e-16
2.94559 6.70389e-16
2.95514 6.693645e-16
2.9647 6.592793e-16
2.97425 6.477228e-16
2.98382 6.485438e-16
2.99338 6.37177e-16
3.00295 6.279395e-16
3.01252 6.228986e-16
3.02209 6.133623e-16
3.03167 5.97907e-16
3.04125 5.936602e-16
3.05083 5.705482e-16
3.06041 5.633044e-16
3.07 5.417616e-16
3.07959 5.398648e-16
3.08919 5.323069e-16
3.09878 5.199583e-16
3.10838 5.268851e-16
3.11798 5.056747e-16
3.12758 5.101425e-16
3.13719 5.160579e-16
3.1468 5.491817e-16
3.15641 5.447916e-16
3.16602 5.435045e-16
3.17564 5.334175e-16
3.18526 5.332397e-16
3.19488 5.365921e-16
3.2045 5.388388e-16
3.21412 5.350544e-16
3.22375 5.237027e-16
3.23338 5.162957e-16
3.24301 5.115725e-16
3.25264 5.03579e-16
3.26228 4.951078e-16
3.27191 5.017834e-16
3.28155 5.111811e-16
3.29119 5.167582e-16
3.30084 5.070402e-16
3.31048 4.940489e-16
3.32013 4.908338e-16
3.32978 4.856501e-16
3.33943 4.989088e-16
3.34908 4.953371e-16
3.35873 5.001043e-16
3.36839 4.972271e-16
3.37805 4.914508e-16
3.38771 5.006354e-16
3.39737 4.924584e-16
3.40703 4.965363e-16
3.41669 4.863282e-16
3.42636 4.838646e-16
3.43603 4.828698e-16
3.44569 4.889078e-16
3.45536 4.83018e-16
3.46504 4.878793e-16
3.47471 4.679779e-16
3.48438 4.677716e-16
3.49406 4.501121e-16
3.50374 4.688384e-16
3.51342 4.571599e-16
3.5231 4.589164e-16
3.53278 4.609681e-16
3.54246 4.437516e-16
3.55214 4.277754e-16
3.56183 4.162105e-16
3.57151 4.082369e-16
3.5812 4.045562e-16
3.59089 3.881913e-16
3.60058 3.922897e-16
3.61027 3.906087e-16
3.61996 4.021187e-16
3.62966 4.087301e-16
3.63935 4.220573e-16
3.64905 4.234421e-16
3.65874 4.323291e-16
3.66844 4.243801e-16
3.67814 4.251305e-16
3.68784 4.143512e-16
3.69754 4.079834e-16
3.70724 3.97787e-16
3.71694 3.977783e-16
3.72665 3.975126e-16
3.73635 3.9836e-16
3.74606 3.940069e-16
3.75576 3.914049e-16
3.76547 3.930597e-16
3.77518 3.930019e-16
3.78488 3.876793e-16
3.79459 3.878534e-16
3.8043 3.869051e-16
3.81401 3.761443e-16
3.82373 3.689463e-16
3.83344 3.523804e-16
3.84315 3.489972e-16
3.85286 3.488886e-16
3.86258 3.470098e-16
3.87229 3.554663e-16
3.88201 3.529091e-16
3.89173 3.471569e-16
3.90144 3.331638e-16
3.91116 3.344077e-16
3.92088 3.274544e-16
3.9306 3.208847e-16
3.94032 3.195892e-16
3.95004 3.248864e-16
3.95976 3.327943e-16
3.96948 3.279253e-16
3.9792 3.192489e-16
3.98892 3.143108e-16
3.99864 3.084237e-16
4.00837 3.13064e-16
4.01809 3.192943e-16
4.02781 3.232276e-16
4.03754 3.256088e-16
4.04726 3.220585e-16
4.05699 3.255558e-16
4.06671 3.162666e-16
4.07644 3.127307e-16
4.08617 3.050582e-16
4.09589 2.978501e-16
4.10562 2.970531e-16
4.11535 2.93659e-16
4.12507 2.898416e-16
4.1348 2.844215e-16
4.14453 2.82556e-16
4.15426 2.801399e-16
4.16399 2.697375e-16
4.17372 2.630966e-16
4.18345 2.61864e-16
4.19318 2.586914e-16
4.20291 2.589452e-16
4.21264 2.569687e-16
4.22237 2.68885e-16
4.2321 2.663623e-16
4.24183 2.728951e-16
4.25156 2.645034e-16
4.26129 2.667053e-16
4.27102 2.681271e-16
4.28075 2.800263e-16
4.29048 2.748203e-16
4.30021 2.653063e-16
4.30995 2.545433e-16
4.31968 2.476958e-16
4.32941 2.427907e-16
4.33914 2.394988e-16
4.34887 2.474601e-16
4.3586 2.505612e-16
4.36834 2.483964e-16
4.37807 2.325048e-16
4.3878 2.273185e-16
4.39753 2.24918e-16
4.40726 2.237075e-16
4.41699 2.122842e-16
4.42673 2.1062e-16
4.43646 2.140101e-16
4.44619 2.24654e-16
4.45592 2.311865e-16
4.46565 2.297994e-16
4.47538 2.251036e-16
4.48512 2.229295e-16
4.49485 2.172519e-16
4.50458 2.200311e-16
4.51431 2.171758e-16
4.52404 2.174915e-16
4.53377 2.084004e-16
4.5435 2.04584e-16
4.55323 2.00075e-16
4.56296 2.013335e-16
4.57269 2.014795e-16
4.58242 2.063192e-16
4.59215 2.097733e-16
4.60188 2.049328e-16
4.61161 1.976844e-16
4.62133 1.892263e-16
4.63106 1.812505e-16
4.64079 1.825253e-16
4.65052 1.843479e-16
4.66024 2.005053e-16
4.66997 2.043595e-16
4.6797 2.028285e-16
4.68942 2.01466e-16
4.69915 2.06767e-16
4.70887 2.060835e-16
4.7186 2.002562e-16
4.72832 1.875052e-16
4.73805 1.857992e-16
4.74777 1.896016e-16
4.75749 1.97008e-16
4.76721 1.95599e-16
4.77694 1.916372e-16
4.78666 1.885532e-16
4.79638 1.938853e-16
4.8061 1.93629e-16
4.81582 1.883942e-16
4.82554 1.713757e-16
4.83526 1.735764e-16
4.84497 1.684708e-16
4.85469 1.741523e-16
4.86441 1.658543e-16
4.87412 1.731825e-16
4.88384 1.744284e-16
4.89355 1.72678e-16
5.0 1.771374e-16
5.1 1.730439e-16
5.2 1.694977e-16
5.3 1.664449e-16
5.4 1.638393e-16
5.51967 1.77521e-16
5.54991 1.77142e-16
5.58015 1.587041e-16
5.61039 1.661089e-16
5.64063 1.715602e-16
5.67088 1.654028e-16
5.70112 1.612012e-16
5.73136 1.558715e-16
5.7616 1.557861e-16
5.79184 1.591418e-16
5.82209 1.552778e-16
5.85233 1.4973e-16
5.88257 1.54329e-16
5.91281 1.600337e-16
5.94305 1.54502e-16
5.9733 1.558139e-16
6.00354 1.599671e-16
6.03378 1.570368e-16
6.06402 1.554162e-16
6.09426 1.504585e-16
6.12451 1.514152e-16
6.15475 1.544872e-16
6.18499 1.53553e-16
6.21523 1.512189e-16
6.24547 1.531202e-16
6.27572 1.499695e-16
6.30596 1.533957e-16
6.3362 1.523469e-16
6.36644 1.522262e-16
6.39668 1.58465e-16
6.42693 1.505278e-16
6.45717 1.640266e-16
6.48741 1.625351e-16
6.51765 1.545612e-16
6.54789 1.546083e-16
6.57814 1.455151e-16
6.60838 1.409338e-16
6.63862 1.383683e-16
6.66886 1.449184e-16
6.6991 1.432577e-16
6.72935 1.424678e-16
6.75959 1.365762e-16
6.78983 1.445917e-16
6.82007 1.498866e-16
6.85031 1.446948e-16
6.88056 1.365953e-16
6.9108 1.397328e-16
6.94104 1.428742e-16
6.97128 1.407094e-16
7.00152 1.388375e-16
7.03177 1.453344e-16
7.06201 1.45106e-16
7.09225 1.492076e-16
7.12249 1.498721e-16
7.15273 1.691383e-16
7.18298 1.586897e-16
7.21322 1.449753e-16
7.24346 1.492289e-16
7.2737 1.485352e-16
7.30394 1.439174e-16
7.33419 1.4333e-16
7.36443 1.35954e-16
7.39467 1.454294e-16
7.42491 1.348352e-16
7.45515 1.422436e-16
7.4854 1.312336e-16
7.51564 1.518014e-16
7.57612 1.457272e-16
7.6366 1.51323e-16
7.69709 1.522974e-16
7.75757 1.531831e-16
7.81805 1.562316e-16
7.87854 1.506633e-16
7.93902 1.53326e-16
7.99951 1.46471e-16
8.05999 1.465312e-16
8.12047 1.477886e-16
8.180959 1.506177e-16
8.24144 1.452643e-16
8.30192 1.420478e-16
8.362409 1.356096e-16
8.42289 1.39644e-16
8.48337 1.281446e-16
8.54386 1.3426e-16
8.60434 1.342482e-16
8.66483 1.398982e-16
8.72531 1.380942e-16
8.785791 1.387436e-16
8.84628 1.422719e-16
8.90676 1.379891e-16
8.967241 1.425934e-16
9.02773 1.405583e-16
9.08821 1.438651e-16
9.14869 1.418298e-16
9.20918 1.436921e-16
9.26966 1.398315e-16
9.33015 1.420969e-16
9.39063 1.451389e-16
9.45111 1.471704e-16
9.511599 1.499545e-16
9.57208 1.536805e-16
9.63256 1.539331e-16
9.69305 1.598077e-16
9.75353 1.564332e-16
9.814009 1.616324e-16
9.8745 1.669884e-16
9.93498 1.674989e-16
9.99547 1.647699e-16
10.05595 1.641842e-16
10.11643 1.676675e-16
10.17692 1.696575e-16
10.2374 1.672035e-16
10.29788 1.702811e-16
10.35837 1.732111e-16
10.41885 1.726821e-16
10.47933 1.739057e-16
10.53982 1.729437e-16
10.6003 1.759169e-16
10.660791 1.780268e-16
10.72127 1.795582e-16
10.78175 1.805869e-16
10.842241 1.801534e-16
10.90272 1.797703e-16
10.9632 1.781646e-16
11.02369 1.780145e-16
11.08417 1.803817e-16
11.144651 1.752209e-16
11.20514 1.738371e-16
11.26562 1.77324e-16
11.32611 1.737586e-16
11.38659 1.75027e-16
11.44707 1.855734e-16
11.50756 1.931281e-16
11.56804 1.97944e-16
11.62852 1.885232e-16
11.689009 1.843245e-16
11.74949 1.810906e-16
11.80997 1.750909e-16
11.870459 1.734111e-16
11.93094 1.680348e-16
11.99143 1.678469e-16
12.05191 1.70245e-16
12.11239 1.699265e-16
12.17288 1.680078e-16
12.23336 1.672317e-16
12.293841 1.641762e-16
12.35433 1.625009e-16
12.41481 1.645742e-16
12.475291 1.652688e-16
12.53578 1.653537e-16
12.59626 1.659383e-16
12.65675 1.630059e-16
12.71723 1.622744e-16
12.77771 1.637441e-16
12.8382 1.623848e-16
12.89868 1.639544e-16
12.95916 1.641343e-16
13.019651 1.614649e-16
13.08013 1.673885e-16
13.140609 1.770949e-16
13.2011 1.739914e-16
13.26158 1.588382e-16
13.322059 1.552397e-16
13.38255 1.545129e-16
13.44303 1.547852e-16
13.50352 1.562856e-16
13.564 1.542152e-16
13.62448 1.560591e-16
13.68497 1.564938e-16
13.74545 1.566487e-16
13.80593 1.549272e-16
13.86642 1.545935e-16
13.9269 1.54913e-16
13.98738 1.588537e-16
14.06935 1.653844e-16
14.15403 1.693193e-16
14.238711 1.71047e-16
14.323381 1.692882e-16
14.408059 1.739329e-16
14.492739 1.762682e-16
14.577409 1.761814e-16
14.662091 1.7691e-16
14.74677 1.754276e-16
14.83145 1.744282e-16
14.91612 1.725246e-16
15.0008 1.707966e-16
15.08548 1.706145e-16
15.17015 1.712348e-16
15.25483 1.739209e-16
15.339509 1.732581e-16
15.42418 1.717849e-16
15.508859 1.717664e-16
15.593541 1.720793e-16
15.678211 1.706972e-16
15.762891 1.740316e-16
15.84757 1.750191e-16
15.932239 1.839856e-16
16.01692 1.905513e-16
16.1016 1.766814e-16
16.18628 1.772591e-16
16.27095 1.739936e-16
16.355631 1.750396e-16
16.440309 1.74076e-16
16.524981 1.745394e-16
16.609659 1.767917e-16
16.694339 1.79395e-16
16.779011 1.805143e-16
16.863689 1.834136e-16
16.94837 1.827503e-16
17.033039 1.809572e-16
17.11772 1.807873e-16
17.2024 1.834943e-16
17.287069 1.841537e-16
17.37175 1.834521e-16
17.45643 1.891427e-16
17.541109 1.868461e-16
17.62578 1.826047e-16
17.710461 1.80847e-16
17.795139 1.774457e-16
17.879811 1.751365e-16
17.964491 1.739883e-16
18.04917 1.705846e-16
18.133841 1.69454e-16
18.218519 1.692445e-16
18.3032 1.640182e-16
18.38787 1.667437e-16
18.47255 1.635486e-16
18.55723 1.638458e-16
18.641898 1.632173e-16
18.72658 1.6025e-16
18.811261 1.609984e-16
18.895941 1.612373e-16
18.980609 1.573553e-16
19.065291 1.578995e-16
19.149969 1.589104e-16
19.234641 1.563056e-16
19.31932 1.545157e-16
19.404 1.526649e-16
19.48867 1.524549e-16
19.573352 1.52136e-16
19.65803 1.496491e-16
19.7427 1.491652e-16
19.82738 1.512793e-16
19.912059 1.521701e-16
19.996731 1.443098e-16
20.081409 1.493279e-16
20.166091 1.450332e-16
20.25077 1.445194e-16
20.335439 1.381132e-16
20.42012 1.447397e-16
20.504802 1.359893e-16
20.58947 1.386978e-16
20.75883 1.387182e-16
20.928181 1.375159e-16
21.09753 1.363296e-16
21.266889 1.367472e-16
21.436239 1.325453e-16
21.6056 1.320891e-16
21.77495 1.309562e-16
21.9443 1.266776e-16
22.113661 1.25474e-16
22.283011 1.250885e-16
22.452359 1.237824e-16
22.621719 1.216619e-16
22.79107 1.182545e-16
22.96043 1.189949e-16
23.12978 1.198093e-16
23.29913 1.194122e-16
23.468491 1.175853e-16
23.637841 1.184746e-16
23.807191 1.153994e-16
23.976548 1.153596e-16
24.1459 1.134737e-16
24.315259 1.117752e-16
24.484609 1.113878e-16
24.653959 1.092992e-16
24.82332 1.076814e-16
24.99267 1.070313e-16
25.16202 1.046504e-16
25.331381 1.027704e-16
25.500731 1.030283e-16
25.670089 1.012526e-16
25.839439 9.955691000000001e-17
26.008789 9.902507e-17
26.17815 9.734675000000001e-17
26.3475 9.507215e-17
26.51685 1.008357e-16
26.686209 9.963964e-17
26.855559 9.375380000000001e-17
27.024919 9.08206e-17
27.194269 8.929435000000001e-17
27.363622 9.061182000000001e-17
27.532981 9.070692000000001e-17
27.702328 8.761409000000001e-17
27.871678 8.698126e-17
28.041041 8.678365000000001e-17
28.210391 8.729736e-17
28.37975 8.548671000000001e-17
28.5491 8.346391e-17
28.71845 8.276584000000001e-17
28.887809 8.257304000000001e-17
29.057159 8.332332000000001e-17
29.226509 8.050474000000001e-17
29.395869 7.915100000000001e-17
29.565219 7.723238e-17
29.734578 7.683130000000001e-17
29.903931 7.550241e-17
30.073281 7.565156000000001e-17
30.242641 7.576411000000001e-17
30.411991 7.547611e-17
30.581341 7.410391000000001e-17
30.7507 7.373732e-17
30.92005 7.356088000000001e-17
31.089409 7.108526e-17
31.258759 6.979850000000001e-17
31.428109 7.023227000000001e-17
31.597469 7.152548e-17
31.766822 6.925032000000001e-17
31.936172 6.80843e-17
32.105531 6.509102e-17
32.274878 6.753192000000001e-17
32.444241 6.830156000000001e-17
32.613591 6.646830000000001e-17
32.782941 6.512598000000001e-17
32.9523 6.212988000000001e-17
33.12165 6.354806000000001e-17
33.291 6.419015000000001e-17
33.460363 6.730916000000001e-17
33.629713 6.274466000000001e-17
33.799069 6.330437e-17
33.968419 6.359775000000001e-17
34.137772 6.349731e-17
34.307128 6.348592e-17
34.476478 6.268993e-17
34.645828 6.171278e-17
34.815191 6.067349000000001e-17
34.984538 6.00738e-17
35.1539 5.919186e-17
35.32325 5.637063e-17
35.4926 5.998121000000001e-17
35.661959 6.625725e-17
35.831309 6.161995e-17
36.000659 5.877042e-17
36.170022 5.2767020000000005e-17
36.339372 5.451665e-17
36.508731 5.3447020000000005e-17
36.678081 5.5252900000000006e-17
36.847431 5.563e-17
37.016787 5.2986850000000006e-17
37.186138 5.3116110000000005e-17
37.355491 4.433942e-17
39.0 4.907982e-17
40.0 4.6982110000000003e-17
41.0 4.5022590000000004e-17
42.0 4.3189120000000003e-17
43.0 4.1470860000000004e-17
44.0 3.985816e-17
45.0 3.8342330000000004e-17
46.0 3.691559e-17
47.0 3.557094e-17
48.0 3.4302050000000005e-17
49.0 3.3103220000000004e-17
51.0 2.9032060000000005e-17
52.0 2.814428e-17
53.0 2.7457970000000002e-17
54.0 2.6938890000000003e-17
55.0 2.6559510000000002e-17
56.0 2.629743e-17
57.0 2.6134100000000003e-17
58.0 2.6053930000000004e-17
59.0 2.6043610000000003e-17
60.557631 2.5267720000000003e-17
61.163206 2.5553320000000004e-17
61.774838 2.582677e-17
62.392588 2.6087760000000002e-17
63.016519 2.633604e-17
63.646681 2.6571340000000002e-17
64.283144 2.6793440000000003e-17
64.925975 2.700214e-17
65.575238 2.7197270000000002e-17
66.230987 2.7378660000000002e-17
66.8933 2.754619e-17
67.562231 2.769975e-17
68.23785 2.7839250000000005e-17
68.920225 2.7964640000000005e-17
69.609431 2.807587e-17
70.305519 2.817295e-17
71.008575 2.825587e-17
71.718656 2.832466e-17
72.435838 2.8379380000000005e-17
73.1602 2.8420090000000004e-17
73.8918 2.84469e-17
74.630719 2.845991e-17
75.377031 2.845926e-17
76.130794 2.84451e-17
76.8921 2.8417590000000004e-17
77.661025 2.837693e-17
78.437631 2.8323320000000003e-17
79.222006 2.825696e-17
80.014231 2.81781e-17
80.814375 2.8086990000000003e-17
81.622512 2.798387e-17
82.438738 2.786902e-17
83.263125 2.7742740000000002e-17
84.095756 2.7605300000000002e-17
84.936712 2.7457010000000002e-17
85.786081 2.7298190000000003e-17
86.643938 2.7129160000000003e-17
87.510381 2.695023e-17
88.385481 2.6761750000000002e-17
89.269338 2.6564060000000003e-17
90.162031 2.6357500000000002e-17
91.06365 2.6142410000000002e-17
91.974288 2.591916e-17
92.894025 2.5688080000000002e-17
93.822969 2.5449550000000003e-17
94.7612 2.5203900000000002e-17
95.708813 2.4951510000000003e-17
96.6659 2.469272e-17
97.632563 2.4427900000000002e-17
98.608888 2.41574e-17
99.594975 2.3881560000000002e-17
100.590919 2.3600740000000003e-17
101.596831 2.3315280000000002e-17
102.6128 2.3025530000000002e-17
103.638931 2.273182e-17
104.675319 2.2434480000000002e-17
105.722075 2.2133850000000002e-17
106.779288 2.1830240000000002e-17
107.847088 2.152398e-17
108.92555 2.1215360000000003e-17
110.014813 2.090471e-17
111.11495 2.05923e-17
112.2261 2.027844e-17
113.348363 1.996341e-17
114.48185 1.964748e-17
115.626663 1.933091e-17
116.782938 1.901398e-17
117.950763 1.8696930000000002e-17
119.130263 1.8380000000000002e-17
120.321562 1.8063430000000003e-17
121.524788 1.7747450000000002e-17
122.740037 1.7432280000000003e-17
123.967425 1.7118130000000002e-17
125.207113 1.6805190000000002e-17
126.459188 1.6493670000000003e-17
127.723775 1.6183760000000003e-17
129.001013 1.587562e-17
130.291025 1.556943e-17
131.593925 1.5265350000000002e-17
132.909875 1.496354e-17
134.238975 1.4664130000000003e-17
135.581363 1.436727e-17
136.937175 1.407309e-17
138.30655 1.3781700000000001e-17
139.689625 1.349323e-17
141.086525 1.320778e-17
142.497388 1.2925450000000001e-17
143.92235 1.264634e-17
145.361588 1.2370530000000001e-17
146.8152 1.20981e-17
148.283363 1.182912e-17
149.7662 1.156366e-17
151.263875 1.1301790000000001e-17
152.776512 1.1043550000000002e-17
154.304275 1.0789e-17
155.847313 1.053818e-17
157.405788 1.0291130000000001e-17
158.979838 1.0047870000000001e-17
160.569625 9.808438000000001e-18
162.175338 9.572855e-18
163.797088 9.341142e-18
165.43505 9.113309000000001e-18
167.0894 8.889365e-18
168.760288 8.669315e-18
170.447888 8.453162e-18
172.152375 8.240901e-18
173.8739 8.032528e-18
175.612625 7.828032e-18
177.36875 7.627399e-18
179.14245 7.430614e-18
180.933875 7.23766e-18
182.743212 7.048511e-18
184.570638 6.863147e-18
186.41635 6.6815390000000005e-18
188.280513 6.503659e-18
190.163313 6.3294740000000005e-18
192.064938 6.158953e-18
193.985588 5.992058e-18
195.92545 5.828756e-18
197.8847 5.669006e-18
199.863538 5.512768e-18
201.862175 5.360002e-18
203.8808 5.210664e-18
205.919612 5.064712e-18
207.978813 4.922099e-18
210.0586 4.782781e-18
212.159175 4.6467120000000004e-18
214.280775 4.513844e-18
216.4236 4.384128e-18
218.587825 4.257517e-18
220.7737 4.133963e-18
222.98145 4.013413e-18
225.21125 3.895821e-18
227.463375 3.781135e-18
229.738 3.669307e-18
232.0354 3.560284e-18
234.35575 3.454018e-18
236.699325 3.350458e-18
239.066325 3.249554e-18
241.456975 3.151255e-18
243.87155 3.0555130000000002e-18
246.31025 2.962276e-18
248.773375 2.871496e-18
251.2611 2.783122e-18
253.773725 2.697107e-18
256.311475 2.613402e-18
258.874575 2.531959e-18
261.46335 2.452729e-18
264.077975 2.375666e-18
266.718725 2.300724e-18
269.385925 2.227854e-18
272.079775 2.157012e-18
274.800575 2.088152e-18
277.5486 2.021229e-18
280.324075 1.9562e-18
283.127325 1.89302e-18
285.9586 1.831647e-18
288.8182 1.772039e-18
291.706375 1.7141530000000001e-18
294.62345 1.657949e-18
297.5697 1.603385e-18
300.5454 1.550423e-18
303.55085 1.499023e-18
306.58635 1.449146e-18
309.6522 1.400754e-18
312.74875 1.35381e-18
315.87625 1.308278e-18
319.035 1.264122e-18
322.22535 1.221305e-18
325.447625 1.1797940000000001e-18
328.7021 1.1395550000000001e-18
331.9891 1.100555e-18
335.309025 1.0627600000000001e-18
338.6621 1.0261390000000001e-18
342.0487 9.9066e-19
345.4692 9.562924999999999e-19
348.923875 9.230067e-19
352.4131 8.907728e-19
355.937225 8.595618999999999e-19
359.4966 8.293457999999999e-19
363.09155 8.000969999999999e-19
366.722475 7.717884999999999e-19
370.3897 7.443936999999999e-19
374.0936 7.178867e-19
377.83455 6.9224259999999995e-19
381.6129 6.674364999999999e-19
385.429 6.434444999999999e-19
389.2833 6.202429e-19
393.176125 5.978085999999999e-19
397.107875 5.761192999999999e-19
401.07895 5.551531999999999e-19
405.08975 5.348886999999999e-19
409.14065 5.153052e-19
413.232075 4.963821e-19
417.364375 4.780997e-19
421.538 4.604387999999999e-19
425.7534 4.433802999999999e-19
430.01095 4.2690589999999995e-19
434.31105 4.1099769999999995e-19
438.65415 3.9563829999999996e-19
443.0407 3.8081069999999996e-19
447.4711 3.664983e-19
451.9458 3.5268509999999994e-19
456.46525 3.393554e-19
461.0299 3.2649389999999997e-19
465.6402 3.1408559999999996e-19
470.29665 3.021163e-19
474.9996 2.9057179999999996e-19
479.7496 2.794386e-19
484.5471 2.6870319999999995e-19
489.3926 2.583528e-19
494.28655 2.4837489999999996e-19
499.2294 2.387572e-19
504.2217 2.2948789999999997e-19
509.26395 2.2055549999999997e-19
514.3566 2.1194879999999998e-19
519.50015 2.0365699999999997e-19
524.69515 1.956696e-19
529.9421 1.8797609999999998e-19
535.2415 1.8056689999999998e-19
540.59395 1.7343209999999998e-19
545.99985 1.6656259999999998e-19
551.45985 1.5994909999999998e-19
556.97445 1.53583e-19
562.54415 1.4745569999999998e-19
568.1696 1.41559e-19
573.8513 1.3588469999999998e-19
579.5898 1.3042519999999998e-19
585.3857 1.2517299999999998e-19
591.23955 1.2012079999999999e-19
597.15195 1.152615e-19
603.12345 1.1058829999999998e-19
609.1547 1.060945e-19
615.24625 1.017738e-19
621.3987 9.761996999999999e-20
627.61265 9.362704e-20
633.88875 8.978914999999999e-20
640.22765 8.610072e-20
646.6299 8.255632e-20
653.0962 7.915067999999999e-20
659.62715 7.587874e-20
666.2234 7.273557e-20
672.8856 6.971645999999999e-20
679.6145 6.681678999999999e-20
686.41065 6.403213e-20
693.2747 6.135822999999999e-20
700.2075 5.879092e-20
707.2096 5.632621e-20
714.2817 5.396027e-20
721.42455 5.168935e-20
728.6388 4.9509869999999996e-20
735.92515 4.741836e-20
743.2844 4.5411449999999996e-20
750.71725 4.3485949999999995e-20
758.2244 4.16387e-20
765.80665 3.986671e-20
773.46475 3.8167069999999996e-20
781.19935 3.6537009999999996e-20
789.01135 3.49738e-20
796.90145 3.347486e-20
804.8705 3.203768e-20
812.91925 3.065984e-20
821.0484 2.933903e-20
829.2589 2.807298e-20
837.5515 2.6859539999999998e-20
845.927 2.5696649999999998e-20
854.3862 2.458229e-20
862.9301 2.351453e-20
871.5594 2.2491519999999998e-20
880.275 2.151145e-20
889.0777 2.057262e-20
897.9685 1.9673369999999998e-20
906.9482 1.88121e-20
916.0177 1.798728e-20
925.1779 1.719743e-20
934.4296 1.644114e-20
943.7739 1.5717039999999998e-20
953.2117 1.5023819999999998e-20
962.7438 1.4360209999999998e-20
972.3713 1.3724999999999998e-20
982.095 1.3117019999999999e-20
991.9159 1.253517e-20
1001.8 1.197811e-20
