1.0332e-05 6.831286e-11
1.4465e-05 1.125859e-11
2.0664e-05 1.979189e-11
3.011e-05 2.032196e-11
4.3542e-05 1.63262e-11
5.6826e-05 1.009518e-11
7.5276e-05 4.203978e-12
0.00016265 1.306784e-12
0.00019244 1.897573e-12
0.00021416 1.488069e-12
0.00023543 9.292729e-13
0.0002585 8.199152e-13
0.00027961 7.44445e-13
0.00029943 7.032505e-13
0.00031947 6.348382e-13
0.0003395 5.888964e-13
0.00036305 4.342694e-13
0.00039035 4.055386e-13
0.00041423 5.341846e-13
0.0004361 4.810368e-13
0.00045862 4.778886e-13
0.00048479 3.288685e-13
0.00051265 4.073928e-13
0.00054067 3.496859e-13
0.00056767 3.39618e-13
0.00058772 4.25053e-13
0.00059897 8.031255e-13
0.00061561 2.618391e-13
0.00064443 2.304154e-13
0.00067224 2.819591e-13
0.00069274 2.362985e-13
0.0007149 2.297399e-13
0.00073811 2.727267e-13
0.00075611 2.651715e-13
0.00077752 1.928334e-13
0.0007948 2.771267e-13
0.00081323 1.89414e-13
0.00083215 2.292226e-13
0.00084347 2.296209e-13
0.00085812 2.636724e-13
0.0008795 2.010621e-13
0.00090519 1.779151e-13
0.00092531 2.02379e-13
0.00093933 1.805149e-13
0.00095753 2.465886e-13
0.00097631 1.920549e-13
0.000996 1.840483e-13
0.0010163 1.494954e-13
0.0010377 1.775708e-13
0.0010598 1.896802e-13
0.0010782 2.245353e-13
0.0010973 1.801156e-13
0.0011171 1.851331e-13
0.0011376 1.47511e-13
0.0011588 1.789598e-13
0.0011809 2.173554e-13
0.0012038 1.679682e-13
0.001234 1.64861e-13
0.0012588 2.208328e-13
0.0012783 1.622553e-13
0.0012983 2.287572e-13
0.0013191 1.60507e-13
0.0013478 1.82096e-13
0.0013778 1.644548e-13
0.0014174 1.559939e-13
0.0014588 1.205844e-13
0.0014849 1.904778e-13
0.0015122 1.466495e-13
0.00155 1.165787e-13
0.0015795 1.992899e-13
0.0015999 2.048387e-13
0.0016316 1.525926e-13
0.0016758 1.539315e-13
0.0017223 1.108257e-13
0.0017716 1.037107e-13
0.0018101 1.999994e-13
0.0018509 1.237466e-13
0.001893 2.35674e-13
0.0019377 1.413368e-13
0.0020003 1.072782e-13
0.002067 1.178355e-13
0.0021383 8.309819e-14
0.0022147 8.833681e-14
0.0022751 1.34454e-13
0.0023177 1.247633e-13
0.0023618 1.298118e-13
0.0024077 1.40173e-13
0.0024554 1.256109e-13
0.002505 1.494944e-13
0.0025566 9.446345e-14
0.0026105 9.601853e-14
0.0026666 1.004675e-13
0.0027253 1.109448e-13
0.0027865 9.641229e-14
0.0028506 1.187361e-13
0.0029177 9.935414e-14
0.0030258 7.698036e-14
0.0031812 7.505322e-14
0.0033068 1.029872e-13
0.0034467 6.098729e-14
0.0036498 8.040773e-14
0.003945 6.927262e-14
0.099447 2.798365e-14
0.099953 3.11814e-14
0.100458 3.119627e-14
0.100963 2.842365e-14
0.101467 2.672647e-14
0.101972 3.338949e-14
0.102478 2.021044e-14
0.102982 3.483775e-14
0.103488 2.656737e-14
0.103993 3.397035e-14
0.104497 3.779044e-14
0.105003 2.811432e-14
0.105507 3.560159e-14
0.106013 3.762714e-14
0.106518 2.560943e-14
0.107022 3.727417e-14
0.107528 3.574227e-14
0.108032 3.415877e-14
0.109637 3.083595e-14
0.110143 3.352283e-14
0.110647 3.23917e-14
0.111153 3.183467e-14
0.111657 3.591983e-14
0.112163 3.332784e-14
0.112668 3.5783e-14
0.113172 3.461033e-14
0.113678 2.847157e-14
0.114182 2.599012e-14
0.114688 2.402109e-14
0.115193 2.332081e-14
0.115697 2.751742e-14
0.116203 3.315959e-14
0.116707 4.108065e-14
0.117213 4.414308e-14
0.117718 5.112315e-14
0.118222 5.81434e-14
0.118728 5.819245e-14
0.119232 5.676528e-14
0.119738 5.667127e-14
0.120243 4.46077e-14
0.120747 3.348099e-14
0.121253 1.523108e-14
0.121757 9.96033e-15
0.122263 3.104667e-14
0.122768 3.819052e-14
0.123272 3.972866e-14
0.123778 3.830842e-14
0.124282 3.76857e-14
0.124788 3.622754e-14
0.125293 3.237921e-14
0.125797 2.91711e-14
0.126303 2.9879e-14
0.126807 3.109668e-14
0.127312 3.031075e-14
0.127818 2.982502e-14
0.128322 3.080079e-14
0.128828 2.982539e-14
0.129332 2.860585e-14
0.129837 2.909224e-14
0.130343 2.575028e-14
0.130847 2.79061e-14
0.131353 2.797389e-14
0.131857 2.901412e-14
0.132362 2.87843e-14
0.132868 2.794813e-14
0.133372 2.413362e-14
0.133878 2.892584e-14
0.134382 2.971979e-14
0.134887 2.788491e-14
0.135393 3.345001e-14
0.135897 3.483015e-14
0.136403 3.526824e-14
0.136907 3.719132e-14
0.137412 4.501652e-14
0.137918 5.440108e-14
0.138422 6.825961e-14
0.138928 8.289233e-14
0.139432 1.029757e-13
0.139938 1.432688e-13
0.140443 1.597557e-13
0.140947 1.064569e-13
0.141453 7.762805e-14
0.141957 6.745041e-14
0.142463 6.220259e-14
0.142968 5.985253e-14
0.143472 5.453881e-14
0.143978 4.662372e-14
0.144482 4.331676e-14
0.144988 3.77671e-14
0.145493 3.352904e-14
0.145997 3.199627e-14
0.146503 2.800616e-14
0.147007 2.826673e-14
0.147513 2.69721e-14
0.148018 2.582436e-14
0.148522 2.628457e-14
0.149028 2.520235e-14
0.149532 2.5933e-14
0.150038 2.575447e-14
0.150543 2.840177e-14
0.151047 2.651839e-14
0.151553 2.463799e-14
0.152057 2.340774e-14
0.152563 2.017203e-14
0.153068 2.269321e-14
0.153572 2.362001e-14
0.154078 2.295965e-14
0.154582 2.246745e-14
0.155088 2.120244e-14
0.155593 2.189803e-14
0.156097 2.179998e-14
0.156603 2.19744e-14
0.157107 2.24373e-14
0.157613 2.092181e-14
0.158118 2.186135e-14
0.158622 2.266319e-14
0.159128 2.414743e-14
0.159632 2.422582e-14
0.160138 2.645794e-14
0.160643 2.578987e-14
0.161147 2.962721e-14
0.161653 2.745729e-14
0.162157 2.828896e-14
0.162663 2.673796e-14
0.163168 2.399246e-14
0.163672 2.301957e-14
0.164178 2.153448e-14
0.164682 2.030305e-14
0.165188 1.977698e-14
0.165693 2.146055e-14
0.166197 2.026756e-14
0.166703 1.952198e-14
0.167207 1.726288e-14
0.167713 1.939875e-14
0.168218 2.014762e-14
0.168722 1.978928e-14
0.169228 1.982334e-14
0.169732 1.985822e-14
0.170238 2.001449e-14
0.170743 1.896544e-14
0.171247 2.026442e-14
0.171753 2.066824e-14
0.172257 2.103723e-14
0.172763 2.21824e-14
0.173268 2.323898e-14
0.173772 2.434666e-14
0.174278 2.210031e-14
0.174782 2.528172e-14
0.175288 2.896105e-14
0.175793 3.373554e-14
0.176297 3.687094e-14
0.176803 4.642386e-14
0.177307 5.261854e-14
0.177813 5.73331e-14
0.178318 6.926877e-14
0.178822 8.021631e-14
0.179328 6.563967e-14
0.179832 5.678173e-14
0.180338 5.103673e-14
0.180843 4.10632e-14
0.181347 4.069576e-14
0.181853 3.355696e-14
0.182357 3.329427e-14
0.182863 3.288911e-14
0.183368 2.86456e-14
0.183872 2.732312e-14
0.184378 2.572511e-14
0.184882 2.354987e-14
0.185388 2.094778e-14
0.185893 2.31592e-14
0.186397 2.212105e-14
0.186903 2.331584e-14
0.187407 2.304343e-14
0.187913 2.326425e-14
0.188418 2.272351e-14
0.188922 2.470791e-14
0.189428 2.326902e-14
0.189932 2.307402e-14
0.190438 2.362175e-14
0.190943 2.195618e-14
0.191447 2.350444e-14
0.191953 2.438378e-14
0.192457 2.283564e-14
0.192963 2.215692e-14
0.193468 2.062862e-14
0.193972 2.043208e-14
0.194478 1.929921e-14
0.194982 1.787104e-14
0.195488 1.742686e-14
0.195993 1.678477e-14
0.196497 1.788174e-14
0.197003 1.810785e-14
0.197507 1.69466e-14
0.198013 1.677255e-14
0.198518 1.548508e-14
0.199022 1.565888e-14
0.199528 1.504346e-14
0.200032 1.67353e-14
0.200538 1.68816e-14
0.201043 1.636624e-14
0.201547 1.666145e-14
0.202053 1.566537e-14
0.202557 1.479647e-14
0.203063 1.531433e-14
0.203568 1.42399e-14
0.204072 1.554944e-14
0.204578 1.516496e-14
0.205082 1.492775e-14
0.205588 1.429347e-14
0.206093 1.453417e-14
0.206598 1.40667e-14
0.207102 1.432264e-14
0.207607 1.556703e-14
0.208113 1.440855e-14
0.208618 1.619476e-14
0.209123 1.530546e-14
0.209627 1.460498e-14
0.210132 1.534837e-14
0.210638 1.488598e-14
0.211143 1.336406e-14
0.211648 1.499613e-14
0.212152 1.489113e-14
0.212657 1.40873e-14
0.213163 1.550595e-14
0.213668 1.497466e-14
0.214173 1.618165e-14
0.214677 1.527788e-14
0.215182 1.545887e-14
0.215688 1.587321e-14
0.216193 1.591833e-14
0.216698 1.64594e-14
0.217202 1.657923e-14
0.217707 1.844355e-14
0.218213 1.916568e-14
0.218718 1.898083e-14
0.219223 2.061137e-14
0.219727 2.337974e-14
0.220232 2.35577e-14
0.220738 2.259572e-14
0.221243 1.848412e-14
0.221748 1.830871e-14
0.222252 1.665231e-14
0.222757 1.570764e-14
0.223263 1.491136e-14
0.223768 1.381159e-14
0.224273 1.372534e-14
0.224777 1.383971e-14
0.225282 1.354488e-14
0.225788 1.28536e-14
0.226293 1.224915e-14
0.226798 1.206812e-14
0.227302 1.21898e-14
0.227807 1.250182e-14
0.228313 1.239339e-14
0.228818 1.215708e-14
0.229323 1.163163e-14
0.229827 1.205539e-14
0.230332 1.186572e-14
0.230838 1.243706e-14
0.231343 1.17206e-14
0.231848 1.20647e-14
0.232352 1.268149e-14
0.232857 1.208953e-14
0.233363 1.206869e-14
0.233868 1.142235e-14
0.234373 1.044483e-14
0.234877 1.129423e-14
0.235382 1.170538e-14
0.235887 1.129567e-14
0.236393 1.167228e-14
0.236898 1.183447e-14
0.237402 1.132527e-14
0.237907 1.106114e-14
0.238412 1.114464e-14
0.238918 1.225384e-14
0.239423 1.181461e-14
0.239927 1.202319e-14
0.240432 1.262103e-14
0.240937 1.146914e-14
0.241443 1.238807e-14
0.241948 1.200909e-14
0.242452 1.257581e-14
0.242957 1.207182e-14
0.243462 1.096876e-14
0.243968 1.183763e-14
0.244473 1.117912e-14
0.244977 1.15641e-14
0.245482 1.126136e-14
0.245988 1.090112e-14
0.246493 1.143857e-14
0.246998 1.066192e-14
0.247502 1.059913e-14
0.248007 1.082846e-14
0.248513 1.130442e-14
0.249018 1.062408e-14
0.249523 1.076946e-14
0.250027 1.018218e-14
0.250532 1.020225e-14
0.251038 1.104299e-14
0.251543 1.065552e-14
0.252048 1.067366e-14
0.252552 1.068504e-14
0.253057 1.086311e-14
0.253563 1.010554e-14
0.254068 1.042759e-14
0.254573 1.073669e-14
0.255077 1.046089e-14
0.255582 1.075462e-14
0.256088 1.048441e-14
0.256593 1.057216e-14
0.257098 1.006781e-14
0.257602 9.937177e-15
0.258107 9.944981e-15
0.258613 9.535294e-15
0.259118 1.021903e-14
0.259623 1.013304e-14
0.260127 9.273862e-15
0.260632 1.091418e-14
0.261138 1.114412e-14
0.261643 1.071116e-14
0.262148 1.069897e-14
0.262652 1.127958e-14
0.263157 1.068353e-14
0.263663 1.115769e-14
0.264168 1.143183e-14
0.264673 1.118449e-14
0.265177 1.137698e-14
0.265682 1.112742e-14
0.266188 1.095829e-14
0.266693 1.17012e-14
0.267198 1.193797e-14
0.267702 1.188789e-14
0.268207 1.233804e-14
0.268713 1.230964e-14
0.269218 1.195996e-14
0.269723 1.160526e-14
0.270227 1.100312e-14
0.270732 1.124676e-14
0.271238 1.209013e-14
0.271743 1.158947e-14
0.272248 1.103304e-14
0.272752 1.156508e-14
0.273257 1.14288e-14
0.273763 1.134772e-14
0.274268 1.060518e-14
0.274773 1.123578e-14
0.275277 1.105556e-14
0.275782 1.148307e-14
0.276288 1.152364e-14
0.276793 1.126189e-14
0.277298 1.143349e-14
0.277802 1.159198e-14
0.278307 1.131652e-14
0.278813 1.139875e-14
0.279318 1.059738e-14
0.279823 9.261973e-15
0.280327 8.978636e-15
0.280832 1.149805e-14
0.281338 1.150369e-14
0.281843 1.186474e-14
0.282348 1.114643e-14
0.282852 1.159109e-14
0.283357 1.068922e-14
0.283863 1.128251e-14
0.284368 1.137309e-14
0.284873 1.140492e-14
0.285377 1.123531e-14
0.285882 1.085958e-14
0.286388 1.087975e-14
0.286893 1.116667e-14
0.287398 1.152577e-14
0.287902 1.132077e-14
0.288407 1.1173e-14
0.288913 1.165123e-14
0.289418 1.059403e-14
0.289923 1.080907e-14
0.290427 1.102543e-14
0.290932 1.117234e-14
0.291438 1.15094e-14
0.291943 1.10175e-14
0.292448 1.089804e-14
0.292952 1.086502e-14
0.293457 1.089561e-14
0.293963 1.050416e-14
0.294468 1.06729e-14
0.294973 1.034516e-14
0.295477 1.000952e-14
0.295982 9.942572e-15
0.296488 1.027777e-14
0.296993 1.06996e-14
0.297498 1.007017e-14
0.298002 1.054464e-14
0.298507 1.044535e-14
0.299013 9.791857e-15
0.299518 1.032572e-14
0.300023 1.001749e-14
0.300527 1.041419e-14
0.301032 9.845257e-15
0.301538 1.028119e-14
0.302043 1.009125e-14
0.302548 9.568539e-15
0.303052 1.023434e-14
0.303557 1.086704e-14
0.304063 9.300958e-15
0.304568 9.461402e-15
0.305073 9.03754e-15
0.305577 8.981716e-15
0.306082 8.883335e-15
0.306588 9.778295e-15
0.307093 9.39194e-15
0.307598 8.848712e-15
0.308102 9.315358e-15
0.308607 9.171796e-15
0.309113 9.331814e-15
0.309618 8.783212e-15
0.310123 9.204647e-15
0.310627 9.936554e-15
0.311132 9.408634e-15
0.311638 9.219921e-15
0.312143 9.584504e-15
0.312648 9.31828e-15
0.313152 9.419826e-15
0.313657 9.521113e-15
0.314163 9.97314e-15
0.314668 1.080542e-14
0.315173 1.203555e-14
0.315677 1.148253e-14
0.316182 1.185391e-14
0.316688 1.114603e-14
0.317193 1.083694e-14
0.317698 1.234751e-14
0.318202 1.239537e-14
0.318707 1.238043e-14
0.319213 1.171991e-14
0.319718 1.299029e-14
0.320223 1.253697e-14
0.320727 1.35103e-14
0.321232 1.520187e-14
0.321738 1.669009e-14
0.322243 1.696049e-14
0.322748 1.78365e-14
0.323252 1.836424e-14
0.323757 1.799334e-14
0.324263 1.744315e-14
0.324768 1.478616e-14
0.325273 1.140823e-14
0.325777 1.037068e-14
0.326282 1.018673e-14
0.326788 9.76926e-15
0.327293 9.711976e-15
0.327798 1.010708e-14
0.328302 1.088139e-14
0.328807 1.101244e-14
0.329313 1.053373e-14
0.329818 9.801051e-15
0.330323 8.760787e-15
0.330827 8.641264e-15
0.331332 8.684659e-15
0.331838 8.683749e-15
0.332343 8.847097e-15
0.332848 8.563445e-15
0.333352 8.498616e-15
0.333857 8.403828e-15
0.334363 8.105381e-15
0.334868 8.371273e-15
0.335373 8.181065e-15
0.335877 8.023111e-15
0.336382 8.152585e-15
0.336888 8.055231e-15
0.337393 7.994158e-15
0.337898 8.065447e-15
0.338402 8.194098e-15
0.338907 8.356728e-15
0.339413 8.54023e-15
0.339918 8.48572e-15
0.340423 8.480449e-15
0.340927 8.386349e-15
0.341432 8.089499e-15
0.341938 8.344802e-15
0.342443 8.276739e-15
0.342948 8.218843e-15
0.343452 8.373452e-15
0.343957 8.005029e-15
0.344463 7.793177e-15
0.344968 8.080843e-15
0.345473 7.824878e-15
0.345977 7.808324e-15
0.346482 7.564701e-15
0.346988 7.692024e-15
0.347493 7.334285e-15
0.347998 7.306468e-15
0.348502 7.4016e-15
0.349007 7.344753e-15
0.349448 7.376687e-15
0.349952 7.061878e-15
0.35031 7.08212e-15
0.350457 7.211969e-15
0.350963 7.32001e-15
0.351468 7.249812e-15
0.351973 7.057586e-15
0.352477 7.222582e-15
0.352982 7.304047e-15
0.353488 7.163468e-15
0.353993 7.226791e-15
0.354498 7.196277e-15
0.355002 7.023454e-15
0.355507 7.287726e-15
0.356013 7.144221e-15
0.356518 7.149567e-15
0.357023 7.105291e-15
0.357527 7.108776e-15
0.358032 7.034099e-15
0.358538 7.133073e-15
0.359043 6.985419e-15
0.359548 6.967288e-15
0.360052 7.29878e-15
0.360557 7.222637e-15
0.361063 7.163209e-15
0.361568 7.324578e-15
0.362073 7.43267e-15
0.362577 7.288511e-15
0.363082 7.045573e-15
0.363588 7.165903e-15
0.364093 7.166149e-15
0.364598 7.186053e-15
0.365102 7.184018e-15
0.365607 7.310871e-15
0.366113 7.165697e-15
0.366618 7.358956e-15
0.367123 7.126644e-15
0.367627 7.310534e-15
0.368132 7.275964e-15
0.368638 7.182905e-15
0.369143 7.075799e-15
0.369648 7.18926e-15
0.370152 7.354793e-15
0.370657 7.186434e-15
0.371163 7.133884e-15
0.371668 7.104663e-15
0.372173 7.028023e-15
0.372677 6.909462e-15
0.373182 6.822317e-15
0.373688 6.85241e-15
0.374193 6.766377e-15
0.374698 6.862777e-15
0.375202 6.57594e-15
0.375707 6.709964e-15
0.376213 6.632446e-15
0.376718 6.652381e-15
0.377223 6.641313e-15
0.377727 6.599666e-15
0.378232 6.596834e-15
0.378738 6.514963e-15
0.379243 6.477413e-15
0.379748 6.427017e-15
0.380252 6.322344e-15
0.380757 6.320677e-15
0.381263 6.453501e-15
0.381768 6.278722e-15
0.382273 6.288204e-15
0.382777 6.287965e-15
0.383282 6.387278e-15
0.383788 6.417392e-15
0.384293 6.241904e-15
0.384798 6.294866e-15
0.385302 6.216092e-15
0.385807 6.446732e-15
0.386313 6.517268e-15
0.386818 6.389579e-15
0.387323 6.276193e-15
0.387827 6.241151e-15
0.388332 6.242281e-15
0.388838 6.217836e-15
0.389343 6.106989e-15
0.389848 6.232973e-15
0.390352 6.153739e-15
0.390857 6.085292e-15
0.391363 6.223493e-15
0.391868 6.208234e-15
0.392373 6.254159e-15
0.392877 6.268944e-15
0.393382 6.151608e-15
0.393888 6.186664e-15
0.394393 6.167842e-15
0.394898 6.476883e-15
0.395402 6.865747e-15
0.395907 6.795166e-15
0.396413 6.455079e-15
0.396918 6.242107e-15
0.397423 6.305576e-15
0.397927 6.29623e-15
0.398432 6.217685e-15
0.398938 6.223543e-15
0.399443 6.171015e-15
0.399948 6.110345e-15
0.400452 6.162577e-15
0.400957 6.119975e-15
0.401462 6.138281e-15
0.401968 6.163438e-15
0.402473 6.133121e-15
0.402977 6.103802e-15
0.403482 6.133579e-15
0.403987 5.965832e-15
0.404493 6.065873e-15
0.404998 5.942751e-15
0.405502 5.810287e-15
0.406007 5.865995e-15
0.406512 5.913195e-15
0.407018 5.812987e-15
0.407523 5.737916e-15
0.408027 5.699368e-15
0.408532 5.651756e-15
0.409037 5.705163e-15
0.409543 5.696751e-15
0.410048 5.640127e-15
0.410552 5.651436e-15
0.411058 5.624832e-15
0.411562 5.538212e-15
0.412067 5.508142e-15
0.412573 5.524598e-15
0.413077 5.485948e-15
0.413583 5.49963e-15
0.414087 5.610867e-15
0.414592 5.53848e-15
0.415098 5.583413e-15
0.415602 5.463228e-15
0.416108 5.475456e-15
0.416612 5.424164e-15
0.417117 5.4345e-15
0.417623 5.45201e-15
0.418127 5.399448e-15
0.418633 5.308364e-15
0.419137 5.43727e-15
0.419642 5.38033e-15
0.420148 5.330337e-15
0.420652 5.41291e-15
0.421158 5.335687e-15
0.421662 5.348841e-15
0.422167 5.324231e-15
0.422673 5.199553e-15
0.423177 5.278273e-15
0.423683 5.257943e-15
0.424187 5.29582e-15
0.424692 5.253072e-15
0.425198 5.280988e-15
0.425702 5.319027e-15
0.426208 5.242762e-15
0.426712 5.211195e-15
0.427217 5.241136e-15
0.427723 5.207239e-15
0.428227 5.11996e-15
0.428733 5.110693e-15
0.429237 5.222255e-15
0.429742 5.314632e-15
0.430248 6.161513e-15
0.430752 6.176302e-15
0.431258 5.219437e-15
0.431762 4.948667e-15
0.432267 4.928671e-15
0.432773 4.979784e-15
0.433277 4.909184e-15
0.433783 4.956797e-15
0.434288 4.868292e-15
0.434792 4.87536e-15
0.435298 4.775425e-15
0.435802 4.685127e-15
0.436308 4.786555e-15
0.436813 4.6613e-15
0.437317 4.587416e-15
0.437823 4.621785e-15
0.438327 4.579748e-15
0.438833 4.437316e-15
0.439338 4.438529e-15
0.439842 4.433914e-15
0.440348 4.466469e-15
0.440852 4.468826e-15
0.441358 4.371296e-15
0.441863 4.377711e-15
0.442367 4.33886e-15
0.442873 4.274958e-15
0.443377 4.310953e-15
0.443883 4.287699e-15
0.444388 4.302001e-15
0.444892 4.318815e-15
0.445398 4.387422e-15
0.445902 4.603588e-15
0.446408 5.235132e-15
0.446913 5.387851e-15
0.447417 4.76821e-15
0.447923 4.381352e-15
0.448427 4.407039e-15
0.448933 4.45357e-15
0.449438 4.322289e-15
0.449942 4.15191e-15
0.450448 4.058564e-15
0.450952 4.021767e-15
0.451458 4.015404e-15
0.451963 3.963901e-15
0.452467 3.952203e-15
0.452973 3.915611e-15
0.453477 3.821507e-15
0.453983 3.798841e-15
0.454488 3.767003e-15
0.454992 3.844485e-15
0.455498 3.861232e-15
0.456002 3.88143e-15
0.456508 3.887889e-15
0.457013 3.967962e-15
0.457517 4.066047e-15
0.458023 4.224379e-15
0.458527 4.148714e-15
0.459033 3.832177e-15
0.459538 3.80743e-15
0.460042 3.738486e-15
0.460548 3.680185e-15
0.461052 3.695203e-15
0.461558 3.662888e-15
0.462063 3.613095e-15
0.462567 3.536442e-15
0.463073 3.529888e-15
0.463577 3.474037e-15
0.464083 3.432638e-15
0.464588 3.43191e-15
0.465092 3.452959e-15
0.465598 3.431285e-15
0.466102 3.437337e-15
0.466608 3.387492e-15
0.467113 3.388503e-15
0.467617 3.423818e-15
0.468123 3.40633e-15
0.468627 3.481099e-15
0.469133 3.454851e-15
0.469638 3.590083e-15
0.470142 3.603251e-15
0.470648 3.6168e-15
0.471152 3.633544e-15
0.471658 3.667647e-15
0.472163 3.676746e-15
0.472667 3.659829e-15
0.473173 3.791813e-15
0.473677 3.881057e-15
0.474183 3.806488e-15
0.474688 3.664812e-15
0.475192 3.588797e-15
0.475698 3.557109e-15
0.476202 3.529403e-15
0.476708 3.461316e-15
0.477213 3.433415e-15
0.477717 3.426533e-15
0.478223 3.358751e-15
0.478727 3.353031e-15
0.479233 3.26496e-15
0.479738 3.210216e-15
0.480242 3.164416e-15
0.480748 3.197001e-15
0.481252 3.191306e-15
0.481758 3.133225e-15
0.482263 3.089957e-15
0.482767 3.075652e-15
0.483273 3.078607e-15
0.483777 3.04097e-15
0.484283 3.020225e-15
0.484788 3.116774e-15
0.485292 3.092258e-15
0.485798 3.101538e-15
0.486302 2.98169e-15
0.486808 2.966453e-15
0.487313 2.97623e-15
0.487817 2.965832e-15
0.488323 2.97075e-15
0.488827 2.984586e-15
0.489333 2.968066e-15
0.489838 3.06256e-15
0.490342 3.024658e-15
0.490848 2.968804e-15
0.491352 2.968064e-15
0.491858 2.979178e-15
0.492363 2.997422e-15
0.492867 2.99088e-15
0.493373 3.001957e-15
0.493877 3.018922e-15
0.494383 3.057331e-15
0.494888 3.136018e-15
0.495392 3.113046e-15
0.495898 3.22793e-15
0.496402 3.220568e-15
0.496908 3.229783e-15
0.497413 3.344372e-15
0.497917 3.365562e-15
0.498423 3.463261e-15
0.498927 3.613737e-15
0.499433 3.721088e-15
0.499938 3.769951e-15
0.500442 3.938736e-15
0.500948 4.110225e-15
0.501452 4.137256e-15
0.501958 3.943904e-15
0.502463 3.8755e-15
0.502967 3.924544e-15
0.503473 4.066901e-15
0.503977 4.022608e-15
0.504483 3.77708e-15
0.504988 3.542611e-15
0.505492 3.370533e-15
0.505998 3.264354e-15
0.506502 3.155266e-15
0.507008 3.117422e-15
0.507513 3.130617e-15
0.508017 3.065024e-15
0.508523 3.023778e-15
0.509027 3.047014e-15
0.509533 3.062588e-15
0.510038 2.989152e-15
0.510542 3.008705e-15
0.511048 2.894332e-15
0.511552 2.956275e-15
0.512058 2.89503e-15
0.512563 2.878514e-15
0.513067 2.873733e-15
0.513573 2.918101e-15
0.514077 2.890397e-15
0.514583 2.876352e-15
0.515088 2.823341e-15
0.515592 2.83128e-15
0.516098 2.888744e-15
0.516602 2.90816e-15
0.517108 2.943083e-15
0.517613 2.892159e-15
0.518117 2.834393e-15
0.518623 2.831933e-15
0.519127 2.820549e-15
0.519633 2.839703e-15
0.520138 2.817436e-15
0.520642 2.834298e-15
0.521148 2.818586e-15
0.521652 2.811818e-15
0.522158 2.858763e-15
0.522663 2.814905e-15
0.523167 2.804878e-15
0.523673 2.811986e-15
0.524177 2.833935e-15
0.524683 2.802815e-15
0.525188 2.810092e-15
0.525692 2.799595e-15
0.526198 2.821397e-15
0.526702 2.835727e-15
0.527208 2.840756e-15
0.527713 2.811825e-15
0.528217 2.818228e-15
0.528723 2.84789e-15
0.529227 2.803661e-15
0.529733 2.775274e-15
0.530238 2.771434e-15
0.530742 2.774151e-15
0.531248 2.771115e-15
0.531752 2.783377e-15
0.532258 2.805901e-15
0.532763 2.855495e-15
0.533267 2.828425e-15
0.533773 2.799854e-15
0.534277 2.765499e-15
0.534783 2.771294e-15
0.535288 2.759902e-15
0.535792 2.764244e-15
0.536298 2.764505e-15
0.536802 2.76343e-15
0.537308 2.72932e-15
0.537813 2.765573e-15
0.538317 2.698254e-15
0.538823 2.739567e-15
0.539327 2.762283e-15
0.539833 2.765217e-15
0.540338 2.751554e-15
0.540842 2.798969e-15
0.541348 2.808622e-15
0.541852 2.719191e-15
0.542358 2.719006e-15
0.542863 2.70939e-15
0.543367 2.695862e-15
0.543873 2.736591e-15
0.544377 2.719584e-15
0.544883 2.714572e-15
0.545388 2.749437e-15
0.545892 2.723885e-15
0.546398 2.71805e-15
0.546902 2.74813e-15
0.547408 2.800368e-15
0.547913 2.732316e-15
0.548417 2.748116e-15
0.548923 2.732623e-15
0.549427 2.756427e-15
0.549933 2.772786e-15
0.550438 2.816837e-15
0.550942 2.868718e-15
0.551448 2.898042e-15
0.551952 2.934446e-15
0.552458 2.954111e-15
0.552963 3.007084e-15
0.553467 3.051205e-15
0.553973 3.128123e-15
0.554477 3.186692e-15
0.554983 3.282639e-15
0.555488 3.408703e-15
0.555992 3.493986e-15
0.556498 3.627426e-15
0.557002 3.741023e-15
0.557508 3.891426e-15
0.558013 4.038281e-15
0.558517 4.260747e-15
0.559023 4.485289e-15
0.559527 4.587822e-15
0.560033 4.699736e-15
0.560538 4.947007e-15
0.561042 5.353665e-15
0.561548 5.339502e-15
0.562052 4.913448e-15
0.562558 4.639225e-15
0.563063 4.422847e-15
0.563567 4.311762e-15
0.564073 4.160763e-15
0.564577 4.024565e-15
0.565083 3.900432e-15
0.565588 3.780418e-15
0.566092 3.647018e-15
0.566598 3.487709e-15
0.567102 3.384174e-15
0.567608 3.245549e-15
0.568113 3.18271e-15
0.568617 3.112309e-15
0.569123 3.059826e-15
0.569627 3.062658e-15
0.570133 2.97379e-15
0.570638 2.970615e-15
0.571142 2.995414e-15
0.571648 3.36126e-15
0.572152 4.427683e-15
0.572658 5.148828e-15
0.573163 3.886122e-15
0.573667 3.030392e-15
0.574173 2.786327e-15
0.574677 2.660673e-15
0.575183 2.664145e-15
0.575688 2.672648e-15
0.576192 2.771602e-15
0.576698 2.987836e-15
0.577202 4.290506e-15
0.577708 7.824991e-15
0.578213 9.675513e-15
0.578717 5.994617e-15
0.579223 3.462714e-15
0.579727 2.832212e-15
0.580233 2.639664e-15
0.580738 2.549164e-15
0.581242 2.488795e-15
0.581748 2.464669e-15
0.582252 2.411307e-15
0.582758 2.44045e-15
0.583263 2.426293e-15
0.583767 2.377916e-15
0.584273 2.331608e-15
0.584777 2.348798e-15
0.585283 2.282342e-15
0.585788 2.256416e-15
0.586292 2.230471e-15
0.586798 2.218818e-15
0.587302 2.235815e-15
0.587808 2.206502e-15
0.588313 2.199594e-15
0.588817 2.127628e-15
0.589323 2.097061e-15
0.589827 2.083807e-15
0.590333 2.189614e-15
0.590838 2.169501e-15
0.591342 2.194942e-15
0.591848 2.207003e-15
0.592352 2.191631e-15
0.592858 2.181951e-15
0.593363 2.197459e-15
0.593867 2.240186e-15
0.594373 2.246027e-15
0.594877 2.25054e-15
0.595383 2.273185e-15
0.595888 2.280944e-15
0.596392 2.285968e-15
0.596898 2.247666e-15
0.597402 2.2501e-15
0.597908 2.265259e-15
0.598413 2.249778e-15
0.598917 2.219327e-15
0.59921 2.22105e-15
0.599448 2.242596e-15
0.599952 2.264295e-15
0.600458 2.235091e-15
0.600963 2.181678e-15
0.601467 2.193646e-15
0.601973 2.178417e-15
0.602477 2.178313e-15
0.602983 2.157698e-15
0.603488 2.170344e-15
0.603992 2.170287e-15
0.604498 2.156667e-15
0.605002 2.127289e-15
0.605508 2.157457e-15
0.606013 2.133776e-15
0.606517 2.144486e-15
0.607023 2.15916e-15
0.607527 2.120696e-15
0.608033 2.137421e-15
0.608538 2.16406e-15
0.609042 2.152228e-15
0.609548 2.148655e-15
0.610052 2.135584e-15
0.610558 2.107397e-15
0.611063 2.122081e-15
0.611567 2.130233e-15
0.612073 2.165726e-15
0.612577 2.155067e-15
0.613083 2.137997e-15
0.613588 2.122737e-15
0.614092 2.095898e-15
0.614598 2.076962e-15
0.615102 2.080419e-15
0.615608 2.09094e-15
0.616113 2.082152e-15
0.616617 2.064298e-15
0.617123 2.048892e-15
0.617627 2.059495e-15
0.618133 2.062573e-15
0.618638 2.04203e-15
0.619142 2.030533e-15
0.619648 1.999157e-15
0.620152 1.986053e-15
0.620658 2.019562e-15
0.621163 2.008366e-15
0.621667 2.022843e-15
0.622173 1.990277e-15
0.622677 1.990716e-15
0.623183 1.972177e-15
0.623688 1.981591e-15
0.624192 1.945664e-15
0.624698 1.95722e-15
0.625202 1.975422e-15
0.625708 1.973417e-15
0.626213 1.973945e-15
0.626717 1.969159e-15
0.627223 1.967353e-15
0.627727 1.893026e-15
0.628233 1.880045e-15
0.628738 1.906861e-15
0.629242 1.913294e-15
0.629748 1.919541e-15
0.630252 1.926249e-15
0.630758 1.919206e-15
0.631263 1.92929e-15
0.631767 1.920788e-15
0.632273 1.907776e-15
0.632777 1.90488e-15
0.633283 1.911066e-15
0.633788 1.923906e-15
0.634292 1.946918e-15
0.634798 1.922081e-15
0.635302 1.911044e-15
0.635808 1.916915e-15
0.636313 1.90689e-15
0.636817 1.955371e-15
0.637323 1.927494e-15
0.637827 1.927588e-15
0.638333 1.913142e-15
0.638838 1.926215e-15
0.639342 1.914767e-15
0.639848 1.917412e-15
0.640352 1.909656e-15
0.640858 1.907259e-15
0.641363 1.911423e-15
0.641867 1.869183e-15
0.642373 1.890343e-15
0.642877 1.891526e-15
0.643383 1.893728e-15
0.643888 1.895181e-15
0.644392 1.897907e-15
0.644898 1.883306e-15
0.645402 1.873432e-15
0.645908 1.86317e-15
0.646413 1.849619e-15
0.646917 1.858346e-15
0.647423 1.841929e-15
0.647927 1.838526e-15
0.648433 1.842185e-15
0.648938 1.84734e-15
0.649442 1.8391e-15
0.649948 1.855064e-15
0.650452 1.851786e-15
0.650958 1.841271e-15
0.651463 1.84666e-15
0.651967 1.81716e-15
0.652473 1.854776e-15
0.652977 1.843025e-15
0.653483 1.856204e-15
0.653988 1.848913e-15
0.654492 1.853914e-15
0.654998 1.832398e-15
0.655502 1.843805e-15
0.656008 1.860909e-15
0.656513 1.849397e-15
0.657017 1.858472e-15
0.657523 1.854724e-15
0.658027 1.847859e-15
0.658533 1.84403e-15
0.659038 1.84113e-15
0.659542 1.85461e-15
0.660048 1.895943e-15
0.660552 1.904617e-15
0.661058 1.860311e-15
0.661563 1.864406e-15
0.662067 1.865785e-15
0.662573 1.881073e-15
0.663077 1.863058e-15
0.663583 1.858304e-15
0.664088 1.888931e-15
0.664592 1.893356e-15
0.665098 1.865527e-15
0.665602 1.888132e-15
0.666108 1.883667e-15
0.666613 1.883094e-15
0.667117 1.886874e-15
0.667623 1.876601e-15
0.668127 1.88153e-15
0.668633 1.906073e-15
0.669138 1.912878e-15
0.669642 1.940917e-15
0.670148 1.944969e-15
0.670652 1.960202e-15
0.671158 1.918162e-15
0.671663 1.941576e-15
0.672167 1.961805e-15
0.672673 1.965947e-15
0.673177 1.968776e-15
0.673683 1.998773e-15
0.674188 2.008663e-15
0.674692 2.01543e-15
0.675198 2.068173e-15
0.675702 2.097098e-15
0.676208 2.070876e-15
0.676713 2.085647e-15
0.677217 2.133807e-15
0.677723 2.161498e-15
0.678227 2.187041e-15
0.678733 2.193918e-15
0.679238 2.144235e-15
0.679742 2.066397e-15
0.680248 2.036976e-15
0.680752 2.042515e-15
0.681258 2.020306e-15
0.681763 2.034207e-15
0.682267 2.008166e-15
0.682773 1.961719e-15
0.683277 1.964735e-15
0.683783 1.961174e-15
0.684288 1.915557e-15
0.684792 1.885456e-15
0.685298 1.767399e-15
0.685802 1.824264e-15
0.686308 1.884552e-15
0.686813 1.86981e-15
0.687317 1.928891e-15
0.687823 1.912313e-15
0.688327 1.902681e-15
0.688833 1.897879e-15
0.689338 1.918269e-15
0.689842 1.877876e-15
0.690348 1.866355e-15
0.690852 1.844876e-15
0.691358 1.838274e-15
0.691863 1.849129e-15
0.692367 1.828586e-15
0.692873 1.836834e-15
0.693377 1.781406e-15
0.693883 1.779784e-15
0.694388 1.768354e-15
0.694892 1.77484e-15
0.695398 1.773614e-15
0.695902 1.746697e-15
0.696408 1.736597e-15
0.696913 1.768743e-15
0.697417 1.749723e-15
0.697923 1.75053e-15
0.698427 1.768706e-15
0.698933 1.76485e-15
0.699438 1.746821e-15
0.699942 1.799246e-15
0.700448 1.763058e-15
0.700952 1.76033e-15
0.701458 1.76931e-15
0.701963 1.785722e-15
0.702467 1.808166e-15
0.702973 1.807759e-15
0.703477 1.777119e-15
0.703983 1.749924e-15
0.704488 1.747555e-15
0.704992 1.717461e-15
0.705498 1.762778e-15
0.706002 1.735309e-15
0.706508 1.720818e-15
0.707013 1.706142e-15
0.707517 1.709521e-15
0.708023 1.719112e-15
0.708527 1.736133e-15
0.709033 1.713909e-15
0.709538 1.707467e-15
0.710042 1.735795e-15
0.710548 1.7124e-15
0.711052 1.698903e-15
0.711558 1.709854e-15
0.712063 1.744709e-15
0.712567 1.716764e-15
0.713073 1.712199e-15
0.713577 1.712329e-15
0.714083 1.699079e-15
0.714588 1.709123e-15
0.715092 1.703075e-15
0.715598 1.716173e-15
0.716102 1.71325e-15
0.716608 1.723181e-15
0.717113 1.751474e-15
0.717617 1.731639e-15
0.718123 1.726401e-15
0.718627 1.733542e-15
0.719133 1.738076e-15
0.719638 1.723681e-15
0.720142 1.734827e-15
0.720648 1.742478e-15
0.721152 1.727064e-15
0.721658 1.74213e-15
0.722163 1.696241e-15
0.722667 1.722872e-15
0.723173 1.734363e-15
0.723677 1.735015e-15
0.724183 1.69988e-15
0.724688 1.726947e-15
0.725192 1.761456e-15
0.725698 1.762437e-15
0.726202 1.772163e-15
0.726708 1.875819e-15
0.727213 1.950403e-15
0.727717 1.967697e-15
0.728223 1.851527e-15
0.728727 1.782511e-15
0.729233 1.817366e-15
0.729738 1.799725e-15
0.730242 1.808007e-15
0.730748 1.821863e-15
0.731252 1.799773e-15
0.731758 1.811733e-15
0.732263 1.831463e-15
0.732767 1.814718e-15
0.733273 1.857843e-15
0.733777 1.843765e-15
0.734283 1.875437e-15
0.734788 1.928602e-15
0.735292 1.932197e-15
0.735798 1.901887e-15
0.736302 1.868322e-15
0.736808 1.88496e-15
0.737313 1.906616e-15
0.737817 1.912824e-15
0.738323 1.933165e-15
0.738827 1.907488e-15
0.739333 1.940971e-15
0.739838 1.921002e-15
0.740342 1.965649e-15
0.740848 2.053838e-15
0.741352 2.037487e-15
0.741858 2.045667e-15
0.742363 2.074929e-15
0.742867 2.137234e-15
0.743373 2.170344e-15
0.743877 2.209196e-15
0.744383 2.294513e-15
0.744888 2.360004e-15
0.745392 2.450692e-15
0.745898 2.568826e-15
0.746402 2.627036e-15
0.746908 2.787364e-15
0.747413 2.894993e-15
0.747917 3.002616e-15
0.748423 3.210306e-15
0.748927 3.47214e-15
0.749433 3.638065e-15
0.749938 3.910469e-15
0.750442 4.147424e-15
0.750948 4.504891e-15
0.751452 4.816166e-15
0.751958 5.198771e-15
0.752463 5.60862e-15
0.752967 6.146258e-15
0.753473 6.780696e-15
0.753977 7.439458e-15
0.754483 7.985925e-15
0.754988 8.478682e-15
0.755492 8.793693e-15
0.755998 9.125148e-15
0.756502 9.444611e-15
0.757008 1.002638e-14
0.757513 1.095885e-14
0.758017 1.109676e-14
0.758523 9.883447e-15
0.759027 9.011364e-15
0.759533 8.476711e-15
0.760038 8.595594e-15
0.760542 8.265439e-15
0.761048 7.594553e-15
0.761552 6.833254e-15
0.762058 6.145617e-15
0.762563 6.016573e-15
0.763067 5.604418e-15
0.763573 5.118804e-15
0.764077 4.636169e-15
0.764583 4.305927e-15
0.765088 3.991376e-15
0.765592 3.720647e-15
0.766098 3.492282e-15
0.766602 3.229923e-15
0.767108 3.103033e-15
0.767613 2.967731e-15
0.768117 2.834169e-15
0.768623 2.769247e-15
0.769127 2.704135e-15
0.769633 2.586016e-15
0.770138 2.514452e-15
0.770642 2.471763e-15
0.771148 2.40631e-15
0.771652 2.297815e-15
0.772158 2.282804e-15
0.772663 2.223357e-15
0.773167 2.225417e-15
0.773673 2.133241e-15
0.774177 2.135411e-15
0.774683 2.047328e-15
0.775188 2.215055e-15
0.775692 2.26398e-15
0.776198 2.125431e-15
0.776702 2.071044e-15
0.777208 2.09237e-15
0.777713 1.988065e-15
0.778217 1.873049e-15
0.778723 1.805399e-15
0.779227 1.734958e-15
0.779733 1.738662e-15
0.780238 1.736344e-15
0.780742 1.68932e-15
0.781248 1.694946e-15
0.781752 1.682949e-15
0.782258 1.696659e-15
0.782763 1.649725e-15
0.783267 1.642199e-15
0.783773 1.63095e-15
0.784277 1.665097e-15
0.784783 1.650503e-15
0.785288 1.628775e-15
0.785792 1.631484e-15
0.786298 1.604256e-15
0.786802 1.616134e-15
0.787308 1.591519e-15
0.787813 1.599405e-15
0.788317 1.558725e-15
0.788823 1.55264e-15
0.789327 1.564857e-15
0.789833 1.574536e-15
0.790338 1.536561e-15
0.790842 1.526969e-15
0.791348 1.524061e-15
0.791852 1.569062e-15
0.792358 1.506294e-15
0.792863 1.563615e-15
0.793367 1.532837e-15
0.793873 1.547176e-15
0.794377 1.524194e-15
0.794883 1.534844e-15
0.795388 1.5804e-15
0.795892 1.50482e-15
0.796398 1.503328e-15
0.796902 1.485749e-15
0.797408 1.498895e-15
0.797913 1.490839e-15
0.798417 1.521033e-15
0.798923 1.496936e-15
0.799427 1.487468e-15
0.799933 1.47308e-15
0.800438 1.507603e-15
0.800942 1.504904e-15
0.801448 1.495064e-15
0.801952 1.486321e-15
0.802458 1.492033e-15
0.802963 1.522444e-15
0.803467 1.549079e-15
0.803973 1.478386e-15
0.804477 1.548539e-15
0.804983 1.506517e-15
0.805488 1.535129e-15
0.805992 1.504371e-15
0.806498 1.544279e-15
0.807002 1.528421e-15
0.807508 1.538038e-15
0.808013 1.525458e-15
0.808517 1.506389e-15
0.809023 1.507573e-15
0.809527 1.519314e-15
0.810033 1.527938e-15
0.810538 1.520115e-15
0.811042 1.538513e-15
0.811548 1.557363e-15
0.812052 1.561465e-15
0.812558 1.52782e-15
0.813063 1.538454e-15
0.813567 1.531833e-15
0.814073 1.540286e-15
0.814577 1.5392e-15
0.815083 1.577533e-15
0.815588 1.598784e-15
0.816092 1.571111e-15
0.816598 1.551575e-15
0.817102 1.528704e-15
0.817608 1.498361e-15
0.818113 1.520293e-15
0.818617 1.495911e-15
0.819123 1.467195e-15
0.819628 1.504104e-15
0.820133 1.476173e-15
0.820638 1.487505e-15
0.821142 1.459066e-15
0.821647 1.426215e-15
0.822153 1.456579e-15
0.822658 1.492003e-15
0.823163 1.50638e-15
0.823667 1.548439e-15
0.824172 1.529158e-15
0.824678 1.473914e-15
0.825183 1.430407e-15
0.825688 1.460347e-15
0.826192 1.420854e-15
0.826697 1.413216e-15
0.827203 1.397054e-15
0.827708 1.41006e-15
0.828213 1.372218e-15
0.828717 1.44634e-15
0.829222 1.390252e-15
0.829728 1.418842e-15
0.830233 1.394044e-15
0.830738 1.432504e-15
0.831242 1.372521e-15
0.831747 1.383716e-15
0.832253 1.425267e-15
0.832758 1.403547e-15
0.833263 1.400326e-15
0.833767 1.413252e-15
0.834272 1.390748e-15
0.834778 1.324756e-15
0.835283 1.372209e-15
0.835788 1.378866e-15
0.836292 1.385039e-15
0.836797 1.436842e-15
0.837303 1.377019e-15
0.837808 1.387215e-15
0.838313 1.345515e-15
0.838817 1.421384e-15
0.839322 1.370459e-15
0.839828 1.38081e-15
0.840333 1.384864e-15
0.840838 1.39374e-15
0.841342 1.369803e-15
0.841847 1.391747e-15
0.842353 1.361544e-15
0.842858 1.31877e-15
0.843363 1.320227e-15
0.843867 1.352545e-15
0.844372 1.398707e-15
0.844878 1.470342e-15
0.845383 1.431713e-15
0.845888 1.448022e-15
0.846392 1.342033e-15
0.846897 1.342002e-15
0.847403 1.365161e-15
0.847908 1.377343e-15
0.848413 1.341973e-15
0.848917 1.360998e-15
0.84921 1.301505e-15
0.849447 1.343431e-15
0.849953 1.338397e-15
0.850458 1.329029e-15
0.850963 1.33096e-15
0.851467 1.334498e-15
0.851972 1.336474e-15
0.852478 1.328926e-15
0.852983 1.340317e-15
0.853488 1.306417e-15
0.853992 1.334061e-15
0.854497 1.312876e-15
0.855003 1.294932e-15
0.855508 1.250105e-15
0.856013 1.274102e-15
0.856517 1.279597e-15
0.857022 1.316066e-15
0.857528 1.303211e-15
0.858033 1.308673e-15
0.858538 1.276587e-15
0.859042 1.291897e-15
0.859547 1.294931e-15
0.860053 1.308801e-15
0.860558 1.283396e-15
0.861063 1.285637e-15
0.861567 1.269412e-15
0.862072 1.308165e-15
0.862578 1.313373e-15
0.863083 1.297254e-15
0.863588 1.270129e-15
0.864092 1.232809e-15
0.864597 1.231989e-15
0.865103 1.300143e-15
0.865608 1.286045e-15
0.866113 1.30803e-15
0.866617 1.299206e-15
0.867122 1.294718e-15
0.867628 1.300561e-15
0.868133 1.263689e-15
0.868638 1.266357e-15
0.869142 1.267468e-15
0.869647 1.266423e-15
0.870153 1.271681e-15
0.870658 1.285113e-15
0.871163 1.261961e-15
0.871667 1.301396e-15
0.872172 1.312468e-15
0.872678 1.238332e-15
0.873183 1.245641e-15
0.873688 1.207995e-15
0.874192 1.21847e-15
0.874697 1.244116e-15
0.875203 1.268094e-15
0.875708 1.221356e-15
0.876213 1.164909e-15
0.876717 1.192055e-15
0.877222 1.243293e-15
0.877728 1.278927e-15
0.878233 1.258253e-15
0.878738 1.27456e-15
0.879242 1.231456e-15
0.879747 1.254046e-15
0.880253 1.28866e-15
0.880758 1.257909e-15
0.881263 1.226884e-15
0.881767 1.246194e-15
0.882272 1.210072e-15
0.882778 1.286699e-15
0.883283 1.250159e-15
0.883788 1.219359e-15
0.884292 1.222363e-15
0.884797 1.218612e-15
0.885303 1.20226e-15
0.885808 1.228845e-15
0.886313 1.189535e-15
0.886817 1.228658e-15
0.887322 1.217034e-15
0.887828 1.254359e-15
0.888333 1.240465e-15
0.888838 1.207673e-15
0.889342 1.291263e-15
0.889847 1.229855e-15
0.890353 1.202655e-15
0.890858 1.250913e-15
0.891363 1.238182e-15
0.891867 1.275241e-15
0.892372 1.226727e-15
0.892878 1.242845e-15
0.893383 1.221998e-15
0.893888 1.221608e-15
0.894392 1.236244e-15
0.894897 1.287312e-15
0.895403 1.272768e-15
0.895908 1.199794e-15
0.896413 1.193265e-15
0.896917 1.234174e-15
0.897422 1.235449e-15
0.897928 1.200845e-15
0.898433 1.179951e-15
0.898938 1.205393e-15
0.899442 1.276762e-15
0.899947 1.208048e-15
0.900453 1.211922e-15
0.900958 1.18182e-15
0.901463 1.178477e-15
0.901967 1.181387e-15
0.902472 1.213649e-15
0.902978 1.183579e-15
0.903483 1.189276e-15
0.903988 1.220629e-15
0.904492 1.197008e-15
0.904997 1.17233e-15
0.905503 1.200671e-15
0.906008 1.194152e-15
0.906513 1.228742e-15
0.907017 1.157106e-15
0.907522 1.141584e-15
0.908028 1.175562e-15
0.908533 1.179106e-15
0.909038 1.18107e-15
0.909542 1.151819e-15
0.910047 1.171883e-15
0.910553 1.163233e-15
0.911058 1.138394e-15
0.911563 1.113538e-15
0.912067 1.166395e-15
0.912572 1.176204e-15
0.913078 1.143213e-15
0.913583 1.13955e-15
0.914088 1.159919e-15
0.914592 1.186705e-15
0.915097 1.194762e-15
0.915603 1.209503e-15
0.916108 1.183156e-15
0.916613 1.080596e-15
0.917117 1.102342e-15
0.917622 1.019428e-15
0.918128 1.153713e-15
0.918633 1.129834e-15
0.919138 1.125031e-15
0.919642 1.103996e-15
0.920147 1.089115e-15
0.920653 1.086152e-15
0.921158 1.142047e-15
0.921663 1.183802e-15
0.922167 1.095514e-15
0.922672 1.139993e-15
0.923178 1.123749e-15
0.923683 1.110851e-15
0.924188 1.135667e-15
0.924692 1.121705e-15
0.925197 1.111995e-15
0.925703 1.121656e-15
0.926208 1.128155e-15
0.926713 1.10191e-15
0.927217 1.089021e-15
0.927722 1.128339e-15
0.928228 1.100454e-15
0.928733 1.071013e-15
0.929238 1.09649e-15
0.929742 1.119653e-15
0.930247 1.113441e-15
0.930753 1.08154e-15
0.931258 1.14563e-15
0.931763 1.153932e-15
0.932267 1.105607e-15
0.932772 1.095839e-15
0.933278 1.072419e-15
0.933783 1.086086e-15
0.934288 1.070874e-15
0.934792 1.136674e-15
0.935297 1.086589e-15
0.935803 1.127459e-15
0.936308 1.081974e-15
0.936813 1.07401e-15
0.937317 1.039322e-15
0.937822 9.953531e-16
0.938328 9.963038e-16
0.938833 9.395715e-16
0.939338 1.077704e-15
0.939842 1.104805e-15
0.940347 1.114606e-15
0.940853 1.120239e-15
0.941358 1.064691e-15
0.941863 1.04572e-15
0.942367 1.137458e-15
0.942872 1.117529e-15
0.943378 1.037012e-15
0.943883 1.127586e-15
0.944388 1.017943e-15
0.944892 9.97641e-16
0.945397 1.094826e-15
0.945903 1.018363e-15
0.946408 1.00142e-15
0.946913 1.006837e-15
0.947417 1.069008e-15
0.947922 1.04646e-15
0.948428 1.159292e-15
0.948933 1.069652e-15
0.949438 1.115702e-15
0.949942 1.100173e-15
0.950708 1.161026e-15
0.951435 1.12389e-15
0.952161 1.199106e-15
0.952888 1.200514e-15
0.953614 1.215598e-15
0.954341 1.186739e-15
0.955067 1.171446e-15
0.955794 1.229653e-15
0.95652 1.181652e-15
0.957246 1.147752e-15
0.957973 1.106344e-15
0.958699 1.084545e-15
0.959426 1.07694e-15
0.960152 1.097882e-15
0.960879 1.042027e-15
0.961605 1.063057e-15
0.962332 1.055814e-15
0.963058 1.154212e-15
0.963784 1.048792e-15
0.964511 1.060726e-15
0.965237 1.073662e-15
0.965964 1.094046e-15
0.96669 1.067047e-15
0.967417 1.086123e-15
0.968143 1.116726e-15
0.968869 1.13503e-15
0.969596 1.136821e-15
0.970322 1.128268e-15
0.971049 1.160504e-15
0.971775 1.207989e-15
0.972502 1.209048e-15
0.973228 1.218369e-15
0.973955 1.21912e-15
0.974681 1.2364e-15
0.975407 1.209082e-15
0.976134 1.224775e-15
0.97686 1.200135e-15
0.977587 1.204441e-15
0.978313 1.181948e-15
0.97904 1.167289e-15
0.979766 1.110469e-15
0.980493 1.149109e-15
0.981219 1.108188e-15
0.981945 1.100714e-15
0.982672 1.068724e-15
0.983398 1.035945e-15
0.984125 9.535188e-16
0.984851 9.798908e-16
0.985578 9.775802e-16
0.986304 9.817234e-16
0.987031 9.543337e-16
0.987757 9.504097e-16
0.988483 9.712248e-16
0.98921 9.397322e-16
0.989936 8.020735e-16
0.990663 9.392232e-16
0.991389 9.431202e-16
0.992116 9.363581e-16
0.992842 9.541844e-16
0.993568 9.176313e-16
0.994295 9.319484e-16
0.995021 9.225671e-16
0.995748 1.117255e-15
0.996474 9.209843e-16
0.997201 9.419754e-16
0.997927 9.174609e-16
0.998654 8.927136e-16
0.99938 9.152812e-16
1.000106 9.1969e-16
1.000833 8.96995e-16
1.001559 9.120022e-16
1.002286 9.200714e-16
1.003012 8.983251e-16
1.003739 8.936744e-16
1.004465 9.222836e-16
1.005192 9.299272e-16
1.005918 9.264676e-16
1.006644 9.194046e-16
1.007371 9.32598e-16
1.008097 9.34559e-16
1.008824 9.261125e-16
1.00955 9.495902e-16
1.010277 9.31899e-16
1.011003 9.058211e-16
1.01173 9.280324e-16
1.012456 8.997551e-16
1.013182 9.163221e-16
1.013909 9.004319e-16
1.014635 9.021101e-16
1.015362 9.067659e-16
1.016088 8.928819e-16
1.016815 8.883974e-16
1.017541 8.866606e-16
1.018267 8.760337e-16
1.018994 8.557592e-16
1.01972 8.561621e-16
1.020447 8.557785e-16
1.021173 8.823104e-16
1.0219 8.644861e-16
1.022626 8.564105e-16
1.023353 8.835587e-16
1.024079 8.762225e-16
1.024805 8.350022e-16
1.025532 8.762119e-16
1.026258 8.598992e-16
1.026985 8.359315e-16
1.027711 8.334899e-16
1.028438 8.322142e-16
1.029164 8.54996e-16
1.029891 8.323575e-16
1.030617 8.527186e-16
1.031343 8.295862e-16
1.03207 8.111342e-16
1.032796 8.38736e-16
1.033523 8.10845e-16
1.034249 8.234295e-16
1.034976 8.383095e-16
1.035702 8.381205e-16
1.036429 8.458022e-16
1.037155 8.409539e-16
1.037881 8.208373e-16
1.038608 8.282952e-16
1.039334 8.453669e-16
1.040061 8.276823e-16
1.040787 8.33759e-16
1.041514 8.439844e-16
1.04224 8.347892e-16
1.042967 8.392063e-16
1.043693 8.446566e-16
1.044419 8.643537e-16
1.045146 8.608877e-16
1.045872 8.610836e-16
1.046599 9.597093e-16
1.047325 9.962974e-16
1.048052 8.779208e-16
1.048778 8.453959e-16
1.049504 8.497934e-16
1.050231 8.502001e-16
1.050957 8.714414e-16
1.051684 8.510499e-16
1.05241 8.56528e-16
1.053137 8.801473e-16
1.053863 8.711024e-16
1.05459 8.547801e-16
1.055316 8.487639e-16
1.056042 8.670999e-16
1.056769 8.898612e-16
1.057495 8.852657e-16
1.058222 8.815907e-16
1.058948 8.802512e-16
1.059675 8.773935e-16
1.060401 8.966412e-16
1.061128 9.072476e-16
1.061854 9.154476e-16
1.06258 8.933826e-16
1.063307 8.928459e-16
1.064033 9.081348e-16
1.06476 8.694246e-16
1.065486 8.785189e-16
1.066213 8.837815e-16
1.066939 8.793081e-16
1.067666 9.089025e-16
1.068392 9.220215e-16
1.069118 9.348614e-16
1.069845 8.897847e-16
1.070571 8.694429e-16
1.071298 8.56491e-16
1.072024 8.306047e-16
1.072751 8.477405e-16
1.073477 8.212722e-16
1.074204 7.790541e-16
1.07493 7.698968e-16
1.075656 7.697555e-16
1.076383 7.452073e-16
1.077109 7.347514e-16
1.077836 7.512446e-16
1.078562 7.936094e-16
1.079289 7.583646e-16
1.080015 7.284852e-16
1.080742 7.34928e-16
1.081468 7.254533e-16
1.082194 7.2547e-16
1.082921 7.410065e-16
1.083647 7.305631e-16
1.084374 8.579831e-16
1.0851 1.026466e-15
1.085827 7.051363e-16
1.086553 7.197377e-16
1.087279 7.182258e-16
1.088006 7.472834e-16
1.088732 7.470221e-16
1.089459 7.379214e-16
1.090185 7.577178e-16
1.090912 7.527157e-16
1.091638 7.50363e-16
1.092365 7.548134e-16
1.093091 7.75501e-16
1.093817 7.918487e-16
1.094544 7.836789e-16
1.09527 7.750331e-16
1.095997 7.71272e-16
1.096723 8.009359e-16
1.09745 8.061028e-16
1.098176 8.153649e-16
1.098903 7.522168e-16
1.099629 7.570465e-16
1.100355 1.206538e-15
1.101082 1.049826e-15
1.101808 8.968847e-16
1.102535 8.573845e-16
1.103261 8.254159e-16
1.103988 8.171973e-16
1.104714 8.037031e-16
1.105441 7.970338e-16
1.106167 8.005789e-16
1.106893 7.855456e-16
1.10762 7.706118e-16
1.108346 7.69266e-16
1.109073 7.667323e-16
1.109799 7.440911e-16
1.110526 7.328201e-16
1.111252 7.385113e-16
1.111979 7.226668e-16
1.112705 6.839484e-16
1.113431 6.963433e-16
1.114158 6.891294e-16
1.114884 6.686737e-16
1.115611 6.664398e-16
1.116337 6.583187e-16
1.117064 6.502582e-16
1.11779 6.429486e-16
1.118517 6.536767e-16
1.119243 6.662053e-16
1.119969 6.798996e-16
1.120696 6.7833e-16
1.121422 6.53727e-16
1.122149 6.541989e-16
1.122875 6.919527e-16
1.123602 6.452377e-16
1.124328 6.723833e-16
1.125054 6.123035e-16
1.125781 7.690532e-16
1.126507 6.782776e-16
1.127234 6.254363e-16
1.12796 5.870334e-16
1.128687 6.529459e-16
1.129413 6.738581e-16
1.13014 8.604522e-16
1.130866 7.141136e-16
1.131592 6.868571e-16
1.132319 6.559821e-16
1.133045 6.340575e-16
1.133772 6.344063e-16
1.134498 6.626185e-16
1.135225 7.876292e-16
1.135951 6.882253e-16
1.136678 6.870392e-16
1.137404 6.612006e-16
1.13813 6.824601e-16
1.138857 6.753967e-16
1.139583 6.584382e-16
1.14031 6.917624e-16
1.141036 6.900973e-16
1.141763 6.94241e-16
1.142489 6.975389e-16
1.143216 6.772015e-16
1.143942 6.882064e-16
1.144668 7.489883e-16
1.145395 7.19161e-16
1.146121 7.095971e-16
1.146848 7.342671e-16
1.147574 7.226786e-16
1.148301 7.203174e-16
1.149027 7.205701e-16
1.149754 7.509682e-16
1.15048 7.684647e-16
1.151206 7.550115e-16
1.151933 7.51416e-16
1.152659 7.910654e-16
1.153386 7.762257e-16
1.154112 7.985241e-16
1.154839 8.13458e-16
1.155565 8.131206e-16
1.156292 8.308897e-16
1.157018 8.167565e-16
1.157744 8.363126e-16
1.158471 8.471758e-16
1.159197 8.530457e-16
1.159924 8.822831e-16
1.16065 8.823504e-16
1.161377 8.568865e-16
1.162103 8.513529e-16
1.162829 8.430457e-16
1.163556 8.047929e-16
1.164282 8.179526e-16
1.165009 8.179947e-16
1.165735 8.322812e-16
1.166462 8.290971e-16
1.167188 8.165877e-16
1.167915 7.878427e-16
1.168641 7.907443e-16
1.169367 7.441047e-16
1.170094 7.086717e-16
1.17082 7.080787e-16
1.171547 6.922328e-16
1.172273 6.885763e-16
1.173 6.859979e-16
1.173726 6.929782e-16
1.174453 6.971599e-16
1.175179 6.985026e-16
1.175905 6.855574e-16
1.176632 6.747549e-16
1.177358 6.601797e-16
1.178085 6.656279e-16
1.178811 6.616522e-16
1.179538 6.755594e-16
1.180264 6.416158e-16
1.180991 6.404343e-16
1.181717 6.351909e-16
1.182443 6.62452e-16
1.18317 6.52195e-16
1.183896 6.402749e-16
1.184623 6.341674e-16
1.185349 6.316173e-16
1.186076 6.244072e-16
1.186802 6.274984e-16
1.187529 6.37955e-16
1.188255 6.505592e-16
1.188981 6.365937e-16
1.189708 6.372637e-16
1.190434 6.220612e-16
1.191161 6.420553e-16
1.191887 6.381917e-16
1.192614 6.317321e-16
1.19334 6.349791e-16
1.194066 6.252975e-16
1.194793 6.274187e-16
1.195519 6.209553e-16
1.196246 6.207463e-16
1.196972 6.327763e-16
1.197699 6.374445e-16
1.198425 6.346088e-16
1.199152 6.269799e-16
1.199878 6.150815e-16
1.200604 6.176178e-16
1.201331 6.063614e-16
1.202057 6.086282e-16
1.202784 6.046728e-16
1.20351 6.178606e-16
1.204237 6.225045e-16
1.204963 6.257483e-16
1.20569 6.273979e-16
1.206416 6.185017e-16
1.207142 6.254073e-16
1.207869 6.402986e-16
1.208595 6.493985e-16
1.209322 6.366982e-16
1.210048 6.321441e-16
1.210775 6.350595e-16
1.211501 6.378973e-16
1.212228 6.234695e-16
1.212954 6.280696e-16
1.21368 6.321912e-16
1.214407 6.143333e-16
1.215133 6.241524e-16
1.21586 6.29614e-16
1.216586 6.349888e-16
1.217313 6.33574e-16
1.218039 6.234258e-16
1.218765 6.306302e-16
1.219492 6.310709e-16
1.220218 6.217729e-16
1.220945 6.167452e-16
1.221671 6.196251e-16
1.222398 6.039253e-16
1.223124 6.084859e-16
1.223851 6.076658e-16
1.224577 6.102313e-16
1.225303 6.208993e-16
1.22603 6.298826e-16
1.226756 6.381339e-16
1.227483 6.478801e-16
1.228209 6.582117e-16
1.228936 6.631267e-16
1.229662 6.763084e-16
1.230389 6.811817e-16
1.231115 6.983281e-16
1.231841 7.142056e-16
1.232568 7.329384e-16
1.233294 7.404593e-16
1.234021 7.546192e-16
1.234747 7.844998e-16
1.235474 7.926493e-16
1.2362 7.994557e-16
1.236927 8.164427e-16
1.237653 8.309386e-16
1.238379 8.843814e-16
1.239106 8.991751e-16
1.239832 9.099659e-16
1.240559 9.465085e-16
1.241285 9.781582e-16
1.242012 1.010409e-15
1.242738 1.077055e-15
1.243464 1.126427e-15
1.244191 1.185939e-15
1.244917 1.239805e-15
1.245644 1.291218e-15
1.24637 1.313161e-15
1.247097 1.416221e-15
1.247823 1.478822e-15
1.24855 1.609936e-15
1.249276 1.815975e-15
1.250002 2.012456e-15
1.250729 2.012119e-15
1.251455 1.825174e-15
1.252182 1.653592e-15
1.252908 1.522482e-15
1.253635 1.423796e-15
1.254361 1.339866e-15
1.255088 1.310536e-15
1.255814 1.345181e-15
1.25654 1.286287e-15
1.257267 1.280692e-15
1.257993 1.249988e-15
1.25872 1.217395e-15
1.259446 1.191924e-15
1.260173 1.156452e-15
1.260899 1.132977e-15
1.261626 1.116311e-15
1.262352 1.092156e-15
1.263078 1.090836e-15
1.263805 1.038346e-15
1.264531 1.067612e-15
1.265258 9.798893e-16
1.265984 9.454932e-16
1.266711 9.344006e-16
1.267437 9.063486e-16
1.268163 8.635466e-16
1.26889 9.206931e-16
1.269616 9.268482e-16
1.270343 8.359512e-16
1.271069 8.24596e-16
1.271796 8.057718e-16
1.272522 7.629048e-16
1.273249 7.476389e-16
1.273975 7.230444e-16
1.274701 6.978393e-16
1.275428 7.012379e-16
1.276154 6.90158e-16
1.276881 6.809946e-16
1.277607 6.631536e-16
1.278334 6.539263e-16
1.27906 6.588718e-16
1.279787 6.278156e-16
1.280513 6.085734e-16
1.281239 6.370605e-16
1.281966 6.426759e-16
1.282692 6.411536e-16
1.283419 6.39326e-16
1.284145 6.299211e-16
1.284872 6.340422e-16
1.285598 6.179811e-16
1.286325 6.205461e-16
1.287051 6.181731e-16
1.287777 6.192326e-16
1.288504 6.075294e-16
1.28923 6.100326e-16
1.289957 6.250819e-16
1.290683 6.281273e-16
1.29141 6.088053e-16
1.292136 6.132717e-16
1.292863 6.249218e-16
1.293589 6.109868e-16
1.294315 6.031363e-16
1.295042 5.981397e-16
1.295768 6.115525e-16
1.296495 6.144974e-16
1.297221 6.165329e-16
1.297948 6.232121e-16
1.298674 6.33592e-16
1.2994 6.36838e-16
1.300127 6.189864e-16
1.300853 6.282703e-16
1.30158 6.378208e-16
1.302306 6.236101e-16
1.303033 5.83478e-16
1.303759 6.28124e-16
1.304486 6.399804e-16
1.305212 6.428036e-16
1.305938 6.496372e-16
1.306665 6.341218e-16
1.307391 6.265816e-16
1.308118 6.088072e-16
1.308844 6.149392e-16
1.309571 6.182103e-16
1.310297 6.193141e-16
1.311024 6.125826e-16
1.31175 5.955112e-16
1.312476 5.87836e-16
1.313203 5.723901e-16
1.313929 5.696213e-16
1.314656 5.664772e-16
1.315382 5.754977e-16
1.316109 5.575335e-16
1.316835 5.387235e-16
1.317562 5.506471e-16
1.318288 5.524169e-16
1.319014 5.493342e-16
1.319741 5.353229e-16
1.320467 5.3647e-16
1.321194 5.413681e-16
1.32192 5.408531e-16
1.322647 5.330044e-16
1.323373 5.508897e-16
1.3241 9.469568e-16
1.324826 5.76703e-16
1.325552 5.116562e-16
1.326279 5.187278e-16
1.327005 3.601784e-16
1.327732 3.292312e-16
1.328458 4.682907e-16
1.329185 5.555775e-16
1.329911 5.386374e-16
1.330638 5.252129e-16
1.331364 5.314521e-16
1.33209 5.462785e-16
1.332817 5.3595e-16
1.333543 5.316627e-16
1.33427 5.383324e-16
1.334996 5.22927e-16
1.335723 5.213585e-16
1.336449 5.357047e-16
1.337175 5.264437e-16
1.337902 5.315982e-16
1.338628 5.317061e-16
1.339355 5.289297e-16
1.340081 5.301916e-16
1.340808 5.42022e-16
1.341534 5.445584e-16
1.342261 5.454419e-16
1.342987 5.255253e-16
1.343713 5.068807e-16
1.34444 5.480114e-16
1.345166 5.429848e-16
1.345893 5.37427e-16
1.346619 5.378133e-16
1.347346 4.886966e-16
1.348072 5.515416e-16
1.348799 6.315154e-16
1.349525 5.481143e-16
1.355 5.56376e-16
1.36 5.557478e-16
1.365 5.551227e-16
1.37 5.545005e-16
1.375 5.538813e-16
1.38 5.53265e-16
1.385 5.526516e-16
1.39 5.520411e-16
1.395 5.514335e-16
1.4 5.508287e-16
1.405 5.502268e-16
1.41 5.496276e-16
1.415 5.490312e-16
1.42 5.484375e-16
1.425 5.478466e-16
1.43 5.472584e-16
1.435 5.466728e-16
1.44 5.4609e-16
1.445 5.455097e-16
1.450016 4.705187e-16
1.450743 6.068814e-16
1.451469 6.254708e-16
1.452195 5.513954e-16
1.452922 5.615425e-16
1.453648 5.502292e-16
1.454375 5.229842e-16
1.455101 5.744604e-16
1.455828 5.792872e-16
1.456554 5.528676e-16
1.457281 5.716132e-16
1.458007 5.856881e-16
1.458733 5.666006e-16
1.45946 5.453853e-16
1.460186 5.630776e-16
1.460913 5.864858e-16
1.461639 5.956658e-16
1.462366 5.685174e-16
1.463092 5.936786e-16
1.463819 6.239278e-16
1.464545 5.726621e-16
1.465271 5.919683e-16
1.465998 6.167729e-16
1.466724 6.423136e-16
1.467451 6.823111e-16
1.468177 6.603489e-16
1.468904 6.234174e-16
1.46963 6.323193e-16
1.470357 6.531917e-16
1.471083 7.434549e-16
1.471809 7.348056e-16
1.472536 7.587353e-16
1.473262 7.803868e-16
1.473989 7.932955e-16
1.474715 7.853858e-16
1.475442 7.49652e-16
1.476168 7.866161e-16
1.476894 7.908281e-16
1.477621 8.198547e-16
1.478347 8.615907e-16
1.479074 8.427837e-16
1.4798 8.434093e-16
1.480527 8.71588e-16
1.481253 8.328526e-16
1.48198 8.301855e-16
1.482706 8.340148e-16
1.483432 7.948647e-16
1.484159 7.751332e-16
1.484885 7.970561e-16
1.485612 7.758341e-16
1.486338 7.565677e-16
1.487065 7.743127e-16
1.487791 7.72512e-16
1.488518 7.597977e-16
1.489244 7.302091e-16
1.48997 7.207375e-16
1.490697 6.80268e-16
1.491423 6.511255e-16
1.49215 6.42884e-16
1.492876 6.184173e-16
1.493603 6.02954e-16
1.494329 5.916467e-16
1.495056 5.831539e-16
1.495782 5.736277e-16
1.496508 5.716772e-16
1.497235 5.61803e-16
1.497961 5.503454e-16
1.498688 5.496792e-16
1.499414 5.419513e-16
1.500141 5.41732e-16
1.500867 5.393313e-16
1.501593 5.309506e-16
1.50232 5.325119e-16
1.503046 5.304219e-16
1.503773 5.323372e-16
1.504499 5.437322e-16
1.505226 5.376125e-16
1.505952 5.177369e-16
1.506679 5.193524e-16
1.507405 5.170524e-16
1.508131 5.108324e-16
1.508858 5.182395e-16
1.509584 5.177173e-16
1.510311 5.124362e-16
1.511037 5.092846e-16
1.511764 5.058323e-16
1.51249 5.030334e-16
1.513217 5.091719e-16
1.513943 5.135427e-16
1.514669 5.17698e-16
1.515396 5.098708e-16
1.516122 5.111755e-16
1.516849 5.083841e-16
1.517575 5.184886e-16
1.518302 5.168912e-16
1.519028 5.119486e-16
1.519755 5.131156e-16
1.520481 5.120665e-16
1.521207 5.147537e-16
1.521934 5.099452e-16
1.52266 5.076046e-16
1.523387 5.132985e-16
1.524113 5.03076e-16
1.52484 4.984224e-16
1.525566 5.098462e-16
1.526292 5.007001e-16
1.527019 4.954285e-16
1.527745 4.946053e-16
1.528472 4.954817e-16
1.529198 4.973137e-16
1.529925 5.02473e-16
1.530651 5.011382e-16
1.531378 4.94193e-16
1.532104 4.884789e-16
1.53283 4.911778e-16
1.533557 4.973106e-16
1.534283 4.908178e-16
1.53501 4.881707e-16
1.535736 4.8822e-16
1.536463 4.849772e-16
1.537189 4.840355e-16
1.537916 4.820174e-16
1.538642 4.829492e-16
1.539368 4.850238e-16
1.540095 4.856391e-16
1.540821 4.905626e-16
1.541548 5.089287e-16
1.542274 4.807651e-16
1.543001 4.733043e-16
1.543727 4.800469e-16
1.544454 4.874161e-16
1.54518 4.837928e-16
1.545906 4.800702e-16
1.546633 4.76285e-16
1.547359 4.788894e-16
1.548086 4.873148e-16
1.548812 4.85265e-16
1.549539 4.798152e-16
1.550265 4.77425e-16
1.550992 4.817232e-16
1.551718 4.815305e-16
1.552444 4.842335e-16
1.553171 4.802968e-16
1.553897 4.863518e-16
1.554624 4.913821e-16
1.55535 4.996688e-16
1.556077 4.949926e-16
1.556803 4.855957e-16
1.557529 4.868143e-16
1.558256 4.865133e-16
1.558982 4.836029e-16
1.559709 4.827144e-16
1.560435 4.793589e-16
1.561162 4.761167e-16
1.561888 4.733824e-16
1.562615 4.796777e-16
1.563341 4.766039e-16
1.564067 4.684845e-16
1.564794 4.700773e-16
1.56552 4.698163e-16
1.566247 4.724874e-16
1.566973 4.748085e-16
1.5677 4.763011e-16
1.568426 4.775481e-16
1.569153 4.788565e-16
1.569879 4.795264e-16
1.570605 4.93911e-16
1.571332 4.933572e-16
1.572058 4.870724e-16
1.572785 4.840949e-16
1.573511 4.840778e-16
1.574238 4.80144e-16
1.574964 4.870208e-16
1.575691 4.810316e-16
1.576417 4.791556e-16
1.577143 4.874814e-16
1.57787 4.833111e-16
1.578596 4.786213e-16
1.579323 4.777812e-16
1.580049 4.770251e-16
1.580776 4.696158e-16
1.581502 4.744339e-16
1.582229 4.753083e-16
1.582955 4.708816e-16
1.583681 4.821491e-16
1.584408 4.897986e-16
1.585134 4.876164e-16
1.585861 4.749579e-16
1.586587 4.727674e-16
1.587314 4.722763e-16
1.58804 4.755637e-16
1.588767 4.741206e-16
1.589493 4.728801e-16
1.590219 4.765491e-16
1.590946 4.773363e-16
1.591672 4.805402e-16
1.592399 4.738961e-16
1.593125 4.746523e-16
1.593852 4.748579e-16
1.594578 4.729247e-16
1.595304 4.689481e-16
1.596031 4.689378e-16
1.596757 4.774196e-16
1.597484 4.726769e-16
1.59821 4.710212e-16
1.598937 4.687689e-16
1.599663 4.59733e-16
1.60039 4.600686e-16
1.601116 4.654622e-16
1.601842 4.665811e-16
1.602569 4.669028e-16
1.603295 4.673859e-16
1.604022 4.701014e-16
1.604748 4.691675e-16
1.605475 4.69526e-16
1.606201 4.65724e-16
1.606928 4.58327e-16
1.607654 4.566015e-16
1.60838 4.570123e-16
1.609107 4.57295e-16
1.609833 4.536423e-16
1.61056 4.579357e-16
1.611286 4.571043e-16
1.612013 4.556706e-16
1.612739 4.555377e-16
1.613466 4.637586e-16
1.614192 4.708864e-16
1.614918 4.662493e-16
1.615645 4.674431e-16
1.616371 4.652647e-16
1.617098 4.647877e-16
1.617824 4.614265e-16
1.618551 4.6164e-16
1.619277 4.621791e-16
1.620004 4.603996e-16
1.62073 4.585129e-16
1.621456 4.649251e-16
1.622183 4.653615e-16
1.622909 4.472604e-16
1.623636 4.526724e-16
1.624362 4.560837e-16
1.625089 4.570002e-16
1.625815 4.53334e-16
1.626542 4.530577e-16
1.627268 4.505759e-16
1.627994 4.530385e-16
1.628721 4.514777e-16
1.629447 4.584505e-16
1.630174 4.552204e-16
1.6309 4.554651e-16
1.631627 4.542742e-16
1.632353 4.488023e-16
1.633079 4.487876e-16
1.633806 4.528305e-16
1.634532 4.495746e-16
1.635259 4.446026e-16
1.635985 4.509388e-16
1.636712 4.489872e-16
1.637438 4.553104e-16
1.638165 4.629236e-16
1.638891 4.63835e-16
1.639617 4.56883e-16
1.640344 4.594534e-16
1.64107 4.593144e-16
1.641797 4.592318e-16
1.642523 4.566948e-16
1.64325 4.579099e-16
1.643976 4.557484e-16
1.644703 4.513745e-16
1.645429 4.643706e-16
1.646155 4.636452e-16
1.646882 4.600631e-16
1.647608 4.619307e-16
1.648335 4.599095e-16
1.649061 4.673261e-16
1.649788 4.649651e-16
1.650514 4.673726e-16
1.65124 4.731933e-16
1.651967 4.718361e-16
1.652693 4.659003e-16
1.65342 4.663449e-16
1.654146 4.739213e-16
1.654873 4.41072e-16
1.655599 4.285273e-16
1.656326 4.597971e-16
1.657052 4.642405e-16
1.657779 4.59927e-16
1.658505 4.560356e-16
1.659231 4.547861e-16
1.659958 4.534979e-16
1.660684 4.49756e-16
1.661411 4.460053e-16
1.662137 4.448865e-16
1.662864 4.48184e-16
1.66359 4.435901e-16
1.664316 4.592395e-16
1.665043 4.512754e-16
1.665769 4.557482e-16
1.666496 4.587792e-16
1.667222 4.544301e-16
1.667949 4.491395e-16
1.668675 4.568474e-16
1.669402 4.506251e-16
1.670128 4.525428e-16
1.670854 4.516292e-16
1.671581 4.554247e-16
1.672307 4.562485e-16
1.673034 4.551756e-16
1.67376 4.57792e-16
1.674487 4.626533e-16
1.675213 4.633593e-16
1.675939 4.604438e-16
1.676666 4.630936e-16
1.677392 4.675888e-16
1.678119 4.659769e-16
1.678845 4.606964e-16
1.679572 4.584384e-16
1.680298 4.616665e-16
1.681025 4.654636e-16
1.681751 4.591702e-16
1.682478 4.539913e-16
1.683204 4.617585e-16
1.68393 4.724955e-16
1.684657 4.684963e-16
1.685383 4.616756e-16
1.68611 4.613551e-16
1.686836 4.574382e-16
1.687563 4.548477e-16
1.688289 4.541732e-16
1.689015 4.559096e-16
1.689742 4.501777e-16
1.690468 4.486001e-16
1.691195 4.540209e-16
1.691921 4.527608e-16
1.692648 4.488798e-16
1.693374 4.484191e-16
1.694101 4.503867e-16
1.694827 4.498043e-16
1.695554 4.441937e-16
1.69628 4.451259e-16
1.697006 4.374772e-16
1.697733 4.421326e-16
1.698459 4.542696e-16
1.699186 4.511002e-16
1.699912 4.43001e-16
1.700638 4.469714e-16
1.701365 4.532295e-16
1.702091 4.518965e-16
1.702818 4.5002e-16
1.703544 4.557826e-16
1.704271 4.530421e-16
1.704997 4.482835e-16
1.705724 4.496001e-16
1.70645 4.469516e-16
1.707177 4.419982e-16
1.707903 4.437126e-16
1.708629 4.51042e-16
1.709356 4.529633e-16
1.710082 4.525116e-16
1.710809 4.550609e-16
1.711535 4.575782e-16
1.712262 4.523098e-16
1.712988 4.448238e-16
1.713714 4.452133e-16
1.714441 4.459855e-16
1.715167 4.487149e-16
1.715894 4.461388e-16
1.71662 4.478254e-16
1.717347 4.451122e-16
1.718073 4.425219e-16
1.7188 4.450652e-16
1.719526 4.479633e-16
1.720253 4.508761e-16
1.720979 4.53789e-16
1.721705 4.567426e-16
1.722432 4.57662e-16
1.723158 4.585739e-16
1.723885 4.610144e-16
1.724611 4.585651e-16
1.725338 4.56336e-16
1.726064 4.541212e-16
1.72679 4.51501e-16
1.727517 4.561958e-16
1.728243 4.556617e-16
1.72897 4.59043e-16
1.729696 4.637284e-16
1.730423 4.63351e-16
1.731149 4.608129e-16
1.731876 4.670289e-16
1.732602 4.859116e-16
1.733329 4.856915e-16
1.734055 4.883782e-16
1.734781 4.793765e-16
1.735508 4.730651e-16
1.736234 4.735483e-16
1.736961 4.722183e-16
1.737687 4.760051e-16
1.738413 4.762069e-16
1.73914 4.708008e-16
1.739866 4.705878e-16
1.740593 4.601518e-16
1.741319 4.601723e-16
1.742046 4.594509e-16
1.742772 4.640276e-16
1.743499 4.637089e-16
1.744225 4.543584e-16
1.744952 4.617816e-16
1.745678 4.564174e-16
1.746404 4.47907e-16
1.747131 4.634841e-16
1.747857 4.644143e-16
1.748584 4.509904e-16
1.74931 4.495385e-16
1.750037 4.499526e-16
1.750763 4.448138e-16
1.751489 4.553655e-16
1.752216 4.602403e-16
1.752942 4.5453e-16
1.753669 4.467125e-16
1.754395 4.466064e-16
1.755122 4.544409e-16
1.755848 4.539789e-16
1.756575 4.485885e-16
1.757301 4.577186e-16
1.758028 4.636351e-16
1.758754 4.580329e-16
1.75948 4.511371e-16
1.760207 4.518705e-16
1.760933 4.585386e-16
1.76166 4.556934e-16
1.762386 4.513055e-16
1.763113 4.599854e-16
1.763839 4.537926e-16
1.764565 4.361072e-16
1.765292 4.213005e-16
1.766018 4.590891e-16
1.766745 4.690071e-16
1.767471 4.542536e-16
1.768198 4.52815e-16
1.768924 4.324248e-16
1.769651 4.187288e-16
1.770377 4.519652e-16
1.771104 4.619433e-16
1.77183 4.561233e-16
1.772556 4.545905e-16
1.773283 4.469375e-16
1.774009 4.502479e-16
1.774736 4.590396e-16
1.775462 4.527059e-16
1.776188 4.564904e-16
1.776915 4.643656e-16
1.777641 4.488215e-16
1.778368 4.485664e-16
1.779094 4.709044e-16
1.779821 4.590614e-16
1.780547 4.373551e-16
1.781274 4.569585e-16
1.782 4.756628e-16
1.782727 4.651419e-16
1.783453 4.477085e-16
1.784179 4.342622e-16
1.784906 4.590837e-16
1.785632 4.752822e-16
1.786359 4.628973e-16
1.787085 4.619009e-16
1.787812 4.593928e-16
1.788538 4.609419e-16
1.789264 4.575365e-16
1.789991 4.415194e-16
1.790717 4.452282e-16
1.791444 4.601349e-16
1.79217 4.556478e-16
1.792897 4.497856e-16
1.793623 4.60851e-16
1.79435 4.663545e-16
1.795076 4.52559e-16
1.795803 4.495486e-16
1.796529 4.527071e-16
1.797255 4.651591e-16
1.797982 4.662835e-16
1.798708 4.468403e-16
1.799435 4.104988e-16
1.800161 4.222575e-16
1.800888 4.640583e-16
1.801614 4.849065e-16
1.80234 4.944095e-16
1.803067 4.968167e-16
1.803793 4.880563e-16
1.80452 4.743995e-16
1.805246 4.11831e-16
1.805973 4.154202e-16
1.806699 5.084824e-16
1.807426 5.232503e-16
1.808152 4.906638e-16
1.808878 4.696858e-16
1.809605 4.469512e-16
1.815 4.556504e-16
1.82 4.555832e-16
1.825 4.555161e-16
1.83 4.554493e-16
1.835 4.553826e-16
1.84 4.553161e-16
1.845 4.552499e-16
1.85 4.551838e-16
1.855 4.551178e-16
1.86 4.550521e-16
1.865 4.549866e-16
1.87 4.549212e-16
1.875 4.54856e-16
1.88 4.547911e-16
1.885 4.547263e-16
1.89 4.546616e-16
1.895 4.545972e-16
1.9 4.54533e-16
1.905 4.544689e-16
1.91 4.544049e-16
1.915 4.543412e-16
1.92 4.542777e-16
1.925 4.542143e-16
1.93 4.541511e-16
1.935 4.54088e-16
1.94 4.540252e-16
1.945 4.539625e-16
1.95 4.539e-16
1.955378 4.683457e-16
1.956104 4.827876e-16
1.95683 5.97351e-16
1.957557 6.102995e-16
1.958283 5.001584e-16
1.95901 5.17019e-16
1.959736 5.142936e-16
1.960463 4.783286e-16
1.961189 4.529934e-16
1.961915 4.322447e-16
1.962642 4.322669e-16
1.963368 4.648677e-16
1.964095 4.873992e-16
1.964821 4.828083e-16
1.965548 4.717763e-16
1.966274 4.632189e-16
1.967001 4.624365e-16
1.967727 4.354794e-16
1.968454 2.893422e-16
1.96918 2.670704e-16
1.969906 3.940383e-16
1.970633 4.489746e-16
1.971359 4.56037e-16
1.972086 4.686779e-16
1.972812 4.660118e-16
1.973538 4.622948e-16
1.974265 4.633389e-16
1.974991 4.654991e-16
1.975718 4.582025e-16
1.976444 4.519854e-16
1.977171 4.525497e-16
1.977897 4.535328e-16
1.978624 4.421768e-16
1.97935 4.424019e-16
1.980077 4.712838e-16
1.980803 4.813122e-16
1.981529 4.650511e-16
1.982256 4.521582e-16
1.982982 4.491792e-16
1.983709 4.529282e-16
1.984435 4.530067e-16
1.985162 4.496527e-16
1.985888 4.457539e-16
1.986614 4.529414e-16
1.987341 4.678321e-16
1.988067 4.639986e-16
1.988794 4.440664e-16
1.98952 4.359744e-16
1.990247 4.553251e-16
1.990973 4.66544e-16
1.9917 4.621393e-16
1.992426 4.439865e-16
1.993153 4.196141e-16
1.993879 4.43032e-16
1.994605 4.578827e-16
1.995332 4.521293e-16
1.996058 4.438582e-16
1.996785 4.372161e-16
1.997511 4.369043e-16
1.998238 4.434938e-16
1.998964 4.388969e-16
1.99969 4.406277e-16
2.000417 4.515367e-16
2.001143 4.551337e-16
2.00187 4.557941e-16
2.002596 4.712115e-16
2.003323 4.848997e-16
2.004049 4.948843e-16
2.004776 4.995194e-16
2.005502 5.188659e-16
2.006229 5.430014e-16
2.006955 5.361431e-16
2.007681 5.277535e-16
2.008408 5.070536e-16
2.009134 4.633098e-16
2.009861 4.365857e-16
2.010587 4.47538e-16
2.011313 4.649156e-16
2.01204 4.79994e-16
2.012766 4.883396e-16
2.013493 4.884971e-16
2.014219 4.875962e-16
2.014946 4.853909e-16
2.015672 4.860336e-16
2.016399 4.878264e-16
2.017125 4.907773e-16
2.017852 5.002061e-16
2.018578 4.996748e-16
2.019304 4.88066e-16
2.020031 4.806222e-16
2.020757 4.763186e-16
2.021484 4.750071e-16
2.02221 4.737419e-16
2.022937 4.699596e-16
2.023663 4.647474e-16
2.024389 4.580067e-16
2.025116 4.565886e-16
2.025842 4.545242e-16
2.026569 4.458649e-16
2.027295 4.46352e-16
2.028022 4.51673e-16
2.028748 4.521859e-16
2.029475 4.524142e-16
2.030201 4.485283e-16
2.030928 4.413548e-16
2.031654 4.385165e-16
2.03238 4.398233e-16
2.033107 4.41354e-16
2.033833 4.476302e-16
2.03456 4.469469e-16
2.035286 4.38649e-16
2.036013 4.365393e-16
2.036739 4.361132e-16
2.037465 4.376975e-16
2.038192 4.38967e-16
2.038918 4.373216e-16
2.039645 4.407579e-16
2.040371 4.443589e-16
2.041098 4.420327e-16
2.041824 4.400292e-16
2.042551 4.410852e-16
2.043277 4.371518e-16
2.044004 4.385744e-16
2.04473 4.418813e-16
2.045456 4.374873e-16
2.046183 4.336985e-16
2.046909 4.337961e-16
2.047636 4.274672e-16
2.048362 4.230961e-16
2.049088 4.265008e-16
2.049815 4.326708e-16
2.050541 4.27973e-16
2.051268 4.289138e-16
2.051994 4.376123e-16
2.052721 4.364587e-16
2.053447 4.360222e-16
2.054174 4.373631e-16
2.0549 4.363734e-16
2.055627 4.348959e-16
2.056353 4.461122e-16
2.057079 4.583028e-16
2.057806 4.615997e-16
2.058532 4.623369e-16
2.059259 4.645171e-16
2.059985 4.483297e-16
2.060712 4.319249e-16
2.061438 4.290945e-16
2.062164 4.291613e-16
2.062891 4.36042e-16
2.063617 4.434337e-16
2.064344 4.512777e-16
2.06507 4.472584e-16
2.065797 4.490291e-16
2.066523 4.482508e-16
2.06725 4.489282e-16
2.067976 4.514771e-16
2.068703 4.503762e-16
2.069429 4.483592e-16
2.070155 4.530699e-16
2.070882 4.576768e-16
2.071608 4.547648e-16
2.072335 4.545951e-16
2.073061 4.541538e-16
2.073787 4.535042e-16
2.074514 4.547645e-16
2.07524 4.534999e-16
2.075967 4.492882e-16
2.076693 4.509562e-16
2.07742 4.51223e-16
2.078146 4.520944e-16
2.078873 4.493721e-16
2.079599 4.441004e-16
2.080326 4.452305e-16
2.081052 4.468404e-16
2.081778 4.460747e-16
2.082505 4.469207e-16
2.083231 4.450336e-16
2.083958 4.456946e-16
2.084684 4.457501e-16
2.085411 4.459271e-16
2.086137 4.466262e-16
2.086863 4.523458e-16
2.08759 4.586753e-16
2.088316 4.558375e-16
2.089043 4.549439e-16
2.089769 4.503104e-16
2.090496 4.530688e-16
2.091222 4.512176e-16
2.091949 4.575535e-16
2.092675 4.615453e-16
2.093402 4.591128e-16
2.094128 4.601744e-16
2.094854 4.594427e-16
2.095581 4.580466e-16
2.096307 4.570827e-16
2.097034 4.555396e-16
2.09776 4.523732e-16
2.098487 4.557251e-16
2.099213 4.614812e-16
2.099939 4.598797e-16
2.100666 4.5174e-16
2.101392 4.490726e-16
2.102119 4.546397e-16
2.102845 4.558229e-16
2.103572 4.562564e-16
2.104298 4.580722e-16
2.105025 4.598673e-16
2.105751 4.645917e-16
2.106477 4.660957e-16
2.107204 4.656107e-16
2.10793 4.645368e-16
2.108657 4.703796e-16
2.109383 4.777962e-16
2.11011 4.789195e-16
2.110836 4.706022e-16
2.111563 4.613745e-16
2.112289 4.664121e-16
2.113015 4.629827e-16
2.113742 4.569762e-16
2.114468 4.545561e-16
2.115195 4.503182e-16
2.115921 4.559804e-16
2.116648 4.711796e-16
2.117374 4.953237e-16
2.1181 4.86939e-16
2.118827 4.68303e-16
2.119553 4.764552e-16
2.12028 4.642545e-16
2.121006 4.551067e-16
2.121733 4.563692e-16
2.122459 4.577049e-16
2.123186 4.576485e-16
2.123912 4.544959e-16
2.124638 4.595184e-16
2.125365 4.640471e-16
2.126091 4.6212e-16
2.126818 4.638298e-16
2.127544 4.650074e-16
2.128271 4.691373e-16
2.128997 4.734684e-16
2.129724 4.732821e-16
2.13045 4.701595e-16
2.131176 4.699829e-16
2.131903 4.713107e-16
2.132629 4.721671e-16
2.133356 4.773393e-16
2.134082 4.826632e-16
2.134809 4.812744e-16
2.135535 4.863709e-16
2.136262 4.954028e-16
2.136988 4.999977e-16
2.137714 5.03147e-16
2.138441 5.07775e-16
2.139167 5.0519e-16
2.139894 5.091502e-16
2.14062 5.12675e-16
2.141347 5.074508e-16
2.142073 5.154746e-16
2.142799 5.210335e-16
2.143526 5.237654e-16
2.144252 5.334629e-16
2.144979 5.599176e-16
2.145705 5.877821e-16
2.146432 5.682853e-16
2.147158 5.633518e-16
2.147885 5.747888e-16
2.148611 5.799257e-16
2.149338 5.78717e-16
2.150064 5.885849e-16
2.15079 6.173342e-16
2.151517 6.490954e-16
2.152243 6.437225e-16
2.15297 6.462356e-16
2.153696 6.559345e-16
2.154423 6.587847e-16
2.155149 6.859006e-16
2.155875 7.037832e-16
2.156602 7.19506e-16
2.157328 7.328875e-16
2.158055 7.422094e-16
2.158781 7.505696e-16
2.159508 7.469943e-16
2.160234 7.540324e-16
2.160961 7.530622e-16
2.161687 7.682617e-16
2.162413 7.777791e-16
2.16314 8.040679e-16
2.163866 8.42986e-16
2.164593 8.664558e-16
2.165319 8.594581e-16
2.166046 8.130688e-16
2.166772 7.874725e-16
2.167498 7.581496e-16
2.168225 7.550502e-16
2.168951 7.647137e-16
2.169678 7.83597e-16
2.170404 8.157102e-16
2.171131 7.948112e-16
2.171857 7.334064e-16
2.172584 7.221567e-16
2.17331 7.097023e-16
2.174037 6.974778e-16
2.174763 6.880707e-16
2.175489 6.773696e-16
2.176216 6.65643e-16
2.176942 6.548853e-16
2.177669 6.451359e-16
2.178395 6.330701e-16
2.179122 6.258183e-16
2.179848 6.123064e-16
2.180574 5.934056e-16
2.181301 5.819816e-16
2.182027 5.691859e-16
2.182754 5.552122e-16
2.18348 5.518844e-16
2.184207 5.470553e-16
2.184933 5.400628e-16
2.18566 5.192608e-16
2.186386 5.024946e-16
2.187113 4.982551e-16
2.187839 4.999478e-16
2.188565 4.976966e-16
2.189292 4.893228e-16
2.190018 4.859625e-16
2.190745 4.853905e-16
2.191471 4.763193e-16
2.192197 4.745514e-16
2.192924 4.68419e-16
2.19365 4.634281e-16
2.194377 4.537208e-16
2.195103 4.540872e-16
2.19583 4.646363e-16
2.196556 4.587197e-16
2.197283 4.575045e-16
2.198009 4.526041e-16
2.198736 4.498512e-16
2.199462 4.559689e-16
2.200188 4.622586e-16
2.200915 4.615831e-16
2.201641 4.592554e-16
2.202368 4.526206e-16
2.203094 4.533346e-16
2.203821 4.538368e-16
2.204547 4.498281e-16
2.205273 4.459908e-16
2.206 4.422069e-16
2.206726 4.381673e-16
2.207453 4.371463e-16
2.208179 4.430157e-16
2.208906 4.501617e-16
2.209632 4.483663e-16
2.210359 4.473376e-16
2.211085 4.48691e-16
2.211812 4.488055e-16
2.212538 4.578441e-16
2.213264 4.675621e-16
2.213991 4.599872e-16
2.214717 4.441329e-16
2.215444 4.366666e-16
2.21617 4.455528e-16
2.216896 4.536407e-16
2.217623 4.549743e-16
2.218349 4.578475e-16
2.219076 4.557868e-16
2.219802 4.493835e-16
2.220529 4.44718e-16
2.221255 4.415668e-16
2.221982 4.45144e-16
2.222708 4.452233e-16
2.223435 4.455943e-16
2.224161 4.44205e-16
2.224887 4.427133e-16
2.225614 4.375002e-16
2.22634 4.401372e-16
2.227067 4.437053e-16
2.227793 4.450196e-16
2.22852 4.457918e-16
2.229246 4.441003e-16
2.229972 4.383983e-16
2.230699 4.420912e-16
2.231425 4.495328e-16
2.232152 4.485495e-16
2.232878 4.484696e-16
2.233605 4.521507e-16
2.234331 4.533727e-16
2.235058 4.487403e-16
2.235784 4.505975e-16
2.236511 4.488873e-16
2.237237 4.443127e-16
2.237963 4.147074e-16
2.23869 3.977313e-16
2.239416 4.378693e-16
2.240143 4.550607e-16
2.240869 4.574169e-16
2.241596 4.485851e-16
2.242322 4.445864e-16
2.243048 4.485808e-16
2.243775 4.519845e-16
2.244501 4.546992e-16
2.245228 4.482826e-16
2.245954 4.487182e-16
2.246681 4.581119e-16
2.247407 4.613226e-16
2.248134 4.580288e-16
2.24886 4.534111e-16
2.249587 4.46791e-16
2.250313 4.505889e-16
2.251039 4.57257e-16
2.251766 4.571182e-16
2.252492 4.546075e-16
2.253219 4.549774e-16
2.253945 4.613124e-16
2.254671 4.582673e-16
2.255398 4.563438e-16
2.256124 4.591247e-16
2.256851 4.626594e-16
2.257577 4.679131e-16
2.258304 4.625468e-16
2.25903 4.594604e-16
2.259757 4.558933e-16
2.260483 4.56399e-16
2.26121 4.58874e-16
2.261936 4.650976e-16
2.262663 4.646397e-16
2.263389 4.590273e-16
2.264115 4.629079e-16
2.264842 4.753124e-16
2.265568 4.76295e-16
2.266295 4.667521e-16
2.267021 4.553466e-16
2.267747 4.488915e-16
2.268474 4.549565e-16
2.2692 4.610728e-16
2.269927 4.497053e-16
2.270653 4.461862e-16
2.27138 4.414853e-16
2.272106 4.348866e-16
2.272833 4.410669e-16
2.273559 4.344529e-16
2.274286 4.233765e-16
2.275012 4.243748e-16
2.275738 4.344709e-16
2.276465 4.440356e-16
2.277191 4.432038e-16
2.277918 4.369115e-16
2.278644 4.338938e-16
2.279371 4.266195e-16
2.280097 4.257604e-16
2.280823 4.26318e-16
2.28155 4.266052e-16
2.282276 4.269493e-16
2.283003 4.272611e-16
2.283729 4.277262e-16
2.284456 4.297055e-16
2.285182 4.336048e-16
2.285909 4.351474e-16
2.286635 4.316742e-16
2.287362 4.338949e-16
2.288088 4.301271e-16
2.288814 4.166044e-16
2.289541 4.20322e-16
2.290267 4.384023e-16
2.290994 4.355502e-16
2.29172 4.324489e-16
2.292446 4.323646e-16
2.293173 4.325581e-16
2.293899 4.333328e-16
2.294626 4.228651e-16
2.295352 4.280177e-16
2.296079 4.397438e-16
2.296805 4.32384e-16
2.297532 4.200344e-16
2.298258 4.222389e-16
2.298985 4.284993e-16
2.299711 4.296469e-16
2.300437 4.298951e-16
2.301164 4.34328e-16
2.30189 4.291694e-16
2.302617 4.172155e-16
2.303343 4.215473e-16
2.30407 4.285101e-16
2.304796 4.360932e-16
2.305522 4.346976e-16
2.306249 4.294743e-16
2.306975 4.270825e-16
2.307702 4.365024e-16
2.308428 4.389493e-16
2.309155 4.321852e-16
2.309881 4.31157e-16
2.310608 4.286519e-16
2.311334 4.24824e-16
2.312061 4.235775e-16
2.312787 4.237148e-16
2.313513 4.235777e-16
2.31424 4.270712e-16
2.314966 4.2932e-16
2.315693 4.380628e-16
2.316419 4.471014e-16
2.317146 4.55816e-16
2.317872 4.592789e-16
2.318598 4.511817e-16
2.319325 4.378396e-16
2.320051 4.29493e-16
2.320778 4.255369e-16
2.321504 4.282776e-16
2.322231 4.353032e-16
2.322957 4.388295e-16
2.323684 4.295979e-16
2.32441 4.279904e-16
2.325136 4.252291e-16
2.325863 4.316537e-16
2.326589 4.311202e-16
2.327316 4.207809e-16
2.328042 4.159856e-16
2.328769 4.259444e-16
2.329495 4.295103e-16
2.330221 4.253191e-16
2.330948 4.212112e-16
2.331674 4.223227e-16
2.332401 4.247888e-16
2.333127 4.242389e-16
2.333854 4.228942e-16
2.33458 4.23368e-16
2.335307 4.295286e-16
2.336033 4.284724e-16
2.33676 4.269485e-16
2.337486 4.268976e-16
2.338212 4.262541e-16
2.338939 4.208079e-16
2.339665 4.232086e-16
2.340392 4.337969e-16
2.341118 4.424992e-16
2.341845 4.342335e-16
2.342571 4.262796e-16
2.343297 4.239491e-16
2.344024 4.174834e-16
2.34475 4.192857e-16
2.345477 4.311418e-16
2.346203 4.319017e-16
2.34693 4.252086e-16
2.347656 4.318864e-16
2.348383 4.134158e-16
2.349109 3.764449e-16
2.349835 3.971437e-16
2.350562 4.284677e-16
2.351288 4.405409e-16
2.352015 4.480748e-16
2.352741 4.431514e-16
2.353468 4.357004e-16
2.354194 4.339277e-16
2.354921 4.202667e-16
2.355647 4.22525e-16
2.356373 4.342197e-16
2.3571 4.201508e-16
2.357826 4.13518e-16
2.358553 4.340847e-16
2.359279 4.549197e-16
2.360006 4.380739e-16
2.360732 4.26091e-16
2.361459 4.321624e-16
2.362185 4.356161e-16
2.362911 4.123268e-16
2.363638 4.443062e-16
2.364364 5.84922e-16
2.365091 4.764212e-16
2.365817 4.179918e-16
2.366544 4.236126e-16
2.36727 4.298211e-16
2.367996 4.333446e-16
2.368723 4.216084e-16
2.369449 3.914501e-16
2.370176 3.952585e-16
2.370902 4.490025e-16
2.371629 4.811855e-16
2.372355 4.654296e-16
2.373082 4.545245e-16
2.373808 4.492456e-16
2.374534 4.375935e-16
2.375261 4.301737e-16
2.375987 4.259564e-16
2.376714 4.296923e-16
2.37744 4.353838e-16
2.378167 4.411541e-16
2.378893 4.367406e-16
2.37962 4.303606e-16
2.41 4.403014e-16
2.43 4.40811e-16
2.45 4.408074e-16
2.47 4.403031e-16
2.49 4.393121e-16
2.51 4.37849e-16
2.53 4.359302e-16
2.55369 4.687875e-16
2.56307 4.303234e-16
2.57245 4.26884e-16
2.58184 4.150157e-16
2.59123 4.142635e-16
2.60063 4.247557e-16
2.61003 4.191669e-16
2.61943 4.202485e-16
2.62885 4.174631e-16
2.63826 4.277885e-16
2.64769 4.130938e-16
2.65711 4.06733e-16
2.66655 4.080586e-16
2.67598 4.191526e-16
2.68542 4.131603e-16
2.69487 4.06393e-16
2.70432 4.054837e-16
2.71377 4.003042e-16
2.72323 3.928459e-16
2.7327 3.77804e-16
2.74217 3.686876e-16
2.75164 3.766266e-16
2.76111 3.835124e-16
2.7706 3.854525e-16
2.78008 3.822708e-16
2.78957 3.943301e-16
2.79906 3.786088e-16
2.80856 3.69717e-16
2.81806 3.644434e-16
2.82757 3.705291e-16
2.83707 3.929992e-16
2.84659 3.950533e-16
2.8561 4.049927e-16
2.86562 4.013437e-16
2.87515 3.968049e-16
2.88467 3.913999e-16
2.8942 3.763377e-16
2.90374 3.690016e-16
2.91327 3.60523e-16
2.92282 3.693215e-16
2.93236 3.698806e-16
2.94191 3.737832e-16
2.95146 3.77652e-16
2.96101 3.778817e-16
2.97057 3.962021e-16
2.98013 3.995971e-16
2.98969 4.01496e-16
2.99926 4.132659e-16
3.00883 4.064965e-16
3.0184 3.915636e-16
3.02798 3.864765e-16
3.03756 3.915679e-16
3.04714 3.837159e-16
3.05672 3.714304e-16
3.06631 3.769773e-16
3.0759 3.721941e-16
3.08549 3.689016e-16
3.09508 3.579077e-16
3.10468 3.461385e-16
3.11428 3.46046e-16
3.12388 3.494517e-16
3.13349 3.534526e-16
3.14309 3.528753e-16
3.1527 3.5902e-16
3.16232 3.533271e-16
3.17193 3.554337e-16
3.18155 3.47265e-16
3.19117 3.411929e-16
3.20079 3.446386e-16
3.21041 3.436174e-16
3.22004 3.541099e-16
3.22967 3.592034e-16
3.2393 3.570846e-16
3.24893 3.4027e-16
3.25856 3.480441e-16
3.2682 3.539969e-16
3.27784 3.572101e-16
3.28748 3.560697e-16
3.29712 3.586509e-16
3.30676 3.598354e-16
3.31641 3.643904e-16
3.32606 3.53295e-16
3.33571 3.591318e-16
3.34536 3.629483e-16
3.35501 3.437671e-16
3.36467 3.449297e-16
3.37432 3.380455e-16
3.38398 3.355601e-16
3.39364 3.32646e-16
3.4033 3.265063e-16
3.41297 3.375391e-16
3.42263 3.401674e-16
3.4323 3.417117e-16
3.44197 3.334772e-16
3.45164 3.412163e-16
3.46131 3.52922e-16
3.47098 3.557887e-16
3.48065 3.448897e-16
3.49033 3.453943e-16
3.50001 3.363276e-16
3.50969 3.440974e-16
3.51936 3.400609e-16
3.52905 3.229658e-16
3.53873 3.160049e-16
3.54841 3.182204e-16
3.5581 3.19651e-16
3.56778 3.154933e-16
3.57747 3.15603e-16
3.58716 3.181951e-16
3.59685 3.208216e-16
3.60654 3.088801e-16
3.61623 3.167685e-16
3.62592 3.187273e-16
3.63562 3.339229e-16
3.64531 3.357245e-16
3.65501 3.300408e-16
3.6647 3.355307e-16
3.6744 3.278165e-16
3.6841 3.390123e-16
3.6938 3.362838e-16
3.7035 3.335779e-16
3.7132 3.323101e-16
3.72291 3.306822e-16
3.73261 3.321354e-16
3.74232 3.332968e-16
3.75202 3.334315e-16
3.76173 3.250058e-16
3.77143 3.192949e-16
3.78114 3.179047e-16
3.79085 3.208942e-16
3.80056 3.225759e-16
3.81027 3.260865e-16
3.81998 3.211017e-16
3.8297 3.136341e-16
3.83941 3.103664e-16
3.84912 3.063969e-16
3.85884 2.998959e-16
3.86855 3.033099e-16
3.87827 3.01963e-16
3.88798 3.03741e-16
3.8977 3.053422e-16
3.90742 3.072708e-16
3.91713 3.045939e-16
3.92685 3.111614e-16
3.93657 3.153813e-16
3.94629 3.022017e-16
3.95601 2.868618e-16
3.96573 2.929586e-16
3.97545 2.902654e-16
3.98517 2.950809e-16
3.9949 2.940635e-16
4.00462 2.974192e-16
4.01434 3.023225e-16
4.02407 3.022412e-16
4.03379 3.02107e-16
4.04352 3.073755e-16
4.05324 3.02379e-16
4.06297 3.006452e-16
4.07269 3.032397e-16
4.08242 2.939108e-16
4.09214 2.862627e-16
4.10187 2.811922e-16
4.1116 2.785504e-16
4.12133 2.818261e-16
4.13105 2.95507e-16
4.14078 2.881571e-16
4.15051 2.825658e-16
4.16024 2.754943e-16
4.16997 2.769125e-16
4.1797 2.76007e-16
4.18943 2.80709e-16
4.19916 2.855969e-16
4.20889 2.860353e-16
4.21862 2.828052e-16
4.22835 2.795949e-16
4.23808 2.744005e-16
4.24781 2.846125e-16
4.25754 2.833212e-16
4.26727 2.824605e-16
4.277 2.808518e-16
4.28673 2.866894e-16
4.29646 2.887784e-16
4.30619 2.868273e-16
4.31593 2.809173e-16
4.32566 2.740332e-16
4.33539 2.777827e-16
4.34512 2.73779e-16
4.35485 2.745391e-16
4.36458 2.749018e-16
4.37432 2.820607e-16
4.38405 2.857957e-16
4.39378 2.844211e-16
4.40351 2.814854e-16
4.41324 2.725494e-16
4.42298 2.727193e-16
4.43271 2.737359e-16
4.44244 2.681211e-16
4.45217 2.738041e-16
4.4619 2.719953e-16
4.47163 2.666867e-16
4.48136 2.620701e-16
4.4911 2.6318e-16
4.50083 2.664855e-16
4.51056 2.687706e-16
4.52029 2.685567e-16
4.53002 2.67998e-16
4.53975 2.696169e-16
4.54948 2.634472e-16
4.55921 2.625594e-16
4.56894 2.551964e-16
4.57867 2.528625e-16
4.5884 2.515598e-16
4.59813 2.444247e-16
4.60786 2.412271e-16
4.61758 2.48185e-16
4.62731 2.509442e-16
4.63704 2.470082e-16
4.64677 2.584266e-16
4.65649 2.560257e-16
4.66622 2.503805e-16
4.67595 2.530166e-16
4.68567 2.520552e-16
4.6954 2.383388e-16
4.70513 2.416734e-16
4.71485 2.37594e-16
4.72457 2.396722e-16
4.7343 2.491878e-16
4.74402 2.447311e-16
4.75375 2.483061e-16
4.76347 2.503587e-16
4.77319 2.546452e-16
4.78291 2.475865e-16
4.79263 2.528483e-16
4.80235 2.386959e-16
4.81207 2.288023e-16
4.82179 2.250367e-16
4.83151 2.367576e-16
4.84123 2.291471e-16
4.85095 2.251841e-16
4.86066 2.302271e-16
4.87038 2.34776e-16
4.88009 2.354948e-16
4.88981 2.235362e-16
4.89952 2.184161e-16
5.0 2.246932e-16
5.1 2.180517e-16
5.2 2.117078e-16
5.3 2.056435e-16
5.4 1.998422e-16
5.51967 1.810153e-16
5.54991 1.98193e-16
5.58015 1.909089e-16
5.61039 1.884554e-16
5.64063 1.893581e-16
5.67088 1.861992e-16
5.70112 1.752513e-16
5.73136 1.74173e-16
5.7616 1.885798e-16
5.79184 1.808269e-16
5.82209 1.811832e-16
5.85233 1.933071e-16
5.88257 1.950804e-16
5.91281 1.832507e-16
5.94305 1.770995e-16
5.9733 1.664324e-16
6.00354 1.720702e-16
6.03378 1.692737e-16
6.06402 1.62615e-16
6.09426 1.634149e-16
6.12451 1.642952e-16
6.15475 1.660198e-16
6.18499 1.564456e-16
6.21523 1.649984e-16
6.24547 1.514232e-16
6.27572 1.505372e-16
6.30596 1.561615e-16
6.3362 1.420125e-16
6.36644 1.464577e-16
6.39668 1.611795e-16
6.42693 1.508608e-16
6.45717 1.57882e-16
6.48741 1.544937e-16
6.51765 1.562214e-16
6.54789 1.575232e-16
6.57814 1.49188e-16
6.60838 1.472064e-16
6.63862 1.498778e-16
6.66886 1.490333e-16
6.6991 1.463013e-16
6.72935 1.397396e-16
6.75959 1.419496e-16
6.78983 1.58543e-16
6.82007 1.539762e-16
6.85031 1.487764e-16
6.88056 1.41029e-16
6.9108 1.174132e-16
6.94104 1.263296e-16
6.97128 1.363472e-16
7.00152 1.504404e-16
7.03177 1.496089e-16
7.06201 1.489559e-16
7.09225 1.499102e-16
7.12249 1.439913e-16
7.15273 1.445892e-16
7.18298 1.526448e-16
7.21322 1.538631e-16
7.24346 1.52244e-16
7.2737 1.41848e-16
7.30394 1.518637e-16
7.33419 1.346827e-16
7.36443 1.282083e-16
7.39467 1.334038e-16
7.42491 1.383189e-16
7.45515 1.292314e-16
7.4854 1.237746e-16
7.51564 1.319894e-16
7.57612 1.185343e-16
7.6366 1.143423e-16
7.69709 1.16233e-16
7.75757 1.210028e-16
7.81805 1.207662e-16
7.87854 1.128122e-16
7.93902 1.06505e-16
7.99951 1.087461e-16
8.05999 1.148161e-16
8.12047 1.179707e-16
8.180959 1.109216e-16
8.24144 1.095907e-16
8.30192 1.10078e-16
8.362409 1.11712e-16
8.42289 1.105601e-16
8.48337 1.044388e-16
8.54386 1.108446e-16
8.60434 1.148497e-16
8.66483 1.114253e-16
8.72531 1.057532e-16
8.785791 1.180742e-16
8.84628 1.181904e-16
8.90676 1.12093e-16
8.967241 1.047997e-16
9.02773 1.079561e-16
9.08821 9.489312e-17
9.14869 9.580005e-17
9.20918 9.945676000000001e-17
9.26966 9.698558000000001e-17
9.33015 9.664662000000001e-17
9.39063 9.410467000000001e-17
9.45111 9.845701000000001e-17
9.511599 9.253708e-17
9.57208 9.188844000000001e-17
9.63256 8.842069e-17
9.69305 9.203495000000001e-17
9.75353 9.095806000000001e-17
9.814009 8.839313000000001e-17
9.8745 8.377381000000001e-17
9.93498 8.586168000000001e-17
9.99547 8.683449e-17
10.05595 8.675018000000001e-17
10.11643 8.407754e-17
10.17692 8.829929e-17
10.2374 8.564476e-17
10.29788 8.500044000000001e-17
10.35837 8.975464000000001e-17
10.41885 8.715435e-17
10.47933 8.623981000000001e-17
10.53982 8.462733000000001e-17
10.6003 8.810618000000001e-17
10.660791 9.084604000000001e-17
10.72127 8.451946e-17
10.78175 8.808994e-17
10.842241 9.356320000000001e-17
10.90272 9.104672000000001e-17
10.9632 9.221269000000001e-17
11.02369 9.690063e-17
11.08417 9.795426e-17
11.144651 9.721447e-17
11.20514 9.440801e-17
11.26562 8.831838000000001e-17
11.32611 9.505771e-17
11.38659 8.887742000000001e-17
11.44707 8.756916e-17
11.50756 9.525675000000001e-17
11.56804 9.430206000000001e-17
11.62852 9.260285000000001e-17
11.689009 9.251337000000001e-17
11.74949 9.000476e-17
11.80997 9.527384e-17
11.870459 9.366061e-17
11.93094 8.810384e-17
11.99143 8.898045000000001e-17
12.05191 9.103925000000001e-17
12.11239 9.634762000000001e-17
12.17288 8.987366000000001e-17
12.23336 8.962333000000001e-17
12.293841 8.969019000000001e-17
12.35433 8.895066000000001e-17
12.41481 9.019765000000001e-17
12.475291 8.798359000000001e-17
12.53578 8.761398e-17
12.59626 8.745048000000001e-17
12.65675 8.715821000000001e-17
12.71723 8.655131000000001e-17
12.77771 8.343583e-17
12.8382 8.460763e-17
12.89868 9.126004000000001e-17
12.95916 9.334593000000001e-17
13.019651 8.791302e-17
13.08013 8.767409e-17
13.140609 8.939291e-17
13.2011 8.101956e-17
13.26158 7.907313000000001e-17
13.322059 7.88118e-17
13.38255 7.917351000000001e-17
13.44303 7.345133000000001e-17
13.50352 7.733841e-17
13.564 7.593288000000001e-17
13.62448 7.625454e-17
13.68497 7.626052000000001e-17
13.74545 7.488124000000001e-17
13.80593 7.394465e-17
13.86642 7.173670000000001e-17
13.9269 7.074333000000001e-17
13.98738 7.271865000000001e-17
14.06935 6.988599000000001e-17
14.15403 6.923129000000001e-17
14.238711 7.217241000000001e-17
14.323381 7.105504000000001e-17
14.408059 6.926318000000001e-17
14.492739 7.299547e-17
14.577409 7.020786e-17
14.662091 6.790077e-17
14.74677 7.174109000000001e-17
14.83145 7.161782e-17
14.91612 6.078180000000001e-17
15.0008 5.623852000000001e-17
15.08548 5.772566000000001e-17
15.17015 5.759721000000001e-17
15.25483 5.726504000000001e-17
15.339509 5.797469e-17
15.42418 6.125098e-17
15.508859 6.222629e-17
15.593541 5.938914000000001e-17
15.678211 5.864335e-17
15.762891 5.851894e-17
15.84757 5.964054000000001e-17
15.932239 5.792926000000001e-17
16.01692 5.3379550000000005e-17
16.1016 5.67712e-17
16.18628 5.898932000000001e-17
16.27095 5.67006e-17
16.355631 6.022007000000001e-17
16.440309 6.215865e-17
16.524981 6.172737e-17
16.609659 6.012862e-17
16.694339 5.961764e-17
16.779011 5.922609e-17
16.863689 5.887636000000001e-17
16.94837 5.901639e-17
17.033039 5.949182e-17
17.11772 5.829949e-17
17.2024 5.565325000000001e-17
17.287069 5.964794000000001e-17
17.37175 5.949164000000001e-17
17.45643 5.952995e-17
17.541109 5.799722e-17
17.62578 5.5469100000000006e-17
17.710461 5.785457000000001e-17
17.795139 5.930629000000001e-17
17.879811 5.937074e-17
17.964491 6.418669e-17
18.04917 5.934596e-17
18.133841 5.899085e-17
18.218519 6.004111000000001e-17
18.3032 5.994931000000001e-17
18.38787 5.964598e-17
18.47255 6.142941e-17
18.55723 6.066691000000001e-17
18.641898 5.835504000000001e-17
18.72658 5.946884000000001e-17
18.811261 6.071061e-17
18.895941 5.874243e-17
18.980609 6.014668000000001e-17
19.065291 6.195288e-17
19.149969 5.822315e-17
19.234641 5.914048000000001e-17
19.31932 5.877084e-17
19.404 5.5245100000000005e-17
19.48867 5.836784000000001e-17
19.573352 5.815762e-17
19.65803 6.306456e-17
19.7427 6.116525000000001e-17
19.82738 6.068774e-17
19.912059 5.91156e-17
19.996731 5.749425000000001e-17
20.081409 5.615638000000001e-17
20.166091 5.767147e-17
20.25077 5.839329000000001e-17
20.335439 5.242589e-17
20.42012 5.825323000000001e-17
20.504802 5.538396000000001e-17
20.58947 5.629036000000001e-17
20.75883 5.5078980000000005e-17
20.928181 5.260157e-17
21.09753 5.1550700000000004e-17
21.266889 5.176455e-17
21.436239 5.3226060000000005e-17
21.6056 5.0875180000000005e-17
21.77495 4.8387340000000006e-17
21.9443 4.755281e-17
22.113661 4.616462e-17
22.283011 4.625002e-17
22.452359 4.443588e-17
22.621719 4.2360590000000004e-17
22.79107 4.3086150000000004e-17
22.96043 4.230296e-17
23.12978 4.1749830000000006e-17
23.29913 4.0703360000000006e-17
23.468491 4.0743890000000006e-17
23.637841 3.988523e-17
23.807191 3.7980020000000005e-17
23.976548 3.6950400000000003e-17
24.1459 3.618039e-17
24.315259 3.5317370000000005e-17
24.484609 3.49489e-17
24.653959 3.4517980000000004e-17
24.82332 3.3659530000000006e-17
24.99267 3.3058790000000003e-17
25.16202 3.3217210000000004e-17
25.331381 3.1958430000000005e-17
25.500731 3.140843e-17
25.670089 3.0868720000000005e-17
25.839439 2.981662e-17
26.008789 2.940709e-17
26.17815 2.780863e-17
26.3475 2.7867970000000005e-17
26.51685 2.7499630000000002e-17
26.686209 2.7152270000000002e-17
26.855559 2.5819160000000003e-17
27.024919 2.5419810000000002e-17
27.194269 2.461806e-17
27.363622 2.408815e-17
27.532981 2.3483760000000002e-17
27.702328 2.2251460000000003e-17
27.871678 2.2254340000000002e-17
28.041041 2.233804e-17
28.210391 2.15661e-17
28.37975 2.1578980000000003e-17
28.5491 2.1381780000000002e-17
28.71845 2.0792510000000002e-17
28.887809 1.927737e-17
29.057159 2.058672e-17
29.226509 1.919756e-17
29.395869 1.8903130000000003e-17
29.565219 1.8122380000000002e-17
29.734578 1.872199e-17
29.903931 2.2236930000000003e-17
30.073281 1.9319450000000002e-17
30.242641 1.76577e-17
30.411991 1.7346480000000003e-17
30.581341 1.724406e-17
30.7507 1.679402e-17
30.92005 1.6012200000000002e-17
31.089409 1.4771480000000002e-17
31.258759 1.5611510000000002e-17
31.428109 1.531679e-17
31.597469 1.6537830000000002e-17
31.766822 1.486162e-17
31.936172 1.445104e-17
32.105531 1.384865e-17
32.274878 1.477488e-17
32.444241 1.3844470000000001e-17
32.613591 1.3668500000000001e-17
32.782941 1.239982e-17
32.9523 1.3483940000000002e-17
33.12165 1.3272120000000001e-17
33.291 1.3612180000000001e-17
33.460363 1.2608100000000001e-17
33.629713 1.2467020000000001e-17
33.799069 1.2519530000000001e-17
33.968419 1.2527430000000001e-17
34.137772 1.2809560000000001e-17
34.307128 1.2678480000000001e-17
34.476478 1.1797350000000001e-17
34.645828 1.095133e-17
34.815191 1.2507190000000001e-17
34.984538 1.1627790000000001e-17
38.0 8.944505e-18
41.0 7.298911e-18
44.0 6.150115e-18
47.0 5.339007e-18
50.0 4.764486e-18
53.0 4.361279e-18
56.0 4.086722e-18
59.0 3.912784e-18
62.0 3.8211900000000004e-18
65.0 3.800405e-18
70.305519 4.111886e-18
71.008575 4.134577e-18
71.718656 4.155169e-18
72.435838 4.1736510000000004e-18
73.1602 4.190022e-18
73.8918 4.204278e-18
74.630719 4.2164200000000004e-18
75.377031 4.2264530000000004e-18
76.130794 4.234385e-18
76.8921 4.240226e-18
77.661025 4.2439910000000005e-18
78.437631 4.245696e-18
79.222006 4.24536e-18
80.014231 4.243007e-18
80.814375 4.23866e-18
81.622512 4.232348e-18
82.438738 4.224099e-18
83.263125 4.213946e-18
84.095756 4.201923e-18
84.936712 4.188066e-18
85.786081 4.172414e-18
86.643938 4.155005e-18
87.510381 4.135881e-18
88.385481 4.1150860000000004e-18
89.269338 4.092663e-18
90.162031 4.068657e-18
91.06365 4.043116e-18
91.974288 4.016088e-18
92.894025 3.98762e-18
93.822969 3.957763e-18
94.7612 3.926565e-18
95.708813 3.894078e-18
96.6659 3.860352e-18
97.632563 3.82544e-18
98.608888 3.789391e-18
99.594975 3.7522590000000004e-18
100.590919 3.714095e-18
101.596831 3.674949e-18
102.6128 3.634875e-18
103.638931 3.593923e-18
104.675319 3.552145e-18
105.722075 3.509589e-18
106.779288 3.466308e-18
107.847088 3.422351e-18
108.92555 3.377766e-18
110.014813 3.332603e-18
111.11495 3.286909e-18
112.2261 3.240731e-18
113.348363 3.194116e-18
114.48185 3.147108e-18
115.626663 3.099754e-18
116.782938 3.052096e-18
117.950763 3.004178e-18
119.130263 2.9560420000000002e-18
120.321562 2.907727e-18
121.524788 2.859274e-18
122.740037 2.8107240000000002e-18
123.967425 2.7621140000000002e-18
125.207113 2.713478e-18
126.459188 2.664856e-18
127.723775 2.616281e-18
129.001013 2.567787e-18
130.291025 2.519406e-18
131.593925 2.471171e-18
132.909875 2.423111e-18
134.238975 2.375257e-18
135.581363 2.327638e-18
136.937175 2.280279e-18
138.30655 2.233207e-18
139.689625 2.186448e-18
141.086525 2.140026e-18
142.497388 2.093964e-18
143.92235 2.0482840000000002e-18
145.361588 2.003007e-18
146.8152 1.9581540000000002e-18
148.283363 1.913742e-18
149.7662 1.869791e-18
151.263875 1.826316e-18
152.776512 1.783335e-18
154.304275 1.740863e-18
155.847313 1.698913e-18
157.405788 1.657499e-18
158.979838 1.616633e-18
160.569625 1.576325e-18
162.175338 1.536587e-18
163.797088 1.4974290000000001e-18
165.43505 1.458859e-18
167.0894 1.420885e-18
168.760288 1.383514e-18
170.447888 1.346753e-18
172.152375 1.310606e-18
173.8739 1.2750790000000001e-18
175.612625 1.240176e-18
177.36875 1.205899e-18
179.14245 1.172252e-18
180.933875 1.139236e-18
182.743212 1.106853e-18
184.570638 1.075103e-18
186.41635 1.043986e-18
188.280513 1.013501e-18
190.163313 9.836479e-19
192.064938 9.54424e-19
193.985588 9.258269999999998e-19
195.92545 8.978542999999999e-19
197.8847 8.705024e-19
199.863538 8.437676999999999e-19
201.862175 8.176456999999999e-19
203.8808 7.921317999999999e-19
205.919612 7.672209e-19
207.978813 7.429077e-19
210.0586 7.191859999999999e-19
212.159175 6.960497999999999e-19
214.280775 6.7349259999999995e-19
216.4236 6.515073999999999e-19
218.587825 6.300872999999999e-19
220.7737 6.092248999999999e-19
222.98145 5.889123999999999e-19
225.21125 5.691421e-19
227.463375 5.499059e-19
229.738 5.311955e-19
232.0354 5.1300259999999995e-19
234.35575 4.953185e-19
236.699325 4.781347e-19
239.066325 4.614420999999999e-19
241.456975 4.452321e-19
243.87155 4.2949539999999996e-19
246.31025 4.1422309999999995e-19
248.773375 3.9940579999999997e-19
251.2611 3.850345e-19
253.773725 3.7109999999999995e-19
256.311475 3.57593e-19
258.874575 3.4450439999999997e-19
261.46335 3.3182459999999995e-19
264.077975 3.195448e-19
266.718725 3.0765559999999995e-19
269.385925 2.961479e-19
272.079775 2.850125e-19
274.800575 2.742404e-19
277.5486 2.638225e-19
280.324075 2.537501e-19
283.127325 2.4401429999999995e-19
285.9586 2.3460639999999996e-19
288.8182 2.2551769999999996e-19
291.706375 2.1673969999999998e-19
294.62345 2.0826389999999998e-19
297.5697 2.0008219999999998e-19
300.5454 1.9218619999999998e-19
303.55085 1.8456789999999998e-19
306.58635 1.772193e-19
309.6522 1.701327e-19
312.74875 1.633004e-19
315.87625 1.5671469999999999e-19
319.035 1.5036839999999998e-19
322.22535 1.4425409999999998e-19
325.447625 1.3836479999999998e-19
328.7021 1.326934e-19
331.9891 1.272332e-19
335.309025 1.2197739999999998e-19
338.6621 1.169195e-19
342.0487 1.120532e-19
345.4692 1.0737219999999999e-19
348.923875 1.0287039999999999e-19
352.4131 9.854182999999999e-20
355.937225 9.438071999999999e-20
359.4966 9.038144e-20
363.09155 8.653845e-20
366.722475 8.284641e-20
370.3897 7.930008e-20
374.0936 7.589438e-20
377.83455 7.262438e-20
381.6129 6.948528999999999e-20
385.429 6.647242999999999e-20
389.2833 6.358127e-20
393.176125 6.080739e-20
397.107875 5.814656e-20
401.07895 5.559460999999999e-20
405.08975 5.31475e-20
409.14065 5.080137e-20
413.232075 4.8552429999999995e-20
417.364375 4.639705e-20
421.538 4.433167e-20
425.7534 4.235287e-20
430.01095 4.045732e-20
434.31105 3.864183e-20
438.65415 3.6903299999999996e-20
443.0407 3.5238729999999997e-20
447.4711 3.364522e-20
451.9458 3.211999e-20
456.46525 3.066033e-20
461.0299 2.926364e-20
465.6402 2.792738e-20
470.29665 2.6649149999999998e-20
474.9996 2.54266e-20
479.7496 2.4257469999999998e-20
484.5471 2.3139599999999997e-20
489.3926 2.2070869999999998e-20
494.28655 2.104929e-20
499.2294 2.007289e-20
504.2217 1.9139809999999998e-20
509.26395 1.824824e-20
514.3566 1.739645e-20
519.50015 1.658277e-20
524.69515 1.580561e-20
529.9421 1.50634e-20
535.2415 1.4354669999999998e-20
540.59395 1.367799e-20
545.99985 1.3031999999999999e-20
551.45985 1.241537e-20
556.97445 1.182683e-20
562.54415 1.126519e-20
568.1696 1.072926e-20
573.8513 1.0217929999999999e-20
579.5898 9.730125e-21
585.3857 9.264815e-21
591.23955 8.821014e-21
597.15195 8.397771e-21
603.12345 7.994176e-21
609.1547 7.609357e-21
615.24625 7.242484e-21
621.3987 6.892752e-21
627.61265 6.559394e-21
633.88875 6.2416759999999996e-21
640.22765 5.938894e-21
646.6299 5.650374e-21
653.0962 5.37547e-21
659.62715 5.113566e-21
666.2234 4.864069e-21
672.8856 4.6264149999999996e-21
679.6145 4.40006e-21
686.41065 4.184488e-21
693.2747 3.979205e-21
700.2075 3.783733e-21
707.2096 3.597622e-21
714.2817 3.420439e-21
721.42455 3.251769e-21
728.6388 3.0912169999999998e-21
735.92515 2.938405e-21
743.2844 2.7929709999999998e-21
750.71725 2.65457e-21
758.2244 2.522873e-21
765.80665 2.397564e-21
773.46475 2.278342e-21
781.19935 2.164922e-21
789.01135 2.057027e-21
796.90145 1.954398e-21
804.8705 1.856783e-21
812.91925 1.763945e-21
821.0484 1.675656e-21
829.2589 1.591699e-21
837.5515 1.511867e-21
845.927 1.435963e-21
854.3862 1.363798e-21
862.9301 1.295193e-21
871.5594 1.229975e-21
880.275 1.167982e-21
889.0777 1.109059e-21
897.9685 1.053057e-21
906.9482 9.99833e-22
916.0177 9.492539e-22
925.1779 9.011907e-22
934.4296 8.555214e-22
943.7739 8.121287e-22
953.2117 7.70902e-22
962.7438 7.317349e-22
972.3713 6.94527e-22
982.095 6.591822e-22
991.9159 6.256092e-22
1001.8 5.9369650000000005e-22
