0.09117 -1.190928e-16
0.091671 1.458749e-14
0.092171 2.485956e-14
0.092672 2.672316e-14
0.093172 2.745165e-14
0.093672 2.763484e-14
0.094173 3.323492e-14
0.094673 2.859437e-14
0.095174 2.743321e-14
0.095674 3.249765e-14
0.096175 3.187077e-14
0.096676 2.563546e-14
0.097176 3.299409e-14
0.097677 2.607567e-14
0.098177 2.796621e-14
0.098678 2.463208e-14
0.099178 2.592045e-14
0.099678 2.901095e-14
0.100179 2.784371e-14
0.100679 2.793642e-14
0.10118 2.636527e-14
0.10168 2.781908e-14
0.103182 2.67796e-14
0.103682 2.149329e-14
0.104183 2.602875e-14
0.104683 2.691232e-14
0.105184 2.594838e-14
0.105684 2.682233e-14
0.106185 2.682837e-14
0.106685 2.623518e-14
0.107186 2.830765e-14
0.107686 2.654251e-14
0.108187 2.449768e-14
0.108688 2.43363e-14
0.109188 2.584689e-14
0.109689 2.352482e-14
0.110189 2.451747e-14
0.11069 2.401446e-14
0.11119 2.385269e-14
0.111691 2.541389e-14
0.112191 2.480608e-14
0.112692 2.682501e-14
0.113192 2.563965e-14
0.113693 2.557219e-14
0.114193 2.635022e-14
0.114694 2.660821e-14
0.115194 2.529924e-14
0.115694 2.639872e-14
0.116195 2.699241e-14
0.116695 2.853822e-14
0.117441 2.989785e-14
0.117941 3.272809e-14
0.118441 3.805984e-14
0.118941 4.167955e-14
0.119441 4.007014e-14
0.119942 3.350129e-14
0.120442 2.482942e-14
0.120942 2.166278e-14
0.122443 2.177687e-14
0.122943 2.2816e-14
0.123443 2.298539e-14
0.123943 2.230623e-14
0.124443 2.168984e-14
0.124944 2.09691e-14
0.125444 2.029504e-14
0.125944 1.694349e-14
0.126444 1.946725e-14
0.126944 1.881964e-14
0.127445 1.905787e-14
0.127945 1.883846e-14
0.128445 1.920746e-14
0.128945 1.930522e-14
0.129445 1.839711e-14
0.129946 1.869718e-14
0.130446 1.64696e-14
0.130946 1.837281e-14
0.131446 1.828541e-14
0.131946 1.771271e-14
0.132447 1.794395e-14
0.132947 1.812512e-14
0.133447 1.549297e-14
0.133947 1.865991e-14
0.134447 1.95065e-14
0.134948 2.079502e-14
0.135448 2.207437e-14
0.135948 2.250711e-14
0.136448 2.306708e-14
0.136948 2.49456e-14
0.137449 2.894355e-14
0.137949 3.357462e-14
0.138449 3.913478e-14
0.138949 4.27122e-14
0.139449 6.578451e-14
0.13995 1.025962e-13
0.14045 1.071105e-13
0.14095 6.554651e-14
0.14145 4.712329e-14
0.14195 3.880503e-14
0.142451 3.657766e-14
0.142951 3.756483e-14
0.143451 3.427377e-14
0.143951 2.749219e-14
0.144451 2.37693e-14
0.144952 2.160728e-14
0.145452 2.063475e-14
0.145952 1.950188e-14
0.146452 1.829372e-14
0.146828 1.630117e-14
0.147411 1.536113e-14
0.147914 1.436981e-14
0.148417 1.24945e-14
0.14892 1.472238e-14
0.149423 1.574596e-14
0.149926 1.800357e-14
0.150429 1.466272e-14
0.150932 1.508288e-14
0.151435 1.48441e-14
0.151937 1.512112e-14
0.15244 1.459649e-14
0.152943 1.088382e-14
0.153446 1.440806e-14
0.153949 1.488548e-14
0.154452 1.761898e-14
0.154955 1.409917e-14
0.155458 1.277954e-14
0.155961 1.300153e-14
0.156464 1.801107e-14
0.156966 1.506853e-14
0.157469 1.30974e-14
0.157972 1.349025e-14
0.158475 1.331379e-14
0.158978 1.473048e-14
0.159481 1.427009e-14
0.159984 1.381004e-14
0.160487 1.79241e-14
0.16099 1.754905e-14
0.161493 1.711747e-14
0.161995 1.850278e-14
0.162498 1.909339e-14
0.163001 1.76132e-14
0.163504 1.624745e-14
0.164007 1.598859e-14
0.16451 1.451114e-14
0.168 2.187224e-14
0.170346 1.329701e-14
0.17085 1.338293e-14
0.171353 1.34102e-14
0.171856 1.38064e-14
0.172359 1.598763e-14
0.172862 1.472773e-14
0.173364 1.555875e-14
0.173867 1.451212e-14
0.17437 1.590043e-14
0.174873 1.564535e-14
0.175376 1.71884e-14
0.175878 1.887453e-14
0.176381 2.062245e-14
0.176883 2.313624e-14
0.177386 2.559309e-14
0.177889 3.286036e-14
0.178391 3.854305e-14
0.178893 4.894989e-14
0.179396 4.991507e-14
0.179898 3.784448e-14
0.180401 2.899818e-14
0.180903 2.350765e-14
0.181405 2.026698e-14
0.181907 1.845685e-14
0.182409 1.734066e-14
0.182912 1.746631e-14
0.183414 1.550062e-14
0.183916 1.473476e-14
0.184418 1.602216e-14
0.18492 1.480275e-14
0.185422 1.51207e-14
0.185924 1.425839e-14
0.186426 1.506072e-14
0.186928 1.457831e-14
0.18743 1.515697e-14
0.187931 1.47725e-14
0.188433 1.506221e-14
0.188935 1.61429e-14
0.189437 1.570319e-14
0.189938 1.585275e-14
0.19044 1.473626e-14
0.190942 1.368203e-14
0.191443 1.427638e-14
0.191945 1.378236e-14
0.192447 1.394081e-14
0.192948 1.29862e-14
0.19345 1.291803e-14
0.193951 1.302124e-14
0.194453 1.187262e-14
0.194954 1.125093e-14
0.195456 1.141191e-14
0.195957 1.098898e-14
0.196459 1.094651e-14
0.19696 1.12777e-14
0.197462 1.108983e-14
0.197963 1.035893e-14
0.198464 1.135034e-14
0.198966 1.086022e-14
0.199467 1.110732e-14
0.199968 1.001244e-14
0.20047 1.051782e-14
0.200971 1.068799e-14
0.201472 1.103301e-14
0.201974 1.113453e-14
0.202475 1.132202e-14
0.202976 1.109418e-14
0.203477 1.039388e-14
0.203979 1.050704e-14
0.20448 1.107718e-14
0.204981 1.080311e-14
0.205482 1.039025e-14
0.205983 1.106561e-14
0.206485 1.097592e-14
0.206986 1.072838e-14
0.207487 1.01872e-14
0.207988 1.047268e-14
0.208489 1.035515e-14
0.208991 1.071465e-14
0.209492 1.064527e-14
0.209993 9.917135e-15
0.210494 1.013476e-14
0.210995 1.00489e-14
0.211496 1.023545e-14
0.211997 1.025935e-14
0.212499 9.452363e-15
0.213 1.050385e-14
0.213501 9.923119e-15
0.214002 1.01097e-14
0.214503 1.048904e-14
0.215004 1.019488e-14
0.215506 1.053451e-14
0.216007 1.016283e-14
0.216508 1.076852e-14
0.217009 1.106799e-14
0.21751 1.094748e-14
0.218011 1.217793e-14
0.218513 1.275773e-14
0.219014 1.368843e-14
0.219515 1.354165e-14
0.220016 1.464793e-14
0.220518 1.560011e-14
0.221019 1.535023e-14
0.22152 1.4505e-14
0.222021 1.270306e-14
0.222523 1.177479e-14
0.223024 1.141359e-14
0.223525 1.068258e-14
0.224026 1.033532e-14
0.224528 1.002845e-14
0.225029 9.621426e-15
0.22553 9.349591e-15
0.226032 9.559436e-15
0.226533 9.766343e-15
0.227035 8.960963e-15
0.227536 9.312368e-15
0.228038 9.461207e-15
0.228539 9.337319e-15
0.22904 8.896663e-15
0.229542 8.634902e-15
0.230043 8.859465e-15
0.230545 8.934731e-15
0.230975 7.324895e-15
0.234 1.032462e-14
0.236 1.012746e-14
0.238 9.935684e-15
0.240102 9.440418e-15
0.240635 1.176016e-14
0.241167 1.011148e-14
0.2417 1.04258e-14
0.242232 1.07119e-14
0.242765 1.104497e-14
0.243298 1.048422e-14
0.24383 8.176412e-15
0.244363 9.790912e-15
0.244895 9.941301e-15
0.245427 9.304621e-15
0.24596 8.636182e-15
0.246493 1.045954e-14
0.247025 8.683562e-15
0.247558 1.02596e-14
0.24809 1.031506e-14
0.248623 9.590097e-15
0.249155 1.152417e-14
0.249688 1.147833e-14
0.250221 8.149837e-15
0.250753 1.237973e-14
0.251285 1.222041e-14
0.251818 1.125819e-14
0.25235 9.749494e-15
0.252883 8.477515e-15
0.253416 8.60324e-15
0.253948 9.189213e-15
0.254481 8.108483e-15
0.255013 8.014871e-15
0.255546 1.062839e-14
0.256078 9.277334e-15
0.256611 8.991057e-15
0.257143 8.492924e-15
0.257676 8.214354e-15
0.258208 7.770618e-15
0.258741 8.810892e-15
0.259273 8.268699e-15
0.259806 7.905766e-15
0.260339 8.996543e-15
0.260871 8.561065e-15
0.261404 9.201833e-15
0.261936 9.630816e-15
0.262469 1.011852e-14
0.263001 8.729354e-15
0.263534 9.342112e-15
0.264066 1.017805e-14
0.264599 1.020473e-14
0.265131 8.54367e-15
0.265664 8.558182e-15
0.266196 9.943657e-15
0.266729 8.37791e-15
0.267261 8.746699e-15
0.267794 9.318072e-15
0.268327 9.247442e-15
0.268859 8.405302e-15
0.269392 7.911115e-15
0.269924 8.783221e-15
0.270457 9.314854e-15
0.270989 8.827461e-15
0.271522 1.003096e-14
0.272054 1.022285e-14
0.272587 9.436373e-15
0.273119 8.715699e-15
0.273652 9.572526e-15
0.274184 1.077395e-14
0.274717 9.259255e-15
0.27525 9.340402e-15
0.275782 9.629698e-15
0.276315 9.157795e-15
0.276847 1.095533e-14
0.277379 9.781434e-15
0.277912 9.953257e-15
0.278445 9.26118e-15
0.278977 9.829092e-15
0.27951 8.884466e-15
0.280042 9.017492e-15
0.280575 1.036313e-14
0.281107 8.531277e-15
0.28164 9.798361e-15
0.282173 1.003452e-14
0.282705 7.874523e-15
0.283238 9.632526e-15
0.28377 8.982006e-15
0.284302 9.263469e-15
0.284835 9.389534e-15
0.285368 9.159986e-15
0.2859 1.029415e-14
0.286433 8.546413e-15
0.286965 9.93831e-15
0.287498 9.818675e-15
0.28803 8.679524e-15
0.288563 8.966862e-15
0.289095 1.000208e-14
0.289628 8.690023e-15
0.29016 8.100634e-15
0.290693 7.878852e-15
0.291225 8.810015e-15
0.291758 8.646136e-15
0.292291 8.669004e-15
0.292823 8.614653e-15
0.293355 8.039386e-15
0.293888 7.650954e-15
0.294421 8.316893e-15
0.294953 7.690941e-15
0.295486 8.844587e-15
0.296018 8.250976e-15
0.296551 7.81822e-15
0.297083 7.533358e-15
0.297616 7.915834e-15
0.298148 6.752601e-15
0.298681 7.468439e-15
0.299214 8.100509e-15
0.299746 7.76478e-15
0.302 8.521576e-15
0.304 8.45707e-15
0.306 8.392095e-15
0.308 8.326689e-15
0.31 8.26089e-15
0.312 8.194737e-15
0.314 8.128265e-15
0.316 8.061508e-15
0.318 7.994501e-15
0.3202 6.866399e-15
0.3208 8.106252e-15
0.3214 8.461475e-15
0.322 9.55147e-15
0.3226 9.565154e-15
0.3232 1.042403e-14
0.3238 9.786092e-15
0.3244 9.288968e-15
0.325 8.586704e-15
0.3256 9.026703e-15
0.3262 8.955628e-15
0.3268 8.425636e-15
0.3274 8.244336e-15
0.328 8.37105e-15
0.3286 7.544645e-15
0.3292 8.034443e-15
0.3298 7.900935e-15
0.3304 7.41258e-15
0.331 7.622597e-15
0.3316 7.676357e-15
0.3322 7.517964e-15
0.3328 7.258308e-15
0.3334 7.681938e-15
0.334 7.145178e-15
0.3346 7.245422e-15
0.3352 7.03117e-15
0.3358 7.2843e-15
0.3364 6.720498e-15
0.337 7.077376e-15
0.3376 7.464719e-15
0.3382 7.356908e-15
0.3388 7.368676e-15
0.3394 6.878232e-15
0.34 7.205628e-15
0.3406 7.223358e-15
0.3412 7.35885e-15
0.3418 7.277457e-15
0.3424 7.154881e-15
0.343 6.960293e-15
0.3436 6.797394e-15
0.3442 7.090522e-15
0.3448 6.723397e-15
0.3454 6.619705e-15
0.346 6.779717e-15
0.3466 7.045715e-15
0.3472 6.549194e-15
0.3478 6.755552e-15
0.3484 6.812814e-15
0.349 6.303341e-15
0.3496 6.38244e-15
0.3502 5.904941e-15
0.3508 5.959826e-15
0.3514 6.0658e-15
0.352 6.49444e-15
0.3526 6.461035e-15
0.3532 6.157726e-15
0.3538 6.398816e-15
0.3544 6.561258e-15
0.355 6.259149e-15
0.3556 6.475231e-15
0.3562 6.285121e-15
0.3568 6.267246e-15
0.3574 6.676053e-15
0.358 6.53923e-15
0.3586 6.441994e-15
0.3592 6.474748e-15
0.3598 6.403257e-15
0.3604 6.861686e-15
0.361 6.512201e-15
0.3616 6.782548e-15
0.3622 6.518471e-15
0.3628 6.367969e-15
0.3634 6.744533e-15
0.364 6.315939e-15
0.3646 6.208352e-15
0.3652 6.379096e-15
0.3658 6.443538e-15
0.3664 6.253246e-15
0.367 6.524414e-15
0.3676 6.599501e-15
0.3682 6.78668e-15
0.3688 6.560465e-15
0.3694 6.642891e-15
0.37 6.65705e-15
0.3706 6.594573e-15
0.3712 6.357613e-15
0.3718 6.034678e-15
0.3724 6.497046e-15
0.373 6.276379e-15
0.3736 6.30268e-15
0.3742 6.357057e-15
0.3748 6.142268e-15
0.3754 5.822506e-15
0.376 6.243737e-15
0.3766 6.323844e-15
0.3772 6.066277e-15
0.3778 6.012063e-15
0.3784 6.187877e-15
0.379 6.002368e-15
0.3796 6.017843e-15
0.381022 6.370105e-15
0.381549 6.162359e-15
0.382076 6.213814e-15
0.382604 6.345022e-15
0.383133 6.194108e-15
0.383663 6.275231e-15
0.384194 6.089733e-15
0.384725 6.171491e-15
0.385257 6.266484e-15
0.385789 6.308197e-15
0.386323 6.418874e-15
0.386857 6.13062e-15
0.387391 6.175258e-15
0.387927 5.976926e-15
0.388463 5.953469e-15
0.389 6.016959e-15
0.389538 5.981918e-15
0.390077 6.00476e-15
0.390616 5.881435e-15
0.391156 5.909985e-15
0.391697 5.78687e-15
0.392238 5.769087e-15
0.392781 5.776689e-15
0.393324 5.68088e-15
0.393867 5.86693e-15
0.394412 5.976028e-15
0.394957 6.127825e-15
0.395503 6.454934e-15
0.39605 5.909129e-15
0.396598 5.669544e-15
0.397146 5.501801e-15
0.397695 5.707257e-15
0.398245 5.510602e-15
0.398795 5.496692e-15
0.399347 5.533623e-15
0.399899 5.392647e-15
0.400452 5.470285e-15
0.401005 5.393627e-15
0.40156 5.385655e-15
0.402115 5.383324e-15
0.402671 5.3577e-15
0.403227 5.30431e-15
0.403785 5.239892e-15
0.404343 5.235008e-15
0.404902 5.107374e-15
0.405462 5.144466e-15
0.406022 5.124945e-15
0.406584 5.025824e-15
0.407146 5.038832e-15
0.407709 5.006856e-15
0.408272 4.978005e-15
0.408837 5.016817e-15
0.409402 5.000918e-15
0.409968 5.019392e-15
0.410535 4.920625e-15
0.411102 4.897611e-15
0.411671 4.969682e-15
0.41224 4.84456e-15
0.41281 4.974296e-15
0.413381 4.909672e-15
0.413952 4.915163e-15
0.414524 4.802283e-15
0.415097 4.779436e-15
0.415671 4.806291e-15
0.416246 4.694323e-15
0.416821 4.732845e-15
0.417398 4.70289e-15
0.417975 4.664092e-15
0.418553 4.623488e-15
0.419131 4.610249e-15
0.419711 4.631001e-15
0.420291 4.596327e-15
0.420872 4.580394e-15
0.421454 4.562946e-15
0.422037 4.550709e-15
0.42262 4.509323e-15
0.423204 4.547431e-15
0.423789 4.482412e-15
0.424375 4.515216e-15
0.424962 4.469712e-15
0.425549 4.381456e-15
0.426138 4.441645e-15
0.426727 4.403112e-15
0.427317 4.362947e-15
0.427908 4.411003e-15
0.428499 4.436661e-15
0.429092 4.340807e-15
0.429685 4.367663e-15
0.430279 4.918344e-15
0.430874 4.501441e-15
0.431469 4.226113e-15
0.432066 4.209471e-15
0.432663 4.184318e-15
0.433261 4.171227e-15
0.43386 4.204834e-15
0.43441 4.083972e-15
0.434911 4.000258e-15
0.435412 3.930628e-15
0.435913 3.882126e-15
0.436415 3.832253e-15
0.436918 3.79255e-15
0.437421 3.822543e-15
0.437925 3.750551e-15
0.43843 3.772119e-15
0.438935 3.695094e-15
0.43944 3.689779e-15
0.439947 3.612423e-15
0.440453 3.67837e-15
0.440961 3.610237e-15
0.441469 3.586727e-15
0.441977 3.627537e-15
0.442487 3.552226e-15
0.442996 3.566194e-15
0.443507 3.569032e-15
0.444017 3.548717e-15
0.444529 3.580832e-15
0.445041 3.584719e-15
0.445554 3.683798e-15
0.446067 3.982357e-15
0.446581 4.530479e-15
0.447095 4.148208e-15
0.44761 3.591816e-15
0.448126 3.53783e-15
0.448642 3.595917e-15
0.449159 3.684124e-15
0.449676 3.48786e-15
0.450194 3.353232e-15
0.450713 3.29224e-15
0.451232 3.22996e-15
0.451752 3.146328e-15
0.452272 3.098193e-15
0.452793 3.12025e-15
0.453315 3.081914e-15
0.453837 3.098698e-15
0.45436 3.051682e-15
0.454883 3.04458e-15
0.455407 3.111379e-15
0.455932 3.114001e-15
0.456457 3.164046e-15
0.456983 3.166351e-15
0.457509 3.260293e-15
0.458036 3.506568e-15
0.458564 3.380214e-15
0.459092 3.112639e-15
0.459621 3.027286e-15
0.460151 2.983546e-15
0.460681 2.937384e-15
0.461211 2.833378e-15
0.461743 2.792617e-15
0.462275 2.755093e-15
0.462807 2.740871e-15
0.46334 2.746701e-15
0.463874 2.726143e-15
0.464408 2.695515e-15
0.464943 2.713541e-15
0.465479 2.651718e-15
0.466015 2.68127e-15
0.466552 2.697491e-15
0.467089 2.696664e-15
0.467627 2.71855e-15
0.468166 2.745142e-15
0.468705 2.740955e-15
0.469245 2.775476e-15
0.469786 2.853195e-15
0.470327 2.861537e-15
0.470869 2.894736e-15
0.471411 2.940846e-15
0.471954 3.034062e-15
0.472498 3.00642e-15
0.473042 3.115995e-15
0.473587 3.185168e-15
0.474133 3.04221e-15
0.474679 2.968445e-15
0.475226 2.876012e-15
0.475773 2.816559e-15
0.476321 2.723378e-15
0.47687 2.679793e-15
0.477419 2.634219e-15
0.477969 2.606307e-15
0.47852 2.584107e-15
0.479071 2.530085e-15
0.479623 2.481201e-15
0.480176 2.486814e-15
0.480729 2.485569e-15
0.481282 2.435908e-15
0.481837 2.413075e-15
0.482392 2.382247e-15
0.482948 2.374631e-15
0.483504 2.338302e-15
0.484061 2.323849e-15
0.484619 2.310342e-15
0.485177 2.323367e-15
0.485736 2.301108e-15
0.486295 2.307872e-15
0.486855 2.274341e-15
0.487416 2.289553e-15
0.487978 2.301105e-15
0.48854 2.30379e-15
0.489103 2.273188e-15
0.489666 2.308078e-15
0.49023 2.328307e-15
0.490795 2.276624e-15
0.49136 2.280084e-15
0.491926 2.300024e-15
0.492493 2.302981e-15
0.49306 2.376179e-15
0.493628 2.375521e-15
0.494197 2.428773e-15
0.494766 2.479203e-15
0.495336 2.500161e-15
0.495907 2.530027e-15
0.496478 2.594823e-15
0.49705 2.657075e-15
0.497623 2.754014e-15
0.498196 2.874515e-15
0.49877 2.950369e-15
0.499344 3.010597e-15
0.499919 3.090931e-15
0.500495 3.233452e-15
0.501072 3.444344e-15
0.501649 3.354482e-15
0.502227 3.19233e-15
0.502805 3.167823e-15
0.503385 3.159606e-15
0.503965 3.133672e-15
0.504545 2.780324e-15
0.505126 2.67015e-15
0.505708 2.564451e-15
0.506291 2.486115e-15
0.506874 2.405394e-15
0.507458 2.393121e-15
0.508042 2.342422e-15
0.508628 2.301669e-15
0.509214 2.28018e-15
0.5098 2.267108e-15
0.510387 2.251775e-15
0.510975 2.198269e-15
0.511564 2.200803e-15
0.512153 2.187679e-15
0.512743 2.192099e-15
0.513334 2.151437e-15
0.513925 2.18064e-15
0.514517 2.147421e-15
0.51511 2.16815e-15
0.515703 2.175246e-15
0.516297 2.148806e-15
0.516892 2.185188e-15
0.517488 2.185369e-15
0.518084 2.198199e-15
0.518681 2.174072e-15
0.519278 2.169112e-15
0.519876 2.171887e-15
0.520475 2.152951e-15
0.521075 2.181071e-15
0.521675 2.189359e-15
0.522276 2.18827e-15
0.522878 2.170435e-15
0.52348 2.167241e-15
0.524083 2.20037e-15
0.524687 2.195983e-15
0.525291 2.184994e-15
0.525896 2.183216e-15
0.526502 2.176062e-15
0.527108 2.175429e-15
0.527716 2.157197e-15
0.528324 2.169483e-15
0.528932 2.169394e-15
0.529542 2.157036e-15
0.530152 2.147978e-15
0.530762 2.133417e-15
0.531374 2.139569e-15
0.531986 2.136926e-15
0.532599 2.123129e-15
0.533212 2.122817e-15
0.533826 2.120419e-15
0.534441 2.133088e-15
0.535057 2.139184e-15
0.535673 2.136267e-15
0.53629 2.140657e-15
0.536908 2.139084e-15
0.537527 2.116237e-15
0.538146 2.121102e-15
0.538766 2.105447e-15
0.539386 2.103009e-15
0.540008 2.132419e-15
0.54063 2.141052e-15
0.541253 2.139209e-15
0.541876 2.059485e-15
0.5425 2.057921e-15
0.543063 2.030412e-15
0.543563 2.019351e-15
0.544064 2.053109e-15
0.544565 2.030101e-15
0.545067 2.008958e-15
0.545569 2.035898e-15
0.546072 2.011078e-15
0.546575 2.022048e-15
0.547079 2.026581e-15
0.547583 1.991392e-15
0.548088 1.968068e-15
0.548593 2.010314e-15
0.549098 1.973094e-15
0.549604 1.984459e-15
0.550111 2.004392e-15
0.550617 2.042728e-15
0.551125 2.021782e-15
0.551633 2.064435e-15
0.552141 2.06184e-15
0.55265 2.082095e-15
0.553159 2.143011e-15
0.553669 2.179273e-15
0.554179 2.240933e-15
0.55469 2.319883e-15
0.555201 2.462367e-15
0.555712 2.556355e-15
0.556224 2.682259e-15
0.556737 2.815828e-15
0.55725 3.002227e-15
0.557763 3.161573e-15
0.558277 3.325424e-15
0.558792 3.468958e-15
0.559307 3.653929e-15
0.559822 3.831115e-15
0.560338 3.970052e-15
0.560854 4.241152e-15
0.561371 4.57901e-15
0.561888 4.121825e-15
0.562406 3.7642e-15
0.562924 3.605319e-15
0.563443 3.374962e-15
0.563962 3.198994e-15
0.564482 3.049725e-15
0.565002 2.891423e-15
0.565523 2.75546e-15
0.566044 2.657527e-15
0.566565 2.563182e-15
0.567087 2.49902e-15
0.56761 2.408746e-15
0.568133 2.37031e-15
0.568657 2.255184e-15
0.56918 2.216726e-15
0.569705 2.137947e-15
0.57023 2.126552e-15
0.570755 2.157272e-15
0.571281 2.265691e-15
0.571808 2.637025e-15
0.572335 3.547176e-15
0.572862 3.892163e-15
0.57339 2.27888e-15
0.573918 1.998028e-15
0.574447 1.975718e-15
0.574976 1.996436e-15
0.575506 1.997647e-15
0.576037 2.147112e-15
0.576567 2.329571e-15
0.577099 3.166897e-15
0.57763 5.138616e-15
0.578163 8.354482e-15
0.578695 4.644282e-15
0.579229 2.177537e-15
0.579762 1.97355e-15
0.580297 1.919666e-15
0.580831 1.899201e-15
0.581367 1.86748e-15
0.581902 1.858269e-15
0.582438 1.798617e-15
0.582975 1.791024e-15
0.583512 1.769387e-15
0.58405 1.732583e-15
0.584588 1.71487e-15
0.585127 1.689099e-15
0.585666 1.687857e-15
0.586206 1.670076e-15
0.586746 1.668457e-15
0.587286 1.650688e-15
0.587828 1.657721e-15
0.588369 1.620359e-15
0.588912 1.613921e-15
0.589454 1.59849e-15
0.589997 1.620075e-15
0.590541 1.614842e-15
0.591085 1.637134e-15
0.59163 1.606766e-15
0.592175 1.636472e-15
0.592721 1.632547e-15
0.593267 1.656747e-15
0.593813 1.689334e-15
0.594361 1.703553e-15
0.594908 1.733282e-15
0.595456 1.720811e-15
0.596005 1.718886e-15
0.596554 1.700888e-15
0.597104 1.683591e-15
0.597654 1.706169e-15
0.598205 1.681283e-15
0.598756 1.661566e-15
0.599308 1.660976e-15
0.59986 1.644311e-15
0.600413 1.651936e-15
0.600966 1.640647e-15
0.60152 1.599707e-15
0.602074 1.59817e-15
0.602629 1.619406e-15
0.603184 1.605072e-15
0.60374 1.602061e-15
0.604296 1.611034e-15
0.604853 1.584661e-15
0.605411 1.602617e-15
0.605968 1.5736e-15
0.606527 1.596233e-15
0.607086 1.574951e-15
0.607645 1.608548e-15
0.608205 1.575829e-15
0.608765 1.592463e-15
0.609326 1.632705e-15
0.609888 1.608596e-15
0.61045 1.606979e-15
0.611012 1.616644e-15
0.611575 1.603769e-15
0.612139 1.601967e-15
0.612703 1.614904e-15
0.613268 1.59826e-15
0.613833 1.565942e-15
0.614398 1.544867e-15
0.614964 1.556018e-15
0.615531 1.560516e-15
0.616098 1.539149e-15
0.616666 1.547184e-15
0.617234 1.509329e-15
0.617803 1.513496e-15
0.618372 1.476539e-15
0.618942 1.502976e-15
0.619512 1.489961e-15
0.620083 1.496294e-15
0.620655 1.489552e-15
0.621227 1.464786e-15
0.621799 1.470168e-15
0.622372 1.445195e-15
0.622946 1.440043e-15
0.623519 1.460765e-15
0.624094 1.444104e-15
0.624669 1.464034e-15
0.625245 1.462374e-15
0.625821 1.464698e-15
0.626397 1.454787e-15
0.626975 1.436917e-15
0.627552 1.420025e-15
0.628131 1.425296e-15
0.628709 1.428566e-15
0.629289 1.426313e-15
0.629869 1.429862e-15
0.630449 1.416699e-15
0.63103 1.42648e-15
0.631611 1.411019e-15
0.632194 1.405388e-15
0.632776 1.419638e-15
0.633359 1.411026e-15
0.633943 1.411677e-15
0.634527 1.403497e-15
0.635112 1.418222e-15
0.635697 1.411281e-15
0.636283 1.396013e-15
0.636869 1.402788e-15
0.637456 1.40447e-15
0.638043 1.404363e-15
0.638631 1.417347e-15
0.639219 1.417014e-15
0.639808 1.403222e-15
0.640398 1.394525e-15
0.640988 1.39734e-15
0.641579 1.400253e-15
0.64217 1.386767e-15
0.642762 1.378119e-15
0.643354 1.374186e-15
0.643947 1.371107e-15
0.64454 1.371377e-15
0.645134 1.361115e-15
0.645729 1.365756e-15
0.646324 1.37773e-15
0.646919 1.37203e-15
0.647515 1.384601e-15
0.648112 1.363638e-15
0.648709 1.378958e-15
0.649307 1.349432e-15
0.649905 1.367163e-15
0.650504 1.358632e-15
0.651104 1.319536e-15
0.651703 1.324084e-15
0.652304 1.34001e-15
0.652905 1.336318e-15
0.653507 1.353552e-15
0.654109 1.355382e-15
0.654712 1.365829e-15
0.655315 1.314041e-15
0.655919 1.348432e-15
0.656523 1.350573e-15
0.657128 1.352665e-15
0.657734 1.33079e-15
0.65834 1.362352e-15
0.658946 1.36513e-15
0.659553 1.364022e-15
0.660161 1.394967e-15
0.66077 1.403497e-15
0.661378 1.365794e-15
0.661988 1.333279e-15
0.662598 1.347494e-15
0.663208 1.347211e-15
0.663819 1.337299e-15
0.664431 1.379289e-15
0.665043 1.359908e-15
0.665656 1.34924e-15
0.66627 1.358109e-15
0.666883 1.360772e-15
0.667498 1.338519e-15
0.668113 1.363517e-15
0.668729 1.357745e-15
0.669345 1.377339e-15
0.669962 1.382614e-15
0.670579 1.395489e-15
0.671197 1.4003e-15
0.671816 1.415232e-15
0.672435 1.433197e-15
0.673054 1.437439e-15
0.673674 1.470074e-15
0.674295 1.471107e-15
0.674916 1.478398e-15
0.675538 1.504645e-15
0.676161 1.528944e-15
0.676784 1.537048e-15
0.677408 1.572713e-15
0.678032 1.586717e-15
0.678657 1.623559e-15
0.679282 1.566971e-15
0.679908 1.538444e-15
0.680534 1.503421e-15
0.681161 1.492929e-15
0.681789 1.474631e-15
0.682417 1.457297e-15
0.683046 1.422205e-15
0.683676 1.426294e-15
0.684306 1.382377e-15
0.684936 1.383315e-15
0.685567 1.367339e-15
0.686199 1.362602e-15
0.686831 1.354897e-15
0.687464 1.346569e-15
0.688098 1.366503e-15
0.688732 1.365087e-15
0.689366 1.341607e-15
0.690002 1.337688e-15
0.690637 1.322094e-15
0.691274 1.334457e-15
0.691911 1.313729e-15
0.692548 1.308964e-15
0.693186 1.302298e-15
0.693825 1.287396e-15
0.694464 1.305258e-15
0.695104 1.311254e-15
0.695745 1.296723e-15
0.696386 1.262639e-15
0.697028 1.27509e-15
0.69767 1.297503e-15
0.698313 1.304487e-15
0.698956 1.290944e-15
0.6996 1.274803e-15
0.700245 1.279374e-15
0.70089 1.2826e-15
0.701536 1.314704e-15
0.702182 1.332446e-15
0.70283 1.330322e-15
0.703477 1.317807e-15
0.704125 1.252582e-15
0.704774 1.255383e-15
0.705424 1.233681e-15
0.706074 1.259487e-15
0.706724 1.265221e-15
0.707376 1.240943e-15
0.708027 1.263959e-15
0.70868 1.261814e-15
0.709333 1.259822e-15
0.709986 1.252016e-15
0.710641 1.244073e-15
0.711295 1.239402e-15
0.711951 1.232712e-15
0.712607 1.237254e-15
0.713264 1.2484e-15
0.713921 1.242054e-15
0.714579 1.244078e-15
0.715237 1.238603e-15
0.715896 1.242951e-15
0.716556 1.230497e-15
0.717216 1.239899e-15
0.717877 1.222135e-15
0.718538 1.223858e-15
0.719201 1.246011e-15
0.719863 1.242648e-15
0.720527 1.236562e-15
0.721191 1.215326e-15
0.721855 1.237812e-15
0.72252 1.239944e-15
0.723186 1.247361e-15
0.723769 1.264694e-15
0.724269 1.253493e-15
0.72477 1.250016e-15
0.725271 1.233901e-15
0.725772 1.261893e-15
0.726273 1.282809e-15
0.726775 1.288895e-15
0.727277 1.352411e-15
0.72778 1.391327e-15
0.728283 1.328382e-15
0.728786 1.30884e-15
0.72929 1.312206e-15
0.729794 1.310887e-15
0.730298 1.293724e-15
0.730802 1.280458e-15
0.731308 1.323742e-15
0.731813 1.338748e-15
0.732319 1.321265e-15
0.732825 1.33664e-15
0.733331 1.337525e-15
0.733838 1.340089e-15
0.734345 1.367068e-15
0.734852 1.387781e-15
0.73536 1.405208e-15
0.735868 1.412304e-15
0.736377 1.376258e-15
0.736885 1.37027e-15
0.737395 1.36383e-15
0.737904 1.367418e-15
0.738414 1.395826e-15
0.738924 1.359484e-15
0.739435 1.37883e-15
0.739946 1.395023e-15
0.740457 1.411887e-15
0.740969 1.414404e-15
0.741481 1.428576e-15
0.741993 1.445116e-15
0.742506 1.480991e-15
0.743019 1.511972e-15
0.743533 1.522193e-15
0.744046 1.548924e-15
0.744561 1.596263e-15
0.745075 1.630642e-15
0.74559 1.710327e-15
0.746105 1.766918e-15
0.746621 1.826494e-15
0.747137 1.899985e-15
0.747653 1.993235e-15
0.748169 2.117343e-15
0.748687 2.264845e-15
0.749204 2.442518e-15
0.749722 2.625403e-15
0.75024 2.870657e-15
0.750758 3.143435e-15
0.751277 3.474279e-15
0.751796 3.818496e-15
0.752315 4.238153e-15
0.752835 4.69822e-15
0.753356 5.168385e-15
0.753876 5.670357e-15
0.754397 6.152787e-15
0.754918 6.679847e-15
0.75544 7.036328e-15
0.755962 7.495453e-15
0.756484 7.862185e-15
0.757007 8.175123e-15
0.75753 8.880897e-15
0.758054 9.198958e-15
0.758578 7.876789e-15
0.759102 7.102975e-15
0.759626 6.666913e-15
0.760151 6.544356e-15
0.760677 6.095729e-15
0.761202 5.05005e-15
0.761728 4.614023e-15
0.762255 4.213543e-15
0.762781 3.797115e-15
0.763308 3.39814e-15
0.763836 3.113159e-15
0.764364 2.838172e-15
0.764892 2.623671e-15
0.76542 2.471207e-15
0.765949 2.346384e-15
0.766478 2.228599e-15
0.767008 2.075764e-15
0.767538 2.002378e-15
0.768069 1.94849e-15
0.768599 1.850596e-15
0.76913 1.762487e-15
0.769662 1.704965e-15
0.770194 1.652324e-15
0.770726 1.61387e-15
0.771259 1.612424e-15
0.771791 1.578663e-15
0.772325 1.498774e-15
0.772858 1.500942e-15
0.773393 1.444904e-15
0.773927 1.416722e-15
0.774462 1.398852e-15
0.774997 1.423452e-15
0.775532 1.551446e-15
0.776069 1.442252e-15
0.776605 1.347999e-15
0.777141 1.465997e-15
0.777678 1.420071e-15
0.778216 1.275269e-15
0.778754 1.248963e-15
0.779292 1.252633e-15
0.77983 1.219093e-15
0.780369 1.229741e-15
0.780908 1.226508e-15
0.781448 1.191035e-15
0.781988 1.19357e-15
0.782528 1.215448e-15
0.783069 1.182607e-15
0.78361 1.166406e-15
0.784151 1.181689e-15
0.784693 1.163844e-15
0.785236 1.186085e-15
0.785778 1.170914e-15
0.786321 1.154779e-15
0.786865 1.135547e-15
0.787408 1.136883e-15
0.787952 1.148642e-15
0.788497 1.143728e-15
0.789042 1.149377e-15
0.789587 1.127551e-15
0.790133 1.106986e-15
0.790679 1.121756e-15
0.791225 1.124314e-15
0.791772 1.118178e-15
0.792319 1.094728e-15
0.792866 1.109078e-15
0.793414 1.106473e-15
0.793963 1.105776e-15
0.794511 1.112307e-15
0.79506 1.104291e-15
0.79561 1.083845e-15
0.796159 1.071381e-15
0.79671 1.106287e-15
0.79726 1.062142e-15
0.797811 1.094771e-15
0.798362 1.075235e-15
0.798914 1.076343e-15
0.799466 1.089634e-15
0.800018 1.081988e-15
0.800571 1.059221e-15
0.801125 1.089135e-15
0.801678 1.085087e-15
0.802232 1.084417e-15
0.802786 1.070358e-15
0.803341 1.072486e-15
0.803896 1.085222e-15
0.804452 1.073322e-15
0.805008 1.080952e-15
0.805564 1.091893e-15
0.806121 1.085457e-15
0.806678 1.106122e-15
0.807235 1.112449e-15
0.807793 1.105185e-15
0.808351 1.125692e-15
0.80891 1.122246e-15
0.809469 1.10037e-15
0.810028 1.097793e-15
0.810588 1.087498e-15
0.811148 1.122665e-15
0.811708 1.101604e-15
0.812269 1.110628e-15
0.812831 1.105905e-15
0.813392 1.134425e-15
0.813954 1.13148e-15
0.814517 1.153976e-15
0.815079 1.141252e-15
0.815643 1.148727e-15
0.816206 1.146548e-15
0.81677 1.109746e-15
0.817335 1.127017e-15
0.8179 1.104638e-15
0.818465 1.099336e-15
0.81903 1.086121e-15
0.819596 1.104427e-15
0.820163 1.077985e-15
0.820729 1.080238e-15
0.821297 1.061186e-15
0.821864 1.06528e-15
0.822432 1.066234e-15
0.823 1.07783e-15
0.823569 1.087867e-15
0.824138 1.114976e-15
0.824708 1.095983e-15
0.825277 1.059102e-15
0.825848 1.066626e-15
0.826418 1.042376e-15
0.826989 1.054186e-15
0.827561 1.053813e-15
0.828133 1.031137e-15
0.828705 1.024832e-15
0.829278 1.031217e-15
0.829851 1.029627e-15
0.830424 1.04186e-15
0.830998 1.025727e-15
0.831572 1.03275e-15
0.832147 1.030467e-15
0.832722 1.00622e-15
0.833297 1.019046e-15
0.833873 1.002527e-15
0.834449 1.023931e-15
0.835026 1.044201e-15
0.835603 1.041367e-15
0.83618 1.021942e-15
0.836758 1.004168e-15
0.837337 1.016767e-15
0.837915 1.007459e-15
0.838494 1.038073e-15
0.839073 1.014561e-15
0.839653 1.012382e-15
0.840233 1.033858e-15
0.840814 1.008038e-15
0.841395 1.029647e-15
0.841977 9.979606e-16
0.842558 1.009289e-15
0.843141 1.002972e-15
0.843723 1.002242e-15
0.844306 1.016948e-15
0.84489 1.047433e-15
0.845474 1.037237e-15
0.846058 1.032749e-15
0.846642 1.025322e-15
0.847228 1.030592e-15
0.847813 9.906426e-16
0.848399 9.882448e-16
0.848985 9.834807e-16
0.849572 1.007935e-15
0.850159 9.829982e-16
0.850746 1.012269e-15
0.851334 1.003878e-15
0.851922 9.914686e-16
0.852511 9.919756e-16
0.8531 9.859223e-16
0.85369 9.811718e-16
0.85428 9.883973e-16
0.85487 1.019581e-15
0.855461 9.917281e-16
0.856052 9.735542e-16
0.856643 9.894358e-16
0.857235 9.929279e-16
0.857828 9.872759e-16
0.85842 9.939805e-16
0.859014 9.842282e-16
0.859607 9.862057e-16
0.860201 9.889236e-16
0.860796 9.868467e-16
0.861391 9.699623e-16
0.861986 9.892782e-16
0.862581 9.656617e-16
0.863177 9.910543e-16
0.863774 9.69616e-16
0.864371 9.765761e-16
0.864968 9.872577e-16
0.865566 9.669361e-16
0.866164 9.822489e-16
0.866762 9.710147e-16
0.867361 9.57106e-16
0.867961 9.887975e-16
0.86856 9.812951e-16
0.86916 9.582636e-16
0.869761 9.555892e-16
0.870362 9.84324e-16
0.870964 9.479996e-16
0.871565 9.745336e-16
0.872168 9.488927e-16
0.87277 9.535091e-16
0.873373 9.628494e-16
0.873977 9.536468e-16
0.874581 9.650683e-16
0.875185 9.532063e-16
0.87579 9.683916e-16
0.876395 9.938667e-16
0.877001 9.768132e-16
0.877607 9.744297e-16
0.878213 9.596568e-16
0.87882 9.499656e-16
0.879427 9.440629e-16
0.880035 9.388722e-16
0.880643 9.481222e-16
0.881252 9.536338e-16
0.881861 9.36938e-16
0.88247 9.731397e-16
0.88308 1.023012e-15
0.88369 9.377342e-16
0.884301 9.687014e-16
0.884912 9.469888e-16
0.885523 9.530915e-16
0.886135 9.320486e-16
0.886748 9.338378e-16
0.88736 9.549461e-16
0.887973 9.348034e-16
0.888587 1.024919e-15
0.889201 9.495993e-16
0.889816 9.513221e-16
0.890431 9.857195e-16
0.891046 9.476466e-16
0.891662 9.476827e-16
0.892278 9.833148e-16
0.892894 9.568755e-16
0.893511 9.560281e-16
0.894129 9.665069e-16
0.894747 9.692243e-16
0.895365 9.642005e-16
0.895983 9.629394e-16
0.896603 9.776305e-16
0.897222 9.557511e-16
0.897842 9.895436e-16
0.898463 9.638004e-16
0.899084 9.467077e-16
0.899705 9.598201e-16
0.900326 9.887626e-16
0.900949 9.773678e-16
0.901571 9.174648e-16
0.902194 9.438488e-16
0.902817 9.969665e-16
0.903442 9.497339e-16
0.904066 9.662794e-16
0.90469 9.466883e-16
0.905316 9.533705e-16
0.905941 9.707825e-16
0.906567 9.613955e-16
0.907194 9.252696e-16
0.907821 9.354875e-16
0.908448 9.371828e-16
0.909076 9.420838e-16
0.909704 9.537424e-16
0.910332 9.271974e-16
0.910961 9.258569e-16
0.911591 9.349293e-16
0.912221 9.352731e-16
0.912851 9.281912e-16
0.913482 9.135614e-16
0.914113 9.175612e-16
0.914745 9.254859e-16
0.915377 9.158002e-16
0.91601 9.283738e-16
0.916643 9.167132e-16
0.917276 8.882307e-16
0.91791 9.041258e-16
0.918544 8.637581e-16
0.919179 8.989762e-16
0.919814 8.81696e-16
0.92045 9.185712e-16
0.921086 9.127192e-16
0.921722 9.190019e-16
1.000111 8.378184e-16
1.000839 8.177066e-16
1.001567 8.162137e-16
1.002294 8.35645e-16
1.003022 8.204568e-16
1.00375 8.168841e-16
1.004477 8.004066e-16
1.005205 8.053226e-16
1.005933 7.889776e-16
1.00666 7.818158e-16
1.007388 7.771229e-16
1.008116 7.869727e-16
1.008843 8.270911e-16
1.009571 8.453538e-16
1.010299 8.239863e-16
1.011026 8.444165e-16
1.011754 7.896328e-16
1.012482 8.356313e-16
1.013209 8.116036e-16
1.013937 8.426659e-16
1.014665 8.043979e-16
1.015392 8.134449e-16
1.01612 7.805325e-16
1.016848 7.932203e-16
1.017575 7.812648e-16
1.018303 7.807933e-16
1.019031 7.837307e-16
1.019758 7.671511e-16
1.020486 7.2671e-16
1.021214 7.276271e-16
1.021941 7.289326e-16
1.022669 7.100172e-16
1.023397 7.144274e-16
1.024124 7.407241e-16
1.024852 7.413424e-16
1.02558 7.44084e-16
1.026307 7.314334e-16
1.027035 7.018113e-16
1.027763 7.111433e-16
1.02849 7.245993e-16
1.029218 7.720589e-16
1.029946 7.338362e-16
1.030673 7.351312e-16
1.031401 7.306712e-16
1.032129 7.317675e-16
1.032856 7.607107e-16
1.033584 7.724065e-16
1.034312 7.583745e-16
1.035039 7.402438e-16
1.035767 7.134448e-16
1.036495 7.44431e-16
1.037222 7.409034e-16
1.03795 7.3867e-16
1.038678 7.254465e-16
1.039405 7.499404e-16
1.040133 7.601632e-16
1.040861 7.473845e-16
1.041588 7.478971e-16
1.042316 7.386914e-16
1.043044 7.428372e-16
1.043771 7.489561e-16
1.044499 7.289581e-16
1.045227 7.452085e-16
1.045954 7.674772e-16
1.046682 7.726461e-16
1.04741 7.778582e-16
1.048137 7.659205e-16
1.048865 7.455349e-16
1.049593 7.306134e-16
1.05032 7.419091e-16
1.051048 7.322579e-16
1.051776 7.277949e-16
1.052503 7.409037e-16
1.053231 7.470642e-16
1.053958 7.548496e-16
1.054686 7.651346e-16
1.055414 7.560459e-16
1.056142 7.84405e-16
1.056869 7.734777e-16
1.057597 7.749602e-16
1.058325 7.910855e-16
1.059052 7.70767e-16
1.05978 7.819029e-16
1.060508 7.920596e-16
1.061235 8.071813e-16
1.061963 7.867945e-16
1.062691 8.108564e-16
1.063418 8.057181e-16
1.064146 7.928694e-16
1.064873 8.144835e-16
1.065601 8.070587e-16
1.066329 7.946182e-16
1.067056 7.910835e-16
1.067784 7.907864e-16
1.068512 7.984533e-16
1.069239 7.830248e-16
1.069967 7.798286e-16
1.070695 7.435793e-16
1.071422 7.585413e-16
1.07215 7.344748e-16
1.072878 7.167028e-16
1.073605 7.148715e-16
1.074333 7.254719e-16
1.075061 7.011777e-16
1.075788 7.15424e-16
1.076516 6.865018e-16
1.077244 6.389189e-16
1.077971 5.988436e-16
1.078699 6.631309e-16
1.079427 6.704675e-16
1.080154 6.654818e-16
1.080882 6.368079e-16
1.08161 6.364603e-16
1.082337 6.589516e-16
1.083065 6.723106e-16
1.083793 6.556328e-16
1.08452 6.302066e-16
1.085248 6.162271e-16
1.085976 6.487041e-16
1.086703 6.359324e-16
1.087431 6.513919e-16
1.088159 6.537831e-16
1.088886 6.659484e-16
1.089614 6.647046e-16
1.090342 6.591948e-16
1.091069 6.553968e-16
1.091797 6.810821e-16
1.092525 6.611653e-16
1.093252 6.779546e-16
1.09398 7.279478e-16
1.094708 7.149363e-16
1.095435 7.052711e-16
1.096163 7.267914e-16
1.096891 7.312285e-16
1.097618 7.385996e-16
1.098346 7.520832e-16
1.099074 7.786532e-16
1.099801 8.28037e-16
1.100529 9.685518e-16
1.101257 9.446055e-16
1.101984 8.34498e-16
1.102712 7.922525e-16
1.10344 7.559624e-16
1.104167 7.221144e-16
1.104895 7.127038e-16
1.105623 7.2274e-16
1.10635 7.048354e-16
1.107078 6.63881e-16
1.107806 6.863671e-16
1.108533 6.693842e-16
1.109261 6.59182e-16
1.109989 6.497756e-16
1.110716 6.607725e-16
1.111444 6.50585e-16
1.112172 6.400212e-16
1.112899 6.38554e-16
1.113627 6.095453e-16
1.114355 6.191896e-16
1.115082 6.445227e-16
1.11581 6.34617e-16
1.116538 6.596736e-16
1.117265 5.963635e-16
1.117993 6.13452e-16
1.118721 6.429402e-16
1.119448 6.16754e-16
1.120176 6.170515e-16
1.120904 6.188998e-16
1.121631 6.546893e-16
1.122359 6.359214e-16
1.123087 6.174259e-16
1.123814 6.231886e-16
1.124542 6.018123e-16
1.12527 6.469305e-16
1.125997 5.934577e-16
1.126725 6.076381e-16
1.127453 5.910683e-16
1.12818 6.247026e-16
1.128908 6.71354e-16
1.129636 6.46011e-16
1.130363 5.982696e-16
1.131091 5.958054e-16
1.131818 5.821558e-16
1.132546 5.939989e-16
1.133274 6.23048e-16
1.134001 6.291949e-16
1.134729 6.162202e-16
1.135457 6.027917e-16
1.136184 5.789407e-16
1.136912 5.8444e-16
1.13764 6.054718e-16
1.138367 5.969902e-16
1.139095 5.78743e-16
1.139823 6.073796e-16
1.14055 6.208928e-16
1.141278 6.064709e-16
1.142006 6.107913e-16
1.142733 6.074443e-16
1.143461 6.190631e-16
1.144189 6.207774e-16
1.144916 6.656593e-16
1.145644 6.430877e-16
1.146372 6.557006e-16
1.147099 6.448079e-16
1.147827 6.526012e-16
1.148555 6.612935e-16
1.149282 6.826282e-16
1.15001 6.543243e-16
1.150738 6.771647e-16
1.151465 6.842928e-16
1.152193 6.923719e-16
1.152921 6.779836e-16
1.153648 7.377357e-16
1.154376 7.2851e-16
1.155104 7.502854e-16
1.155831 7.267671e-16
1.156559 7.772748e-16
1.157287 7.536742e-16
1.158014 7.785961e-16
1.158742 7.749277e-16
1.15947 7.668773e-16
1.160197 7.652804e-16
1.160925 7.811679e-16
1.161653 7.455828e-16
1.16238 7.452568e-16
1.163108 7.506821e-16
1.163836 7.101117e-16
1.164563 7.180644e-16
1.165291 7.121801e-16
1.166019 6.995722e-16
1.166746 7.045138e-16
1.167474 6.667218e-16
1.168202 6.789916e-16
1.168929 7.08416e-16
1.169657 6.64745e-16
1.170385 6.532155e-16
1.171112 6.218389e-16
1.17184 6.189138e-16
1.172568 6.072848e-16
1.173295 6.188565e-16
1.174023 5.963781e-16
1.174751 6.008638e-16
1.175478 6.150258e-16
1.176206 5.995054e-16
1.176934 5.986021e-16
1.177661 5.929459e-16
1.178389 5.749246e-16
1.179117 5.793223e-16
1.179844 5.776882e-16
1.180572 5.724291e-16
1.1813 5.732171e-16
1.182027 5.785392e-16
1.182755 5.620012e-16
1.183483 5.715313e-16
1.18421 5.696823e-16
1.184938 5.752236e-16
1.185666 5.573325e-16
1.186393 5.44756e-16
1.187121 5.57346e-16
1.187849 5.623417e-16
1.188576 5.687438e-16
1.189304 5.479454e-16
1.190032 5.811671e-16
1.190759 5.702462e-16
1.191487 5.65214e-16
1.192215 5.623038e-16
1.192942 5.645524e-16
1.19367 5.580245e-16
1.194398 5.447819e-16
1.195125 5.344201e-16
1.195853 5.388227e-16
1.196581 5.569018e-16
1.197308 5.524214e-16
1.198036 5.565647e-16
1.198763 5.465968e-16
1.199491 5.468957e-16
1.200219 5.469558e-16
1.200946 5.527897e-16
1.201674 5.53544e-16
1.202402 5.335091e-16
1.203129 5.593839e-16
1.203857 5.588704e-16
1.204585 5.494793e-16
1.205313 5.612803e-16
1.20604 5.581208e-16
1.206768 5.637723e-16
1.207496 5.603209e-16
1.208223 5.713849e-16
1.208951 5.808127e-16
1.209679 5.677233e-16
1.210406 5.633967e-16
1.211134 5.717956e-16
1.211861 5.732044e-16
1.212589 5.687684e-16
1.213317 5.743876e-16
1.214044 5.461298e-16
1.214772 5.558388e-16
1.2155 5.536746e-16
1.216227 5.653152e-16
1.216955 5.540979e-16
1.217683 5.471352e-16
1.21841 5.549888e-16
1.219138 5.623552e-16
1.219866 5.441101e-16
1.220593 5.314492e-16
1.221321 5.402439e-16
1.222049 5.365347e-16
1.222776 5.514288e-16
1.223504 5.588304e-16
1.224232 5.483151e-16
1.224959 5.458728e-16
1.225687 5.388637e-16
1.226415 5.470545e-16
1.227142 5.403209e-16
1.22787 5.413552e-16
1.228598 5.649373e-16
1.229325 5.693648e-16
1.230053 5.576964e-16
1.230781 5.682263e-16
1.231508 5.764911e-16
1.232236 5.886209e-16
1.232964 5.832095e-16
1.233691 5.895353e-16
1.234419 5.778022e-16
1.235147 5.9178e-16
1.235874 6.114387e-16
1.236602 6.260919e-16
1.23733 6.493226e-16
1.238057 6.672954e-16
1.238785 6.742602e-16
1.239513 6.952621e-16
1.24024 7.155369e-16
1.240968 7.24644e-16
1.241696 7.490409e-16
1.242423 7.693387e-16
1.243151 8.196032e-16
1.243879 8.533096e-16
1.244606 8.868618e-16
1.245334 9.395574e-16
1.246062 9.865697e-16
1.246789 1.046573e-15
1.247517 1.084961e-15
1.248245 1.141538e-15
1.248972 1.241072e-15
1.2497 1.372257e-15
1.250428 1.55797e-15
1.251155 1.613781e-15
1.251883 1.438114e-15
1.252611 1.212886e-15
1.253338 1.103845e-15
1.254066 1.062856e-15
1.254794 1.039488e-15
1.255521 1.029043e-15
1.256249 9.817895e-16
1.256977 9.550022e-16
1.257704 9.344593e-16
1.258432 9.03565e-16
1.25916 8.964561e-16
1.259887 8.89466e-16
1.260615 8.472557e-16
1.261343 8.554338e-16
1.26207 8.53934e-16
1.262798 8.592907e-16
1.263526 8.666706e-16
1.264253 8.041374e-16
1.264981 7.701125e-16
1.265708 7.409496e-16
1.266436 7.20847e-16
1.267164 7.132697e-16
1.267892 6.607861e-16
1.268619 5.955903e-16
1.269347 5.846115e-16
1.270075 5.837889e-16
1.270802 6.042396e-16
1.27153 6.074153e-16
1.272258 5.980697e-16
1.272985 5.961456e-16
1.273713 5.661205e-16
1.274441 5.647929e-16
1.275168 5.559145e-16
1.275896 5.49522e-16
1.276623 5.530971e-16
1.277351 6.024332e-16
1.278079 5.118183e-16
1.278806 5.311766e-16
1.279534 5.219653e-16
1.280262 4.771308e-16
1.280989 5.218009e-16
1.281717 5.454597e-16
1.282445 5.692231e-16
1.283172 5.432643e-16
1.2839 5.313057e-16
1.284628 5.499415e-16
1.285355 5.29373e-16
1.286083 5.245657e-16
1.286811 5.145203e-16
1.287538 5.15013e-16
1.288266 5.298838e-16
1.288994 5.180778e-16
1.289721 5.041919e-16
1.290449 4.951064e-16
1.291177 5.092567e-16
1.291904 4.959205e-16
1.292632 5.001374e-16
1.29336 5.084109e-16
1.294087 5.194277e-16
1.294815 5.075739e-16
1.295543 5.125349e-16
1.29627 5.29356e-16
1.296998 5.315168e-16
1.297726 5.391555e-16
1.298453 5.376148e-16
1.299181 5.363387e-16
1.299909 5.279056e-16
1.300636 5.308993e-16
1.301364 5.189871e-16
1.302092 5.461802e-16
1.302819 5.433645e-16
1.303547 5.387452e-16
1.304275 5.539048e-16
1.305002 5.521561e-16
1.30573 5.42828e-16
1.306458 5.315287e-16
1.307185 5.181789e-16
1.307913 5.18607e-16
1.308641 5.19402e-16
1.309368 5.226314e-16
1.310096 5.121812e-16
1.310824 5.027902e-16
1.311551 4.890628e-16
1.312279 4.7983e-16
1.313007 5.011768e-16
1.313734 4.976021e-16
1.314462 4.762522e-16
1.31519 4.69957e-16
1.315917 4.667173e-16
1.316645 4.675293e-16
1.317373 4.694875e-16
1.3181 4.715095e-16
1.318828 4.743224e-16
1.319556 4.782214e-16
1.320283 4.713756e-16
1.321011 4.687542e-16
1.321739 4.774941e-16
1.322466 4.652826e-16
1.323194 4.629567e-16
1.323922 4.635898e-16
1.324649 4.631589e-16
1.325377 4.72024e-16
1.326105 4.66231e-16
1.326832 4.686986e-16
1.32756 4.677294e-16
1.328288 4.733369e-16
1.329015 4.602518e-16
1.329743 4.692345e-16
1.330471 4.752869e-16
1.331198 4.798514e-16
1.331926 4.685412e-16
1.332654 4.729748e-16
1.333381 4.739416e-16
1.334109 4.635777e-16
1.334837 4.62179e-16
1.335564 4.708129e-16
1.336292 4.599541e-16
1.33702 4.629272e-16
1.337747 4.632028e-16
1.338475 4.57572e-16
1.339203 4.60599e-16
1.33993 4.646835e-16
1.340658 4.583461e-16
1.341386 4.584858e-16
1.342113 4.648607e-16
1.342841 4.681089e-16
1.343568 4.772185e-16
1.344296 4.650108e-16
1.345024 4.555399e-16
1.345751 4.695928e-16
1.346479 4.75658e-16
1.347207 4.960756e-16
1.347934 4.916812e-16
1.348662 4.33375e-16
1.34939 4.594483e-16
1.350117 5.1476e-16
1.350845 5.136597e-16
1.351573 4.996612e-16
1.3523 4.723005e-16
1.353028 4.834393e-16
1.353756 4.609209e-16
1.354483 4.665922e-16
1.355211 4.788639e-16
1.355939 5.015198e-16
1.356666 5.243647e-16
1.357394 5.387303e-16
1.358122 5.024802e-16
1.358849 5.133321e-16
1.359577 4.736094e-16
1.365 4.619705e-16
1.37 4.600996e-16
1.375 4.584761e-16
1.38 4.570947e-16
1.385 4.559508e-16
1.39 4.550401e-16
1.395 4.543588e-16
1.4 4.539034e-16
1.405 4.536707e-16
1.41 4.536583e-16
1.415 4.538636e-16
1.42 4.542847e-16
1.425 4.549198e-16
1.43 4.557677e-16
1.435 4.568273e-16
1.440348 4.435313e-16
1.441075 4.636198e-16
1.441803 4.57524e-16
1.442531 4.666938e-16
1.443258 4.406164e-16
1.443986 4.528683e-16
1.444714 4.879813e-16
1.445441 4.959324e-16
1.446169 3.922345e-16
1.446897 4.378566e-16
1.447624 4.394851e-16
1.448352 4.537744e-16
1.44908 4.686431e-16
1.449807 5.134922e-16
1.450535 5.047573e-16
1.451263 4.350673e-16
1.45199 4.378267e-16
1.452718 4.552971e-16
1.453446 4.418271e-16
1.454173 4.606461e-16
1.454901 4.672157e-16
1.455629 4.529133e-16
1.456356 4.504514e-16
1.457084 4.693357e-16
1.457812 4.547315e-16
1.458539 4.586896e-16
1.459267 4.669933e-16
1.459995 4.720703e-16
1.460722 4.631683e-16
1.46145 4.623297e-16
1.462178 4.720152e-16
1.462905 4.950938e-16
1.463633 4.614616e-16
1.464361 4.801724e-16
1.465088 4.970598e-16
1.465816 5.060169e-16
1.466544 5.181813e-16
1.467271 4.999001e-16
1.467999 5.083609e-16
1.468727 5.41295e-16
1.469454 5.537645e-16
1.470182 5.698706e-16
1.47091 5.924124e-16
1.471637 5.960218e-16
1.472365 6.101127e-16
1.473093 6.184238e-16
1.47382 6.349941e-16
1.474548 6.563485e-16
1.475276 6.771172e-16
1.476003 6.79753e-16
1.476731 6.905693e-16
1.477458 7.056587e-16
1.478186 7.324691e-16
1.478914 7.665761e-16
1.479642 7.90407e-16
1.480369 7.891962e-16
1.481097 7.571765e-16
1.481825 7.489664e-16
1.482552 6.757985e-16
1.48328 6.762537e-16
1.484008 6.723512e-16
1.484735 6.581938e-16
1.485463 6.385299e-16
1.486191 6.184634e-16
1.486918 5.890664e-16
1.487646 5.626251e-16
1.488374 5.418182e-16
1.489101 5.370858e-16
1.489829 5.349428e-16
1.490556 5.255459e-16
1.491284 5.278112e-16
1.492012 5.098896e-16
1.492739 4.985597e-16
1.493467 4.798438e-16
1.494195 4.816298e-16
1.494922 5.039006e-16
1.49565 4.893225e-16
1.496378 4.74658e-16
1.497105 4.713579e-16
1.497833 4.735014e-16
1.498561 4.706106e-16
1.499288 4.696583e-16
1.500016 4.621117e-16
1.500744 4.555479e-16
1.501471 4.531713e-16
1.502199 4.567134e-16
1.502927 4.644067e-16
1.503654 4.749715e-16
1.504382 4.567727e-16
1.50511 4.245217e-16
1.505837 4.001563e-16
1.506565 4.390042e-16
1.507293 4.27725e-16
1.50802 4.390986e-16
1.508748 4.490912e-16
1.509476 4.364765e-16
1.510203 4.374954e-16
1.510931 4.446533e-16
1.511659 4.449761e-16
1.512386 4.364585e-16
1.513114 4.299327e-16
1.513842 4.194817e-16
1.514569 4.230506e-16
1.515297 4.296356e-16
1.516025 4.309654e-16
1.516752 4.365534e-16
1.51748 4.29132e-16
1.518208 4.233338e-16
1.518935 4.277423e-16
1.519663 4.334941e-16
1.520391 4.317995e-16
1.521118 4.370573e-16
1.521846 4.385378e-16
1.522574 4.337665e-16
1.523301 4.234929e-16
1.524029 4.385782e-16
1.524757 4.177257e-16
1.525484 4.283015e-16
1.526212 4.252463e-16
1.52694 4.195448e-16
1.527667 4.065819e-16
1.528395 3.967774e-16
1.529123 4.014665e-16
1.52985 4.155399e-16
1.530578 4.161789e-16
1.531306 3.743269e-16
1.532033 3.750524e-16
1.532761 4.188474e-16
1.533489 4.040072e-16
1.534216 4.127354e-16
1.534944 4.211141e-16
1.535672 4.089888e-16
1.536399 4.116291e-16
1.537127 4.067832e-16
1.537855 4.079128e-16
1.538582 4.071125e-16
1.53931 3.994369e-16
1.540038 3.97819e-16
1.540765 4.126034e-16
1.541493 4.198752e-16
1.542221 4.219699e-16
1.542948 3.913802e-16
1.543676 3.551903e-16
1.544404 3.984925e-16
1.545131 4.160447e-16
1.545859 4.085698e-16
1.546587 4.073694e-16
1.547314 4.093827e-16
1.548042 4.10287e-16
1.54877 4.087533e-16
1.549497 4.073821e-16
1.550225 4.058341e-16
1.550953 4.069956e-16
1.55168 4.019681e-16
1.552408 4.027222e-16
1.553136 4.040203e-16
1.553863 4.085947e-16
1.554591 4.179867e-16
1.555318 4.170996e-16
1.556046 4.20952e-16
1.556774 4.195337e-16
1.557501 4.171778e-16
1.558229 4.117503e-16
1.558957 4.065998e-16
1.559684 3.932399e-16
1.560412 4.015367e-16
1.56114 3.990809e-16
1.561867 4.000049e-16
1.562595 3.935194e-16
1.563323 4.027849e-16
1.56405 3.971276e-16
1.564778 4.017143e-16
1.565506 4.042324e-16
1.566233 3.830179e-16
1.566961 4.15643e-16
1.567689 4.152256e-16
1.568416 3.297374e-16
1.569144 3.454126e-16
1.569872 4.139038e-16
1.570599 4.2341e-16
1.571327 4.226882e-16
1.572055 4.13477e-16
1.572782 4.067168e-16
1.57351 4.028377e-16
1.574238 4.213535e-16
1.574965 4.178498e-16
1.575693 4.018354e-16
1.576421 4.062655e-16
1.577148 4.089283e-16
1.577876 3.999081e-16
1.578604 3.944381e-16
1.579331 3.756893e-16
1.580059 3.663684e-16
1.580787 3.946657e-16
1.581514 4.003767e-16
1.582242 3.917401e-16
1.58297 4.206059e-16
1.583697 4.18112e-16
1.584425 3.8307e-16
1.585153 3.718495e-16
1.58588 3.825645e-16
1.586608 4.133838e-16
1.587336 3.997905e-16
1.588063 3.953602e-16
1.588791 3.990891e-16
1.589519 4.012603e-16
1.590246 3.991409e-16
1.590974 3.933145e-16
1.591702 3.950439e-16
1.592429 3.955228e-16
1.593157 3.937146e-16
1.593885 3.905337e-16
1.594612 3.945474e-16
1.59534 3.977823e-16
1.596068 3.983354e-16
1.596795 3.968163e-16
1.597523 3.921661e-16
1.598251 3.946381e-16
1.598978 3.946724e-16
1.599706 3.918573e-16
1.600434 3.916405e-16
1.601161 3.913331e-16
1.601889 3.899368e-16
1.602617 3.883883e-16
1.603344 3.881269e-16
1.604072 3.905067e-16
1.6048 3.928392e-16
1.605527 3.952957e-16
1.606255 3.946687e-16
1.606983 3.843719e-16
1.60771 3.713386e-16
1.608438 3.858332e-16
1.609166 3.720996e-16
1.609893 3.736953e-16
1.610621 3.782165e-16
1.611349 3.68641e-16
1.612076 3.609961e-16
1.612804 3.643773e-16
1.613532 3.790379e-16
1.614259 3.871075e-16
1.614987 3.882108e-16
1.615715 3.892231e-16
1.616442 3.847669e-16
1.61717 3.855005e-16
1.617898 3.853278e-16
1.618625 3.852144e-16
1.619353 3.851002e-16
1.620081 3.84986e-16
1.620808 3.848625e-16
1.621536 3.854046e-16
1.622263 3.839375e-16
1.622991 3.740484e-16
1.623719 3.801261e-16
1.624446 3.864813e-16
1.625174 3.75061e-16
1.625902 3.727698e-16
1.626629 3.773438e-16
1.627357 3.804339e-16
1.628085 3.823228e-16
1.628812 3.801663e-16
1.62954 3.852028e-16
1.630268 3.816566e-16
1.630996 3.777644e-16
1.631723 3.671652e-16
1.632451 3.733333e-16
1.633179 3.786696e-16
1.633906 3.631556e-16
1.634634 3.611881e-16
1.635361 3.796413e-16
1.636089 3.796359e-16
1.636817 3.868984e-16
1.637544 3.925053e-16
1.638272 3.950384e-16
1.639 3.818107e-16
1.639727 3.805899e-16
1.640455 3.774093e-16
1.641183 3.800682e-16
1.64191 3.821623e-16
1.642638 3.827619e-16
1.643366 3.731947e-16
1.644093 3.809684e-16
1.644821 3.995702e-16
1.645549 3.876209e-16
1.646276 3.925453e-16
1.647004 3.86757e-16
1.647732 3.903651e-16
1.648459 3.933403e-16
1.649187 3.8879e-16
1.649915 3.925722e-16
1.650642 4.070119e-16
1.65137 4.053857e-16
1.652098 3.929768e-16
1.652825 3.909366e-16
1.653553 3.873566e-16
1.654281 3.847754e-16
1.655008 3.653005e-16
1.655736 3.789983e-16
1.656464 3.863527e-16
1.657191 3.819076e-16
1.657919 3.794103e-16
1.658647 3.761208e-16
1.659374 3.782528e-16
1.660102 3.755445e-16
1.66083 3.765473e-16
1.661557 3.780246e-16
1.662285 3.794933e-16
1.663013 3.809489e-16
1.66374 3.825495e-16
1.664468 3.806462e-16
1.665196 3.804385e-16
1.665923 3.778206e-16
1.666651 3.695989e-16
1.667379 3.770468e-16
1.668106 3.760019e-16
1.668834 3.673385e-16
1.669562 3.76042e-16
1.670289 3.793485e-16
1.671017 3.797283e-16
1.671745 3.682453e-16
1.672472 3.861793e-16
1.6732 3.831882e-16
1.673928 3.831098e-16
1.674655 3.867213e-16
1.675383 3.861009e-16
1.676111 3.970498e-16
1.676838 3.993947e-16
1.677566 3.955973e-16
1.678294 3.915966e-16
1.679021 3.90507e-16
1.679749 3.873733e-16
1.680477 3.894439e-16
1.681204 3.927574e-16
1.681932 3.902053e-16
1.68266 3.840971e-16
1.683387 3.774933e-16
1.684115 3.90034e-16
1.684843 3.888603e-16
1.68557 3.870415e-16
1.686298 3.820681e-16
1.687026 3.811589e-16
1.687753 3.844689e-16
1.688481 3.87129e-16
1.689209 3.679475e-16
1.689936 3.257986e-16
1.690664 3.746854e-16
1.691392 3.63751e-16
1.692119 3.642055e-16
1.692847 3.802352e-16
1.693575 3.820878e-16
1.694302 3.745831e-16
1.69503 3.616261e-16
1.695757 3.652854e-16
1.696485 3.580864e-16
1.697213 3.668771e-16
1.69794 3.729885e-16
1.698668 3.737802e-16
1.699396 3.715889e-16
1.700123 3.64625e-16
1.700851 3.757315e-16
1.701579 3.700466e-16
1.702306 3.670313e-16
1.703034 3.749352e-16
1.703762 3.75057e-16
1.704489 3.717806e-16
1.705217 3.687461e-16
1.705945 3.666471e-16
1.706672 3.671125e-16
1.7074 3.66212e-16
1.708128 3.715092e-16
1.708855 3.638664e-16
1.709583 3.650356e-16
1.710311 3.762829e-16
1.711038 3.79751e-16
1.711766 3.696656e-16
1.712494 3.65192e-16
1.713221 3.571052e-16
1.713949 3.682118e-16
1.714677 3.725906e-16
1.715404 3.758818e-16
1.716132 3.758715e-16
1.71686 3.71937e-16
1.717588 3.668231e-16
1.718315 3.63856e-16
1.719043 3.686249e-16
1.71977 3.740949e-16
1.720498 3.680273e-16
1.721226 3.691177e-16
1.721953 3.679624e-16
1.722681 3.688506e-16
1.723409 3.709675e-16
1.724136 3.730527e-16
1.724864 3.751382e-16
1.725592 3.772193e-16
1.726319 3.792654e-16
1.727047 3.795758e-16
1.727775 3.826947e-16
1.728502 3.797581e-16
1.72923 3.763222e-16
1.729958 3.832516e-16
1.730685 3.749941e-16
1.731413 3.635324e-16
1.732141 3.586108e-16
1.732868 3.616237e-16
1.733596 3.638334e-16
1.734324 3.726245e-16
1.735051 3.629204e-16
1.735779 3.557571e-16
1.736507 3.655482e-16
1.737234 3.740727e-16
1.737962 3.724266e-16
1.73869 3.712882e-16
1.739417 3.735673e-16
1.740145 3.727885e-16
1.740873 3.721745e-16
1.7416 3.715563e-16
1.742328 3.709382e-16
1.743056 3.7032e-16
1.743783 3.697018e-16
1.744511 3.690836e-16
1.745239 3.684968e-16
1.745966 3.67731e-16
1.746694 3.734113e-16
1.747422 3.712238e-16
1.748149 3.68247e-16
1.748877 3.76212e-16
1.749605 3.71484e-16
1.750332 3.748275e-16
1.75106 3.806642e-16
1.751788 3.702469e-16
1.752515 3.679831e-16
1.753243 3.694692e-16
1.753971 3.731999e-16
1.754698 3.817746e-16
1.755426 3.734015e-16
1.756154 3.742028e-16
1.756881 3.752282e-16
1.757609 3.686067e-16
1.758337 3.637782e-16
1.759064 3.720209e-16
1.759792 3.743872e-16
1.76052 3.740245e-16
1.761247 3.738073e-16
1.761975 3.745266e-16
1.762703 3.702373e-16
1.76343 3.662818e-16
1.764158 3.627508e-16
1.764886 3.55906e-16
1.765613 3.507695e-16
1.766341 3.624718e-16
1.767069 3.62473e-16
1.767796 3.759474e-16
1.768524 3.758638e-16
1.769252 3.793794e-16
1.769979 3.808668e-16
1.770707 3.804964e-16
1.771435 3.800194e-16
1.772162 3.793099e-16
1.77289 3.708409e-16
1.773617 3.759823e-16
1.774345 3.740966e-16
1.775073 3.704227e-16
1.7758 3.803544e-16
1.776528 3.754744e-16
1.777256 3.622208e-16
1.777983 3.719382e-16
1.778711 3.711262e-16
1.779439 3.710241e-16
1.780166 3.703019e-16
1.780894 3.793331e-16
1.781622 3.691118e-16
1.782349 3.678031e-16
1.783077 3.687303e-16
1.783805 3.749728e-16
1.784532 3.890432e-16
1.78526 3.861804e-16
1.785988 3.838681e-16
1.786715 3.779632e-16
1.787443 3.688799e-16
1.788171 3.628806e-16
1.788898 3.757452e-16
1.789626 3.714959e-16
1.790354 3.683757e-16
1.791081 3.661127e-16
1.791809 3.639056e-16
1.792537 3.632858e-16
1.793264 3.796445e-16
1.793992 3.676729e-16
1.79472 3.586076e-16
1.795447 3.636762e-16
1.796175 3.75034e-16
1.796903 3.728589e-16
1.79763 3.706109e-16
1.798358 3.622562e-16
1.799086 3.447159e-16
1.799813 4.030088e-16
1.805 3.692096e-16
1.81 3.690445e-16
1.815 3.688799e-16
1.82 3.687159e-16
1.825 3.685523e-16
1.83 3.683893e-16
1.835 3.682268e-16
1.84 3.680648e-16
1.845 3.679033e-16
1.85 3.677424e-16
1.855 3.675819e-16
1.86 3.674219e-16
1.865 3.672625e-16
1.87 3.671035e-16
1.875 3.66945e-16
1.88 3.66787e-16
1.885 3.666296e-16
1.89 3.664725e-16
1.895 3.66316e-16
1.9 3.6616e-16
1.905 3.660044e-16
1.91 3.658493e-16
1.915 3.656946e-16
1.92 3.655405e-16
1.925 3.653868e-16
1.93 3.652336e-16
1.935 3.650808e-16
1.94 3.649284e-16
1.945 3.647766e-16
1.95044 3.669891e-16
1.951167 3.860138e-16
1.951895 4.111913e-16
1.952623 4.088888e-16
1.95335 3.915857e-16
1.954078 3.789775e-16
1.954806 3.862499e-16
1.955533 3.784796e-16
1.956261 3.626154e-16
1.956989 3.774128e-16
1.957716 3.839625e-16
1.958444 3.649843e-16
1.959172 3.484074e-16
1.959899 3.527531e-16
1.960627 3.689697e-16
1.961355 3.65336e-16
1.962082 3.67202e-16
1.96281 3.681167e-16
1.963538 3.654254e-16
1.964265 3.631383e-16
1.964993 3.608422e-16
1.965721 3.583729e-16
1.966448 3.579071e-16
1.967176 3.632693e-16
1.967904 3.579614e-16
1.968631 3.523117e-16
1.969359 3.506814e-16
1.970087 3.499076e-16
1.970814 3.60281e-16
1.971542 3.617297e-16
1.97227 3.456873e-16
1.972997 3.441523e-16
1.973725 3.538267e-16
1.974453 3.451286e-16
1.97518 3.479855e-16
1.975908 3.544024e-16
1.976636 3.860438e-16
1.977363 4.06781e-16
1.978091 3.886176e-16
1.978819 3.821577e-16
1.979546 3.719954e-16
1.980274 3.537907e-16
1.981002 3.438306e-16
1.981729 3.526821e-16
1.982457 3.537749e-16
1.983185 3.438389e-16
1.983912 3.482352e-16
1.98464 3.58742e-16
1.985367 3.617466e-16
1.986095 3.645189e-16
1.986823 3.597199e-16
1.98755 3.430632e-16
1.988278 3.420442e-16
1.989006 3.585363e-16
1.989733 3.663701e-16
1.990461 3.554112e-16
1.991189 3.481809e-16
1.991916 3.551112e-16
1.992644 3.622116e-16
1.993372 3.608258e-16
1.994099 3.631743e-16
1.994827 3.652227e-16
1.995555 3.673222e-16
1.996282 3.69237e-16
1.99701 3.691783e-16
1.997738 3.71427e-16
1.998465 3.689218e-16
1.999193 3.578046e-16
1.999921 3.603367e-16
2.000648 3.831263e-16
2.001376 4.340093e-16
2.002104 4.482534e-16
2.002831 4.03808e-16
2.003559 3.61e-16
2.004287 3.545165e-16
2.005014 3.873163e-16
2.005742 3.651364e-16
2.00647 3.582058e-16
2.007197 3.655326e-16
2.007925 3.572053e-16
2.008653 3.531279e-16
2.00938 3.699996e-16
2.010108 3.814049e-16
2.010836 3.715619e-16
2.011563 3.734365e-16
2.012291 3.619079e-16
2.013019 3.542516e-16
2.013746 3.549112e-16
2.014474 3.549565e-16
2.015202 3.648602e-16
2.015929 3.645131e-16
2.016657 3.580487e-16
2.017385 3.584442e-16
2.018112 3.539741e-16
2.01884 3.403998e-16
2.019568 3.408885e-16
2.020295 3.429081e-16
2.021023 3.435646e-16
2.021751 3.476357e-16
2.022478 3.493815e-16
2.023206 3.494505e-16
2.023934 3.453749e-16
2.024661 3.456835e-16
2.025389 3.440456e-16
2.026117 3.338163e-16
2.026844 3.313779e-16
2.027572 3.413776e-16
2.0283 3.515042e-16
2.029027 3.545545e-16
2.029755 3.448681e-16
2.030483 3.430581e-16
2.03121 3.43859e-16
2.031938 3.451902e-16
2.032666 3.51612e-16
2.033393 3.449428e-16
2.034121 3.39137e-16
2.034849 3.51361e-16
2.035576 3.56481e-16
2.036304 3.46919e-16
2.037032 3.41426e-16
2.037759 3.435988e-16
2.038487 3.461719e-16
2.039215 3.391518e-16
2.039942 3.184849e-16
2.04067 3.291434e-16
2.041397 3.40187e-16
2.042125 3.391666e-16
2.042853 3.513061e-16
2.04358 3.44425e-16
2.044308 3.383163e-16
2.045036 3.388553e-16
2.045763 3.404063e-16
2.046491 3.468272e-16
2.047219 3.505059e-16
2.047946 3.427538e-16
2.048674 3.406607e-16
2.049402 3.410665e-16
2.050129 3.458697e-16
2.050857 3.538629e-16
2.051585 3.485621e-16
2.052313 3.480291e-16
2.05304 3.461746e-16
2.053768 3.444866e-16
2.054496 3.336838e-16
2.055223 3.406156e-16
2.055951 3.481003e-16
2.056679 3.491873e-16
2.057406 3.411719e-16
2.058134 3.426384e-16
2.058862 3.434852e-16
2.059589 3.38081e-16
2.060317 3.431834e-16
2.061045 3.489637e-16
2.061772 3.447433e-16
2.0625 3.40426e-16
2.063228 3.443566e-16
2.063955 3.492554e-16
2.064683 3.492192e-16
2.06541 3.465176e-16
2.066138 3.45363e-16
2.066866 3.490447e-16
2.067593 3.432974e-16
2.068321 3.396237e-16
2.069049 3.43328e-16
2.069776 3.47745e-16
2.070504 3.465883e-16
2.071232 3.378528e-16
2.071959 3.363036e-16
2.072687 3.384093e-16
2.073415 3.30186e-16
2.074142 3.49331e-16
2.07487 3.514582e-16
2.075598 3.432023e-16
2.076325 3.428931e-16
2.077053 3.484828e-16
2.077781 3.506027e-16
2.078508 3.4669e-16
2.079236 3.477987e-16
2.079964 3.406636e-16
2.080691 3.425792e-16
2.081419 3.496244e-16
2.082147 3.470222e-16
2.082874 3.452044e-16
2.083602 3.507246e-16
2.08433 3.531469e-16
2.085057 3.455062e-16
2.085785 3.460987e-16
2.086513 3.508946e-16
2.08724 3.496571e-16
2.087968 3.475846e-16
2.088696 3.52247e-16
2.089423 3.536197e-16
2.090151 3.537094e-16
2.090879 3.607886e-16
2.091606 3.543411e-16
2.092334 3.598386e-16
2.093062 3.621499e-16
2.093789 3.597205e-16
2.094517 3.582521e-16
2.095245 3.605836e-16
2.095972 3.501998e-16
2.0967 3.546243e-16
2.097428 3.473805e-16
2.098155 3.507167e-16
2.098883 3.545869e-16
2.099611 3.58514e-16
2.100338 3.612664e-16
2.101066 3.642791e-16
2.101794 3.634229e-16
2.102521 3.581321e-16
2.103249 3.620241e-16
2.103977 3.579208e-16
2.104704 3.594407e-16
2.105432 3.624894e-16
2.10616 3.598843e-16
2.106887 3.669145e-16
2.107615 3.613018e-16
2.108343 3.586144e-16
2.10907 3.548456e-16
2.109798 3.477591e-16
2.110526 3.498043e-16
2.111253 3.532181e-16
2.111981 3.603484e-16
2.112709 3.593992e-16
2.113436 3.566166e-16
2.114164 3.553133e-16
2.114892 3.557994e-16
2.115619 3.529884e-16
2.116347 3.49333e-16
2.117075 3.391952e-16
2.117802 3.504152e-16
2.11853 3.630909e-16
2.119257 3.605183e-16
2.119985 3.524666e-16
2.120713 3.540556e-16
2.12144 3.523013e-16
2.122168 3.514975e-16
2.122896 3.548041e-16
2.123623 3.535128e-16
2.124351 3.534282e-16
2.125079 3.514558e-16
2.125806 3.516043e-16
2.126534 3.538223e-16
2.127262 3.568569e-16
2.127989 3.531254e-16
2.128717 3.526047e-16
2.129445 3.564833e-16
2.130172 3.4937e-16
2.1309 3.510315e-16
2.131628 3.55994e-16
2.132355 3.570122e-16
2.133083 3.533559e-16
2.133811 3.600789e-16
2.134538 3.610234e-16
2.135266 3.603146e-16
2.135994 3.688123e-16
2.136721 3.67476e-16
2.137449 3.656154e-16
2.138177 3.547777e-16
2.138904 3.537981e-16
2.139632 3.668824e-16
2.14036 3.743308e-16
2.141088 3.78549e-16
2.141815 3.762454e-16
2.142543 3.833048e-16
2.14327 3.902569e-16
2.143998 3.920968e-16
2.144726 3.928574e-16
2.145453 4.000238e-16
2.146181 4.087528e-16
2.146909 4.112499e-16
2.147636 4.205949e-16
2.148364 4.353947e-16
2.149092 4.425408e-16
2.149819 4.52615e-16
2.150547 4.717327e-16
2.151275 4.865386e-16
2.152002 4.946941e-16
2.15273 4.996302e-16
2.153458 5.026224e-16
2.154185 5.229274e-16
2.154913 5.448233e-16
2.155641 5.548359e-16
2.156368 5.645257e-16
2.157096 5.806913e-16
2.157824 5.871206e-16
2.158551 5.905051e-16
2.159279 5.980322e-16
2.160007 6.12614e-16
2.160734 6.232692e-16
2.161462 6.369547e-16
2.16219 6.449778e-16
2.162917 6.557064e-16
2.163645 6.635577e-16
2.164373 6.734652e-16
2.1651 7.00637e-16
2.165828 7.374591e-16
2.166556 7.252314e-16
2.167283 6.792696e-16
2.168011 6.413833e-16
2.168739 6.171199e-16
2.169466 6.043953e-16
2.170194 5.951712e-16
2.170922 5.777413e-16
2.171649 5.620744e-16
2.172377 5.470823e-16
2.173105 5.415035e-16
2.173832 5.266026e-16
2.17456 5.0885e-16
2.175288 4.963595e-16
2.176015 4.837371e-16
2.176743 4.680235e-16
2.177471 4.577798e-16
2.178198 4.548982e-16
2.178926 4.379819e-16
2.179654 4.219498e-16
2.180381 4.159119e-16
2.181109 4.133767e-16
2.181837 4.10864e-16
2.182564 4.083401e-16
2.183292 4.058748e-16
2.18402 4.022517e-16
2.184747 3.925258e-16
2.185475 3.828313e-16
2.186203 3.844865e-16
2.18693 3.836019e-16
2.187658 3.826754e-16
2.188386 3.792818e-16
2.189113 3.812191e-16
2.189841 3.802637e-16
2.190569 3.689069e-16
2.191296 3.655187e-16
2.192024 3.640187e-16
2.192752 3.617605e-16
2.193479 3.619047e-16
2.194207 3.54223e-16
2.194935 3.475986e-16
2.195662 3.555875e-16
2.19639 3.574513e-16
2.197117 3.549493e-16
2.197845 3.573405e-16
2.198573 3.59031e-16
2.1993 3.503528e-16
2.200028 3.529105e-16
2.200756 3.488346e-16
2.201483 3.425186e-16
2.202211 3.455151e-16
2.202939 3.470497e-16
2.203666 3.406109e-16
2.204394 3.413445e-16
2.205122 3.440315e-16
2.205849 3.334354e-16
2.206577 3.365939e-16
2.207305 3.393127e-16
2.208032 3.420394e-16
2.20876 3.394113e-16
2.209488 3.361953e-16
2.210215 3.320309e-16
2.210943 3.385539e-16
2.211671 3.289667e-16
2.212398 3.40041e-16
2.213126 3.440965e-16
2.213854 3.390656e-16
2.214581 3.389584e-16
2.215309 3.372477e-16
2.216037 3.375069e-16
2.216764 3.373392e-16
2.217492 3.35074e-16
2.21822 3.342652e-16
2.218947 3.337469e-16
2.219675 3.371809e-16
2.220403 3.373582e-16
2.22113 3.364623e-16
2.221858 3.332873e-16
2.222586 3.331231e-16
2.223313 3.416234e-16
2.224041 3.410767e-16
2.224769 3.435021e-16
2.225496 3.425175e-16
2.226224 3.428366e-16
2.226952 3.449148e-16
2.227679 3.325953e-16
2.228407 3.320555e-16
2.229135 3.338019e-16
2.229862 3.349711e-16
2.23059 3.335862e-16
2.231318 3.480594e-16
2.232045 3.638401e-16
2.232773 3.422618e-16
2.233501 3.418058e-16
2.234228 3.462199e-16
2.234956 3.44054e-16
2.235684 3.447116e-16
2.236411 3.43542e-16
2.237139 3.440909e-16
2.237867 3.440756e-16
2.238594 3.45763e-16
2.239322 3.451044e-16
2.24005 3.518094e-16
2.240777 3.550099e-16
2.241505 3.463468e-16
2.242233 3.478222e-16
2.24296 3.591995e-16
2.243688 3.580069e-16
2.244416 3.49669e-16
2.245143 3.549076e-16
2.245871 3.599041e-16
2.246599 3.605277e-16
2.247326 3.543155e-16
2.248054 3.538005e-16
2.248782 3.485237e-16
2.249509 3.493719e-16
2.250237 3.539079e-16
2.250965 3.380525e-16
2.251692 3.392075e-16
2.25242 3.442749e-16
2.253147 3.528191e-16
2.253875 3.502414e-16
2.254603 3.45646e-16
2.25533 3.44624e-16
2.256058 3.468825e-16
2.256786 3.387754e-16
2.257513 3.408148e-16
2.258241 3.471008e-16
2.258969 3.443943e-16
2.259696 3.460479e-16
2.260424 3.509937e-16
2.261152 3.484889e-16
2.261879 3.420669e-16
2.262607 3.404481e-16
2.263335 3.35749e-16
2.264063 3.468194e-16
2.26479 3.517513e-16
2.265518 3.541001e-16
2.266246 3.513745e-16
2.266973 3.530096e-16
2.267701 3.633019e-16
2.268429 3.479784e-16
2.269156 3.38573e-16
2.269884 3.408618e-16
2.270612 3.36743e-16
2.271339 3.32556e-16
2.272067 3.284216e-16
2.272795 3.239938e-16
2.273522 3.275781e-16
2.27425 3.343435e-16
2.274978 3.395556e-16
2.275705 3.361165e-16
2.276433 3.235954e-16
2.27716 3.258367e-16
2.277888 3.229361e-16
2.278616 3.222171e-16
2.279343 3.225977e-16
2.280071 3.278636e-16
2.280799 3.199537e-16
2.281526 3.263458e-16
2.282254 3.283451e-16
2.282982 3.254084e-16
2.283709 3.191201e-16
2.284437 3.177821e-16
2.285165 3.187129e-16
2.285892 3.192631e-16
2.28662 3.209051e-16
2.287348 3.22787e-16
2.288075 3.190853e-16
2.288803 3.283784e-16
2.289531 3.305156e-16
2.290258 3.202274e-16
2.290986 3.229233e-16
2.291714 3.267875e-16
2.292441 3.209717e-16
2.293169 3.198077e-16
2.293897 3.20712e-16
2.294624 3.238609e-16
2.295352 3.237774e-16
2.29608 3.115158e-16
2.296807 3.207084e-16
2.297535 3.321649e-16
2.298263 3.340008e-16
2.29899 3.224284e-16
2.299718 3.25158e-16
2.300446 3.233376e-16
2.301173 3.022563e-16
2.301901 3.049672e-16
2.302629 3.163972e-16
2.303356 3.188739e-16
2.304084 3.149412e-16
2.304812 3.145606e-16
2.305539 3.179276e-16
2.306267 3.214132e-16
2.306995 3.161136e-16
2.307722 3.121437e-16
2.30845 3.008058e-16
2.309178 3.030057e-16
2.309905 3.059802e-16
2.310633 3.088895e-16
2.311361 3.118071e-16
2.312088 3.147162e-16
2.312816 3.177175e-16
2.313544 3.199225e-16
2.314271 3.180893e-16
2.314999 3.210062e-16
2.315727 3.335144e-16
2.316454 3.317265e-16
2.317182 3.09261e-16
2.31791 3.098997e-16
2.318637 3.169158e-16
2.319365 3.136962e-16
2.320093 3.182367e-16
2.32082 3.19792e-16
2.321548 3.212769e-16
2.322276 3.255202e-16
2.323003 3.180321e-16
2.323731 3.139271e-16
2.324459 3.315446e-16
2.325186 3.267543e-16
2.325914 3.020676e-16
2.326642 3.11198e-16
2.327369 3.200006e-16
2.328097 3.204621e-16
2.328825 3.167117e-16
2.329552 3.168615e-16
2.33028 3.148265e-16
2.331007 3.181807e-16
2.331735 3.201149e-16
2.332463 3.143248e-16
2.33319 3.119586e-16
2.333918 3.186942e-16
2.334646 3.189353e-16
2.335373 3.169799e-16
2.336101 3.149907e-16
2.336829 3.180744e-16
2.337556 3.277608e-16
2.338284 3.233939e-16
2.339012 3.192377e-16
2.339739 3.155769e-16
2.340467 3.205547e-16
2.341195 3.18278e-16
2.341922 3.162447e-16
2.34265 3.197265e-16
2.343378 3.145895e-16
2.344105 3.141986e-16
2.344833 3.1861e-16
2.345561 3.156021e-16
2.346288 3.161501e-16
2.347016 3.263194e-16
2.347744 3.159528e-16
2.348471 3.103759e-16
2.349199 3.065127e-16
2.349927 3.093932e-16
2.350654 3.097878e-16
2.351382 3.058189e-16
2.35211 3.108817e-16
2.352838 3.092433e-16
2.353565 3.139204e-16
2.354293 3.171808e-16
2.35502 3.119412e-16
2.355748 3.059972e-16
2.356476 3.073761e-16
2.357203 3.182925e-16
2.357931 3.275964e-16
2.358659 3.153193e-16
2.359386 3.014462e-16
2.360114 3.047297e-16
2.360842 3.123702e-16
2.361569 3.190464e-16
2.362297 3.137275e-16
2.363025 3.098694e-16
2.363752 3.156211e-16
2.36448 3.143936e-16
2.365208 3.150664e-16
2.365935 3.148609e-16
2.366663 3.127024e-16
2.367391 3.166728e-16
2.368118 3.067453e-16
2.368846 3.131724e-16
2.369574 3.184157e-16
2.370301 2.754981e-16
2.371029 2.925571e-16
2.371757 3.102647e-16
2.372484 3.028999e-16
2.373212 3.059813e-16
2.37394 3.105818e-16
2.374667 3.095188e-16
2.375395 3.15008e-16
2.376123 3.27905e-16
2.37685 3.213332e-16
2.377578 3.122663e-16
2.378306 3.096346e-16
2.379033 3.133371e-16
2.379761 3.18129e-16
2.380489 3.145742e-16
2.381216 3.136255e-16
2.381944 3.169791e-16
2.382672 3.217694e-16
2.383399 3.215682e-16
2.384127 3.217674e-16
2.384855 3.219215e-16
2.385582 3.220757e-16
2.38631 3.222002e-16
2.387037 3.225949e-16
2.387765 3.205989e-16
2.388493 3.128209e-16
2.389221 3.117059e-16
2.389948 3.222374e-16
2.390676 3.295095e-16
2.391404 2.8545e-16
2.392131 1.740723e-16
2.392859 2.236687e-16
2.393587 2.705876e-16
2.394314 2.922629e-16
2.395042 3.112175e-16
2.39577 3.140945e-16
2.396497 3.133648e-16
2.397225 3.109349e-16
2.397953 3.08075e-16
2.39868 3.110072e-16
2.399408 3.171966e-16
2.43 3.040696e-16
2.45 3.02609e-16
2.47 3.011715e-16
2.49 2.997566e-16
2.51 2.983637e-16
2.53 2.969924e-16
2.55913 3.187731e-16
2.56851 3.106843e-16
2.57789 2.96985e-16
2.58728 3.046732e-16
2.59668 2.893955e-16
2.60608 2.941021e-16
2.61548 2.921078e-16
2.62489 2.970363e-16
2.63431 2.926979e-16
2.64373 2.890842e-16
2.65315 2.840838e-16
2.66258 2.834655e-16
2.67202 2.782239e-16
2.68146 2.831605e-16
2.6909 2.820837e-16
2.70035 2.828022e-16
2.7098 2.993839e-16
2.71926 2.969103e-16
2.72872 2.894267e-16
2.73819 2.862143e-16
2.74766 2.787702e-16
2.75713 2.809016e-16
2.76661 2.743177e-16
2.7761 2.715931e-16
2.78558 2.690949e-16
2.79507 2.695516e-16
2.80457 2.782095e-16
2.81407 2.720762e-16
2.82357 2.736861e-16
2.83308 2.85192e-16
2.84259 2.877535e-16
2.85211 2.949079e-16
2.86162 2.897528e-16
2.87115 2.840091e-16
2.88067 2.839091e-16
2.8902 2.809286e-16
2.89973 2.747962e-16
2.90927 2.629009e-16
2.91881 2.678585e-16
2.92835 2.712198e-16
2.9379 2.70574e-16
2.94745 2.831145e-16
2.957 2.887001e-16
2.96656 2.963828e-16
2.97611 2.819802e-16
2.98568 2.792756e-16
2.99524 2.684355e-16
3.00481 2.842193e-16
3.01438 2.796236e-16
3.02396 2.711147e-16
3.03353 2.690164e-16
3.04311 2.699734e-16
3.05269 2.740654e-16
3.06228 2.780328e-16
3.07187 2.669994e-16
3.08146 2.626115e-16
3.09105 2.644236e-16
3.10065 2.713347e-16
3.11025 2.722569e-16
3.11985 2.663998e-16
3.12945 2.705496e-16
3.13906 2.690779e-16
3.14867 2.687038e-16
3.15828 2.577095e-16
3.16789 2.535053e-16
3.17751 2.587539e-16
3.18713 2.56821e-16
3.19675 2.582486e-16
3.20637 2.600564e-16
3.21599 2.598387e-16
3.22562 2.571166e-16
3.23525 2.608749e-16
3.24488 2.521214e-16
3.25452 2.656404e-16
3.26415 2.6583e-16
3.27379 2.530454e-16
3.28343 2.644963e-16
3.29307 2.620809e-16
3.30271 2.708752e-16
3.31236 2.837843e-16
3.32201 2.759268e-16
3.33165 2.728671e-16
3.34131 2.613592e-16
3.35096 2.552381e-16
3.36061 2.484485e-16
3.37027 2.339452e-16
3.37993 2.404103e-16
3.38959 2.504864e-16
3.39925 2.458512e-16
3.40891 2.468596e-16
3.41857 2.455043e-16
3.42824 2.531598e-16
3.43791 2.4362e-16
3.44758 2.597125e-16
3.45725 2.566234e-16
3.46692 2.503669e-16
3.47659 2.539758e-16
3.48627 2.618093e-16
3.49594 2.573238e-16
3.50562 2.586926e-16
3.5153 2.566138e-16
3.52498 2.558628e-16
3.53466 2.507887e-16
3.54434 2.598515e-16
3.55403 2.622365e-16
3.56371 2.619236e-16
3.5734 2.482139e-16
3.58309 2.428553e-16
3.59278 2.512887e-16
3.60247 2.489833e-16
3.61216 2.542318e-16
3.62185 2.488141e-16
3.63154 2.438834e-16
3.64124 2.434342e-16
3.65093 2.511743e-16
3.66063 2.579657e-16
3.67033 2.526678e-16
3.68003 2.503944e-16
3.68973 2.462739e-16
3.69943 2.34961e-16
3.70913 2.469525e-16
3.71883 2.465485e-16
3.72853 2.312967e-16
3.73824 2.435217e-16
3.74794 2.426994e-16
3.75765 2.521788e-16
3.76736 2.498799e-16
3.77707 2.421018e-16
3.78677 2.449836e-16
3.79648 2.439291e-16
3.80619 2.474007e-16
3.8159 2.421787e-16
3.82562 2.384082e-16
3.83533 2.315605e-16
3.84504 2.270015e-16
3.85476 2.32753e-16
3.86447 2.362458e-16
3.87419 2.445781e-16
3.8839 2.402914e-16
3.89362 2.394752e-16
3.90333 2.349508e-16
3.91305 2.259553e-16
3.92277 2.278654e-16
3.93249 2.258603e-16
3.94221 2.300077e-16
3.95193 2.308635e-16
3.96165 2.250077e-16
3.97137 2.232381e-16
3.98109 2.185154e-16
3.99081 2.188307e-16
4.00054 2.197294e-16
4.01026 2.194525e-16
4.01998 2.221945e-16
4.02971 2.298763e-16
4.03943 2.315836e-16
4.04916 2.360965e-16
4.05888 2.387157e-16
4.06861 2.364432e-16
4.07833 2.344573e-16
4.08806 2.255853e-16
4.09779 2.31245e-16
4.10751 2.166557e-16
4.11724 2.129392e-16
4.12697 2.058271e-16
4.1367 2.021916e-16
4.14642 2.139342e-16
4.15615 2.154587e-16
4.16588 2.201471e-16
4.17561 2.200296e-16
4.18534 2.188289e-16
4.19507 2.21843e-16
4.2048 2.25177e-16
4.21453 2.169535e-16
4.22426 2.242368e-16
4.23399 2.256928e-16
4.24372 2.17581e-16
4.25345 2.152751e-16
4.26318 2.21929e-16
4.27291 2.23859e-16
4.28264 2.31886e-16
4.29238 2.283551e-16
4.30211 2.277782e-16
4.31184 2.266173e-16
4.32157 2.247024e-16
4.3313 2.20396e-16
4.34103 2.185749e-16
4.35077 2.145338e-16
4.3605 2.16986e-16
4.37023 2.208343e-16
4.37996 2.140189e-16
4.38969 2.025072e-16
4.39942 2.076459e-16
4.40916 2.102485e-16
4.41889 2.128188e-16
4.42862 2.096958e-16
4.43835 2.076064e-16
4.44808 2.099134e-16
4.45782 2.029259e-16
4.46755 2.11219e-16
4.47728 2.185025e-16
4.48701 2.200748e-16
4.49674 2.204449e-16
4.50647 2.208599e-16
4.5162 2.244727e-16
4.52593 2.125728e-16
4.53566 2.189981e-16
4.54539 2.110918e-16
4.55512 2.187338e-16
4.56485 2.13029e-16
4.57458 2.024648e-16
4.58431 1.883558e-16
4.59404 2.015736e-16
4.60377 1.966928e-16
4.6135 1.970242e-16
4.62323 1.958058e-16
4.63295 1.927538e-16
4.64268 1.906062e-16
4.65241 1.846045e-16
4.66214 1.885365e-16
4.67186 1.991523e-16
4.68159 1.978954e-16
4.69132 1.88551e-16
4.70104 1.90464e-16
4.71077 1.848033e-16
4.72049 1.856435e-16
4.73021 1.787051e-16
4.73994 1.909856e-16
4.74966 1.994393e-16
4.75938 2.059519e-16
4.76911 2.02265e-16
4.77883 1.985854e-16
4.78855 1.897954e-16
4.79827 1.883359e-16
4.80799 1.877332e-16
4.81771 1.889007e-16
4.82743 1.874948e-16
4.83715 1.946123e-16
4.84686 2.029458e-16
4.85658 1.997958e-16
4.8663 2.02469e-16
4.87601 1.901206e-16
4.88573 1.865873e-16
4.89544 1.862227e-16
5.0 1.824573e-16
5.1 1.779636e-16
5.2 1.736298e-16
5.3 1.694483e-16
5.4 1.65412e-16
5.5 1.615143e-16
5.6 1.577489e-16
5.7 1.541098e-16
5.8 1.505915e-16
5.9 1.471888e-16
6.00354 1.386843e-16
6.03378 1.210452e-16
6.06402 1.355576e-16
6.09426 1.315367e-16
6.12451 1.450291e-16
6.15475 1.598805e-16
6.18499 1.480746e-16
6.21523 1.665942e-16
6.24547 1.448136e-16
6.27572 1.236203e-16
6.30596 1.467011e-16
6.3362 1.494197e-16
6.36644 1.495835e-16
6.39668 1.168903e-16
6.42693 1.076175e-16
6.45717 1.346258e-16
6.48741 1.148324e-16
6.51765 1.154473e-16
6.54789 1.164744e-16
6.57814 1.158281e-16
6.60838 1.016472e-16
6.63862 1.236371e-16
6.66886 1.472687e-16
6.6991 1.175797e-16
6.72935 1.029658e-16
6.75959 1.10585e-16
6.78983 1.138258e-16
6.82007 1.413949e-16
6.85031 1.225806e-16
6.88056 1.373827e-16
6.9108 1.117537e-16
6.94104 8.946537000000001e-17
6.97128 1.16225e-16
7.00152 1.31164e-16
7.03177 1.160996e-16
7.06201 1.067214e-16
7.09225 8.458349000000001e-17
7.12249 1.067116e-16
7.15273 1.224786e-16
7.18298 1.085594e-16
7.21322 1.093158e-16
7.24346 1.055807e-16
7.2737 1.123555e-16
7.30394 1.481348e-16
7.33419 1.390176e-16
7.36443 1.081233e-16
7.39467 1.298739e-16
7.42491 9.932857e-17
7.45515 1.173363e-16
7.4854 1.22931e-16
7.51564 1.258533e-16
7.57612 9.666063000000001e-17
7.6366 1.037362e-16
7.69709 1.105141e-16
7.75757 1.054294e-16
7.81805 1.027532e-16
7.87854 8.785622e-17
7.93902 1.006579e-16
7.99951 9.680900000000001e-17
8.05999 9.805987000000001e-17
8.12047 9.097378000000001e-17
8.180959 9.186140000000001e-17
8.24144 9.009302000000001e-17
8.30192 8.602415000000001e-17
8.362409 8.396271e-17
8.42289 8.811367000000001e-17
8.48337 8.040098e-17
8.54386 7.899290000000001e-17
8.60434 8.714998000000001e-17
8.66483 8.801537000000001e-17
8.72531 8.533959000000001e-17
8.785791 8.769028000000001e-17
8.84628 9.831427000000001e-17
8.90676 8.363757000000001e-17
8.967241 8.232085000000001e-17
9.02773 8.349354e-17
9.08821 8.042147e-17
9.14869 7.462713e-17
9.20918 7.685497000000001e-17
9.26966 7.629861e-17
9.33015 6.934048000000001e-17
9.39063 8.054394e-17
9.45111 7.639694e-17
9.511599 7.774430000000001e-17
9.57208 7.015255e-17
9.63256 7.823591000000001e-17
9.69305 7.278295000000001e-17
9.75353 8.493248e-17
9.814009 7.680564e-17
9.8745 7.595579000000001e-17
9.93498 7.65409e-17
9.99547 7.40118e-17
10.05595 7.873793e-17
10.11643 7.640533000000001e-17
10.17692 7.073681000000001e-17
10.2374 7.190816e-17
10.29788 7.342711000000001e-17
10.35837 8.03343e-17
10.41885 8.676905e-17
10.47933 7.631963e-17
10.53982 7.928883e-17
10.6003 7.911616e-17
10.660791 7.887069000000001e-17
10.72127 7.588180000000001e-17
10.78175 8.102505000000001e-17
10.842241 8.507687e-17
10.90272 8.009756e-17
10.9632 7.624340000000001e-17
11.02369 9.018877e-17
11.08417 8.721411e-17
11.144651 7.970895000000001e-17
11.20514 7.793739e-17
11.26562 8.911717000000001e-17
11.32611 8.296617000000001e-17
11.38659 8.524678e-17
11.44707 8.032080000000001e-17
11.50756 7.629706e-17
11.56804 8.380384000000001e-17
11.62852 8.420071000000001e-17
11.689009 8.293896000000001e-17
11.74949 8.202544000000001e-17
11.80997 7.914115e-17
11.870459 8.051406000000001e-17
11.93094 8.411487000000001e-17
11.99143 7.268294e-17
12.05191 7.567367000000001e-17
12.11239 8.305356e-17
12.17288 8.670252000000001e-17
12.23336 7.985076e-17
12.293841 7.951774000000001e-17
12.35433 7.487813000000001e-17
12.41481 7.896293000000001e-17
12.475291 8.560146000000001e-17
12.53578 8.028341000000001e-17
12.59626 7.903615e-17
12.65675 7.83268e-17
12.71723 7.779659000000001e-17
12.77771 7.699305e-17
12.8382 8.089695000000001e-17
12.89868 8.008519e-17
12.95916 8.324748000000001e-17
13.019651 7.987206e-17
13.08013 7.461084e-17
13.140609 7.350377000000001e-17
13.2011 7.365201000000001e-17
13.26158 6.920604e-17
13.322059 7.193159e-17
13.38255 6.586001000000001e-17
13.44303 6.863930000000001e-17
13.50352 6.668186e-17
13.564 6.945146000000001e-17
13.62448 6.688958e-17
13.68497 7.264264e-17
13.74545 6.708115e-17
13.80593 6.738505e-17
13.86642 6.622584e-17
13.9269 7.165858000000001e-17
13.98738 7.150052000000001e-17
14.06935 6.283518000000001e-17
14.15403 6.417302e-17
14.238711 6.541388e-17
14.323381 6.920785000000001e-17
14.408059 6.726260000000001e-17
14.492739 6.429352e-17
14.577409 6.057285000000001e-17
14.662091 5.961882000000001e-17
14.74677 6.1391e-17
14.83145 6.702856e-17
14.91612 6.080467000000001e-17
15.0008 5.706158000000001e-17
15.08548 5.911983e-17
15.17015 6.066784e-17
15.25483 6.093435e-17
15.339509 5.866795e-17
15.42418 5.680881000000001e-17
15.508859 5.933651e-17
15.593541 5.789008e-17
15.678211 5.766452000000001e-17
15.762891 5.80849e-17
15.84757 5.908045000000001e-17
15.932239 5.773284000000001e-17
16.01692 5.76447e-17
16.1016 5.322097e-17
16.18628 5.806079000000001e-17
16.27095 5.942779e-17
16.355631 5.723777e-17
16.440309 5.602896000000001e-17
16.524981 6.15555e-17
16.609659 5.977463e-17
16.694339 5.722569000000001e-17
16.779011 5.606117e-17
16.863689 5.595345000000001e-17
16.94837 5.4041920000000005e-17
17.033039 5.580550000000001e-17
17.11772 5.877623e-17
17.2024 5.904629000000001e-17
17.287069 5.606223000000001e-17
17.37175 5.651113e-17
17.45643 5.3964480000000006e-17
17.541109 5.700808e-17
17.62578 5.692644000000001e-17
17.710461 5.626806e-17
17.795139 5.692214e-17
17.879811 5.821729000000001e-17
17.964491 5.761539e-17
18.04917 5.844966e-17
18.133841 5.712e-17
18.218519 6.439968e-17
18.3032 5.942887e-17
18.38787 5.674839e-17
18.47255 5.974938000000001e-17
18.55723 6.138399000000001e-17
18.641898 5.283944e-17
18.72658 5.661786e-17
18.811261 5.817172e-17
18.895941 5.711276e-17
18.980609 5.771548e-17
19.065291 5.843493000000001e-17
19.149969 5.376446e-17
19.234641 5.693325e-17
19.31932 5.657175e-17
19.404 5.800541e-17
19.48867 5.273958e-17
19.573352 5.657417e-17
19.65803 5.391422e-17
19.7427 5.3727610000000005e-17
19.82738 5.2062930000000004e-17
19.912059 5.160261000000001e-17
19.996731 5.480265e-17
20.081409 5.4136710000000004e-17
20.166091 4.8964960000000005e-17
20.25077 5.319123e-17
20.335439 5.670202000000001e-17
20.42012 5.154856000000001e-17
20.504802 5.3098310000000005e-17
20.58947 4.9400970000000003e-17
20.75883 5.124698e-17
20.928181 5.1174460000000006e-17
21.09753 5.227918e-17
21.266889 5.157854e-17
21.436239 4.844765e-17
21.6056 4.8480110000000006e-17
21.77495 4.8959280000000005e-17
21.9443 4.751321e-17
22.113661 4.7459100000000007e-17
22.283011 4.398859e-17
22.452359 4.589131e-17
22.621719 4.420401e-17
22.79107 4.2437340000000003e-17
22.96043 4.1566600000000005e-17
23.12978 4.145663e-17
23.29913 3.9739450000000006e-17
23.468491 4.0716200000000005e-17
23.637841 4.0139960000000005e-17
23.807191 3.908529e-17
23.976548 3.8596450000000005e-17
24.1459 3.73098e-17
24.315259 3.7252310000000005e-17
24.484609 3.6716970000000005e-17
24.653959 3.4889960000000006e-17
24.82332 3.578273e-17
24.99267 3.5336710000000005e-17
25.16202 3.2990360000000004e-17
25.331381 3.3909490000000005e-17
25.500731 3.380534e-17
25.670089 3.1530890000000004e-17
25.839439 3.2140570000000005e-17
26.008789 3.141068e-17
26.17815 3.135767e-17
26.3475 3.1915090000000005e-17
26.51685 3.0267980000000003e-17
26.686209 2.997507e-17
26.855559 2.932243e-17
27.024919 2.8988390000000004e-17
27.194269 2.808422e-17
27.363622 2.8290520000000005e-17
27.532981 2.9253680000000004e-17
27.702328 2.794579e-17
27.871678 2.595623e-17
28.041041 2.625563e-17
28.210391 2.720364e-17
28.37975 2.4602340000000002e-17
28.5491 2.4618070000000002e-17
28.71845 2.3875220000000003e-17
28.887809 2.3114560000000003e-17
29.057159 2.387602e-17
29.226509 2.3710740000000003e-17
29.395869 2.3668910000000003e-17
29.565219 2.249023e-17
29.734578 2.3703390000000002e-17
29.903931 2.470874e-17
30.073281 2.3540090000000002e-17
30.242641 2.2137320000000003e-17
30.411991 2.155537e-17
30.581341 2.156312e-17
30.7507 2.070035e-17
30.92005 2.0492340000000002e-17
31.089409 1.8969010000000003e-17
31.258759 1.967346e-17
31.428109 2.1182070000000003e-17
31.597469 1.9203560000000003e-17
31.766822 1.728708e-17
31.936172 1.827338e-17
32.105531 1.839531e-17
32.274878 1.756516e-17
32.444241 1.709127e-17
32.613591 1.7781270000000002e-17
32.782941 1.7332310000000003e-17
32.9523 1.709924e-17
33.12165 1.891786e-17
33.291 1.633904e-17
33.460363 1.633408e-17
33.629713 1.533825e-17
33.799069 1.476755e-17
33.968419 1.68681e-17
34.137772 1.37002e-17
34.307128 1.3652460000000001e-17
34.476478 1.631963e-17
34.645828 1.378765e-17
34.815191 1.3990880000000002e-17
34.984538 1.5207240000000002e-17
36.0 1.3492830000000002e-17
37.0 1.2569470000000002e-17
38.0 1.1743250000000001e-17
39.0 1.10023e-17
40.0 1.0336290000000001e-17
41.0 9.736209000000001e-18
42.0 9.194212e-18
43.0 8.70347e-18
44.0 8.258034e-18
45.0 7.852719e-18
46.0 7.482998e-18
47.0 7.14491e-18
48.0 6.8349900000000005e-18
49.0 6.550198e-18
50.0 6.28786e-18
51.0 6.0456220000000004e-18
52.0 5.821409e-18
53.0 5.6133860000000004e-18
54.0 5.419925e-18
55.0 5.239586e-18
56.0 5.071083e-18
57.0 4.913276e-18
58.0 4.765143e-18
59.0 4.625774e-18
60.0 4.49435e-18
61.0 4.370141e-18
62.0 4.252487e-18
63.0 4.140797e-18
64.0 4.034538e-18
65.575238 3.823707e-18
66.230987 3.7757e-18
66.8933 3.727042e-18
67.562231 3.677786e-18
68.23785 3.627986e-18
68.920225 3.577695e-18
69.609431 3.526965e-18
70.305519 3.475847e-18
71.008575 3.4243910000000002e-18
71.718656 3.372646e-18
72.435838 3.320659e-18
73.1602 3.268477e-18
73.8918 3.216145e-18
74.630719 3.163708e-18
75.377031 3.111207e-18
76.130794 3.058686e-18
76.8921 3.006184e-18
77.661025 2.95374e-18
78.437631 2.901392e-18
79.222006 2.8491740000000002e-18
80.014231 2.797124e-18
80.814375 2.745274e-18
81.622512 2.693656e-18
82.438738 2.642302e-18
83.263125 2.59124e-18
84.095756 2.540499e-18
84.936712 2.490107e-18
85.786081 2.440087e-18
86.643938 2.390465e-18
87.510381 2.341264e-18
88.385481 2.292506e-18
89.269338 2.24421e-18
90.162031 2.196397e-18
91.06365 2.149084e-18
91.974288 2.102289e-18
92.894025 2.056027e-18
93.822969 2.010312e-18
94.7612 1.965159e-18
95.708813 1.920579e-18
96.6659 1.876586e-18
97.632563 1.833187e-18
98.608888 1.790394e-18
99.594975 1.748214e-18
100.590919 1.706655e-18
101.596831 1.665725e-18
102.6128 1.625428e-18
103.638931 1.585769e-18
104.675319 1.546754e-18
105.722075 1.5083840000000001e-18
106.779288 1.470663e-18
107.847088 1.433593e-18
108.92555 1.397174e-18
110.014813 1.361408e-18
111.11495 1.326294e-18
112.2261 1.2918320000000001e-18
113.348363 1.25802e-18
114.48185 1.224856e-18
115.626663 1.192338e-18
116.782938 1.160463e-18
117.950763 1.129228e-18
119.130263 1.098629e-18
120.321562 1.0686610000000001e-18
121.524788 1.039321e-18
122.740037 1.010602e-18
123.967425 9.825007e-19
125.207113 9.550099999999999e-19
126.459188 9.281243999999999e-19
127.723775 9.018373999999999e-19
129.001013 8.761426e-19
130.291025 8.510329999999999e-19
131.593925 8.2650189999999995e-19
132.909875 8.025416e-19
134.238975 7.791449999999999e-19
135.581363 7.563044e-19
136.937175 7.340118999999999e-19
138.30655 7.122594e-19
139.689625 6.910392999999999e-19
141.086525 6.703432999999999e-19
142.497388 6.50163e-19
143.92235 6.304900999999999e-19
145.361588 6.113161999999999e-19
146.8152 5.926327999999999e-19
148.283363 5.744313e-19
149.7662 5.567030999999999e-19
151.263875 5.394399e-19
152.776512 5.226329e-19
154.304275 5.062735999999999e-19
155.847313 4.903532e-19
157.405788 4.7486339999999995e-19
158.979838 4.597954999999999e-19
160.569625 4.451408e-19
162.175338 4.3089089999999994e-19
163.797088 4.1703749999999997e-19
165.43505 4.0357209999999994e-19
167.0894 3.904864e-19
168.760288 3.7777209999999995e-19
170.447888 3.6542099999999995e-19
172.152375 3.5342499999999996e-19
173.8739 3.4177599999999995e-19
175.612625 3.3046609999999996e-19
177.36875 3.1948739999999997e-19
179.14245 3.0883209999999995e-19
180.933875 2.9849259999999997e-19
182.743212 2.8846129999999996e-19
184.570638 2.7873059999999998e-19
186.41635 2.692932e-19
188.280513 2.601419e-19
190.163313 2.512695e-19
192.064938 2.4266889999999996e-19
193.985588 2.3433319999999996e-19
195.92545 2.2625549999999996e-19
197.8847 2.184292e-19
199.863538 2.1084769999999997e-19
201.862175 2.0350449999999998e-19
203.8808 1.9639319999999998e-19
205.919612 1.8950759999999999e-19
207.978813 1.828415e-19
210.0586 1.7638909999999999e-19
212.159175 1.7014439999999998e-19
214.280775 1.641015e-19
216.4236 1.58255e-19
218.587825 1.5259919999999998e-19
220.7737 1.4712879999999999e-19
222.98145 1.418384e-19
225.21125 1.367228e-19
227.463375 1.3177709999999998e-19
229.738 1.2699609999999999e-19
232.0354 1.2237519999999998e-19
234.35575 1.1790959999999998e-19
236.699325 1.1359459999999998e-19
239.066325 1.0942579999999998e-19
241.456975 1.053988e-19
243.87155 1.015092e-19
246.31025 9.775286e-20
248.773375 9.412571999999999e-20
251.2611 9.062380999999999e-20
253.773725 8.724321999999999e-20
256.311475 8.398019e-20
258.874575 8.083105e-20
261.46335 7.779217999999999e-20
264.077975 7.486011e-20
266.718725 7.203145999999999e-20
269.385925 6.930288999999999e-20
272.079775 6.667119e-20
274.800575 6.413324e-20
277.5486 6.168598e-20
280.324075 5.932648e-20
283.127325 5.705184e-20
285.9586 5.485928e-20
288.8182 5.274609e-20
291.706375 5.070964e-20
294.62345 4.8747339999999996e-20
297.5697 4.685674e-20
300.5454 4.5035409999999995e-20
303.55085 4.3281009999999996e-20
306.58635 4.159128e-20
309.6522 3.9964e-20
312.74875 3.839703e-20
315.87625 3.688832e-20
319.035 3.543585e-20
322.22535 3.4037669999999996e-20
325.447625 3.2691889999999996e-20
328.7021 3.1396699999999997e-20
331.9891 3.015031e-20
335.309025 2.895101e-20
338.6621 2.779715e-20
342.0487 2.66871e-20
345.4692 2.561933e-20
348.923875 2.459231e-20
352.4131 2.36046e-20
355.937225 2.2654769999999998e-20
359.4966 2.1741469999999998e-20
363.09155 2.086337e-20
366.722475 2.00192e-20
370.3897 1.9207729999999998e-20
374.0936 1.842776e-20
377.83455 1.7678129999999998e-20
381.6129 1.695775e-20
385.429 1.626552e-20
389.2833 1.560041e-20
393.176125 1.4961409999999998e-20
397.107875 1.434756e-20
401.07895 1.375791e-20
405.08975 1.319156e-20
409.14065 1.2647639999999999e-20
413.232075 1.21253e-20
417.364375 1.162374e-20
421.538 1.114216e-20
425.7534 1.067981e-20
430.01095 1.0235959999999999e-20
434.31105 9.809893e-21
438.65415 9.400946e-21
443.0407 9.008456e-21
447.4711 8.631789e-21
451.9458 8.270339e-21
456.46525 7.92352e-21
461.0299 7.590764e-21
465.6402 7.271524e-21
470.29665 6.965275e-21
474.9996 6.671511e-21
479.7496 6.389747e-21
484.5471 6.1195099999999996e-21
489.3926 5.860349e-21
494.28655 5.611829e-21
499.2294 5.373529e-21
504.2217 5.145047e-21
509.26395 4.925993e-21
514.3566 4.7159939999999996e-21
519.50015 4.514688e-21
524.69515 4.321731e-21
529.9421 4.136787e-21
535.2415 3.959539e-21
540.59395 3.789673e-21
545.99985 3.626899e-21
551.45985 3.470925e-21
556.97445 3.321481e-21
562.54415 3.178303e-21
568.1696 3.041135e-21
573.8513 2.909733e-21
579.5898 2.783864e-21
585.3857 2.663303e-21
591.23955 2.547834e-21
597.15195 2.437247e-21
603.12345 2.331342e-21
609.1547 2.229929e-21
615.24625 2.132822e-21
621.3987 2.039844e-21
627.61265 1.950825e-21
633.88875 1.865601e-21
640.22765 1.784014e-21
646.6299 1.705916e-21
653.0962 1.6311599999999999e-21
659.62715 1.559607e-21
666.2234 1.491125e-21
672.8856 1.425585e-21
679.6145 1.362864e-21
686.41065 1.302844e-21
693.2747 1.245412e-21
700.2075 1.190459e-21
707.2096 1.1378819999999999e-21
714.2817 1.08758e-21
721.42455 1.039456e-21
728.6388 9.934206000000001e-22
735.92515 9.49384e-22
743.2844 9.072614000000001e-22
750.71725 8.669721e-22
758.2244 8.28438e-22
765.80665 7.915844000000001e-22
773.46475 7.563398e-22
781.19935 7.226359e-22
789.01135 6.904065e-22
796.90145 6.595889000000001e-22
804.8705 6.301223e-22
812.91925 6.019491e-22
821.0484 5.750136000000001e-22
829.2589 5.492627e-22
837.5515 5.246453000000001e-22
845.927 5.011128e-22
854.3862 4.786183e-22
862.9301 4.57117e-22
871.5594 4.365658000000001e-22
880.275 4.1692360000000004e-22
889.0777 3.981511e-22
897.9685 3.8021060000000003e-22
906.9482 3.630658e-22
916.0177 3.466822e-22
925.1779 3.310266e-22
934.4296 3.160673e-22
943.7739 3.0177400000000004e-22
953.2117 2.881174e-22
962.7438 2.750699e-22
972.3713 2.6260460000000003e-22
982.095 2.506962e-22
991.9159 2.3932010000000003e-22
1001.8 2.284475e-22
