2.066e-05 9.602763e-11
2.296e-05 9.739998e-11
2.723e-05 9.666147e-11
3.119e-05 7.421083e-11
3.462e-05 6.78065e-11
3.741e-05 6.655054e-11
3.999e-05 5.583813e-11
4.234e-05 5.720808e-11
4.443e-05 5.094324e-11
4.638e-05 5.107854e-11
4.803e-05 4.888532e-11
4.961e-05 4.759613e-11
5.107e-05 4.751577e-11
5.237e-05 4.624359e-11
5.354e-05 4.633435e-11
5.472e-05 4.215917e-11
5.596e-05 4.082534e-11
5.709e-05 4.270314e-11
5.816e-05 3.938645e-11
5.927e-05 3.910865e-11
6.043e-05 3.535636e-11
6.163e-05 3.233627e-11
6.275e-05 3.837775e-11
6.378e-05 3.566617e-11
6.485e-05 3.477436e-11
6.588e-05 3.288705e-11
6.688e-05 3.268521e-11
6.79e-05 3.254621e-11
6.888e-05 3.187945e-11
6.981e-05 3.308178e-11
7.077e-05 3.130536e-11
7.175e-05 3.106489e-11
7.268e-05 3.140192e-11
7.354e-05 3.090167e-11
7.442e-05 2.863241e-11
7.533e-05 2.927155e-11
7.625e-05 2.70324e-11
7.72e-05 2.644309e-11
7.808e-05 3.0066e-11
7.897e-05 2.45799e-11
7.989e-05 2.671398e-11
8.072e-05 2.811945e-11
8.157e-05 2.998865e-11
8.244e-05 2.723834e-11
8.333e-05 2.589061e-11
8.423e-05 2.568147e-11
8.516e-05 2.542879e-11
8.598e-05 2.716639e-11
8.683e-05 2.09657e-11
8.781e-05 2.286002e-11
8.869e-05 2.270871e-11
8.946e-05 2.32691e-11
9.024e-05 2.54414e-11
9.103e-05 2.265007e-11
9.184e-05 2.315392e-11
9.267e-05 2.425938e-11
9.35e-05 2.217834e-11
9.436e-05 2.126001e-11
9.523e-05 2.131324e-11
9.611e-05 2.320185e-11
9.702e-05 2.174864e-11
9.794e-05 2.05257e-11
9.871e-05 2.279357e-11
9.935e-05 2.22564e-11
9.999e-05 2.152779e-11
0.0001008 2.044985e-11
0.00010163 2.014364e-11
0.00010247 1.840313e-11
0.00010332 1.954132e-11
0.00010401 2.031916e-11
0.00010472 1.958015e-11
0.00010543 1.944975e-11
0.00010615 1.904448e-11
0.00010688 2.006208e-11
0.00010763 1.930746e-11
0.00010838 2.065509e-11
0.00010914 1.863519e-11
0.00010992 1.927493e-11
0.0001107 1.828715e-11
0.0001115 1.848529e-11
0.00011231 1.758647e-11
0.00011313 1.724673e-11
0.00011396 1.854923e-11
0.0001148 1.700676e-11
0.00011566 1.800035e-11
0.00011653 1.733109e-11
0.00011741 1.695493e-11
0.00011831 1.730107e-11
0.00011922 1.679262e-11
0.00012014 1.650102e-11
0.00012108 1.697684e-11
0.00012203 1.616979e-11
0.000123 1.587758e-11
0.00012399 1.552134e-11
0.00012499 1.593582e-11
0.00012575 1.715667e-11
0.00012626 1.732629e-11
0.00012704 1.476291e-11
0.00012782 1.635121e-11
0.00012835 1.574129e-11
0.00012888 1.507263e-11
0.00012942 1.507693e-11
0.00012996 1.466925e-11
0.00013051 1.58959e-11
0.00013106 1.526836e-11
0.00013162 1.589289e-11
0.00013218 1.525335e-11
0.00013275 1.533751e-11
0.00013361 1.410876e-11
0.00013447 1.507643e-11
0.00013506 1.43063e-11
0.00013565 1.401259e-11
0.00013625 1.48835e-11
0.00013685 1.382637e-11
0.00013746 1.438165e-11
0.00013807 1.391823e-11
0.00013869 1.456668e-11
0.00013931 1.316351e-11
0.00013994 1.374081e-11
0.00014057 1.520912e-11
0.00014121 1.404552e-11
0.00014186 1.400509e-11
0.00014251 1.453506e-11
0.00014317 1.34503e-11
0.00014383 1.468776e-11
0.0001445 1.405613e-11
0.00014518 1.369988e-11
0.00014586 1.254328e-11
0.00014655 1.245852e-11
0.00014725 1.371709e-11
0.00014795 1.231222e-11
0.00014866 1.253827e-11
0.00014938 1.24366e-11
0.0001501 1.281577e-11
0.00015083 1.249504e-11
0.00015157 1.268748e-11
0.00015232 1.227359e-11
0.00015307 1.212509e-11
0.00015383 1.284869e-11
0.00015459 1.24352e-11
0.00015537 1.265565e-11
0.00015615 1.218023e-11
0.00015694 1.213119e-11
0.00015774 1.146853e-11
0.00015855 1.267427e-11
0.00015936 1.110758e-11
0.00016019 1.134805e-11
0.00016102 1.188172e-11
0.00016186 1.17151e-11
0.00016271 1.110008e-11
0.00016357 1.097049e-11
0.00016444 1.180316e-11
0.00016531 1.122467e-11
0.0001662 1.075904e-11
0.0001671 1.075334e-11
0.000168 1.102783e-11
0.00016892 1.087022e-11
0.00016984 1.146823e-11
0.00017078 1.089784e-11
0.00017172 1.048715e-11
0.00017268 1.080147e-11
0.00017365 1.002824e-11
0.00017463 1.053239e-11
0.00017562 1.051648e-11
0.00017662 1.046744e-11
0.00017763 1.046864e-11
0.00017865 1.055971e-11
0.00017969 1.046304e-11
0.00018074 1.039209e-11
0.0001818 1.024749e-11
0.00018287 9.931731e-12
0.00018395 1.005446e-11
0.00018505 1.004545e-11
0.00018616 1.031193e-11
0.00018729 1.018315e-11
0.00018843 9.838647e-12
0.00018958 1.088823e-11
0.00019075 9.566809e-12
0.00019193 1.014102e-11
0.00019312 9.610349e-12
0.00019433 1.000722e-11
0.00019556 8.434585e-12
0.0001968 9.431515e-12
0.00019806 8.643059e-12
0.00019933 8.912486e-12
0.00020062 8.887198e-12
0.00020193 1.47371e-11
0.00020325 1.391202e-11
0.0002046 8.292727e-12
0.00020596 8.506475e-12
0.00020733 8.589202e-12
0.00020873 8.610907e-12
0.00021015 8.775061e-12
0.00021158 8.175827e-12
0.00021303 8.640287e-12
0.00021451 8.359604e-12
0.000216 8.786178e-12
0.00021752 8.421836e-12
0.00021906 8.262206e-12
0.00022062 8.218396e-12
0.0002222 7.683125e-12
0.0002238 8.169462e-12
0.00022543 7.597776e-12
0.00022708 7.586228e-12
0.00022876 7.425137e-12
0.00023046 6.942783e-12
0.00023218 6.93821e-12
0.00023394 7.119175e-12
0.00023571 7.280286e-12
0.00023752 7.586308e-12
0.00023936 7.459971e-12
0.00024122 7.122788e-12
0.00024311 6.977367e-12
0.00024503 6.581393e-12
0.00024698 7.060935e-12
0.00024897 6.950438e-12
0.00025098 6.644156e-12
0.00025303 6.953981e-12
0.00025512 6.725283e-12
0.00025723 6.416059e-12
0.00025939 6.256378e-12
0.00026157 6.275321e-12
0.0002638 6.345931e-12
0.00026607 6.332741e-12
0.00026837 5.977055e-12
0.00027071 5.911249e-12
0.0002731 6.08565e-12
0.00027553 5.423352e-12
0.000278 5.951858e-12
0.00028051 5.661767e-12
0.00028307 5.442745e-12
0.00028568 5.616716e-12
0.00028834 5.844423e-12
0.00029105 5.755092e-12
0.00029381 5.418369e-12
0.00029662 5.317799e-12
0.00029949 5.498584e-12
0.00030241 5.447999e-12
0.00030539 5.214527e-12
0.00030843 5.501446e-12
0.00031153 5.339654e-12
0.00031469 5.140376e-12
0.00031792 4.942329e-12
0.00032121 5.115209e-12
0.00032457 4.859112e-12
0.00032801 4.984018e-12
0.00033152 4.597391e-12
0.0003351 4.592927e-12
0.00033876 4.989321e-12
0.00034251 4.328975e-12
0.00034634 4.349919e-12
0.00035025 4.568481e-12
0.00035425 4.353122e-12
0.00035835 4.677866e-12
0.00036254 4.32276e-12
0.00036683 4.072878e-12
0.00037122 4.506958e-12
0.00037572 4.201987e-12
0.00038033 4.030449e-12
0.00038506 4.064772e-12
0.0003899 4.09025e-12
0.00039487 3.929939e-12
0.00039997 3.837595e-12
0.00040519 3.834303e-12
0.00041056 3.655158e-12
0.0004134 4.316987e-12
0.0004292 3.68538e-12
0.00044865 2.989508e-12
0.00047081 2.700288e-12
0.00049424 2.37014e-12
0.0005135 2.956075e-12
0.00053118 2.545991e-12
0.00054995 2.922592e-12
0.00056624 2.4139e-12
0.00058361 2.270441e-12
0.00060199 2.246955e-12
0.0006169 2.57219e-12
0.00063272 2.104075e-12
0.0006492 2.250017e-12
0.00066309 2.030125e-12
0.00067949 2.0376e-12
0.00069464 2.228182e-12
0.00070857 1.80752e-12
0.000723 1.873666e-12
0.00073587 1.762069e-12
0.00075153 1.688788e-12
0.00076777 1.367066e-12
0.0007823 1.464253e-12
0.0007974 1.72066e-12
0.00081309 1.904518e-12
0.00082941 1.28597e-12
0.00084347 1.538915e-12
0.0008551 1.565083e-12
0.00087016 1.241959e-12
0.00088565 1.79178e-12
0.00089848 1.299949e-12
0.0009117 1.458349e-12
0.00092531 1.707391e-12
0.00093933 1.216081e-12
0.00095378 1.3156e-12
0.00096869 1.796633e-12
0.00098406 1.746378e-12
0.00099994 1.296787e-12
0.0010163 1.123237e-12
0.0010333 1.397377e-12
0.0010554 1.021507e-12
0.0010782 1.45992e-12
0.0010973 1.328499e-12
0.0011171 1.121416e-12
0.0011376 1.163355e-12
0.0011588 1.310677e-12
0.0011809 1.137627e-12
0.0012038 1.208156e-12
0.0012277 9.922304e-13
0.0012525 1.182558e-12
0.0012717 1.360301e-12
0.0012916 1.088813e-12
0.0013191 8.84614e-13
0.0013478 8.107658e-13
0.0013778 9.69784e-13
0.0014091 9.779286e-13
0.0014419 9.660723e-13
0.0014762 9.532715e-13
0.0015122 9.53866e-13
0.00155 9.514563e-13
0.0015898 9.271834e-13
0.0016316 8.942567e-13
0.0016758 8.810495e-13
0.0017223 7.38611e-13
0.0017716 8.158173e-13
0.0018237 8.602421e-13
0.001879 9.222421e-13
0.0019377 8.924254e-13
0.0020003 7.769735e-13
0.0020495 9.993564e-13
0.002102 7.38595e-13
0.0021758 6.383246e-13
0.002255 6.211547e-13
0.0023402 6.237025e-13
0.0024077 7.483187e-13
0.0024554 6.912552e-13
0.0025313 6.294144e-13
0.0026105 6.878849e-13
0.0026666 6.376611e-13
0.0027253 5.967248e-13
0.0027865 6.891628e-13
0.0028506 5.353544e-13
0.0029177 7.293156e-13
0.002988 5.893067e-13
0.0030618 5.13204e-13
0.0031393 5.072659e-13
0.0032209 5.255476e-13
0.0033068 4.681109e-13
0.0034467 4.700151e-13
0.0035945 4.929471e-13
0.0037605 4.024244e-13
0.003937 4.387675e-13
0.0040661 3.983426e-13
0.091671 1.537112e-14
0.092171 2.032678e-14
0.092672 2.985277e-14
0.093172 3.039163e-14
0.093672 3.358931e-14
0.094173 2.678848e-14
0.094673 2.374224e-14
0.095174 5.208221e-14
0.095674 3.756123e-14
0.096175 4.697553e-14
0.096676 5.05651e-14
0.097176 1.307097e-13
0.097677 3.592643e-14
0.098177 5.003547e-14
0.098678 5.406961e-14
0.099178 3.600322e-14
0.099678 1.30297e-14
0.100179 2.865861e-14
0.100679 4.404421e-14
0.103182 3.732254e-14
0.103682 2.954517e-14
0.104183 3.282085e-14
0.104683 3.569556e-14
0.105184 3.443047e-14
0.105684 4.094685e-14
0.106185 6.51691e-14
0.106685 3.451156e-13
0.107186 2.682464e-13
0.107686 1.636149e-13
0.108187 5.618369e-14
0.108688 2.640694e-14
0.109188 3.378485e-14
0.109689 3.26194e-14
0.110189 3.824312e-14
0.11069 3.675493e-14
0.11119 3.956906e-14
0.111691 3.718844e-14
0.112191 5.418341e-14
0.112692 3.717648e-14
0.113192 3.280747e-14
0.113693 3.332658e-14
0.114193 3.021799e-14
0.114694 3.171311e-14
0.115194 2.767443e-14
0.115729 5.972566e-14
0.116231 6.568832e-14
0.116734 3.62867e-14
0.117237 3.616094e-14
0.11774 3.507205e-14
0.118243 4.126281e-14
0.118746 6.306151e-14
0.119249 4.972839e-14
0.119752 5.337891e-14
0.123272 5.80809e-14
0.123775 8.550921e-14
0.124278 1.060954e-13
0.124781 1.635897e-13
0.125284 3.171521e-13
0.125787 6.9873e-13
0.126289 5.246223e-13
0.126792 2.981108e-13
0.127295 1.45844e-13
0.127798 1.018121e-13
0.128301 9.236769e-14
0.128804 8.707559e-14
0.129307 7.195533e-14
0.12981 5.894355e-14
0.130313 4.603735e-14
0.130816 5.100405e-14
0.131319 5.257808e-14
0.131821 4.055739e-14
0.132324 3.811746e-14
0.132827 4.611274e-14
0.13333 3.460809e-14
0.133833 3.70558e-14
0.134336 4.828474e-14
0.134839 5.742607e-14
0.135342 7.049088e-14
0.135845 5.594058e-14
0.136348 5.349422e-14
0.13685 4.470749e-14
0.137353 3.329881e-14
0.137856 3.888741e-14
0.138359 4.244626e-14
0.138862 4.733735e-14
0.139365 3.917883e-14
0.139868 4.088353e-14
0.140371 3.845715e-14
0.140874 4.037598e-14
0.141377 3.842561e-14
0.141879 3.763687e-14
0.142382 3.482634e-14
0.142885 3.717878e-14
0.143388 4.089846e-14
0.143891 5.096524e-14
0.144394 6.355546e-14
0.144897 8.261021e-14
0.1454 9.376795e-14
0.145903 7.484404e-14
0.146406 6.094336e-14
0.146908 4.123006e-14
0.147411 5.20461e-14
0.147914 4.069135e-14
0.148417 3.952482e-14
0.14892 3.981292e-14
0.149423 3.253816e-14
0.149926 3.704724e-14
0.150429 2.987182e-14
0.150932 3.77198e-14
0.151435 3.715544e-14
0.151937 4.180039e-14
0.15244 2.952215e-14
0.152943 2.461195e-14
0.153446 3.370748e-14
0.153949 4.140836e-14
0.154452 3.275488e-14
0.154955 3.267574e-14
0.155458 4.143855e-14
0.155961 3.465365e-14
0.156464 3.740031e-14
0.156966 3.605127e-14
0.157469 5.772526e-14
0.157972 6.37642e-14
0.158475 6.358334e-14
0.158978 8.060634e-14
0.159481 1.376026e-13
0.159984 2.302125e-13
0.160201 1.98656e-13
0.160818 2.776163e-13
0.161436 1.706962e-13
0.162053 1.227589e-13
0.162671 8.913167e-14
0.163289 7.140093e-14
0.163906 5.556617e-14
0.164524 5.271728e-14
0.165142 4.409486e-14
0.165759 4.135702e-14
0.166377 3.928211e-14
0.166995 3.651106e-14
0.167612 3.63232e-14
0.16823 3.739704e-14
0.168848 4.157127e-14
0.169466 4.84554e-14
0.170084 5.804517e-14
0.170701 5.11329e-14
0.171319 5.002519e-14
0.171937 5.192341e-14
0.172555 5.856413e-14
0.173173 5.041253e-14
0.173791 3.890477e-14
0.174409 3.303611e-14
0.175026 3.236491e-14
0.175644 2.999986e-14
0.176262 2.9925e-14
0.17688 2.948382e-14
0.177498 2.936332e-14
0.178116 3.035916e-14
0.178734 3.028322e-14
0.179352 3.147001e-14
0.17997 2.856593e-14
0.180588 2.904772e-14
0.181206 3.060959e-14
0.181824 2.900684e-14
0.182442 2.843325e-14
0.183061 2.774581e-14
0.183679 2.627881e-14
0.184297 2.70019e-14
0.184915 2.971489e-14
0.185533 2.958924e-14
0.186151 2.772525e-14
0.186769 2.573267e-14
0.187388 2.793528e-14
0.188006 2.868937e-14
0.188624 2.864071e-14
0.189242 2.621159e-14
0.189861 2.609669e-14
0.190479 2.587366e-14
0.191097 2.710449e-14
0.191715 2.666557e-14
0.192334 2.854465e-14
0.192952 2.730532e-14
0.19357 2.680535e-14
0.194189 2.631505e-14
0.194807 2.730338e-14
0.195426 3.176083e-14
0.196044 3.894109e-14
0.196662 3.745029e-14
0.197281 4.395962e-14
0.197899 6.004329e-14
0.198518 4.034641e-14
0.199136 3.043884e-14
0.199755 2.678696e-14
0.200373 2.547355e-14
0.200992 2.287698e-14
0.20161 2.329245e-14
0.202229 2.332218e-14
0.202847 2.226064e-14
0.203466 2.184882e-14
0.204085 2.205553e-14
0.204703 2.217016e-14
0.205322 2.284952e-14
0.20594 2.259145e-14
0.206559 2.196568e-14
0.207178 2.20543e-14
0.207796 2.23243e-14
0.208415 2.309601e-14
0.209034 2.207748e-14
0.209653 2.20024e-14
0.210271 2.091264e-14
0.21089 2.124635e-14
0.211509 2.154048e-14
0.212128 2.168327e-14
0.212746 2.304375e-14
0.213365 2.383559e-14
0.213984 2.467631e-14
0.214603 2.383916e-14
0.215222 2.415076e-14
0.215841 2.329687e-14
0.21646 2.314171e-14
0.217078 2.326494e-14
0.217697 2.226637e-14
0.218316 2.291971e-14
0.218935 2.231675e-14
0.219554 2.152368e-14
0.220173 2.164325e-14
0.220792 2.166941e-14
0.221411 2.198346e-14
0.22203 2.223656e-14
0.222649 2.17893e-14
0.223268 2.129252e-14
0.223887 2.083917e-14
0.224506 2.150578e-14
0.225126 2.147367e-14
0.225745 2.075342e-14
0.226364 2.055912e-14
0.226983 1.995329e-14
0.227602 1.958575e-14
0.228221 1.96627e-14
0.22884 2.125737e-14
0.22946 2.123773e-14
0.230079 2.125878e-14
0.230698 2.103379e-14
0.231317 2.023522e-14
0.231937 1.985857e-14
0.232556 1.993198e-14
0.233175 2.133227e-14
0.233794 2.181651e-14
0.234414 2.019455e-14
0.235033 2.083804e-14
0.235652 2.197034e-14
0.236272 2.238712e-14
0.236891 2.125707e-14
0.23751 2.017545e-14
0.23813 2.156571e-14
0.238749 2.199607e-14
0.239369 2.195623e-14
0.239988 2.264857e-14
0.240608 2.457603e-14
0.241227 2.551642e-14
0.241847 2.422088e-14
0.242466 2.321297e-14
0.243086 2.332846e-14
0.243705 2.289418e-14
0.244325 2.272816e-14
0.244944 2.296257e-14
0.245564 2.236621e-14
0.246183 2.169544e-14
0.246803 2.232495e-14
0.247423 2.234329e-14
0.248042 2.238318e-14
0.248662 2.253271e-14
0.249282 2.214042e-14
0.249901 2.22874e-14
0.250521 2.189451e-14
0.251141 2.354312e-14
0.25176 2.273648e-14
0.25238 2.289407e-14
0.253 2.236164e-14
0.25362 2.221627e-14
0.254239 2.184449e-14
0.254859 2.262502e-14
0.255479 2.440106e-14
0.256099 2.392101e-14
0.256719 2.343032e-14
0.257339 2.320803e-14
0.257958 2.286437e-14
0.258578 2.155716e-14
0.259198 2.244886e-14
0.259818 2.131869e-14
0.260438 2.035936e-14
0.261058 2.223108e-14
0.261678 2.258334e-14
0.262298 2.175839e-14
0.262918 2.213044e-14
0.263538 2.167947e-14
0.264158 2.092966e-14
0.264778 1.968363e-14
0.265398 2.011596e-14
0.266018 2.092665e-14
0.266638 1.979131e-14
0.267258 2.01908e-14
0.267878 2.018762e-14
0.268498 1.98061e-14
0.269119 1.968862e-14
0.269739 1.980823e-14
0.270359 1.949019e-14
0.270979 2.060288e-14
0.271599 2.014614e-14
0.272219 2.005434e-14
0.27284 1.986787e-14
0.27346 1.732855e-14
0.27408 1.719829e-14
0.2747 1.636947e-14
0.275321 1.680997e-14
0.275941 1.714313e-14
0.276561 1.745707e-14
0.277181 1.666401e-14
0.277802 1.653579e-14
0.278422 1.717867e-14
0.279042 1.743562e-14
0.279663 1.467982e-14
0.280283 1.511762e-14
0.280903 1.748246e-14
0.281524 1.912863e-14
0.282144 1.885259e-14
0.282764 1.978751e-14
0.283385 1.995984e-14
0.284005 2.086693e-14
0.284626 2.181638e-14
0.285246 2.089936e-14
0.285867 2.094263e-14
0.286487 2.045883e-14
0.287107 2.033705e-14
0.287728 2.196132e-14
0.288349 2.692037e-14
0.288969 3.620259e-14
0.28959 5.159109e-14
0.29021 5.271037e-14
0.290831 4.079108e-14
0.291451 2.857127e-14
0.292072 2.234669e-14
0.292693 2.030028e-14
0.293313 2.039489e-14
0.293934 2.102144e-14
0.294555 2.02288e-14
0.295175 1.976792e-14
0.295796 1.984824e-14
0.296417 1.843886e-14
0.297037 1.783252e-14
0.297658 1.714761e-14
0.298279 1.673724e-14
0.2989 1.670804e-14
0.29952 1.576601e-14
0.300538 1.491176e-14
0.301087 1.310519e-14
0.301636 1.218159e-14
0.302185 1.378001e-14
0.302734 1.540355e-14
0.303283 1.543966e-14
0.303833 1.407188e-14
0.304382 1.480218e-14
0.304931 1.355936e-14
0.30548 1.470954e-14
0.306029 1.466616e-14
0.306579 1.535283e-14
0.307128 1.569485e-14
0.307677 1.410668e-14
0.308226 1.349538e-14
0.308776 1.632447e-14
0.309325 1.476479e-14
0.309874 1.479507e-14
0.310424 1.393683e-14
0.310973 1.498907e-14
0.311522 1.426764e-14
0.312072 1.409472e-14
0.312621 1.425534e-14
0.31317 1.289497e-14
0.313719 1.20027e-14
0.314269 1.228769e-14
0.314818 1.315648e-14
0.315368 1.36204e-14
0.315917 1.291713e-14
0.316466 1.241603e-14
0.317016 1.268858e-14
0.317565 1.334488e-14
0.318114 1.329824e-14
0.318664 1.389129e-14
0.319213 1.277671e-14
0.319763 1.237526e-14
0.320312 1.305678e-14
0.320861 1.63582e-14
0.321411 3.816366e-14
0.32196 6.919114e-14
0.32251 7.500856e-14
0.323059 4.534358e-14
0.323609 2.810379e-14
0.324158 2.067864e-14
0.324707 2.464947e-14
0.325257 1.476982e-14
0.325806 1.455244e-14
0.326356 1.323053e-14
0.326905 1.448188e-14
0.327455 1.403291e-14
0.328004 1.409691e-14
0.328554 3.753199e-14
0.329103 1.38913e-14
0.329653 1.345224e-14
0.330202 1.343538e-14
0.330752 1.323272e-14
0.331301 1.373401e-14
0.331851 1.342603e-14
0.3324 1.425797e-14
0.33295 1.488699e-14
0.3335 1.389113e-14
0.334049 1.41022e-14
0.334599 1.401965e-14
0.335148 2.739208e-14
0.335698 3.473743e-14
0.336247 1.423364e-14
0.336797 1.329879e-14
0.337346 1.269675e-14
0.337896 1.337255e-14
0.338446 1.24126e-14
0.338995 1.360587e-14
0.339545 1.296204e-14
0.340094 1.174027e-14
0.340644 1.20256e-14
0.341194 1.244368e-14
0.341743 1.218701e-14
0.342293 1.206967e-14
0.342842 1.345319e-14
0.343392 1.219426e-14
0.343942 1.355856e-14
0.344491 1.20999e-14
0.345041 1.279628e-14
0.345591 1.200483e-14
0.34614 1.23487e-14
0.34669 1.314616e-14
0.34724 1.257391e-14
0.347789 1.216452e-14
0.348339 1.172717e-14
0.348889 1.17181e-14
0.349438 1.155175e-14
0.349988 1.19769e-14
0.350538 1.108402e-14
0.351087 1.143277e-14
0.351637 1.169019e-14
0.352187 1.159047e-14
0.352736 1.257908e-14
0.353286 1.16391e-14
0.353836 1.180559e-14
0.354385 1.154324e-14
0.354935 1.39241e-14
0.355485 1.348404e-14
0.356034 1.243209e-14
0.356584 1.241919e-14
0.357134 1.219977e-14
0.357683 1.191494e-14
0.358233 1.148658e-14
0.358783 1.236427e-14
0.359333 1.113712e-14
0.359882 1.130216e-14
0.360432 1.148171e-14
0.360982 1.190464e-14
0.361532 1.113117e-14
0.362081 1.146705e-14
0.362631 1.124611e-14
0.363181 1.213831e-14
0.36373 1.011156e-14
0.36428 1.106138e-14
0.36483 1.104053e-14
0.36538 1.082004e-14
0.365929 1.04982e-14
0.366479 1.077837e-14
0.367029 1.090343e-14
0.367579 1.108438e-14
0.368128 1.127838e-14
0.368678 1.137362e-14
0.369228 1.073575e-14
0.369778 1.092622e-14
0.370327 9.962163e-15
0.370877 1.114041e-14
0.371427 1.128308e-14
0.371977 1.205064e-14
0.372526 1.115433e-14
0.373076 1.066213e-14
0.373626 1.056417e-14
0.374176 1.014653e-14
0.374726 1.023437e-14
0.375275 1.022465e-14
0.375825 1.121311e-14
0.376375 1.037675e-14
0.376925 1.087247e-14
0.377474 1.069432e-14
0.378024 1.098539e-14
0.378574 1.025682e-14
0.379124 1.053171e-14
0.379673 1.048543e-14
0.380223 1.037167e-14
0.380773 2.26449e-14
0.381323 1.025244e-14
0.381873 1.068225e-14
0.382422 1.066283e-14
0.382972 1.016725e-14
0.383522 1.011403e-14
0.384072 9.803586e-15
0.384621 9.881554e-15
0.385171 9.64626e-15
0.385721 1.003546e-14
0.386271 1.102749e-14
0.386821 9.929246e-15
0.38737 9.259815e-15
0.38792 9.401846e-15
0.38847 8.872879e-15
0.38902 1.032812e-14
0.389569 9.491352e-15
0.390119 8.976077e-15
0.390669 8.996752e-15
0.391219 8.291189e-15
0.391769 8.196761e-15
0.392318 8.321529e-15
0.392868 8.085091e-15
0.393418 8.312993e-15
0.393968 7.902512e-15
0.394517 7.719228e-15
0.395067 7.748792e-15
0.395617 7.691199e-15
0.396167 7.451089e-15
0.396716 7.52934e-15
0.397266 8.170756e-15
0.397816 8.643935e-15
0.398366 7.604808e-15
0.398915 4.974866e-15
0.399465 7.756845e-15
0.400015 7.492698e-15
0.400565 8.931316e-15
0.401115 1.264093e-14
0.401664 8.86229e-15
0.402214 7.837813e-15
0.402764 8.371087e-15
0.403314 9.192939e-15
0.403863 8.580334e-15
0.404413 7.672797e-15
0.404963 7.538777e-15
0.405512 6.743679e-15
0.406062 6.628085e-15
0.406612 6.467749e-15
0.407162 6.699501e-15
0.407711 6.705581e-15
0.408261 6.720228e-15
0.408811 6.215658e-15
0.409361 6.235612e-15
0.40991 6.499906e-15
0.41046 6.706447e-15
0.41101 8.718667e-15
0.41156 9.194658e-15
0.412109 7.6918e-15
0.412659 7.045971e-15
0.413209 6.930984e-15
0.413758 6.456206e-15
0.414308 6.245838e-15
0.414858 5.988419e-15
0.415408 6.437337e-15
0.415957 6.149802e-15
0.416507 5.874529e-15
0.417057 6.081968e-15
0.417606 5.99315e-15
0.418156 5.812031e-15
0.418706 5.20535e-15
0.419255 5.099204e-15
0.419805 5.468492e-15
0.420355 5.273627e-15
0.420904 5.45173e-15
0.421454 5.627534e-15
0.422004 5.613604e-15
0.422553 6.115321e-15
0.423103 5.714924e-15
0.423653 6.276396e-15
0.424202 6.99167e-15
0.424752 8.163521e-15
0.425302 8.58894e-15
0.425851 7.34444e-15
0.426401 6.901549e-15
0.42695 1.044151e-14
0.4275 7.012008e-15
0.42805 5.952719e-15
0.428599 5.995447e-15
0.429149 5.850321e-15
0.429699 5.648915e-15
0.430248 5.669437e-15
0.430798 1.137077e-14
0.431347 5.223613e-15
0.431897 5.284273e-15
0.432447 5.552776e-15
0.432996 5.360344e-15
0.433546 4.867293e-15
0.434095 5.111394e-15
0.434645 4.930756e-15
0.435194 4.676963e-15
0.435744 4.805548e-15
0.436294 4.981998e-15
0.436843 4.551965e-15
0.437393 4.555169e-15
0.437942 4.840015e-15
0.438492 4.791998e-15
0.439041 4.654858e-15
0.439591 4.968174e-15
0.44014 5.016928e-15
0.44069 4.643014e-15
0.441239 4.786537e-15
0.441789 4.53171e-15
0.442338 4.632793e-15
0.442888 4.619076e-15
0.443437 4.827077e-15
0.443987 4.906391e-15
0.444536 5.019995e-15
0.445086 4.445301e-15
0.445635 4.716495e-15
0.446185 4.965368e-15
0.446734 5.139095e-15
0.447284 5.137638e-15
0.447833 5.865495e-15
0.448383 6.284697e-15
0.448932 7.600309e-15
0.449481 8.955165e-15
0.450031 1.013978e-14
0.45058 8.985217e-15
0.45113 7.925588e-15
0.451679 8.354039e-15
0.452229 9.536708e-15
0.452778 7.489474e-15
0.453327 6.127518e-15
0.453877 5.638267e-15
0.454426 5.590243e-15
0.454975 5.234256e-15
0.455525 5.296067e-15
0.456074 5.137951e-15
0.456624 4.83922e-15
0.457173 4.774758e-15
0.457722 5.132623e-15
0.458271 4.761722e-15
0.458821 4.351549e-15
0.45937 4.750719e-15
0.459919 4.509975e-15
0.460469 4.484289e-15
0.461018 4.627538e-15
0.461567 4.717126e-15
0.462117 4.980286e-15
0.462666 4.564328e-15
0.463215 4.951088e-15
0.463764 5.045702e-15
0.464314 5.627053e-15
0.464863 4.748869e-15
0.465412 4.674986e-15
0.465961 4.677392e-15
0.466511 4.64227e-15
0.46706 4.518603e-15
0.467609 4.594265e-15
0.468158 4.565302e-15
0.468707 4.515345e-15
0.469257 4.392004e-15
0.469806 4.481571e-15
0.470355 4.648626e-15
0.470904 4.379197e-15
0.471453 4.396591e-15
0.472002 4.358751e-15
0.472551 4.032465e-15
0.473101 4.17194e-15
0.47365 4.376716e-15
0.474199 4.361684e-15
0.474748 4.415336e-15
0.475297 4.236056e-15
0.475846 4.246342e-15
0.476395 4.200232e-15
0.476944 4.270133e-15
0.477493 4.107057e-15
0.478042 4.304755e-15
0.478591 3.940633e-15
0.47914 4.330243e-15
0.47969 4.439501e-15
0.480239 4.433362e-15
0.480788 4.498615e-15
0.481337 4.364553e-15
0.481885 4.465345e-15
0.482434 4.89748e-15
0.482983 5.056418e-15
0.483532 4.770201e-15
0.484081 5.071845e-15
0.48463 5.281734e-15
0.485179 5.383788e-15
0.485728 5.756844e-15
0.486277 5.163538e-15
0.486826 5.18597e-15
0.487375 5.484704e-15
0.487924 5.247962e-15
0.488473 5.488785e-15
0.489022 5.053992e-15
0.48957 4.942559e-15
0.490119 4.752216e-15
0.490668 4.838987e-15
0.491217 4.602932e-15
0.491766 5.063049e-15
0.492315 4.370908e-15
0.492863 4.271232e-15
0.493412 4.531884e-15
0.493961 4.593546e-15
0.49451 4.05199e-15
0.495058 4.180475e-15
0.495607 4.270858e-15
0.496156 4.23441e-15
0.496705 3.894825e-15
0.497253 4.0467e-15
0.497802 3.994867e-15
0.498351 4.233582e-15
0.498899 4.355716e-15
0.499448 4.462058e-15
0.499997 4.646304e-15
0.500545 5.226218e-15
0.501094 5.572489e-15
0.501643 6.729455e-15
0.502191 9.150373e-15
0.50274 1.090584e-14
0.503289 1.375068e-14
0.503837 1.636495e-14
0.504386 1.345353e-14
0.504934 1.15939e-14
0.505483 9.722162e-15
0.506031 8.594478e-15
0.50658 6.932329e-15
0.507128 5.99535e-15
0.507677 5.988102e-15
0.508225 5.558623e-15
0.508774 5.204667e-15
0.509322 5.296506e-15
0.509871 5.055629e-15
0.510419 5.00425e-15
0.510968 4.755382e-15
0.511516 4.465358e-15
0.512065 4.517243e-15
0.512613 4.408054e-15
0.513161 5.20904e-15
0.51371 9.144903e-15
0.514258 8.558055e-15
0.514807 4.540311e-15
0.515355 4.135756e-15
0.515903 3.802485e-15
0.516452 3.9785e-15
0.517 3.97928e-15
0.517548 4.235597e-15
0.518096 6.627826e-15
0.518645 1.869843e-14
0.519193 1.775093e-14
0.519741 6.65033e-15
0.52029 4.670988e-15
0.520838 4.40981e-15
0.521386 4.107288e-15
0.521934 3.959479e-15
0.522482 3.779418e-15
0.52303 3.802877e-15
0.523579 3.808368e-15
0.524127 3.702815e-15
0.524675 3.427122e-15
0.525223 3.691458e-15
0.525771 3.484801e-15
0.526319 3.724421e-15
0.526867 3.184258e-15
0.527415 3.452225e-15
0.527963 3.370451e-15
0.528512 3.120902e-15
0.52906 3.234786e-15
0.529608 3.445759e-15
0.530156 3.194944e-15
0.530704 5.799099e-15
0.531252 4.754116e-15
0.5318 3.244101e-15
0.532347 5.804964e-15
0.532895 3.513688e-15
0.533443 3.175076e-15
0.533991 3.321192e-15
0.534539 3.838793e-15
0.535087 3.810635e-15
0.535635 3.659934e-15
0.536183 3.596451e-15
0.536731 3.490351e-15
0.537278 3.530756e-15
0.537826 3.454715e-15
0.538374 3.445359e-15
0.538922 3.274152e-15
0.53947 3.313387e-15
0.540017 3.331384e-15
0.540565 3.274192e-15
0.541113 3.208044e-15
0.54166 3.199553e-15
0.542208 3.224785e-15
0.542756 3.262082e-15
0.543303 3.244487e-15
0.543851 3.259818e-15
0.544399 3.213822e-15
0.544946 3.127364e-15
0.545494 3.156093e-15
0.546042 3.225029e-15
0.546589 3.539604e-15
0.547137 3.141607e-15
0.547684 3.044469e-15
0.548232 8.100519e-15
0.548779 3.256948e-15
0.549327 3.119457e-15
0.549874 3.207853e-15
0.550422 3.645787e-15
0.550969 3.356112e-15
0.551517 3.207829e-15
0.552064 3.271521e-15
0.552612 3.304351e-15
0.553159 3.009521e-15
0.553706 3.184264e-15
0.554254 3.384621e-15
0.554801 2.924907e-15
0.555348 3.108141e-15
0.555896 3.01741e-15
0.556443 3.102297e-15
0.55699 3.325679e-15
0.557538 3.061007e-15
0.558085 3.024567e-15
0.558632 2.875455e-15
0.559179 2.967068e-15
0.559726 3.173773e-15
0.560772 3.199022e-15
0.561748 3.022992e-15
0.562723 3.291228e-15
0.563699 3.135988e-15
0.564675 3.170185e-15
0.565651 2.853323e-15
0.566627 3.220843e-15
0.567603 3.035838e-15
0.568579 2.976477e-15
0.569554 2.925846e-15
0.57053 3.080965e-15
0.571506 2.946063e-15
0.572482 2.952155e-15
0.573458 2.884446e-15
0.574434 2.913457e-15
0.57541 3.021168e-15
0.576386 3.004702e-15
0.577362 2.945106e-15
0.578338 2.912031e-15
0.579314 2.92647e-15
0.58029 2.926271e-15
0.581266 2.921209e-15
0.582242 2.8957e-15
0.583218 3.040443e-15
0.584194 2.864158e-15
0.585171 2.853753e-15
0.586147 2.884676e-15
0.587123 3.288227e-15
0.588099 3.0467e-15
0.589075 2.713031e-15
0.590051 2.822307e-15
0.591027 2.872883e-15
0.592003 2.913171e-15
0.59298 3.1726e-15
0.593956 2.754867e-15
0.594932 6.398254e-15
0.595908 2.700125e-15
0.596884 2.852801e-15
0.59786 2.723456e-15
0.598837 2.76213e-15
0.599813 2.783275e-15
0.600789 2.662928e-15
0.601765 2.693188e-15
0.602742 2.960708e-15
0.603718 2.914949e-15
0.604694 2.931379e-15
0.60567 3.035789e-15
0.606647 5.972022e-15
0.607623 3.616162e-15
0.608599 4.25821e-15
0.609576 3.994567e-15
0.610552 3.712875e-15
0.611528 3.378709e-15
0.612504 3.156182e-15
0.613481 3.261202e-15
0.614457 3.032349e-15
0.615433 2.957236e-15
0.61641 2.969332e-15
0.617386 3.00849e-15
0.618363 2.760025e-15
0.619339 2.962571e-15
0.620315 2.910795e-15
0.621292 2.878485e-15
0.622268 2.834792e-15
0.623245 2.803482e-15
0.624221 2.772349e-15
0.625197 2.537744e-15
0.626174 2.515155e-15
0.62715 2.785029e-15
0.628127 2.710995e-15
0.629103 2.805406e-15
0.630079 2.792621e-15
0.631056 2.901618e-15
0.632032 2.639793e-15
0.633009 2.653841e-15
0.633985 2.501254e-15
0.634962 2.598415e-15
0.635938 2.46388e-15
0.636915 2.634162e-15
0.637891 2.563877e-15
0.638868 2.684241e-15
0.639844 2.515583e-15
0.640821 2.56036e-15
0.641797 2.491058e-15
0.642774 2.492599e-15
0.64375 2.571083e-15
0.644727 2.692587e-15
0.645703 2.467792e-15
0.64668 2.552649e-15
0.647656 2.602166e-15
0.648633 2.603244e-15
0.649609 2.700266e-15
0.650586 2.558426e-15
0.651562 2.703591e-15
0.652539 3.368731e-15
0.653516 3.258579e-15
0.654492 2.719529e-15
0.655469 2.776977e-15
0.656445 3.828438e-15
0.657422 2.776427e-15
0.658398 2.823005e-15
0.659375 3.24737e-15
0.660351 2.9871e-15
0.661328 2.869116e-15
0.662305 2.731198e-15
0.663281 2.592697e-15
0.664258 2.789977e-15
0.665234 2.726561e-15
0.666211 2.697278e-15
0.667188 2.643942e-15
0.668164 2.77188e-15
0.669141 2.826584e-15
0.670117 2.95704e-15
0.671094 3.049961e-15
0.672071 3.417036e-15
0.673047 3.759522e-15
0.674024 4.358e-15
0.675 5.592067e-15
0.675977 8.174514e-15
0.676954 1.313958e-14
0.67793 2.151877e-14
0.678907 3.347715e-14
0.679883 4.59587e-14
0.68086 4.144538e-14
0.681837 2.825097e-14
0.682813 1.783157e-14
0.68379 1.120589e-14
0.684766 7.633656e-15
0.685743 6.022784e-15
0.68672 5.069212e-15
0.687696 7.669316e-15
0.688673 3.968026e-15
0.68965 3.850223e-15
0.690626 3.440949e-15
0.691603 3.543246e-15
0.692579 3.390753e-15
0.693556 3.150097e-15
0.694533 3.025792e-15
0.695509 3.212977e-15
0.696486 3.14568e-15
0.697462 3.097224e-15
0.698439 2.725327e-15
0.699416 2.77951e-15
0.700392 2.653371e-15
0.701369 2.536697e-15
0.702346 2.704058e-15
0.703322 2.35721e-15
0.704299 2.473838e-15
0.705275 2.430975e-15
0.706252 2.351405e-15
0.707229 2.312513e-15
0.708205 2.34061e-15
0.709182 2.39921e-15
0.710158 2.243231e-15
0.711135 2.297253e-15
0.712112 2.343689e-15
0.713088 2.144925e-15
0.714065 2.347913e-15
0.715041 2.291812e-15
0.716018 2.280147e-15
0.716994 2.292286e-15
0.717971 2.316982e-15
0.718948 2.251577e-15
0.719924 1.684494e-15
0.720901 2.185835e-15
0.721877 2.091415e-15
0.722854 2.171298e-15
0.723831 2.794104e-15
0.724807 2.260625e-15
0.725784 2.322366e-15
0.72676 2.186592e-15
0.727737 2.369593e-15
0.728713 2.447783e-15
0.72969 2.355089e-15
0.730666 2.696769e-15
0.731643 2.835236e-15
0.732619 2.839264e-15
0.733596 2.750586e-15
0.734572 2.576312e-15
0.735549 2.446323e-15
0.736526 2.262149e-15
0.737502 2.31882e-15
0.738479 2.340936e-15
0.739455 2.360936e-15
0.740432 2.189505e-15
0.741408 2.299397e-15
0.742385 2.28504e-15
0.743361 2.221158e-15
0.744337 2.302778e-15
0.745314 2.095146e-15
0.74629 2.376522e-15
0.747267 1.923241e-15
0.748243 2.101471e-15
0.74922 2.069578e-15
0.750196 2.250358e-15
0.751173 2.112137e-15
0.752149 2.266435e-15
0.753126 2.263538e-15
0.754102 2.199916e-15
0.755078 2.13927e-15
0.756055 2.158893e-15
0.757031 2.17523e-15
0.758008 2.153882e-15
0.758984 2.585039e-15
0.75996 2.259642e-15
0.760937 2.2002e-15
0.761913 2.106982e-15
0.76289 2.051799e-15
0.763866 2.154395e-15
0.764842 2.077328e-15
0.765819 1.962024e-15
0.766795 2.079331e-15
0.767771 2.016927e-15
0.768748 2.22818e-15
0.769724 5.26587e-15
0.7707 2.014204e-15
0.771676 1.992716e-15
0.772653 2.070215e-15
0.773629 2.174589e-15
0.774605 1.887518e-15
0.775582 1.937887e-15
0.776558 2.196164e-15
0.777534 2.040358e-15
0.77851 2.124305e-15
0.779487 2.00193e-15
0.780463 1.963672e-15
0.781439 1.889028e-15
0.782415 2.098978e-15
0.783392 2.111909e-15
0.784368 1.968397e-15
0.785344 1.913563e-15
0.78632 2.057304e-15
0.787296 1.843653e-15
0.788272 2.031457e-15
0.789249 1.92561e-15
0.790225 2.21248e-15
0.791201 1.894415e-15
0.792177 2.588127e-15
0.793153 1.994305e-15
0.794129 2.061699e-15
0.795105 2.245303e-15
0.796081 1.870848e-15
0.797057 1.87206e-15
0.798033 1.851597e-15
0.799009 2.09355e-15
0.799986 2.138889e-15
0.800962 2.228463e-15
0.801938 1.83141e-15
0.802914 2.053882e-15
0.80389 1.887747e-15
0.804866 2.002829e-15
0.805842 1.995981e-15
0.806818 2.081303e-15
0.807794 1.672598e-15
0.808769 1.968591e-15
0.809745 1.708912e-15
0.810721 1.982707e-15
0.811697 1.8382e-15
0.812673 1.79886e-15
0.813649 1.727235e-15
0.814625 1.805864e-15
0.815601 1.815343e-15
0.816577 2.064475e-15
0.817552 1.953814e-15
0.818528 2.096259e-15
0.819504 1.768565e-15
0.82048 1.732254e-15
0.821456 1.734104e-15
0.822432 1.939694e-15
0.823407 1.830568e-15
0.824383 1.588405e-15
0.825359 1.763636e-15
0.826335 1.595266e-15
0.82731 1.805283e-15
0.828286 1.82784e-15
0.829262 1.827959e-15
0.830237 1.670305e-15
0.831213 1.772626e-15
0.832189 1.944797e-15
0.833164 1.795989e-15
0.83414 1.837268e-15
0.835116 1.846933e-15
0.836091 2.680521e-15
0.837067 1.861416e-15
0.838042 1.607695e-15
0.839018 2.1389e-15
0.839993 2.030676e-15
0.840969 2.036745e-15
0.841945 1.463263e-15
0.84292 1.890782e-15
0.843896 1.820712e-15
0.844871 1.592243e-15
0.845846 1.793068e-15
0.846822 2.152962e-15
0.847797 1.837712e-15
0.848773 1.438588e-15
0.849748 1.398911e-15
0.850723 1.62376e-15
0.851699 1.692142e-15
0.852674 1.844807e-15
0.85365 2.0198e-15
0.854625 2.041947e-15
0.8556 1.795704e-15
0.856575 1.696961e-15
0.857551 1.654573e-15
0.858526 1.670247e-15
0.859501 1.639117e-15
0.860477 1.767081e-15
0.861452 1.787957e-15
0.862427 1.751788e-15
0.863402 1.804555e-15
0.864377 1.804415e-15
0.865352 1.658682e-15
0.866328 1.673536e-15
0.867303 1.902879e-15
0.868278 1.750183e-15
0.869253 2.074733e-15
0.870228 1.732006e-15
0.871203 2.033631e-15
0.872178 1.936226e-15
0.873153 2.383173e-15
0.874128 2.6387e-15
0.875103 3.092625e-15
0.876078 2.458671e-15
0.877053 2.341206e-15
0.878028 1.815285e-15
0.879003 1.788788e-15
0.879978 1.907746e-15
0.880953 2.034434e-15
0.881928 1.779838e-15
0.882902 1.803857e-15
0.883877 1.602527e-15
0.884852 2.136603e-15
0.885827 1.476188e-15
0.886802 1.567476e-15
0.887776 1.607449e-15
0.888751 1.864083e-15
0.889726 1.588782e-15
0.8907 1.828157e-15
0.891675 1.626351e-15
0.89265 1.719937e-15
0.893624 1.595267e-15
0.894599 1.475731e-15
0.895574 1.557425e-15
0.896548 1.363949e-15
0.897523 1.584283e-15
0.898497 1.583262e-15
0.899472 1.739422e-15
0.900446 1.560391e-15
0.901421 1.552984e-15
0.902395 1.51226e-15
0.90337 1.658896e-15
0.904344 1.365606e-15
0.905319 1.76948e-15
0.906293 1.602272e-15
0.907267 1.657112e-15
0.908242 1.305493e-15
0.909216 1.369653e-15
0.91019 1.431193e-15
0.911165 1.444715e-15
0.912139 1.407939e-15
0.913113 1.741086e-15
0.914087 1.359131e-15
0.915062 1.536686e-15
0.916036 1.266491e-15
0.91701 1.346623e-15
0.917984 1.517854e-15
0.918958 1.552354e-15
0.919932 1.649452e-15
0.920906 1.50452e-15
0.92188 1.365123e-15
0.922854 1.2021e-15
0.923828 1.280583e-15
0.924802 1.508737e-15
0.925776 1.503036e-15
0.92675 1.561789e-15
0.927724 1.27512e-15
0.928698 1.301545e-15
0.929672 1.174481e-15
0.930646 8.439776e-16
0.93162 1.543041e-15
0.932594 1.521113e-15
0.933567 2.040031e-15
0.934541 1.893998e-15
0.935515 1.735735e-15
0.936488 1.423622e-15
0.937462 1.23427e-15
0.938436 1.23473e-15
0.93941 1.325209e-15
0.940383 1.25342e-15
0.941357 1.751827e-15
0.94233 1.520032e-15
0.943304 1.376443e-15
0.944277 1.121337e-15
0.945251 1.24519e-15
0.946224 1.205024e-15
0.947198 1.038698e-15
0.948171 1.260892e-15
0.949145 1.369481e-15
0.950456 1.648796e-15
0.950998 1.676323e-15
0.95154 1.623897e-15
0.952081 1.640491e-15
0.952623 1.751399e-15
0.953164 1.772126e-15
0.953706 1.799651e-15
0.954247 1.810784e-15
0.954789 1.872617e-15
0.95533 1.99083e-15
0.955872 1.992363e-15
0.956413 1.906655e-15
0.956955 1.842741e-15
0.957496 1.813775e-15
0.958038 1.751252e-15
0.958579 1.686736e-15
0.959121 1.668747e-15
0.959662 1.618433e-15
0.960204 1.590023e-15
0.960745 1.515732e-15
0.961286 1.499247e-15
0.961828 1.446457e-15
0.962369 1.432922e-15
0.96291 1.485923e-15
0.963451 1.417625e-15
0.963992 1.42968e-15
0.964533 1.389449e-15
0.965075 1.363012e-15
0.965616 1.370317e-15
0.966156 1.371366e-15
0.966698 1.35631e-15
0.967239 1.393723e-15
0.96778 1.384171e-15
0.968321 1.361727e-15
0.968862 1.348944e-15
0.969403 1.311421e-15
0.969944 1.307211e-15
0.970485 1.340409e-15
0.971026 1.333471e-15
0.971567 1.344521e-15
0.972108 1.328775e-15
0.972649 1.355734e-15
0.973189 1.326092e-15
0.97373 1.302391e-15
0.974271 1.314991e-15
0.974812 1.320158e-15
0.975353 1.316792e-15
0.975894 1.295765e-15
0.976435 1.312292e-15
0.976975 1.322436e-15
0.977516 1.2977e-15
0.978057 1.320059e-15
0.978597 1.269633e-15
0.979138 1.317233e-15
0.979679 1.329264e-15
0.98022 1.377481e-15
0.98076 1.345727e-15
0.981301 1.351357e-15
0.981842 1.362605e-15
0.982382 1.364774e-15
0.982922 1.368114e-15
0.983463 1.425739e-15
0.984004 1.491326e-15
0.984544 1.493084e-15
0.985085 1.532811e-15
0.985625 1.629829e-15
0.986166 1.957182e-15
0.986706 2.378655e-15
0.987246 2.411523e-15
0.987787 2.131662e-15
0.988327 1.94784e-15
0.988868 1.921708e-15
0.989408 1.871304e-15
0.989948 1.782876e-15
0.990489 1.751482e-15
0.991029 1.692839e-15
0.991569 1.628078e-15
0.99211 1.574235e-15
0.99265 1.516919e-15
0.99319 1.506319e-15
0.99373 1.48462e-15
0.994271 1.449718e-15
0.994811 1.411329e-15
0.995351 1.399684e-15
0.995891 1.407719e-15
0.996431 1.370596e-15
0.996971 1.37575e-15
0.997512 1.364466e-15
0.998052 1.358158e-15
0.998592 1.336495e-15
0.999132 1.335665e-15
0.999672 1.32116e-15
1.000215 1.304663e-15
1.000755 1.296455e-15
1.001295 1.291232e-15
1.001835 1.288523e-15
1.002375 1.27644e-15
1.002915 1.303834e-15
1.003455 1.274679e-15
1.003995 1.284649e-15
1.004535 1.279121e-15
1.005075 1.263634e-15
1.005615 1.264746e-15
1.006155 1.271793e-15
1.006695 1.270388e-15
1.007235 1.24425e-15
1.007775 1.264008e-15
1.008315 1.254643e-15
1.008855 1.232623e-15
1.009395 1.235709e-15
1.009925 1.244239e-15
1.010465 1.255273e-15
1.011005 1.236388e-15
1.011545 1.26298e-15
1.012085 1.247945e-15
1.012625 1.27823e-15
1.013165 1.253968e-15
1.013705 1.254592e-15
1.014245 1.223586e-15
1.014785 1.258314e-15
1.015325 1.224192e-15
1.015865 1.262918e-15
1.016405 1.262883e-15
1.016945 1.285826e-15
1.017485 1.262067e-15
1.018025 1.235862e-15
1.018565 1.256037e-15
1.019105 1.240301e-15
1.019645 1.269852e-15
1.020185 1.299823e-15
1.020725 1.255128e-15
1.021265 1.234831e-15
1.021805 1.23702e-15
1.02234 1.230942e-15
1.022875 1.261713e-15
1.023415 1.236037e-15
1.023955 1.259241e-15
1.024495 1.278044e-15
1.025035 1.288552e-15
1.025575 1.315975e-15
1.026115 1.333193e-15
1.026655 1.345178e-15
1.027195 1.329338e-15
1.027735 1.300514e-15
1.028275 1.281004e-15
1.028815 1.277521e-15
1.029355 1.28892e-15
1.029895 1.2764e-15
1.030425 1.297938e-15
1.030965 1.289589e-15
1.031505 1.30708e-15
1.032045 1.317012e-15
1.032585 1.336917e-15
1.033125 1.341169e-15
1.033665 1.385204e-15
1.034205 1.406448e-15
1.034745 1.447311e-15
1.035285 1.50501e-15
1.035825 1.516819e-15
1.03636 1.55477e-15
1.036895 1.568737e-15
1.037435 1.626021e-15
1.037975 1.641166e-15
1.038515 1.711459e-15
1.039055 1.795742e-15
1.039595 1.87056e-15
1.040135 1.989424e-15
1.040675 2.057306e-15
1.041215 2.034033e-15
1.041745 1.963636e-15
1.042285 1.845311e-15
1.042825 1.769702e-15
1.043365 1.67579e-15
1.043905 1.617653e-15
1.044445 1.572801e-15
1.044985 1.498483e-15
1.045525 1.472056e-15
1.046065 1.486721e-15
1.046595 1.459447e-15
1.047135 1.467887e-15
1.047675 1.509002e-15
1.048215 1.507953e-15
1.048755 1.509342e-15
1.049295 1.456093e-15
1.049835 1.407148e-15
1.050375 1.369196e-15
1.050905 1.37564e-15
1.051445 1.355058e-15
1.051985 1.329209e-15
1.052525 1.336193e-15
1.053065 1.336442e-15
1.053605 1.302127e-15
1.054145 1.2939e-15
1.05468 1.293202e-15
1.055215 1.281776e-15
1.055755 1.254161e-15
1.056295 1.268464e-15
1.056835 1.256386e-15
1.057375 1.241015e-15
1.057915 1.257274e-15
1.05845 1.221502e-15
1.058985 1.247041e-15
1.059525 1.226851e-15
1.060065 1.242198e-15
1.060605 1.226907e-15
1.061145 1.239695e-15
1.061685 1.22255e-15
1.062215 1.211919e-15
1.062755 1.216496e-15
1.063295 1.230258e-15
1.063835 1.227916e-15
1.064375 1.246847e-15
1.064915 1.223051e-15
1.065445 1.251288e-15
1.065985 1.223413e-15
1.066525 1.234962e-15
1.067065 1.212867e-15
1.067605 1.243146e-15
1.068145 1.265538e-15
1.068675 1.264278e-15
1.069215 1.201003e-15
1.069755 1.221482e-15
1.070295 1.231784e-15
1.070835 1.229464e-15
1.071375 1.227601e-15
1.071905 1.19968e-15
1.072445 1.197449e-15
1.072985 1.21196e-15
1.073525 1.236007e-15
1.074065 1.234162e-15
1.0746 1.213622e-15
1.075135 1.157588e-15
1.075675 1.182703e-15
1.076215 1.165995e-15
1.076755 1.210045e-15
1.077295 1.184737e-15
1.077825 1.176167e-15
1.078365 1.164433e-15
1.078905 1.166643e-15
1.079445 1.17955e-15
1.079985 1.185774e-15
1.080515 1.21351e-15
1.081055 1.177176e-15
1.081595 1.165726e-15
1.082135 1.185706e-15
1.082675 1.172755e-15
1.08321 1.172792e-15
1.083745 1.172487e-15
1.084285 1.203975e-15
1.084825 1.190236e-15
1.085365 1.225572e-15
1.085895 1.219381e-15
1.086435 1.228243e-15
1.086975 1.240621e-15
1.087515 1.228161e-15
1.088055 1.267166e-15
1.088585 1.228004e-15
1.089125 1.246275e-15
1.089665 1.213778e-15
1.090205 1.233449e-15
1.090745 1.210704e-15
1.091275 1.225727e-15
1.091815 1.173832e-15
1.092355 1.168242e-15
1.092895 1.17071e-15
1.09343 1.208045e-15
1.093965 1.192609e-15
1.094505 1.184499e-15
1.095045 1.187722e-15
1.095585 1.165614e-15
1.096115 1.160686e-15
1.096655 1.182233e-15
1.097195 1.183295e-15
1.097735 1.183316e-15
1.09827 1.172258e-15
1.098805 1.156306e-15
1.099345 1.188977e-15
1.099885 1.185068e-15
1.100425 1.173046e-15
1.100955 1.156989e-15
1.101495 1.166377e-15
1.102035 1.192277e-15
1.102575 1.171593e-15
1.103105 1.177911e-15
1.103645 1.171064e-15
1.104185 1.201073e-15
1.104725 1.160267e-15
1.10526 1.205717e-15
1.105795 1.178672e-15
1.106335 1.209977e-15
1.106875 1.204456e-15
1.10741 1.230596e-15
1.107945 1.197268e-15
1.108485 1.191532e-15
1.109025 1.221228e-15
1.10956 1.212172e-15
1.110095 1.205468e-15
1.110635 1.254076e-15
1.111175 1.296741e-15
1.11171 1.317369e-15
1.112245 1.325707e-15
1.112785 1.397673e-15
1.113325 1.443844e-15
1.11386 1.475067e-15
1.114395 1.55952e-15
1.114935 1.595499e-15
1.115475 1.704806e-15
1.11601 1.776333e-15
1.116545 1.865464e-15
1.117085 2.135416e-15
1.117625 2.297725e-15
1.11816 2.49334e-15
1.118695 2.631425e-15
1.119235 3.089935e-15
1.119775 3.469843e-15
1.12031 4.20797e-15
1.120845 5.072965e-15
1.121385 5.78521e-15
1.121925 5.867976e-15
1.122455 5.363197e-15
1.122995 4.611174e-15
1.123535 4.206112e-15
1.124075 3.652064e-15
1.124605 3.310176e-15
1.125145 2.838493e-15
1.125685 2.595285e-15
1.12622 2.472114e-15
1.126755 2.257413e-15
1.127295 2.094313e-15
1.12785 2.029699e-15
1.128575 2.009749e-15
1.129225 2.002411e-15
1.129875 2.013221e-15
1.130525 2.089346e-15
1.131175 2.146331e-15
1.131825 2.25386e-15
1.132475 2.378146e-15
1.133125 2.366077e-15
1.133775 2.235582e-15
1.134425 2.052274e-15
1.135075 1.898615e-15
1.135725 1.772738e-15
1.136375 1.676611e-15
1.137025 1.565188e-15
1.137675 1.488583e-15
1.138325 1.432039e-15
1.138975 1.389669e-15
1.139625 1.357091e-15
1.140275 1.31299e-15
1.140925 1.297044e-15
1.141575 1.284349e-15
1.142225 1.250641e-15
1.142875 1.23386e-15
1.143525 1.204216e-15
1.144175 1.217752e-15
1.144825 1.190538e-15
1.145475 1.18046e-15
1.146125 1.187618e-15
1.14677 1.168843e-15
1.14742 1.189986e-15
1.14807 1.173107e-15
1.14872 1.191589e-15
1.14937 1.156699e-15
1.15002 1.176495e-15
1.15067 1.186406e-15
1.15132 1.195476e-15
1.15197 1.200511e-15
1.152615 1.171214e-15
1.153265 1.174979e-15
1.153915 1.169746e-15
1.154565 1.156454e-15
1.155215 1.13782e-15
1.155865 1.131809e-15
1.15651 1.137322e-15
1.15716 1.124138e-15
1.15781 1.121475e-15
1.15846 1.128866e-15
1.15911 1.114565e-15
1.15976 1.107862e-15
1.160405 1.119703e-15
1.161055 1.125012e-15
1.161705 1.126753e-15
1.162355 1.124822e-15
1.163005 1.131462e-15
1.16365 1.148134e-15
1.1643 1.166969e-15
1.16495 1.183182e-15
1.1656 1.198931e-15
1.16625 1.224657e-15
1.166895 1.270351e-15
1.167545 1.333038e-15
1.168195 1.394233e-15
1.16884 1.459921e-15
1.16949 1.453379e-15
1.17014 1.409322e-15
1.17079 1.343069e-15
1.171435 1.290157e-15
1.172085 1.250826e-15
1.172735 1.206929e-15
1.17338 1.179348e-15
1.17403 1.165874e-15
1.17468 1.142396e-15
1.17533 1.126301e-15
1.175975 1.110766e-15
1.176625 1.096696e-15
1.177275 1.096972e-15
1.17792 1.098905e-15
1.17857 1.096295e-15
1.17922 1.091215e-15
1.179865 1.098437e-15
1.180515 1.089238e-15
1.181165 1.085143e-15
1.18181 1.092243e-15
1.18246 1.091319e-15
1.18311 1.093829e-15
1.183755 1.091171e-15
1.184405 1.087803e-15
1.18505 1.090741e-15
1.1857 1.094295e-15
1.18635 1.090411e-15
1.186995 1.104117e-15
1.187645 1.107352e-15
1.18829 1.097216e-15
1.18894 1.093568e-15
1.18959 1.076119e-15
1.190235 1.079503e-15
1.190885 1.097865e-15
1.19153 1.091037e-15
1.19218 1.094728e-15
1.19283 1.081377e-15
1.193475 1.09038e-15
1.194125 1.098222e-15
1.19477 1.083921e-15
1.19542 1.087338e-15
1.196065 1.087564e-15
1.196715 1.091591e-15
1.19736 1.110206e-15
1.19801 1.085392e-15
1.19866 1.08361e-15
1.199305 1.08874e-15
1.19995 1.099112e-15
1.2006 1.099015e-15
1.20125 1.097479e-15
1.201895 1.104054e-15
1.20254 1.098492e-15
1.20319 1.099713e-15
1.20384 1.11217e-15
1.204485 1.116303e-15
1.20513 1.098173e-15
1.20578 1.098665e-15
1.20643 1.09955e-15
1.207075 1.102234e-15
1.20772 1.100289e-15
1.20837 1.097196e-15
1.209015 1.088574e-15
1.209665 1.098458e-15
1.21031 1.10148e-15
1.21096 1.092576e-15
1.211605 1.100319e-15
1.21225 1.098687e-15
1.2129 1.100931e-15
1.21355 1.092732e-15
1.214195 1.107803e-15
1.21484 1.103557e-15
1.21549 1.096375e-15
1.216135 1.089879e-15
1.21678 1.096025e-15
1.21743 1.092696e-15
1.218075 1.090481e-15
1.218725 1.089507e-15
1.21937 1.098913e-15
1.22002 1.09362e-15
1.220665 1.086126e-15
1.22131 1.089949e-15
1.22196 1.08771e-15
1.222605 1.080653e-15
1.22325 1.084685e-15
1.2239 1.086344e-15
1.224545 1.080584e-15
1.22519 1.088279e-15
1.22584 1.086978e-15
1.226485 1.090094e-15
1.22713 1.089488e-15
1.22778 1.08421e-15
1.228425 1.088448e-15
1.22907 1.098851e-15
1.22972 1.111033e-15
1.230365 1.10157e-15
1.23101 1.102163e-15
1.23166 1.0891e-15
1.232305 1.107643e-15
1.23295 1.103599e-15
1.2336 1.105673e-15
1.234245 1.088435e-15
1.23489 1.088521e-15
1.23554 1.091578e-15
1.236185 1.088517e-15
1.23683 1.095065e-15
1.23748 1.090993e-15
1.238125 1.104303e-15
1.23877 1.09635e-15
1.23942 1.095549e-15
1.240065 1.084227e-15
1.24071 1.105376e-15
1.241355 1.104643e-15
1.242 1.106219e-15
1.24265 1.096205e-15
1.243295 1.087876e-15
1.24394 1.084205e-15
1.24459 1.086467e-15
1.245235 1.100516e-15
1.24588 1.094701e-15
1.246525 1.090833e-15
1.24717 1.097704e-15
1.24782 1.101587e-15
1.248465 1.100375e-15
1.24911 1.090095e-15
1.24976 1.093923e-15
1.2504 1.084781e-15
1.25105 1.078079e-15
1.251695 1.082356e-15
1.25234 1.086221e-15
1.25299 1.083321e-15
1.25363 1.078122e-15
1.25428 1.071544e-15
1.254925 1.081657e-15
1.25557 1.074454e-15
1.25622 1.074489e-15
1.25686 1.085952e-15
1.25751 1.077472e-15
1.258155 1.074431e-15
1.2588 1.073592e-15
1.259445 1.065453e-15
1.26009 1.080422e-15
1.26074 1.080815e-15
1.261385 1.065701e-15
1.26203 1.068448e-15
1.262675 1.07369e-15
1.26332 1.078938e-15
1.26397 1.074789e-15
1.26461 1.069562e-15
1.26526 1.067613e-15
1.265905 1.063886e-15
1.26655 1.068369e-15
1.267195 1.079242e-15
1.26784 1.063324e-15
1.26849 1.039194e-15
1.26913 1.06381e-15
1.26978 1.062544e-15
1.27042 1.089429e-15
1.27107 1.076701e-15
1.271715 1.06815e-15
1.27236 1.058905e-15
1.273005 1.065602e-15
1.27365 1.066005e-15
1.274295 1.05794e-15
1.27494 1.057823e-15
1.27559 1.07452e-15
1.27623 1.08757e-15
1.27688 1.083655e-15
1.27752 1.085817e-15
1.27817 1.081945e-15
1.278815 1.087459e-15
1.27946 1.082637e-15
1.280105 1.081707e-15
1.28075 1.072481e-15
1.281395 1.071912e-15
1.28204 1.09139e-15
1.28269 1.083234e-15
1.28333 1.078826e-15
1.28398 1.075363e-15
1.28462 1.0714e-15
1.28527 1.084437e-15
1.28591 1.071004e-15
1.28656 1.065143e-15
1.2872 1.073047e-15
1.28785 1.071987e-15
1.28849 1.080661e-15
1.28914 1.077766e-15
1.289785 1.072602e-15
1.29043 1.084895e-15
1.291075 1.080338e-15
1.29172 1.089124e-15
1.292365 1.084519e-15
1.29301 1.095522e-15
1.293655 1.086713e-15
1.2943 1.09009e-15
1.294945 1.101461e-15
1.29559 1.11189e-15
1.296235 1.138853e-15
1.29688 1.159104e-15
1.297525 1.145256e-15
1.29817 1.126905e-15
1.298815 1.10557e-15
1.29946 1.106797e-15
1.300105 1.113329e-15
1.30075 1.182922e-15
1.301395 1.197897e-15
1.30204 1.155732e-15
1.302685 1.101541e-15
1.30333 1.079658e-15
1.30397 1.07573e-15
1.30462 1.083578e-15
1.30526 1.085375e-15
1.30591 1.074668e-15
1.30655 1.074292e-15
1.3072 1.062769e-15
1.30784 1.07903e-15
1.30849 1.062701e-15
1.30913 1.07904e-15
1.30978 1.06626e-15
1.31042 1.062735e-15
1.311065 1.08382e-15
1.31171 1.09608e-15
1.312355 1.078451e-15
1.313 1.099339e-15
1.313645 1.121342e-15
1.31429 1.102324e-15
1.314935 1.11206e-15
1.31558 1.131695e-15
1.31622 1.123579e-15
1.31687 1.146309e-15
1.31751 1.165236e-15
1.31816 1.165944e-15
1.3188 1.180948e-15
1.31945 1.207546e-15
1.32009 1.234424e-15
1.320735 1.268957e-15
1.32138 1.330506e-15
1.322025 1.407506e-15
1.32267 1.488023e-15
1.32331 1.561786e-15
1.32396 1.686114e-15
1.3246 1.81027e-15
1.32525 1.930353e-15
1.32589 2.13144e-15
1.326535 2.33847e-15
1.32718 2.543736e-15
1.327825 2.576937e-15
1.32847 2.440596e-15
1.32911 2.21542e-15
1.32976 2.043432e-15
1.3304 1.887781e-15
1.33105 1.733741e-15
1.33169 1.614553e-15
1.332335 1.513819e-15
1.33298 1.409573e-15
1.333625 1.356781e-15
1.33427 1.281668e-15
1.33491 1.251914e-15
1.33556 1.22565e-15
1.3362 1.222904e-15
1.336845 1.185071e-15
1.33749 1.172658e-15
1.338135 1.155869e-15
1.33878 1.1592e-15
1.33942 1.148415e-15
1.34007 1.143902e-15
1.34071 1.154846e-15
1.341355 1.145944e-15
1.342 1.123863e-15
1.342645 1.109925e-15
1.34329 1.123428e-15
1.34393 1.117873e-15
1.34458 1.105576e-15
1.34522 1.093185e-15
1.345865 1.090292e-15
1.34651 1.080997e-15
1.34715 1.069055e-15
1.3478 1.07506e-15
1.34844 1.066259e-15
1.349085 1.091902e-15
1.34973 1.060177e-15
1.35037 1.089631e-15
1.35102 1.038128e-15
1.35166 1.041096e-15
1.35231 1.075412e-15
1.35295 1.080698e-15
1.353595 1.079722e-15
1.35424 1.052254e-15
1.35488 1.047325e-15
1.35553 1.039719e-15
1.35617 1.046003e-15
1.356815 1.034708e-15
1.35746 1.045005e-15
1.3581 1.037842e-15
1.35875 1.080688e-15
1.35939 1.076593e-15
1.360035 1.101782e-15
1.36068 1.032482e-15
1.36132 1.180846e-15
1.36197 1.273818e-15
1.36261 1.271976e-15
1.363255 1.138044e-15
1.3639 1.120912e-15
1.36454 1.082525e-15
1.36519 1.159342e-15
1.36583 1.076251e-15
1.36647 1.12913e-15
1.36712 1.068469e-15
1.36776 1.17634e-15
1.368405 1.179925e-15
1.36905 1.059491e-15
1.36969 1.069057e-15
1.37034 1.108334e-15
1.37098 1.130402e-15
1.371625 1.026638e-15
1.37227 1.027787e-15
1.37291 1.063094e-15
1.37356 1.012084e-15
1.3742 9.973456e-16
1.374845 1.032446e-15
1.37549 1.050461e-15
1.37613 1.009609e-15
1.376775 1.015131e-15
1.37742 1.042299e-15
1.37806 1.045806e-15
1.37871 1.024063e-15
1.37935 1.001297e-15
1.379995 1.06242e-15
1.38064 1.004628e-15
1.38128 9.875419e-16
1.38193 9.908547e-16
1.38257 1.005508e-15
1.38321 1.056992e-15
1.38386 1.030784e-15
1.3845 1.025095e-15
1.385145 1.003288e-15
1.38579 1.014301e-15
1.38643 1.025923e-15
1.38708 1.032108e-15
1.38772 1.061056e-15
1.38836 1.040018e-15
1.38901 1.047837e-15
1.38965 1.02507e-15
1.390295 1.037095e-15
1.39094 1.05458e-15
1.39158 1.021904e-15
1.392225 1.089987e-15
1.39287 1.022153e-15
1.39351 1.060344e-15
1.39416 1.048711e-15
1.3948 1.107038e-15
1.39544 9.619217e-16
1.39609 9.937883e-16
1.39673 1.0204e-15
1.397375 1.032424e-15
1.39802 1.020461e-15
1.39866 1.031831e-15
1.39931 1.077917e-15
1.39995 1.060084e-15
1.40059 9.939733e-16
1.40124 1.048482e-15
1.40188 1.013097e-15
1.40252 1.043686e-15
1.40317 1.019982e-15
1.40381 1.000845e-15
1.404455 9.919069e-16
1.4051 1.087289e-15
1.40574 1.05651e-15
1.406385 1.037661e-15
1.40703 1.048333e-15
1.40767 1.089083e-15
1.40832 1.078863e-15
1.40896 1.040353e-15
1.4096 1.021301e-15
1.41023 1.059845e-15
1.410985 1.049382e-15
1.411795 1.040588e-15
1.41261 1.059672e-15
1.413425 1.0637e-15
1.414235 1.046474e-15
1.41505 1.039832e-15
1.415865 1.058688e-15
1.416675 1.048328e-15
1.41749 1.052526e-15
1.4183 1.033705e-15
1.419115 1.0357e-15
1.419925 1.053644e-15
1.42074 1.062059e-15
1.421555 1.063197e-15
1.422365 1.050962e-15
1.423175 1.03854e-15
1.42399 1.051199e-15
1.424805 1.041591e-15
1.425615 1.051242e-15
1.426425 1.05494e-15
1.42724 1.053461e-15
1.428055 1.030987e-15
1.428865 1.049668e-15
1.429675 1.050197e-15
1.43049 1.054056e-15
1.4313 1.028e-15
1.432115 1.024633e-15
1.432925 1.045344e-15
1.43374 1.042919e-15
1.43455 1.054844e-15
1.435365 1.050811e-15
1.436175 1.050923e-15
1.436985 1.029054e-15
1.437795 1.04263e-15
1.43861 1.045046e-15
1.43942 1.037466e-15
1.440235 1.038804e-15
1.441045 1.040309e-15
1.441855 1.050086e-15
1.44267 1.053165e-15
1.44348 1.047379e-15
1.44429 1.060842e-15
1.445105 1.032175e-15
1.445915 1.042439e-15
1.446725 1.039364e-15
1.447535 1.050185e-15
1.44835 1.046698e-15
1.44916 1.041512e-15
1.44997 1.024144e-15
1.450785 1.027766e-15
1.451595 1.040616e-15
1.452405 1.039864e-15
1.453215 1.033551e-15
1.454025 1.038257e-15
1.45484 1.028192e-15
1.45565 1.033025e-15
1.45646 1.04056e-15
1.45727 1.032348e-15
1.45808 1.033308e-15
1.458895 1.048447e-15
1.459705 1.044537e-15
1.460515 1.034018e-15
1.461325 1.040474e-15
1.462135 1.033992e-15
1.462945 1.020181e-15
1.463755 1.028273e-15
1.46457 1.038282e-15
1.46538 1.045107e-15
1.46619 1.044274e-15
1.467 1.035679e-15
1.46781 1.047483e-15
1.46862 1.03608e-15
1.46943 1.035634e-15
1.47024 1.020961e-15
1.47105 1.032708e-15
1.47186 1.034412e-15
1.47267 1.039257e-15
1.47348 1.034269e-15
1.474295 1.039483e-15
1.475105 1.044527e-15
1.475915 1.037208e-15
1.476725 1.04181e-15
1.477535 1.047899e-15
1.478345 1.056347e-15
1.479155 1.078413e-15
1.479965 1.117118e-15
1.480775 1.148349e-15
1.481585 1.12316e-15
1.48239 1.07742e-15
1.4832 1.073922e-15
1.48401 1.060864e-15
1.48482 1.045348e-15
1.48563 1.045799e-15
1.48644 1.043551e-15
1.48725 1.035084e-15
1.48806 1.036765e-15
1.48887 1.036222e-15
1.48968 1.037288e-15
1.49049 1.04354e-15
1.4913 1.046249e-15
1.49211 1.041244e-15
1.492915 1.040662e-15
1.493725 1.039027e-15
1.494535 1.042166e-15
1.495345 1.044942e-15
1.496155 1.048315e-15
1.496965 1.044706e-15
1.497775 1.044962e-15
1.49858 1.037075e-15
1.49939 1.045961e-15
1.5002 1.046772e-15
1.50101 1.045509e-15
1.50182 1.04378e-15
1.50263 1.037851e-15
1.503435 1.040203e-15
1.504245 1.033279e-15
1.505055 1.058529e-15
1.505865 1.040224e-15
1.50667 1.039836e-15
1.50748 1.036091e-15
1.50829 1.035476e-15
1.5091 1.044952e-15
1.509905 1.04474e-15
1.510715 1.04318e-15
1.511525 1.036962e-15
1.512335 1.042411e-15
1.51314 1.033628e-15
1.51395 1.035889e-15
1.51476 1.042598e-15
1.51557 1.037209e-15
1.516375 1.037091e-15
1.517185 1.031293e-15
1.51799 1.040202e-15
1.5188 1.02987e-15
1.51961 1.038679e-15
1.52042 1.031795e-15
1.521225 1.037874e-15
1.522035 1.038352e-15
1.52284 1.040386e-15
1.52365 1.040353e-15
1.52446 1.044745e-15
1.52527 1.050554e-15
1.526075 1.044581e-15
1.526885 1.043437e-15
1.52769 1.045538e-15
1.5285 1.045907e-15
1.52931 1.0352e-15
1.530115 1.040549e-15
1.530925 1.043902e-15
1.53173 1.040306e-15
1.53254 1.03911e-15
1.53335 1.04145e-15
1.534155 1.04373e-15
1.534965 1.041462e-15
1.53577 1.039928e-15
1.53658 1.043693e-15
1.537385 1.044353e-15
1.538195 1.042162e-15
1.539 1.04047e-15
1.53981 1.039695e-15
1.54062 1.031671e-15
1.541425 1.042065e-15
1.54223 1.044834e-15
1.54304 1.040703e-15
1.54385 1.044568e-15
1.544655 1.048315e-15
1.54546 1.042477e-15
1.54627 1.04248e-15
1.54708 1.044153e-15
1.547885 1.037822e-15
1.54869 1.046569e-15
1.5495 1.031533e-15
1.55031 1.037683e-15
1.551115 1.035855e-15
1.55192 1.033951e-15
1.55273 1.032711e-15
1.553535 1.047096e-15
1.554345 1.029512e-15
1.55515 1.024915e-15
1.55596 1.027875e-15
1.556765 1.031849e-15
1.55757 1.028735e-15
1.55838 1.030518e-15
1.559185 1.028194e-15
1.559995 1.029471e-15
1.5608 1.030773e-15
1.56161 1.0354e-15
1.562415 1.036877e-15
1.56322 1.030728e-15
1.56403 1.028933e-15
1.564835 1.031188e-15
1.56564 1.044419e-15
1.56645 1.038876e-15
1.567255 1.036025e-15
1.56806 1.036446e-15
1.56887 1.026221e-15
1.569675 1.021694e-15
1.57048 1.016644e-15
1.57129 1.024207e-15
1.572095 1.028867e-15
1.5729 1.031394e-15
1.57371 1.038633e-15
1.574515 1.040646e-15
1.57532 1.035686e-15
1.57613 1.026e-15
1.576935 1.020886e-15
1.57774 1.024923e-15
1.57855 1.019202e-15
1.579355 1.02277e-15
1.58016 1.024032e-15
1.58097 1.027373e-15
1.581775 1.039423e-15
1.58258 1.028763e-15
1.58339 1.0121e-15
1.584195 1.02847e-15
1.585 1.041597e-15
1.58581 1.042459e-15
1.586615 1.043192e-15
1.58742 1.046678e-15
1.588225 1.057405e-15
1.58903 1.047729e-15
1.58984 1.052159e-15
1.590645 1.04484e-15
1.59145 1.050011e-15
1.59226 1.035334e-15
1.593065 1.030094e-15
1.59387 1.029326e-15
1.594675 1.027946e-15
1.59548 1.033726e-15
1.59629 1.029699e-15
1.597095 1.021827e-15
1.5979 1.013371e-15
1.598705 1.033174e-15
1.59951 1.034046e-15
1.60032 1.032262e-15
1.601125 1.02904e-15
1.60193 1.026378e-15
1.602735 1.01788e-15
1.60354 1.026334e-15
1.60435 1.021754e-15
1.605155 1.033133e-15
1.60596 1.032831e-15
1.606765 1.039469e-15
1.60757 1.04638e-15
1.60838 1.045587e-15
1.60918 1.04917e-15
1.60999 1.048469e-15
1.610795 1.044134e-15
1.6116 1.033561e-15
1.612405 1.031296e-15
1.61321 1.026193e-15
1.61402 1.031702e-15
1.61482 1.034531e-15
1.61563 1.032853e-15
1.616435 1.037216e-15
1.61724 1.023207e-15
1.618045 1.023601e-15
1.61885 1.025429e-15
1.61966 1.032402e-15
1.62046 1.019477e-15
1.62127 1.024215e-15
1.622075 1.019847e-15
1.62288 1.025771e-15
1.623685 1.028255e-15
1.62449 1.03401e-15
1.625295 1.034455e-15
1.6261 1.033052e-15
1.62691 1.036746e-15
1.62771 1.036311e-15
1.62852 1.03195e-15
1.62932 1.02914e-15
1.63013 1.0284e-15
1.630935 1.021262e-15
1.63174 1.018949e-15
1.632545 1.010888e-15
1.63335 1.005514e-15
1.634155 1.007536e-15
1.63496 1.01038e-15
1.635765 1.018796e-15
1.63657 1.026486e-15
1.63738 1.023607e-15
1.63818 1.030879e-15
1.63899 1.02928e-15
1.63979 1.025509e-15
1.6406 1.026919e-15
1.6414 1.032464e-15
1.64221 1.039706e-15
1.64301 1.05032e-15
1.64382 1.048557e-15
1.64462 1.05001e-15
1.64543 1.039757e-15
1.646235 1.040572e-15
1.64704 1.036045e-15
1.647845 1.030756e-15
1.64865 1.026843e-15
1.649455 1.035536e-15
1.65026 1.024633e-15
1.651065 1.011196e-15
1.65187 1.015156e-15
1.652675 1.011162e-15
1.65348 1.002365e-15
1.654285 1.006972e-15
1.65509 9.984864e-16
1.655895 1.001049e-15
1.6567 9.972272e-16
1.657505 9.992032e-16
1.65831 1.003254e-15
1.659115 1.00761e-15
1.65992 9.948996e-16
1.660725 9.943139e-16
1.66153 1.00605e-15
1.662335 1.003516e-15
1.66314 1.012878e-15
1.663945 1.016042e-15
1.66475 1.018765e-15
1.665555 1.026327e-15
1.66636 1.022698e-15
1.667165 1.040488e-15
1.66797 1.048539e-15
1.66877 1.041207e-15
1.66958 1.054462e-15
1.67038 1.038653e-15
1.67119 1.038932e-15
1.67199 1.035682e-15
1.6728 1.028271e-15
1.6736 1.024628e-15
1.67441 1.025687e-15
1.67521 1.012742e-15
1.67602 1.006148e-15
1.67682 1.000772e-15
1.67763 9.968571e-16
1.67843 1.001667e-15
1.679235 9.990521e-16
1.68004 9.925305e-16
1.680845 9.986311e-16
1.68165 9.936458e-16
1.682455 1.001397e-15
1.68326 1.006736e-15
1.684065 1.006628e-15
1.68487 1.003947e-15
1.685675 1.010374e-15
1.68648 1.007478e-15
1.68728 1.010044e-15
1.68809 1.006867e-15
1.68889 1.002976e-15
1.6897 1.002772e-15
1.6905 1.002032e-15
1.69131 1.010237e-15
1.69211 1.009065e-15
1.692915 1.016704e-15
1.69372 1.02037e-15
1.694525 1.021904e-15
1.69533 1.02557e-15
1.696135 1.026327e-15
1.69694 1.033325e-15
1.69774 1.037372e-15
1.69855 1.037827e-15
1.69935 1.052015e-15
1.70016 1.061326e-15
1.70096 1.091753e-15
1.70177 1.110425e-15
1.70257 1.097267e-15
1.703375 1.060157e-15
1.70418 1.031606e-15
1.704985 1.020357e-15
1.70579 1.010275e-15
1.706595 1.004897e-15
1.7074 1.009775e-15
1.7082 1.006777e-15
1.70901 1.003492e-15
1.70981 1.002601e-15
1.71062 1.003174e-15
1.71142 9.862081e-16
1.712225 9.890606e-16
1.71303 9.890892e-16
1.713835 9.990106e-16
1.71464 9.964572e-16
1.715445 1.000153e-15
1.71625 1.004953e-15
1.71705 9.92516e-16
1.71786 1.006391e-15
1.71866 9.940759e-16
1.71947 9.97823e-16
1.72027 9.929993e-16
1.721075 9.856755e-16
1.72188 9.892142e-16
1.722685 9.93569e-16
1.72349 9.912698e-16
1.72429 9.897355e-16
1.7251 9.926482e-16
1.7259 9.868996e-16
1.72671 9.869736e-16
1.72751 9.885835e-16
1.72832 9.941323e-16
1.72912 9.935867e-16
1.729925 1.001191e-15
1.73073 1.003944e-15
1.731535 1.010765e-15
1.73234 1.005643e-15
1.73314 1.018272e-15
1.73395 1.020552e-15
1.73475 1.020279e-15
1.73556 1.031018e-15
1.73636 1.031073e-15
1.737165 1.060857e-15
1.73797 1.06451e-15
1.738775 1.06956e-15
1.73958 1.082179e-15
1.74038 1.077274e-15
1.74119 1.076277e-15
1.74199 1.058622e-15
1.7428 1.063831e-15
1.7436 1.05249e-15
1.74441 1.050533e-15
1.74521 1.040199e-15
1.746015 1.044291e-15
1.74682 1.031702e-15
1.747625 1.037731e-15
1.74843 1.028773e-15
1.74923 1.025377e-15
1.75004 1.019502e-15
1.75084 1.020821e-15
1.75165 1.011706e-15
1.75245 1.013089e-15
1.753255 1.017434e-15
1.75406 1.013313e-15
1.754865 1.004947e-15
1.75567 9.998227e-16
1.756475 1.007886e-15
1.75728 1.012098e-15
1.75808 1.010104e-15
1.75889 1.010281e-15
1.75969 1.008569e-15
1.7605 1.008963e-15
1.7613 1.007629e-15
1.76211 1.009392e-15
1.76291 1.003201e-15
1.763715 1.010499e-15
1.76452 1.017718e-15
1.765325 9.914938e-16
1.76613 9.949531e-16
1.76693 1.000873e-15
1.76774 9.922029e-16
1.76854 9.935619e-16
1.76935 9.877666e-16
1.77015 9.960406e-16
1.77096 9.849622e-16
1.77176 9.792908e-16
1.772565 9.914123e-16
1.77337 9.85049e-16
1.774175 9.857367e-16
1.77498 9.87978e-16
1.775785 9.870579e-16
1.77659 9.849138e-16
1.777395 9.839515e-16
1.7782 9.757475e-16
1.779 9.803735e-16
1.77981 9.765793e-16
1.78061 9.702978e-16
1.78142 9.795479e-16
1.78222 9.830766e-16
1.78303 9.86566e-16
1.78383 9.741376e-16
1.78464 9.65381e-16
1.78544 9.759877e-16
1.786245 9.818345e-16
1.78705 9.879683e-16
1.787855 9.921497e-16
1.78866 9.92336e-16
1.789465 9.971942e-16
1.79027 9.841285e-16
1.791075 9.933053e-16
1.79188 1.002364e-15
1.792685 1.020662e-15
1.79349 1.018234e-15
1.79429 1.01573e-15
1.7951 1.025982e-15
1.7959 1.040508e-15
1.79671 1.053253e-15
1.79751 1.064651e-15
1.79832 1.077665e-15
1.79912 1.076176e-15
1.79993 1.061135e-15
1.80073 1.042424e-15
1.80154 1.027664e-15
1.80234 1.037061e-15
1.80315 1.029438e-15
1.80395 1.024898e-15
1.80476 1.036788e-15
1.80556 1.017244e-15
1.80637 1.007367e-15
1.80717 9.938255e-16
1.80798 1.017494e-15
1.80878 9.9796e-16
1.80959 1.002443e-15
1.81039 9.98e-16
1.8112 1.00833e-15
1.812 9.727206e-16
1.81281 9.780741e-16
1.81361 1.001972e-15
1.81442 9.929871e-16
1.81522 9.623458e-16
1.81603 9.52618e-16
1.81683 9.805465e-16
1.81764 9.755688e-16
1.81824 9.547284e-16
1.825 1.021865e-15
1.83 1.022459e-15
1.835 1.023051e-15
1.84 1.023642e-15
1.845 1.024231e-15
1.85 1.02482e-15
1.855 1.025407e-15
1.86 1.025993e-15
1.865 1.026577e-15
1.87 1.027161e-15
1.875 1.027743e-15
1.88216 1.029984e-15
1.8827 1.04439e-15
1.88324 1.047227e-15
1.88378 1.026146e-15
1.88432 1.014997e-15
1.88486 9.826431e-16
1.8854 9.878481e-16
1.88594 9.897123e-16
1.88648 9.872811e-16
1.88702 9.757881e-16
1.88756 9.756647e-16
1.8881 9.774624e-16
1.88864 9.926353e-16
1.88918 9.932127e-16
1.88972 9.755821e-16
1.89025 9.405712e-16
1.89079 9.526752e-16
1.89133 9.385184e-16
1.89187 9.383286e-16
1.89241 9.401871e-16
1.89295 9.223393e-16
1.89349 9.087929e-16
1.89403 9.133212e-16
1.89457 9.178678e-16
1.89511 9.276882e-16
1.89565 9.386139e-16
1.89619 9.399285e-16
1.89673 9.457013e-16
1.89727 9.393379e-16
1.8978 9.430687e-16
1.89834 9.574014e-16
1.89888 9.30106e-16
1.89942 9.411042e-16
1.89996 8.659775e-16
1.9005 8.846174e-16
1.90104 9.319029e-16
1.90158 9.418437e-16
1.90212 9.367489e-16
1.90266 9.077688e-16
1.9032 9.116748e-16
1.90374 9.202927e-16
1.90427 9.363527e-16
1.90481 9.286665e-16
1.90535 9.487072e-16
1.90589 8.807106e-16
1.90643 8.75453e-16
1.90697 9.157299e-16
1.90751 9.310105e-16
1.90805 9.246112e-16
1.90859 9.300876e-16
1.90913 9.278442e-16
1.90967 9.271472e-16
1.9102 9.35487e-16
1.91074 9.419662e-16
1.91128 9.12353e-16
1.91182 9.029094e-16
1.91236 9.19289e-16
1.9129 9.155959e-16
1.91344 9.054759e-16
1.91398 8.865004e-16
1.91452 9.011826e-16
1.91506 9.293893e-16
1.9156 9.34491e-16
1.91613 9.10013e-16
1.91667 9.07383e-16
1.91721 9.305639e-16
1.91775 9.302837e-16
1.91829 9.548354e-16
1.91883 9.610364e-16
1.91937 9.659629e-16
1.91991 9.588994e-16
1.92045 9.040088e-16
1.92098 9.208106e-16
1.92152 9.517527e-16
1.92206 9.644409e-16
1.9226 9.786088e-16
1.92314 9.677763e-16
1.92368 9.465243e-16
1.92422 9.393101e-16
1.92476 9.514242e-16
1.9253 9.785603e-16
1.92584 9.936824e-16
1.92637 9.903579e-16
1.92691 9.843274e-16
1.92745 9.907938e-16
1.92799 9.927605e-16
1.92853 1.019757e-15
1.92907 1.053138e-15
1.92961 1.055419e-15
1.93015 1.080144e-15
1.93069 1.06939e-15
1.93122 1.081425e-15
1.93176 1.101427e-15
1.9323 1.134149e-15
1.93284 1.167118e-15
1.93338 1.183387e-15
1.93392 1.202706e-15
1.93446 1.267227e-15
1.935 1.316407e-15
1.93553 1.3501e-15
1.93607 1.383473e-15
1.93661 1.442243e-15
1.93715 1.499896e-15
1.93769 1.569845e-15
1.93823 1.648425e-15
1.93877 1.698081e-15
1.93931 1.830396e-15
1.93985 1.996267e-15
1.94038 2.139048e-15
1.94092 2.304193e-15
1.94146 2.447274e-15
1.942 2.515952e-15
1.94254 2.521254e-15
1.94308 2.466771e-15
1.94362 2.34846e-15
1.94416 2.196436e-15
1.94469 2.04303e-15
1.94523 1.932398e-15
1.94577 1.817991e-15
1.94631 1.743126e-15
1.94685 1.660229e-15
1.94739 1.575049e-15
1.94793 1.490413e-15
1.94846 1.393995e-15
1.949 1.326735e-15
1.94954 1.261481e-15
1.95008 1.218725e-15
1.95062 1.176186e-15
1.95116 1.136099e-15
1.9517 1.115556e-15
1.95224 1.092193e-15
1.95277 1.07487e-15
1.95331 1.038981e-15
1.95385 1.032009e-15
1.95439 1.020834e-15
1.95493 1.016193e-15
1.95547 9.842063e-16
1.95601 9.919343e-16
1.95654 9.845277e-16
1.95708 9.831786e-16
1.95762 9.767204e-16
1.95816 9.600556e-16
1.9587 9.593527e-16
1.95924 9.589216e-16
1.95978 9.646747e-16
1.96031 9.578783e-16
1.96085 9.61735e-16
1.96139 9.629045e-16
1.96193 9.515484e-16
1.96247 9.524037e-16
1.96301 9.499012e-16
1.96355 9.44971e-16
1.96408 9.339897e-16
1.96462 9.31608e-16
1.96516 9.402356e-16
1.9657 9.395146e-16
1.96624 9.364808e-16
1.96678 9.316353e-16
1.96732 9.335052e-16
1.96785 9.310693e-16
1.96839 9.29648e-16
1.96893 9.340905e-16
1.96947 9.342935e-16
1.97001 9.349919e-16
1.97055 9.313482e-16
1.97108 9.290211e-16
1.97162 9.357523e-16
1.97216 9.302728e-16
1.9727 9.285435e-16
1.97324 9.307092e-16
1.97378 9.32875e-16
1.97432 9.367618e-16
1.97485 9.322607e-16
1.97539 9.306582e-16
1.97593 9.351609e-16
1.97647 9.360102e-16
1.97701 9.333208e-16
1.97755 9.319236e-16
1.97808 9.320664e-16
1.97862 9.277041e-16
1.97916 9.239278e-16
1.9797 9.305562e-16
1.98024 9.264839e-16
1.98078 9.251231e-16
1.98131 9.307488e-16
1.98185 9.340136e-16
1.98239 9.348448e-16
1.98293 9.345828e-16
1.98347 9.284515e-16
1.98401 9.337874e-16
1.98454 9.335799e-16
1.98508 9.382092e-16
1.98562 9.295659e-16
1.98616 9.310493e-16
1.9867 9.282089e-16
1.98724 9.402898e-16
1.98777 9.425582e-16
1.98831 9.512151e-16
1.98885 9.530366e-16
1.98939 9.518991e-16
1.98993 9.487208e-16
1.99047 9.403614e-16
1.991 9.360298e-16
1.99154 9.36565e-16
1.99208 9.403066e-16
1.99262 9.369169e-16
1.99316 9.301458e-16
1.9937 9.256994e-16
1.99423 9.301233e-16
1.99477 9.268908e-16
1.99531 9.286337e-16
1.99585 9.258659e-16
1.99639 9.275848e-16
1.99693 9.211398e-16
1.99746 9.252438e-16
1.998 9.21673e-16
1.99854 9.231986e-16
1.99908 9.121707e-16
1.99962 9.142336e-16
2.00015 9.054581e-16
2.00069 9.140725e-16
2.00123 9.233691e-16
2.00177 9.154872e-16
2.00231 9.068807e-16
2.00285 9.155736e-16
2.00338 9.072812e-16
2.00392 9.120009e-16
2.00446 9.044028e-16
2.005 9.086878e-16
2.00554 9.260268e-16
2.00607 9.393567e-16
2.00661 9.298629e-16
2.00715 9.468396e-16
2.00769 9.463122e-16
2.00823 9.596056e-16
2.00877 9.648322e-16
2.0093 9.660134e-16
2.00984 9.65178e-16
2.01038 9.710206e-16
2.01092 9.65065e-16
2.01146 9.78642e-16
2.01199 9.974054e-16
2.01253 9.992206e-16
2.01307 1.006615e-15
2.01361 9.99699e-16
2.01415 1.010571e-15
2.01468 1.010804e-15
2.01522 1.005996e-15
2.01576 1.010872e-15
2.0163 1.004886e-15
2.01684 9.876945e-16
2.01737 9.721514e-16
2.01791 9.734653e-16
2.01845 9.727627e-16
2.01899 9.586747e-16
2.01953 9.541019e-16
2.02007 9.522643e-16
2.0206 9.547014e-16
2.02114 9.571083e-16
2.02168 9.491727e-16
2.02222 9.469487e-16
2.02276 9.455639e-16
2.02329 9.504281e-16
2.02383 9.455175e-16
2.02437 9.420135e-16
2.02491 9.442876e-16
2.02545 9.539273e-16
2.02598 9.559779e-16
2.02652 9.56006e-16
2.02706 9.553458e-16
2.0276 9.46378e-16
2.02814 9.489238e-16
2.02867 9.367985e-16
2.02921 9.337777e-16
2.02975 9.381769e-16
2.03029 9.447314e-16
2.03082 9.576614e-16
2.03136 9.612998e-16
2.0319 9.777555e-16
2.03244 9.822029e-16
2.03298 9.877671e-16
2.03351 9.835208e-16
2.03405 9.72754e-16
2.03459 9.545616e-16
2.03513 9.42998e-16
2.03567 9.387215e-16
2.0362 9.374094e-16
2.03674 9.289009e-16
2.03728 9.256688e-16
2.03782 9.261257e-16
2.03836 9.157878e-16
2.03889 9.217446e-16
2.03943 9.163755e-16
2.03997 9.180397e-16
2.04051 9.049492e-16
2.04105 9.130852e-16
2.04158 9.141036e-16
2.04212 9.131174e-16
2.04266 9.048023e-16
2.0432 9.08338e-16
2.04373 9.087042e-16
2.04427 9.057381e-16
2.04481 9.095454e-16
2.04535 9.064042e-16
2.04589 9.053577e-16
2.04642 9.041726e-16
2.04696 9.060541e-16
2.0475 9.06674e-16
2.04804 9.013594e-16
2.04857 8.995586e-16
2.04911 9.060161e-16
2.04965 9.006291e-16
2.05019 8.964919e-16
2.05073 8.992671e-16
2.05126 8.918759e-16
2.0518 8.961119e-16
2.05234 8.931216e-16
2.05288 8.990358e-16
2.05341 8.933773e-16
2.05395 9.022978e-16
2.05449 8.923593e-16
2.05503 8.928463e-16
2.05557 9.012355e-16
2.0561 8.956315e-16
2.05664 8.900033e-16
2.05718 8.958811e-16
2.05772 8.95837e-16
2.05825 8.983886e-16
2.05879 9.012601e-16
2.05933 9.019885e-16
2.05987 9.024574e-16
2.06041 9.026305e-16
2.06094 9.006848e-16
2.06148 8.995117e-16
2.06202 8.967389e-16
2.06256 8.881469e-16
2.06309 8.976405e-16
2.06363 8.926947e-16
2.06417 8.921675e-16
2.06471 8.898958e-16
2.06524 8.912643e-16
2.06578 8.976188e-16
2.06632 8.867874e-16
2.06686 8.958039e-16
2.0674 8.840791e-16
2.06793 8.962106e-16
2.06847 8.939391e-16
2.06901 8.890898e-16
2.06955 8.957884e-16
2.07008 8.972654e-16
2.07062 8.947825e-16
2.07116 8.975453e-16
2.0717 8.914587e-16
2.07223 8.952899e-16
2.07277 8.943705e-16
2.07331 8.9793e-16
2.07385 8.950427e-16
2.07438 8.981073e-16
2.07492 8.973026e-16
2.07546 8.959485e-16
2.076 9.020855e-16
2.07654 8.934517e-16
2.07707 8.952064e-16
2.07761 8.940576e-16
2.07815 8.97092e-16
2.07869 8.951765e-16
2.07922 8.988084e-16
2.07976 8.95559e-16
2.0803 8.964504e-16
2.08084 8.972333e-16
2.08137 8.88811e-16
2.08191 8.974166e-16
2.08245 8.948674e-16
2.08299 8.960004e-16
2.08352 8.912782e-16
2.08406 8.976141e-16
2.0846 8.911596e-16
2.08514 9.027772e-16
2.08567 8.960693e-16
2.08621 8.98687e-16
2.08675 9.017151e-16
2.08729 9.015684e-16
2.08782 8.962911e-16
2.08836 8.964583e-16
2.0889 8.948086e-16
2.08944 8.933098e-16
2.08997 8.951248e-16
2.09051 8.949417e-16
2.09105 8.964187e-16
2.09159 8.894333e-16
2.09212 8.956907e-16
2.09266 8.954957e-16
2.0932 8.887215e-16
2.09374 8.935907e-16
2.09427 8.932024e-16
2.09481 8.954097e-16
2.09535 8.94943e-16
2.09589 8.972347e-16
2.09642 8.924587e-16
2.09696 8.933622e-16
2.0975 8.937164e-16
2.09804 8.952537e-16
2.09857 8.93272e-16
2.09911 8.979479e-16
2.09965 8.932139e-16
2.10019 8.939183e-16
2.10072 8.94514e-16
2.10126 8.974515e-16
2.1018 8.961399e-16
2.10234 8.934461e-16
2.10287 8.920802e-16
2.10341 8.973415e-16
2.10395 8.967419e-16
2.10449 8.95865e-16
2.10502 8.990077e-16
2.10556 9.000983e-16
2.1061 8.961129e-16
2.10663 8.994306e-16
2.10717 8.978052e-16
2.10771 8.982922e-16
2.10825 8.980972e-16
2.10878 8.935144e-16
2.10932 8.927038e-16
2.10986 8.919777e-16
2.1104 8.959895e-16
2.11093 8.957825e-16
2.11147 8.918998e-16
2.11201 8.933647e-16
2.11255 8.958735e-16
2.11308 8.965719e-16
2.11362 8.988635e-16
2.11416 8.962664e-16
2.1147 8.979183e-16
2.11523 8.993588e-16
2.11577 8.981741e-16
2.11631 9.038696e-16
2.11684 9.025883e-16
2.11738 9.084347e-16
2.11792 9.010637e-16
2.11846 9.042484e-16
2.11899 9.027439e-16
2.11953 9.033938e-16
2.12007 9.016418e-16
2.12061 8.994733e-16
2.12114 9.00087e-16
2.12168 9.016784e-16
2.12222 9.018757e-16
2.12276 9.055855e-16
2.12329 9.043164e-16
2.12383 9.019487e-16
2.12437 9.051334e-16
2.1249 9.059825e-16
2.12544 9.083404e-16
2.12598 9.081092e-16
2.12652 9.107266e-16
2.12705 9.1128e-16
2.12759 9.128531e-16
2.12813 9.197918e-16
2.12866 9.137186e-16
2.1292 9.160101e-16
2.12974 9.172756e-16
2.13028 9.182575e-16
2.13081 9.169219e-16
2.13135 9.155381e-16
2.13189 9.152767e-16
2.13243 9.111228e-16
2.13296 9.112115e-16
2.1335 9.131348e-16
2.13404 9.140563e-16
2.13457 9.097276e-16
2.13511 9.081928e-16
2.13565 9.088669e-16
2.13619 9.07302e-16
2.13672 9.131178e-16
2.13726 9.066768e-16
2.1378 9.039291e-16
2.13833 9.087794e-16
2.13887 9.032134e-16
2.13941 9.054867e-16
2.13995 9.07597e-16
2.14048 9.038477e-16
2.14102 9.019208e-16
2.14156 9.012068e-16
2.1421 8.992558e-16
2.14263 8.902503e-16
2.14317 8.924994e-16
2.14371 8.92582e-16
2.14424 8.960984e-16
2.14478 8.951251e-16
2.14532 8.895835e-16
2.14586 8.940173e-16
2.14639 8.932611e-16
2.14693 8.901455e-16
2.14747 8.913144e-16
2.148 8.95579e-16
2.14854 8.920532e-16
2.14908 8.905005e-16
2.14962 8.936124e-16
2.15015 8.88083e-16
2.15069 8.926192e-16
2.15123 8.909036e-16
2.15176 8.863641e-16
2.1523 8.912019e-16
2.15284 8.920329e-16
2.15338 8.868113e-16
2.15391 8.824346e-16
2.15445 8.848829e-16
2.15499 8.831855e-16
2.15552 8.816087e-16
2.15606 8.860423e-16
2.1566 8.869579e-16
2.15714 8.856044e-16
2.15767 8.857294e-16
2.15821 8.839294e-16
2.15875 8.869689e-16
2.15928 8.844267e-16
2.15982 8.897593e-16
2.16036 8.874525e-16
2.16089 8.881327e-16
2.16143 8.897481e-16
2.16197 8.89668e-16
2.16251 8.912592e-16
2.16304 8.87842e-16
2.16358 8.840508e-16
2.16412 8.91598e-16
2.16465 8.941366e-16
2.16519 8.943822e-16
2.16573 8.972588e-16
2.16627 8.973475e-16
2.1668 8.965855e-16
2.16734 8.93639e-16
2.16788 8.934019e-16
2.16841 8.908719e-16
2.16895 8.899469e-16
2.16949 8.872238e-16
2.17002 8.79076e-16
2.17056 8.862789e-16
2.1711 8.842497e-16
2.17164 8.829084e-16
2.17217 8.857489e-16
2.17271 8.853429e-16
2.17325 8.830119e-16
2.17378 8.814475e-16
2.17432 8.845956e-16
2.17486 8.821319e-16
2.17539 8.832285e-16
2.17593 8.833836e-16
2.17647 8.863325e-16
2.17701 8.835612e-16
2.17754 8.80965e-16
2.17808 8.77892e-16
2.17862 8.777937e-16
2.17915 8.768689e-16
2.17969 8.79685e-16
2.18023 8.769982e-16
2.18076 8.780043e-16
2.1813 8.796498e-16
2.18184 8.767458e-16
2.18238 8.782043e-16
2.18291 8.786491e-16
2.18345 8.745202e-16
2.18399 8.788388e-16
2.18452 8.76291e-16
2.18506 8.800422e-16
2.1856 8.794976e-16
2.18613 8.776073e-16
2.18667 8.791984e-16
2.18721 8.795467e-16
2.18774 8.817595e-16
2.18828 8.733588e-16
2.18882 8.874458e-16
2.18936 8.796787e-16
2.18989 8.771851e-16
2.19043 8.74414e-16
2.19097 8.756793e-16
2.1915 8.801486e-16
2.19204 8.772568e-16
2.19258 8.801512e-16
2.19311 8.805478e-16
2.19365 8.72624e-16
2.19419 8.74909e-16
2.19472 8.791068e-16
2.19526 8.845112e-16
2.1958 8.914602e-16
2.19634 8.889366e-16
2.19687 8.9489e-16
2.19741 8.884263e-16
2.19795 8.781918e-16
2.19848 8.770318e-16
2.19902 8.704294e-16
2.19956 8.693357e-16
2.20009 8.710416e-16
2.20063 8.703763e-16
2.20117 8.718287e-16
2.2017 8.708738e-16
2.20224 8.754575e-16
2.20278 8.72421e-16
2.20331 8.733607e-16
2.20385 8.661249e-16
2.20439 8.666482e-16
2.20493 8.713164e-16
2.20546 8.655047e-16
2.206 8.684956e-16
2.20654 8.689283e-16
2.20707 8.707548e-16
2.20761 8.702463e-16
2.20815 8.692552e-16
2.20868 8.713531e-16
2.20922 8.697527e-16
2.20976 8.708854e-16
2.21029 8.711612e-16
2.21083 8.716906e-16
2.21137 8.723525e-16
2.2119 8.746556e-16
2.21244 8.778455e-16
2.21298 8.756056e-16
2.21351 8.759297e-16
2.21405 8.720547e-16
2.21459 8.71679e-16
2.21513 8.71979e-16
2.21566 8.680257e-16
2.2162 8.666786e-16
2.21674 8.665444e-16
2.21727 8.68582e-16
2.21781 8.757657e-16
2.21835 8.741352e-16
2.21888 8.769934e-16
2.21942 8.706147e-16
2.21996 8.729842e-16
2.22049 8.664366e-16
2.22103 8.761602e-16
2.22157 8.660955e-16
2.2221 8.744196e-16
2.22264 8.727227e-16
2.22318 8.692038e-16
2.22371 8.696728e-16
2.22425 8.717465e-16
2.22479 8.801307e-16
2.22532 8.763163e-16
2.22586 8.747641e-16
2.2264 8.739179e-16
2.22693 8.773008e-16
2.22747 8.819263e-16
2.22801 8.824979e-16
2.22854 8.827074e-16
2.22908 8.785492e-16
2.22962 8.805021e-16
2.23015 8.779667e-16
2.23069 8.828517e-16
2.23123 8.83399e-16
2.23177 8.883625e-16
2.2323 8.807837e-16
2.23284 8.924072e-16
2.23338 8.938835e-16
2.23391 8.965061e-16
2.23445 9.057166e-16
2.23499 9.073618e-16
2.23552 9.094776e-16
2.23606 9.1502e-16
2.2366 9.16985e-16
2.23713 9.234986e-16
2.23767 9.313273e-16
2.23821 9.353013e-16
2.23874 9.466711e-16
2.23928 9.51562e-16
2.23982 9.541964e-16
2.24035 9.732337e-16
2.24089 9.864314e-16
2.24143 9.925044e-16
2.24196 1.004025e-15
2.2425 1.013247e-15
2.24304 1.013897e-15
2.24357 1.004731e-15
2.24411 1.000531e-15
2.24465 9.958175e-16
2.24518 9.791237e-16
2.24572 9.735479e-16
2.24626 9.626031e-16
2.24679 9.538965e-16
2.24733 9.45027e-16
2.24787 9.334369e-16
2.2484 9.329707e-16
2.24894 9.279077e-16
2.24948 9.164806e-16
2.25001 9.091074e-16
2.25055 9.113497e-16
2.25109 9.023115e-16
2.25162 8.971281e-16
2.25216 8.951719e-16
2.2527 8.906279e-16
2.25323 8.85348e-16
2.25377 8.846165e-16
2.25431 8.853386e-16
2.25484 8.719333e-16
2.25538 8.81131e-16
2.25592 8.741078e-16
2.25645 8.765674e-16
2.25699 8.67264e-16
2.25753 8.690359e-16
2.25806 8.743126e-16
2.2586 8.710415e-16
2.25914 8.697309e-16
2.25967 8.707488e-16
2.26021 8.696915e-16
2.26075 8.651237e-16
2.26128 8.695377e-16
2.26182 8.626293e-16
2.26236 8.642324e-16
2.26289 8.594713e-16
2.26343 8.652488e-16
2.26397 8.63528e-16
2.2645 8.62314e-16
2.26504 8.653044e-16
2.26558 8.674141e-16
2.26611 8.698616e-16
2.26665 8.68521e-16
2.26719 8.619926e-16
2.26772 8.549216e-16
2.26826 8.585875e-16
2.2688 8.607273e-16
2.26933 8.590068e-16
2.26987 8.612431e-16
2.27041 8.61893e-16
2.27094 8.607816e-16
2.27148 8.563104e-16
2.27202 8.548491e-16
2.27255 8.560842e-16
2.27309 8.583145e-16
2.27362 8.581984e-16
2.27416 8.580882e-16
2.2747 8.553543e-16
2.27523 8.546952e-16
2.27577 8.546575e-16
2.27631 8.513565e-16
2.27684 8.563133e-16
2.27738 8.505814e-16
2.27792 8.564791e-16
2.27845 8.564776e-16
2.27899 8.551913e-16
2.27953 8.534164e-16
2.28006 8.549228e-16
2.2806 8.540829e-16
2.28114 8.559091e-16
2.28167 8.5031e-16
2.28221 8.49844e-16
2.28275 8.540708e-16
2.28328 8.477239e-16
2.28382 8.491339e-16
2.28436 8.48306e-16
2.28489 8.5009e-16
2.28543 8.465358e-16
2.28597 8.523972e-16
2.2865 8.460564e-16
2.28704 8.484012e-16
2.28758 8.488581e-16
2.28811 8.492789e-16
2.28865 8.502606e-16
2.28919 8.43763e-16
2.28972 8.503843e-16
2.29026 8.375898e-16
2.2908 8.53379e-16
2.29133 8.451443e-16
2.29187 8.477968e-16
2.2924 8.467519e-16
2.29294 8.473053e-16
2.29348 8.464534e-16
2.29401 8.42839e-16
2.29455 8.380123e-16
2.29509 8.4818e-16
2.29562 8.474005e-16
2.29616 8.42803e-16
2.2967 8.538453e-16
2.29723 8.481681e-16
2.29777 8.435948e-16
2.29831 8.451614e-16
2.29884 8.434048e-16
2.29938 8.400499e-16
2.29992 8.44385e-16
2.30045 8.521098e-16
2.30099 8.494364e-16
2.30153 8.53476e-16
2.30206 8.481126e-16
2.3026 8.515309e-16
2.30314 8.449371e-16
2.30367 8.38072e-16
2.30421 8.392225e-16
2.30475 8.309399e-16
2.30528 8.38134e-16
2.30582 8.439588e-16
2.30635 8.399465e-16
2.30689 8.33968e-16
2.30743 8.438761e-16
2.30796 8.458047e-16
2.3085 8.431977e-16
2.30904 8.41405e-16
2.30957 8.43804e-16
2.31011 8.433501e-16
2.31065 8.421727e-16
2.31118 8.412846e-16
2.31172 8.359516e-16
2.31226 8.440983e-16
2.31279 8.391152e-16
2.31333 8.367435e-16
2.31387 8.420615e-16
2.3144 8.456547e-16
2.31494 8.416424e-16
2.31548 8.44349e-16
2.31601 8.412778e-16
2.31655 8.382668e-16
2.31708 8.314261e-16
2.31762 8.335295e-16
2.31816 8.307779e-16
2.31869 8.370126e-16
2.31923 8.372765e-16
2.31977 8.360509e-16
2.3203 8.396138e-16
2.32084 8.396787e-16
2.32138 8.357993e-16
2.32191 8.378123e-16
2.32245 8.395236e-16
2.32299 8.366394e-16
2.32352 8.416256e-16
2.32406 8.401164e-16
2.3246 8.402175e-16
2.32513 8.379183e-16
2.32567 8.342199e-16
2.3262 8.377947e-16
2.32674 8.453441e-16
2.32728 8.375205e-16
2.32781 8.401426e-16
2.32835 8.341644e-16
2.32889 8.357251e-16
2.32942 8.36743e-16
2.32996 8.422055e-16
2.3305 8.332724e-16
2.33103 8.333313e-16
2.33157 8.384139e-16
2.33211 8.293602e-16
2.33264 8.317832e-16
2.33318 8.323125e-16
2.33372 8.384807e-16
2.33425 8.359705e-16
2.33479 8.357279e-16
2.33532 8.374995e-16
2.33586 8.307436e-16
2.3364 8.384977e-16
2.33693 8.360237e-16
2.33747 8.350636e-16
2.33801 8.345917e-16
2.33854 8.348918e-16
2.33908 8.277743e-16
2.33962 8.34298e-16
2.34015 8.359128e-16
2.34069 8.331555e-16
2.34123 8.282511e-16
2.34176 8.340996e-16
2.3423 8.359494e-16
2.34283 8.328484e-16
2.34337 8.237166e-16
2.34391 8.326887e-16
2.34444 8.302992e-16
2.34498 8.281027e-16
2.34552 8.24483e-16
2.34605 8.282808e-16
2.34659 8.27978e-16
2.34713 8.268126e-16
2.34766 8.254846e-16
2.3482 8.263576e-16
2.34874 8.250838e-16
2.34927 8.281701e-16
2.34981 8.280481e-16
2.35035 8.334198e-16
2.35088 8.272493e-16
2.35142 8.281645e-16
2.35195 8.251841e-16
2.35249 8.315992e-16
2.35303 8.251754e-16
2.35356 8.312346e-16
2.3541 8.312454e-16
2.35464 8.321545e-16
2.35517 8.338899e-16
2.35571 8.304091e-16
2.35625 8.291474e-16
2.35678 8.342959e-16
2.35732 8.28825e-16
2.35786 8.241562e-16
2.35839 8.242212e-16
2.35893 8.287063e-16
2.35946 8.252436e-16
2.36 8.304162e-16
2.36054 8.328571e-16
2.36107 8.236837e-16
2.36161 8.347238e-16
2.36215 8.274921e-16
2.36268 8.230826e-16
2.36322 8.253788e-16
2.36376 8.28266e-16
2.36429 8.274023e-16
2.36483 8.243738e-16
2.36536 8.309755e-16
2.3659 8.305642e-16
2.36644 8.275839e-16
2.36697 8.247724e-16
2.36751 8.302465e-16
2.36805 8.340984e-16
2.36858 8.367563e-16
2.36912 8.302786e-16
2.36966 8.332078e-16
2.37019 8.225754e-16
2.37073 8.124495e-16
2.37127 8.115798e-16
2.3718 8.231864e-16
2.37234 8.192294e-16
2.37287 8.143437e-16
2.37341 8.189613e-16
2.37395 8.180675e-16
2.37448 8.153708e-16
2.37502 8.217673e-16
2.37556 8.093381e-16
2.37609 8.108865e-16
2.37663 8.105898e-16
2.37717 8.211348e-16
2.3777 8.21218e-16
2.37824 8.216086e-16
2.37877 8.168376e-16
2.37931 8.138695e-16
2.37985 8.191022e-16
2.38038 8.133725e-16
2.38092 8.241105e-16
2.38146 8.194239e-16
2.38199 8.201583e-16
2.38253 8.20585e-16
2.38307 8.189376e-16
2.3836 8.231572e-16
2.38414 8.148949e-16
2.38468 8.232992e-16
2.38521 8.178409e-16
2.38575 8.247679e-16
2.38628 8.154323e-16
2.38682 8.153044e-16
2.38736 8.123063e-16
2.38789 8.138245e-16
2.38843 8.141126e-16
2.38897 8.233309e-16
2.3895 8.231366e-16
2.39004 8.223936e-16
2.39058 8.205955e-16
2.39111 8.239888e-16
2.39165 8.188381e-16
2.39218 8.194459e-16
2.39272 8.256068e-16
2.39326 8.147039e-16
2.39379 8.144674e-16
2.39433 8.110774e-16
2.39487 8.263674e-16
2.3954 8.170502e-16
2.39594 8.138109e-16
2.39648 7.999475e-16
2.39701 8.159368e-16
2.39755 8.165806e-16
2.39809 8.135947e-16
2.39862 8.141179e-16
2.39916 8.110777e-16
2.39969 8.13235e-16
2.43 8.063773e-16
2.45 8.016735e-16
2.47 7.974544e-16
2.49 7.93702e-16
2.51 7.903993e-16
2.53 7.875311e-16
2.55 7.85083e-16
2.57 7.830416e-16
2.60308 7.673022e-16
2.61249 7.754456e-16
2.6219 7.87524e-16
2.63131 8.072047e-16
2.64073 7.870761e-16
2.65015 7.786179e-16
2.65958 7.735255e-16
2.66901 7.743391e-16
2.67845 7.715028e-16
2.68789 7.795183e-16
2.69734 7.731335e-16
2.70679 8.038193e-16
2.71625 7.550229e-16
2.72571 7.569298e-16
2.73517 7.501326e-16
2.74464 7.165078e-16
2.75412 7.279417e-16
2.76359 7.004371e-16
2.77308 7.130688e-16
2.78256 7.282947e-16
2.79205 7.152967e-16
2.80155 7.090219e-16
2.81104 6.908181e-16
2.82055 7.40355e-16
2.83005 7.096544e-16
2.83956 7.232973e-16
2.84908 7.085557e-16
2.85859 7.501115e-16
2.86811 7.074565e-16
2.87764 6.79386e-16
2.88717 6.683432e-16
2.8967 6.747783e-16
2.90623 6.811003e-16
2.91577 6.93746e-16
2.92531 6.853557e-16
2.93486 6.816434e-16
2.94441 6.589027e-16
2.95396 6.660457e-16
2.96351 6.783245e-16
2.97307 6.847281e-16
2.98263 6.802588e-16
2.9922 6.910892e-16
3.00176 6.824124e-16
3.01133 7.046943e-16
3.02091 7.059665e-16
3.03048 7.079719e-16
3.04006 6.830001e-16
3.04964 6.613995e-16
3.05923 6.445957e-16
3.06881 6.438168e-16
3.0784 6.54722e-16
3.088 6.781616e-16
3.09759 6.692242e-16
3.10719 6.753362e-16
3.11679 6.742811e-16
3.12639 6.757443e-16
3.136 6.66645e-16
3.14561 6.571387e-16
3.15522 6.467152e-16
3.16483 6.442509e-16
3.17445 6.475196e-16
3.18406 6.628676e-16
3.19368 6.341925e-16
3.20331 6.280015e-16
3.21293 6.219997e-16
3.22256 6.296193e-16
3.23219 6.344472e-16
3.24182 6.290805e-16
3.25145 6.354845e-16
3.26108 6.237073e-16
3.27072 5.858458e-16
3.28036 5.616287e-16
3.29 5.95994e-16
3.29964 6.260904e-16
3.30929 6.155585e-16
3.31893 6.270616e-16
3.32858 6.318685e-16
3.33823 6.39429e-16
3.34788 6.098315e-16
3.35754 6.064486e-16
3.36719 6.315381e-16
3.37685 6.41627e-16
3.38651 6.343692e-16
3.39617 6.477071e-16
3.40583 6.335725e-16
3.4155 6.366096e-16
3.42516 6.656645e-16
3.43483 6.616123e-16
3.4445 6.230078e-16
3.45417 6.129489e-16
3.46384 6.195575e-16
3.47351 6.338193e-16
3.48319 6.152019e-16
3.49286 6.269519e-16
3.50254 6.288636e-16
3.51222 6.600053e-16
3.5219 6.327558e-16
3.53158 6.212032e-16
3.54126 6.111407e-16
3.55094 6.003063e-16
3.56063 5.95001e-16
3.57032 5.82354e-16
3.58 5.740299e-16
3.58969 5.668578e-16
3.59938 5.652799e-16
3.60907 5.650717e-16
3.61876 5.779323e-16
3.62846 5.804607e-16
3.63815 5.601627e-16
3.64785 5.655468e-16
3.65754 5.715652e-16
3.66724 5.742381e-16
3.67694 5.763051e-16
3.68664 5.728868e-16
3.69634 5.761138e-16
3.70604 5.715118e-16
3.71574 5.655567e-16
3.72545 5.482305e-16
3.73515 5.534686e-16
3.74485 5.684121e-16
3.75456 5.703797e-16
3.76427 5.62486e-16
3.77397 5.631227e-16
3.78368 5.748519e-16
3.79339 5.546494e-16
3.8031 5.481917e-16
3.81281 5.514529e-16
3.82252 5.461502e-16
3.83224 5.50705e-16
3.84195 5.577674e-16
3.85166 5.531358e-16
3.86138 5.553371e-16
3.87109 5.506228e-16
3.88081 5.448694e-16
3.89052 5.409379e-16
3.90024 5.365001e-16
3.90996 5.536835e-16
3.91968 5.367931e-16
3.92939 5.36269e-16
3.93911 5.39832e-16
3.94883 5.40098e-16
3.95855 5.404262e-16
3.96827 5.368832e-16
3.978 5.232639e-16
3.98772 5.069032e-16
3.99744 5.143276e-16
4.00716 5.311168e-16
4.01689 5.284208e-16
4.02661 5.329231e-16
4.03633 5.390035e-16
4.04606 5.369659e-16
4.05578 4.7698e-16
4.06551 5.164125e-16
4.07524 4.994236e-16
4.08496 5.045813e-16
4.09469 5.068636e-16
4.10442 5.098828e-16
4.11414 4.928507e-16
4.12387 4.971713e-16
4.1336 5.2426e-16
4.14333 5.439068e-16
4.15305 5.368748e-16
4.16278 5.479468e-16
4.17251 5.224046e-16
4.18224 5.123684e-16
4.19197 5.07685e-16
4.2017 5.238881e-16
4.21143 5.182655e-16
4.22116 5.095033e-16
4.23089 4.986281e-16
4.24062 4.848817e-16
4.25035 4.781611e-16
4.26008 4.737487e-16
4.26982 4.698434e-16
4.27955 4.736212e-16
4.28928 4.792456e-16
4.29901 4.835261e-16
4.30874 4.784192e-16
4.31847 4.728582e-16
4.3282 4.693244e-16
4.33793 4.751412e-16
4.34767 4.723884e-16
4.3574 4.889082e-16
4.36713 4.903777e-16
4.37686 4.656085e-16
4.38659 4.649611e-16
4.39633 4.397241e-16
4.40606 4.682541e-16
4.41579 4.433759e-16
4.42552 4.599057e-16
4.43525 4.454361e-16
4.44498 4.560502e-16
4.45472 4.641945e-16
4.46445 4.665002e-16
4.47418 4.468198e-16
4.48391 4.527857e-16
4.49364 4.237101e-16
4.50337 4.511983e-16
4.5131 4.442153e-16
4.52283 4.403876e-16
4.53256 4.512507e-16
4.54229 4.592677e-16
4.55203 4.431456e-16
4.56175 4.398721e-16
4.57148 4.387406e-16
4.58121 4.412241e-16
4.59094 4.276341e-16
4.60067 4.234331e-16
4.6104 4.376373e-16
4.62013 4.125135e-16
4.62986 4.130236e-16
4.63959 4.090038e-16
4.64931 4.115417e-16
4.65904 4.239752e-16
4.66877 4.360583e-16
4.67849 4.291004e-16
4.68822 4.133763e-16
4.69794 4.247673e-16
4.70767 4.11546e-16
4.71739 4.241555e-16
4.72712 4.29422e-16
4.73684 4.28914e-16
4.74657 4.321253e-16
4.75629 3.84141e-16
4.76601 4.326277e-16
4.77573 4.337259e-16
4.78545 4.355484e-16
4.79517 4.390132e-16
4.80489 4.436195e-16
4.81461 4.452026e-16
4.82433 4.202128e-16
4.83405 4.103605e-16
4.84377 4.271496e-16
4.85349 4.350242e-16
4.8632 4.260686e-16
4.87292 4.160454e-16
4.88263 4.090764e-16
4.89235 3.925303e-16
5.0 3.932991e-16
5.1 3.827043e-16
5.2 3.723345e-16
5.3 3.621938e-16
5.4 3.522851e-16
5.51967 3.404228e-16
5.54991 3.303686e-16
5.58015 3.269491e-16
5.61039 3.280518e-16
5.64063 3.2745e-16
5.67088 3.251965e-16
5.70112 3.280027e-16
5.73136 3.1776e-16
5.7616 3.117421e-16
5.79184 3.131237e-16
5.82209 3.103101e-16
5.85233 3.035207e-16
5.88257 3.007443e-16
5.91281 3.009052e-16
5.94305 2.962745e-16
5.9733 2.942811e-16
6.00354 2.943061e-16
6.03378 2.923021e-16
6.06402 2.937224e-16
6.09426 2.901329e-16
6.12451 2.87464e-16
6.15475 2.863811e-16
6.18499 2.842609e-16
6.21523 2.823083e-16
6.24547 2.796484e-16
6.27572 2.788488e-16
6.30596 2.741388e-16
6.3362 2.72634e-16
6.36644 2.709452e-16
6.39668 2.701205e-16
6.42693 2.718514e-16
6.45717 2.642078e-16
6.48741 2.581293e-16
6.51765 2.609008e-16
6.54789 2.57801e-16
6.57814 2.533926e-16
6.60838 2.579085e-16
6.63862 2.530335e-16
6.66886 2.526742e-16
6.6991 2.483683e-16
6.72935 2.468752e-16
6.75959 2.427828e-16
6.78983 2.403628e-16
6.82007 2.383896e-16
6.85031 2.439382e-16
6.88056 2.429133e-16
6.9108 2.36136e-16
6.94104 2.336576e-16
6.97128 2.288704e-16
7.00152 2.273682e-16
7.03177 2.25749e-16
7.06201 2.247763e-16
7.09225 2.2377e-16
7.12249 2.289015e-16
7.15273 2.290767e-16
7.18298 2.225797e-16
7.21322 2.316683e-16
7.24346 2.280535e-16
7.2737 2.204028e-16
7.30394 2.120093e-16
7.33419 2.111955e-16
7.36443 2.154507e-16
7.39467 2.16207e-16
7.42491 2.129118e-16
7.45515 2.125489e-16
7.4854 2.11525e-16
7.51564 2.11697e-16
7.57612 2.113114e-16
7.6366 2.080991e-16
7.69709 2.111563e-16
7.75757 2.100733e-16
7.81805 2.052931e-16
7.87854 2.053156e-16
7.93902 2.044372e-16
7.99951 1.958427e-16
8.05999 1.923511e-16
8.12047 1.89709e-16
8.180959 1.853395e-16
8.24144 1.82641e-16
8.30192 1.817267e-16
8.362409 1.769304e-16
8.42289 1.767129e-16
8.48337 1.62927e-16
8.54386 1.748437e-16
8.60434 1.726527e-16
8.66483 1.716532e-16
8.72531 1.709216e-16
8.785791 1.664237e-16
8.84628 1.663033e-16
8.90676 1.637409e-16
8.967241 1.639025e-16
9.02773 1.619887e-16
9.08821 1.620385e-16
9.14869 1.602573e-16
9.20918 1.602435e-16
9.26966 1.649453e-16
9.33015 1.629401e-16
9.39063 1.614804e-16
9.45111 1.619676e-16
9.511599 1.621768e-16
9.57208 1.624697e-16
9.63256 1.630175e-16
9.69305 1.643698e-16
9.75353 1.64057e-16
9.814009 1.666265e-16
9.8745 1.675806e-16
9.93498 1.665373e-16
9.99547 1.675865e-16
10.05595 1.687442e-16
10.11643 1.69343e-16
10.17692 1.680974e-16
10.2374 1.665002e-16
10.29788 1.660302e-16
10.35837 1.653692e-16
10.41885 1.652188e-16
10.47933 1.649597e-16
10.53982 1.645899e-16
10.6003 1.634832e-16
10.660791 1.646918e-16
10.72127 1.631934e-16
10.78175 1.618447e-16
10.842241 1.651745e-16
10.90272 1.645487e-16
10.9632 1.595822e-16
11.02369 1.568837e-16
11.08417 1.560994e-16
11.144651 1.537152e-16
11.20514 1.532742e-16
11.26562 1.507332e-16
11.32611 1.505241e-16
11.38659 1.479352e-16
11.44707 1.473378e-16
11.50756 1.470847e-16
11.56804 1.472014e-16
11.62852 1.46786e-16
11.689009 1.468676e-16
11.74949 1.438887e-16
11.80997 1.397662e-16
11.870459 1.378867e-16
11.93094 1.364073e-16
11.99143 1.346457e-16
12.05191 1.316642e-16
12.11239 1.316578e-16
12.17288 1.309133e-16
12.23336 1.286606e-16
12.293841 1.270835e-16
12.35433 1.259753e-16
12.41481 1.248693e-16
12.475291 1.24423e-16
12.53578 1.209531e-16
12.59626 1.202367e-16
12.65675 1.197064e-16
12.71723 1.176809e-16
12.77771 1.176724e-16
12.8382 1.156258e-16
12.89868 1.140583e-16
12.95916 1.117158e-16
13.019651 1.110038e-16
13.08013 1.104391e-16
13.140609 1.095914e-16
13.2011 1.156503e-16
13.26158 1.225932e-16
13.322059 1.142745e-16
13.38255 1.034623e-16
13.44303 1.047741e-16
13.50352 1.021134e-16
13.564 1.040307e-16
13.62448 1.026269e-16
13.68497 1.035792e-16
13.74545 1.034622e-16
13.80593 1.02474e-16
13.86642 1.021124e-16
13.9269 1.034931e-16
13.98738 1.028621e-16
14.06935 9.418689000000001e-17
14.15403 9.590401000000001e-17
14.238711 9.725238e-17
14.323381 9.783810000000001e-17
14.408059 9.900917000000001e-17
14.492739 9.934443000000001e-17
14.577409 1.000863e-16
14.662091 1.023809e-16
14.74677 1.048524e-16
14.83145 1.084236e-16
14.91612 1.039806e-16
15.0008 1.028482e-16
15.08548 1.020434e-16
15.17015 1.006332e-16
15.25483 1.006217e-16
15.339509 1.013059e-16
15.42418 9.954277e-17
15.508859 1.002805e-16
15.593541 9.927299000000001e-17
15.678211 9.780276e-17
15.762891 9.866328000000001e-17
15.84757 1.00211e-16
15.932239 1.035322e-16
16.01692 1.085631e-16
16.1016 1.255147e-16
16.18628 1.108636e-16
16.27095 1.067952e-16
16.355631 1.038628e-16
16.440309 1.014538e-16
16.524981 1.029645e-16
16.609659 1.02412e-16
16.694339 1.030739e-16
16.779011 1.042142e-16
16.863689 1.033029e-16
16.94837 1.028696e-16
17.033039 1.02023e-16
17.11772 1.024469e-16
17.2024 9.999404000000001e-17
17.287069 9.874046000000001e-17
17.37175 9.939819e-17
17.45643 1.001607e-16
17.541109 9.869917000000001e-17
17.62578 9.923602000000001e-17
17.710461 9.939817000000001e-17
17.795139 9.510728e-17
17.879811 9.526091e-17
17.964491 9.650297000000001e-17
18.04917 9.523633e-17
18.133841 9.628758000000001e-17
18.218519 9.406682000000001e-17
18.3032 9.247066000000001e-17
18.38787 9.444735000000001e-17
18.47255 9.322872000000001e-17
18.55723 9.261146000000001e-17
18.641898 9.124332000000001e-17
18.72658 8.930454000000001e-17
18.811261 8.921971000000001e-17
18.895941 8.809380000000001e-17
18.980609 8.554567000000001e-17
19.065291 8.439915e-17
19.149969 8.364111000000001e-17
19.234641 8.455468000000001e-17
19.31932 8.525677e-17
19.404 8.984554000000001e-17
19.48867 8.355197000000001e-17
19.573352 8.160199000000001e-17
19.65803 8.37539e-17
19.7427 8.119185e-17
19.82738 7.937887e-17
19.912059 7.833331e-17
19.996731 7.516720000000001e-17
20.081409 7.667353e-17
20.166091 7.45525e-17
20.25077 7.338821000000001e-17
20.335439 7.117094000000001e-17
20.42012 7.12677e-17
20.504802 6.799676e-17
20.58947 6.841416e-17
20.75883 6.797636000000001e-17
20.928181 6.536088e-17
21.09753 6.220096e-17
21.266889 6.145688000000001e-17
21.436239 5.992481e-17
21.6056 5.950898e-17
21.77495 5.89602e-17
21.9443 5.4825050000000005e-17
22.113661 5.3265940000000005e-17
22.283011 5.265747000000001e-17
22.452359 5.116938e-17
22.621719 5.086103e-17
22.79107 4.7902400000000005e-17
22.96043 4.7158910000000004e-17
23.12978 4.5611290000000005e-17
23.29913 4.4443540000000004e-17
23.468491 4.3797730000000006e-17
23.637841 4.3231910000000003e-17
23.807191 4.150377e-17
23.976548 3.9673770000000005e-17
24.1459 3.8733550000000004e-17
24.315259 3.8586110000000006e-17
24.484609 3.6614820000000006e-17
24.653959 3.6118370000000006e-17
24.82332 3.6113180000000003e-17
24.99267 3.5714220000000003e-17
25.16202 3.546728e-17
25.331381 3.4099820000000003e-17
25.500731 3.3946460000000004e-17
25.670089 3.246154e-17
25.839439 3.1083110000000005e-17
26.008789 3.072127e-17
26.17815 2.931294e-17
26.3475 2.8012980000000004e-17
26.51685 2.844157e-17
26.686209 3.264211e-17
26.855559 3.8169090000000003e-17
27.024919 2.737341e-17
27.194269 2.5864360000000003e-17
27.363622 2.543132e-17
27.532981 2.4944780000000004e-17
27.702328 2.433879e-17
27.871678 2.3693870000000002e-17
28.041041 2.3103900000000002e-17
28.210391 2.3458930000000002e-17
28.37975 2.314471e-17
28.5491 2.240844e-17
28.71845 2.224132e-17
28.887809 2.2391930000000003e-17
29.057159 2.2262080000000002e-17
29.226509 2.21896e-17
29.395869 2.1884950000000003e-17
29.565219 2.1268930000000003e-17
29.734578 2.1496040000000002e-17
29.903931 2.092703e-17
30.073281 2.0082750000000002e-17
30.242641 1.97298e-17
30.411991 1.9943480000000002e-17
30.581341 1.9406790000000002e-17
30.7507 1.9336390000000003e-17
30.92005 1.9079300000000003e-17
31.089409 1.923181e-17
31.258759 1.876567e-17
31.428109 1.827441e-17
31.597469 1.8596290000000002e-17
31.766822 1.876725e-17
31.936172 1.7945540000000003e-17
32.105531 1.73983e-17
32.274878 1.685463e-17
32.444241 1.7334790000000003e-17
32.613591 1.7563730000000002e-17
32.782941 1.7210710000000002e-17
32.9523 1.710138e-17
33.12165 1.6659130000000002e-17
33.291 1.7088710000000002e-17
33.460363 1.7018520000000002e-17
33.629713 1.685973e-17
33.799069 1.729561e-17
33.968419 1.829205e-17
34.137772 1.7495060000000003e-17
34.307128 1.693367e-17
34.476478 1.926832e-17
34.645828 2.099662e-17
34.815191 1.896796e-17
34.984538 1.6421940000000002e-17
35.1539 1.531609e-17
35.32325 1.4046660000000002e-17
35.4926 1.4928650000000003e-17
35.661959 1.5581160000000003e-17
35.831309 1.861033e-17
36.000659 2.495746e-17
36.170022 1.8233320000000002e-17
36.339372 1.635265e-17
36.508731 1.426017e-17
36.678081 1.229634e-17
36.847431 1.3966030000000002e-17
37.016787 1.4529880000000002e-17
37.186138 1.499676e-17
37.355491 1.352029e-17
