2.066e-05 2.188924e-10
2.174e-05 2.406625e-10
2.445e-05 1.884614e-10
2.736e-05 1.644498e-10
2.982e-05 1.377243e-10
3.193e-05 1.452775e-10
3.368e-05 1.4309e-10
3.538e-05 1.280376e-10
3.689e-05 1.377923e-10
3.821e-05 1.366385e-10
3.963e-05 1.118674e-10
4.112e-05 1.038669e-10
4.253e-05 9.859401e-11
4.369e-05 1.151467e-10
4.483e-05 9.52641e-11
4.596e-05 1.000952e-10
4.701e-05 8.392766e-11
4.799e-05 9.547835e-11
4.885e-05 9.710898e-11
4.984e-05 7.686967e-11
5.086e-05 8.425849e-11
5.175e-05 8.093069e-11
5.258e-05 8.4857e-11
5.34e-05 7.500499e-11
5.419e-05 7.927684e-11
5.491e-05 8.203755e-11
5.565e-05 7.099062e-11
5.646e-05 7.143231e-11
5.73e-05 6.785174e-11
5.805e-05 7.520052e-11
5.871e-05 7.268919e-11
5.938e-05 7.077326e-11
6.007e-05 7.168479e-11
6.078e-05 6.574258e-11
6.144e-05 7.466145e-11
6.206e-05 6.858194e-11
6.268e-05 6.611464e-11
6.332e-05 7.28525e-11
6.398e-05 6.840392e-11
6.464e-05 6.466884e-11
6.526e-05 6.970312e-11
6.588e-05 6.203972e-11
6.659e-05 5.676767e-11
6.724e-05 6.832917e-11
6.783e-05 5.909608e-11
6.843e-05 5.743323e-11
6.903e-05 6.059502e-11
6.966e-05 6.17325e-11
7.029e-05 5.858223e-11
7.085e-05 6.330019e-11
7.142e-05 5.151884e-11
7.2e-05 5.978476e-11
7.259e-05 5.252004e-11
7.328e-05 5.433479e-11
7.398e-05 5.13167e-11
7.46e-05 6.122946e-11
7.514e-05 5.153145e-11
7.569e-05 5.597652e-11
7.625e-05 5.585234e-11
7.682e-05 5.120473e-11
7.739e-05 4.961002e-11
7.798e-05 5.17439e-11
7.857e-05 5.354354e-11
7.917e-05 5.024586e-11
7.979e-05 4.656592e-11
8.041e-05 4.690235e-11
8.104e-05 4.486153e-11
8.168e-05 4.426582e-11
8.233e-05 5.02966e-11
8.299e-05 4.594459e-11
8.366e-05 4.169725e-11
8.434e-05 4.17735e-11
8.492e-05 4.854909e-11
8.551e-05 4.374216e-11
8.61e-05 5.112727e-11
8.67e-05 4.225773e-11
8.731e-05 4.584752e-11
8.781e-05 4.518806e-11
8.831e-05 4.426712e-11
8.881e-05 4.229046e-11
8.933e-05 4.565769e-11
8.984e-05 4.632865e-11
9.037e-05 4.095513e-11
9.09e-05 4.10587e-11
9.143e-05 4.16253e-11
9.198e-05 3.884908e-11
9.253e-05 4.088388e-11
9.308e-05 3.62835e-11
9.364e-05 4.254733e-11
9.421e-05 3.821154e-11
9.479e-05 3.968446e-11
9.537e-05 3.918771e-11
9.596e-05 4.148189e-11
9.656e-05 4.06117e-11
9.717e-05 4.240414e-11
9.778e-05 3.824396e-11
9.84e-05 3.840547e-11
9.903e-05 3.42612e-11
9.967e-05 3.699929e-11
0.00010031 3.383141e-11
0.00010097 3.617933e-11
0.00010163 3.339631e-11
0.0001023 3.205437e-11
0.00010298 3.633024e-11
0.00010367 3.339931e-11
0.00010436 3.497119e-11
0.00010507 3.407587e-11
0.00010579 3.459123e-11
0.00010652 3.693625e-11
0.00010725 3.406036e-11
0.000108 3.379187e-11
0.00010876 3.499861e-11
0.00010933 3.474604e-11
0.00010972 3.264648e-11
0.00011031 2.958447e-11
0.0001109 3.302785e-11
0.0001113 3.134329e-11
0.0001117 3.61434e-11
0.0001121 3.20849e-11
0.00011251 2.927626e-11
0.00011313 3.081011e-11
0.00011375 3.086936e-11
0.00011417 3.094461e-11
0.00011459 3.308999e-11
0.00011501 3.472782e-11
0.00011544 3.42493e-11
0.00011587 2.914116e-11
0.00011631 2.778172e-11
0.00011675 2.87698e-11
0.00011719 3.118437e-11
0.00011763 3.510108e-11
0.00011808 2.780424e-11
0.00011853 2.632862e-11
0.00011899 2.795924e-11
0.00011945 3.131707e-11
0.00011991 2.947669e-11
0.00012037 2.881694e-11
0.00012084 3.032658e-11
0.00012132 2.96364e-11
0.00012179 2.795914e-11
0.00012227 2.885436e-11
0.00012276 2.989908e-11
0.00012325 2.836012e-11
0.00012374 2.606774e-11
0.00012423 2.966753e-11
0.00012473 2.830368e-11
0.00012524 2.83301e-11
0.00012575 2.888438e-11
0.00012626 2.445051e-11
0.00012677 2.64507e-11
0.00012729 2.768125e-11
0.00012782 2.586339e-11
0.00012835 2.530761e-11
0.00012888 2.89031e-11
0.00012921 3.392527e-11
0.00012942 2.513279e-11
0.00012996 2.782535e-11
0.00013788 2.706883e-11
0.0001453 2.623225e-11
0.00015207 2.187503e-11
0.00015845 2.162306e-11
0.0001636 2.534553e-11
0.00016838 2.072644e-11
0.00017338 1.925572e-11
0.0001783 1.833959e-11
0.00018282 1.955453e-11
0.0001871 1.832808e-11
0.00019136 1.712074e-11
0.0001955 1.810592e-11
0.00019935 1.866181e-11
0.00020277 2.314371e-11
0.00020605 1.750531e-11
0.00020963 1.570256e-11
0.00021369 1.548601e-11
0.00021782 1.527447e-11
0.00022192 1.386089e-11
0.00022606 1.399298e-11
0.00023015 1.439826e-11
0.00023428 1.335884e-11
0.00023845 1.250715e-11
0.00024265 1.267787e-11
0.00024713 1.085521e-11
0.0002519 1.0114e-11
0.00025618 1.326007e-11
0.00026036 1.027901e-11
0.0002648 1.177415e-11
0.00026896 1.123487e-11
0.00027296 1.239237e-11
0.00027739 9.940176e-12
0.00028196 1.110068e-11
0.00028636 9.276147e-12
0.00029089 9.871559e-12
0.00029557 8.7598e-12
0.0003004 9.346516e-12
0.00030521 8.424148e-12
0.00030998 8.960229e-12
0.0003147 9.19297e-12
0.00031957 9.003699e-12
0.00032437 8.179019e-12
0.00032911 8.682077e-12
0.00033398 8.063358e-12
0.00033901 7.868424e-12
0.0003437 9.138582e-12
0.00034829 7.817689e-12
0.00035299 8.404234e-12
0.00035784 8.074907e-12
0.00036281 7.8047e-12
0.00036765 7.727035e-12
0.00037234 7.67493e-12
0.00037716 6.846116e-12
0.00038239 6.80758e-12
0.00038777 6.818457e-12
0.00039331 6.335923e-12
0.000399 5.936417e-12
0.00040453 6.755884e-12
0.00040988 6.239917e-12
0.00041537 5.906766e-12
0.00042102 5.79705e-12
0.00042681 5.907647e-12
0.00043239 6.599825e-12
0.00043813 5.574547e-12
0.000444 6.103843e-12
0.00044964 5.658254e-12
0.00045542 5.39279e-12
0.00046092 5.826681e-12
0.00046611 5.746645e-12
0.00047143 5.519458e-12
0.00047733 5.018882e-12
0.00048337 5.038566e-12
0.00048958 4.846223e-12
0.00049593 4.95859e-12
0.00050195 4.56815e-12
0.00050812 4.997827e-12
0.00051444 4.644573e-12
0.00052092 4.754499e-12
0.00052756 4.390387e-12
0.00053437 4.165301e-12
0.00054076 4.345046e-12
0.00054671 3.982645e-12
0.00055279 3.84498e-12
0.00055901 3.713479e-12
0.00056472 3.909705e-12
0.0005699 3.821554e-12
0.00057517 4.145107e-12
0.00057986 4.451899e-12
0.00058394 3.98953e-12
0.00058808 4.227215e-12
0.00059228 4.1771e-12
0.00059654 4.198635e-12
0.00060085 3.639088e-12
0.00060524 3.837505e-12
0.00060968 4.19124e-12
0.00061419 3.594997e-12
0.00061876 3.834212e-12
0.0006234 3.907243e-12
0.00062811 3.694306e-12
0.00063289 3.596828e-12
0.00063774 3.502713e-12
0.00064267 3.716881e-12
0.00064766 3.744461e-12
0.00065274 3.168512e-12
0.0006579 3.533594e-12
0.00066313 3.07877e-12
0.00066845 3.344724e-12
0.00067385 3.402644e-12
0.00067933 3.218527e-12
0.00068491 3.213953e-12
0.00068961 3.361426e-12
0.00069343 3.357733e-12
0.00069728 3.171254e-12
0.00070118 3.335517e-12
0.00070512 3.172055e-12
0.00070911 3.077599e-12
0.00071314 2.863461e-12
0.00071721 3.243584e-12
0.00072133 2.87689e-12
0.00072549 3.115205e-12
0.0007297 3.135189e-12
0.00073396 3.422458e-12
0.00073827 3.203236e-12
0.00074262 3.29518e-12
0.00074703 3.087356e-12
0.00075149 2.956956e-12
0.000756 3.305026e-12
0.00076056 2.633211e-12
0.00076518 3.388684e-12
0.00076985 2.895403e-12
0.00077457 2.954334e-12
0.00077936 2.841005e-12
0.0007842 2.593955e-12
0.0007891 2.968994e-12
0.00079405 2.874168e-12
0.00079907 2.627217e-12
0.00080415 2.60211e-12
0.00080929 2.781324e-12
0.0008145 2.755336e-12
0.00081977 2.594635e-12
0.00082512 2.319244e-12
0.00083052 2.729758e-12
0.000836 2.820251e-12
0.00084155 2.492995e-12
0.00084717 2.541989e-12
0.00085286 2.690471e-12
0.00085863 2.468678e-12
0.00086447 2.696776e-12
0.00087039 2.603751e-12
0.00087639 2.361854e-12
0.00088247 2.625436e-12
0.00088863 2.526088e-12
0.00089488 2.403453e-12
0.00090122 2.536405e-12
0.00090764 2.42818e-12
0.00091416 2.563614e-12
0.00092076 2.402912e-12
0.00092746 2.608675e-12
0.00093426 2.31254e-12
0.00094116 2.305825e-12
0.00094638 2.686468e-12
0.00095168 2.256751e-12
0.00095883 2.288303e-12
0.00096609 2.260594e-12
0.00097345 2.132145e-12
0.00098093 1.840503e-12
0.00098852 2.09568e-12
0.00099622 2.0386e-12
0.0010021 2.291745e-12
0.001008 2.209398e-12
0.001016 1.959566e-12
0.0010242 2.016045e-12
0.0010324 2.059805e-12
0.0010387 2.268059e-12
0.0010429 2.140351e-12
0.0010494 1.984723e-12
0.0010559 2.014824e-12
0.0010602 2.190405e-12
0.0010646 2.12466e-12
0.0010691 2.082721e-12
0.0010736 1.992549e-12
0.0010781 1.976537e-12
0.0010827 1.972655e-12
0.0010873 1.931306e-12
0.0010919 2.071493e-12
0.0010966 2.061036e-12
0.0011013 1.931966e-12
0.0011061 1.813995e-12
0.0011109 1.945846e-12
0.0011157 1.857255e-12
0.0011206 1.933197e-12
0.0011255 1.897102e-12
0.0011305 2.02387e-12
0.0011355 1.817037e-12
0.0011406 1.849039e-12
0.0011457 1.797614e-12
0.0011509 1.842204e-12
0.0011561 1.845217e-12
0.0011613 1.877009e-12
0.0011666 1.812124e-12
0.001172 1.696494e-12
0.0011774 1.698655e-12
0.0011828 1.882803e-12
0.0011883 1.695993e-12
0.0011939 1.624304e-12
0.0011995 1.747439e-12
0.0012051 1.621622e-12
0.0012108 1.765872e-12
0.0012166 1.996031e-12
0.0012224 1.614897e-12
0.0012283 1.899714e-12
0.0012343 1.774247e-12
0.0012403 1.639594e-12
0.0012463 1.539385e-12
0.0012524 1.626295e-12
0.0012586 1.678631e-12
0.0012649 1.690369e-12
0.0012712 1.679232e-12
0.0012775 1.767883e-12
0.001284 1.585507e-12
0.0012905 1.742596e-12
0.001297 1.708992e-12
0.0013037 1.704139e-12
0.0013104 1.730207e-12
0.0013172 1.840173e-12
0.001324 1.626705e-12
0.001331 1.394115e-12
0.001338 1.658788e-12
0.001345 1.564062e-12
0.0013522 1.624794e-12
0.0013594 1.450443e-12
0.0013667 1.515068e-12
0.0013741 1.551043e-12
0.0013816 1.568505e-12
0.0013892 1.494664e-12
0.0013968 1.461321e-12
0.0014046 1.4448e-12
0.0014124 1.345161e-12
0.0014203 1.487329e-12
0.0014283 1.466855e-12
0.0014364 1.35859e-12
0.0014446 1.475391e-12
0.0014529 1.411977e-12
0.0014613 1.321104e-12
0.0014698 1.436114e-12
0.0014784 1.460801e-12
0.0014871 1.289222e-12
0.0014959 1.505702e-12
0.0015048 1.353977e-12
0.0015138 1.607532e-12
0.001523 1.489681e-12
0.0015322 1.321994e-12
0.0015416 1.457368e-12
0.0015511 1.427648e-12
0.0015607 1.309146e-12
0.0015705 1.407063e-12
0.0015803 1.399908e-12
0.0015903 1.395195e-12
0.0016004 1.415319e-12
0.0016107 1.220304e-12
0.0016211 1.322165e-12
0.0016317 1.363353e-12
0.0016424 1.220584e-12
0.0016532 1.253947e-12
0.0016642 1.251496e-12
0.0016753 1.369077e-12
0.0016866 1.222786e-12
0.0016981 1.307294e-12
0.0017097 1.346311e-12
0.0017215 1.193886e-12
0.0017334 1.254218e-12
0.0017455 1.200911e-12
0.0017579 1.152537e-12
0.0017703 1.19972e-12
0.001783 1.242259e-12
0.0017959 1.157541e-12
0.0018089 1.144252e-12
0.0018222 1.041911e-12
0.0018357 1.117793e-12
0.0018493 1.118114e-12
0.0018632 1.065927e-12
0.0018774 1.131363e-12
0.0018917 1.076064e-12
0.0019062 1.180547e-12
0.001921 1.038939e-12
0.0019361 1.081478e-12
0.0019514 1.089284e-12
0.0019669 1.059223e-12
0.0019827 1.125048e-12
0.0019988 9.781407e-13
0.0020151 1.083189e-12
0.0020318 1.015432e-12
0.0020487 1.041711e-12
0.0020659 1.028261e-12
0.0020834 1.052538e-12
0.0021012 9.777614e-13
0.0021194 9.769278e-13
0.0021378 1.02672e-12
0.0021567 1.027771e-12
0.0021758 9.787791e-13
0.0021954 9.654699e-13
0.0022152 9.38071e-13
0.0022355 8.911585e-13
0.0022562 1.015643e-12
0.0022772 9.023643e-13
0.0022987 9.109713e-13
0.0023206 8.939274e-13
0.0023429 9.577737e-13
0.0023657 8.943167e-13
0.002389 9.099285e-13
0.0024127 8.392196e-13
0.0024369 8.190527e-13
0.0024617 8.380557e-13
0.0024869 8.459642e-13
0.0025128 8.078099e-13
0.0025391 8.422076e-13
0.0025661 7.813485e-13
0.0025936 8.627629e-13
0.0026218 7.155791e-13
0.0026506 7.928735e-13
0.0026801 8.277036e-13
0.0027102 7.363574e-13
0.0027411 7.869565e-13
0.0027727 7.37212e-13
0.0028051 7.34423e-13
0.0028382 7.272862e-13
0.0028722 7.144723e-13
0.002907 6.753532e-13
0.0029427 6.462411e-13
0.0029793 6.731247e-13
0.0030169 6.283026e-13
0.0030555 6.281936e-13
0.0030951 6.226758e-13
0.0031357 6.177624e-13
0.0031775 5.862396e-13
0.0032204 6.207935e-13
0.0032646 5.892717e-13
0.00331 5.563579e-13
0.0033567 5.610762e-13
0.0034048 5.708549e-13
0.0034543 5.446448e-13
0.0035054 5.304489e-13
0.003558 5.11733e-13
0.0036122 5.18893e-13
0.0036681 4.975522e-13
0.0037259 5.125076e-13
0.0037855 5.118641e-13
0.0038472 4.464689e-13
0.0039109 4.560825e-13
0.0039768 4.720716e-13
0.004045 4.818344e-13
0.092171 1.560905e-14
0.092672 1.984005e-14
0.093172 2.739087e-14
0.093672 3.497968e-14
0.094173 1.101561e-14
0.094673 2.065937e-14
0.095174 5.312911e-14
0.095674 7.519526e-15
0.096175 1.402405e-14
0.096676 1.788315e-14
0.097176 2.256901e-13
0.097677 2.639944e-14
0.100179 1.782491e-14
0.100679 2.180357e-14
0.103182 2.574682e-14
0.103682 2.951412e-14
0.104183 4.109749e-14
0.104683 2.914056e-14
0.105184 2.509784e-14
0.105684 2.891374e-14
0.106185 2.928205e-14
0.106685 3.620555e-14
0.107186 4.232074e-14
0.107686 3.963222e-14
0.108187 6.935797e-14
0.108688 8.353179e-14
0.109188 4.305313e-14
0.109689 3.423617e-14
0.110189 2.920127e-14
0.11069 3.019671e-14
0.11119 2.827392e-14
0.111691 3.010024e-14
0.112191 2.711593e-14
0.112692 3.001315e-14
0.113192 3.514182e-14
0.113693 4.536604e-14
0.114193 2.10426e-14
0.114694 2.436922e-14
0.115226 2.816553e-14
0.115729 2.539096e-14
0.116231 2.348163e-14
0.116734 2.678434e-14
0.117237 2.150953e-14
0.11774 1.657768e-14
0.118243 2.02624e-14
0.118746 1.77243e-14
0.119249 1.864093e-14
0.119752 1.854948e-14
0.120087 2.050196e-14
0.123272 2.632198e-14
0.123775 2.861636e-14
0.124278 3.217368e-14
0.124781 3.720142e-14
0.125284 4.232921e-14
0.125787 4.940543e-14
0.126289 7.162249e-14
0.126792 9.712886e-14
0.127295 1.151715e-13
0.127798 1.189155e-13
0.128301 9.769878e-14
0.128804 7.304082e-14
0.129307 5.734505e-14
0.12981 4.681266e-14
0.130313 3.897535e-14
0.130816 3.747527e-14
0.131319 3.318282e-14
0.131821 2.809106e-14
0.132324 2.522356e-14
0.132827 2.352557e-14
0.13333 1.921648e-14
0.133833 1.977766e-14
0.134336 1.978521e-14
0.134839 1.968074e-14
0.135342 1.944608e-14
0.135845 1.994167e-14
0.136348 2.105601e-14
0.13685 2.001181e-14
0.137353 2.059275e-14
0.137856 1.956209e-14
0.138359 1.891225e-14
0.138862 1.954607e-14
0.139365 1.729935e-14
0.139868 1.935697e-14
0.140371 1.885396e-14
0.140874 1.996309e-14
0.141377 1.865158e-14
0.141879 1.868225e-14
0.142382 1.650051e-14
0.142885 1.807879e-14
0.143388 1.862512e-14
0.143891 1.891656e-14
0.144394 2.053666e-14
0.144897 2.05463e-14
0.1454 2.250715e-14
0.145903 2.117507e-14
0.146406 2.451252e-14
0.146908 2.476122e-14
0.147411 2.343926e-14
0.147914 2.320836e-14
0.148417 1.958067e-14
0.14892 1.874064e-14
0.149423 1.752782e-14
0.149926 1.748147e-14
0.150429 1.685272e-14
0.150932 1.737461e-14
0.151435 1.673899e-14
0.151937 1.833383e-14
0.15244 1.642429e-14
0.152943 1.579366e-14
0.153446 1.617158e-14
0.153949 1.833595e-14
0.154452 2.010184e-14
0.154955 1.916225e-14
0.155458 2.185216e-14
0.155961 2.299513e-14
0.156464 2.171817e-14
0.156966 2.539245e-14
0.157469 2.650846e-14
0.157972 2.623861e-14
0.158475 2.887414e-14
0.158978 3.182086e-14
0.159481 3.615179e-14
0.159984 3.812785e-14
0.160487 4.531991e-14
0.16099 5.365571e-14
0.161493 6.415286e-14
0.161995 6.652536e-14
0.162498 6.706114e-14
0.163001 6.713838e-14
0.163504 5.881125e-14
0.164007 4.830779e-14
0.16451 3.953761e-14
0.165013 3.570698e-14
0.165516 3.290248e-14
0.166019 3.219681e-14
0.166522 3.276133e-14
0.167024 2.60592e-14
0.167527 2.395352e-14
0.16803 2.309864e-14
0.168533 2.189079e-14
0.169036 2.029748e-14
0.169539 2.079266e-14
0.170042 2.061922e-14
0.170545 2.045844e-14
0.171048 1.919195e-14
0.171551 2.215535e-14
0.172054 2.00057e-14
0.172556 1.953966e-14
0.173059 2.019957e-14
0.173562 2.103454e-14
0.174065 2.068129e-14
0.174568 2.039766e-14
0.175071 1.893541e-14
0.175574 1.787384e-14
0.176077 1.592334e-14
0.17658 1.600181e-14
0.177083 1.481307e-14
0.177585 1.451777e-14
0.178088 1.505312e-14
0.178591 1.14737e-14
0.179094 1.564089e-14
0.179597 1.370723e-14
0.1801 1.279044e-14
0.180603 1.298819e-14
0.181106 1.311853e-14
0.181609 1.298575e-14
0.182112 1.346531e-14
0.182614 1.296098e-14
0.183117 1.317287e-14
0.18362 1.321498e-14
0.184123 1.289672e-14
0.184626 1.277672e-14
0.185129 1.336517e-14
0.185632 1.321883e-14
0.186135 1.285698e-14
0.186638 1.261671e-14
0.187141 1.301098e-14
0.187643 1.275775e-14
0.188146 1.302663e-14
0.188649 1.274375e-14
0.189152 1.290263e-14
0.189655 1.316288e-14
0.190158 1.305653e-14
0.190661 1.258545e-14
0.191164 1.340822e-14
0.191667 1.33958e-14
0.19217 1.356877e-14
0.192672 1.360017e-14
0.193175 1.322706e-14
0.193678 1.315938e-14
0.194181 1.319263e-14
0.194684 1.387591e-14
0.195394 1.981193e-14
0.195927 1.461228e-14
0.19646 2.019481e-14
0.196993 2.368359e-14
0.197526 1.876224e-14
0.198059 2.103429e-14
0.198593 2.556023e-14
0.199126 2.245033e-14
0.199659 2.910565e-14
0.200192 2.189533e-14
0.200725 2.624742e-14
0.201258 1.850863e-14
0.201792 2.090944e-14
0.202324 1.874799e-14
0.202858 1.45148e-14
0.203391 1.47181e-14
0.203924 1.359917e-14
0.204457 1.611253e-14
0.204991 1.11157e-14
0.205523 1.418722e-14
0.206057 1.263665e-14
0.20659 1.212451e-14
0.207123 1.02341e-14
0.207656 1.065971e-14
0.20819 1.209099e-14
0.208723 1.204798e-14
0.209256 1.549171e-14
0.209789 1.183978e-14
0.210322 1.191788e-14
0.210855 1.302564e-14
0.211389 1.344448e-14
0.211921 1.412926e-14
0.212455 1.657179e-14
0.212988 1.256618e-14
0.213521 1.033938e-14
0.214054 1.333207e-14
0.214588 1.257898e-14
0.215121 1.191374e-14
0.215654 1.438893e-14
0.216187 1.176849e-14
0.21672 1.410739e-14
0.217254 1.372209e-14
0.217786 7.967744e-15
0.21832 8.684139e-15
0.218852 1.20629e-14
0.219386 7.377194e-15
0.219919 1.379002e-14
0.220452 1.316339e-14
0.220985 1.253289e-14
0.221519 1.263711e-14
0.222052 7.859993e-15
0.222585 1.276553e-14
0.223118 1.227469e-14
0.223652 1.131887e-14
0.224184 7.831539e-15
0.224718 1.050966e-14
0.22525 1.185427e-14
0.225784 1.170497e-14
0.226317 9.732656e-15
0.22685 1.348654e-14
0.227383 9.725939e-15
0.227917 9.532514e-15
0.22845 9.823407e-15
0.228983 8.853509e-15
0.229516 1.081194e-14
0.230049 1.184803e-14
0.230582 1.024324e-14
0.231116 1.258485e-14
0.231648 8.38419e-15
0.232182 8.904962e-15
0.232715 1.198026e-14
0.233248 1.35226e-14
0.233781 1.108107e-14
0.234315 1.183656e-14
0.234848 1.036751e-14
0.235381 1.120536e-14
0.235914 1.020177e-14
0.236447 9.491569e-15
0.23698 1.115541e-14
0.237514 1.088653e-14
0.238046 1.092817e-14
0.23858 1.035409e-14
0.239113 1.063274e-14
0.239646 1.219279e-14
0.240179 1.140289e-14
0.240713 1.020437e-14
0.241246 9.915269e-15
0.241779 1.126924e-14
0.242312 1.314415e-14
0.242845 1.296273e-14
0.243379 1.408222e-14
0.243911 1.409465e-14
0.244445 1.352748e-14
0.244978 1.39677e-14
0.245511 1.45602e-14
0.246044 1.367955e-14
0.246577 1.272404e-14
0.24711 1.061707e-14
0.247644 1.258646e-14
0.248177 1.110868e-14
0.24871 1.098356e-14
0.249243 1.399644e-14
0.249777 1.284359e-14
0.250309 1.201656e-14
0.250843 1.211886e-14
0.251375 1.292763e-14
0.251909 1.261031e-14
0.252442 1.154155e-14
0.252975 1.315175e-14
0.253508 1.385335e-14
0.254042 1.11757e-14
0.254575 1.225675e-14
0.255108 1.152471e-14
0.255641 1.34535e-14
0.256175 1.267322e-14
0.256707 1.116524e-14
0.257241 1.178205e-14
0.257773 1.417873e-14
0.258307 1.206672e-14
0.25884 1.147159e-14
0.259373 1.177205e-14
0.259906 1.055522e-14
0.26044 1.223717e-14
0.260973 1.167601e-14
0.261506 1.194822e-14
0.262039 1.16455e-14
0.262573 1.184063e-14
0.263105 1.287122e-14
0.263639 1.197419e-14
0.264171 1.142511e-14
0.264705 1.241172e-14
0.265238 1.054178e-14
0.265771 1.038487e-14
0.266304 1.047163e-14
0.266838 1.127129e-14
0.267371 1.064149e-14
0.267904 1.137841e-14
0.268437 1.006571e-14
0.26897 1.199749e-14
0.269504 1.048663e-14
0.270036 1.068619e-14
0.27057 1.045669e-14
0.271103 1.094687e-14
0.271636 1.149052e-14
0.272169 1.063721e-14
0.272702 1.169729e-14
0.273235 1.144332e-14
0.273769 9.997121e-15
0.274302 1.177381e-14
0.274835 1.105007e-14
0.275368 1.075553e-14
0.275902 1.084924e-14
0.276434 1.11354e-14
0.276968 1.146413e-14
0.277501 1.081068e-14
0.278034 9.651836e-15
0.278567 1.030533e-14
0.2791 8.513886e-15
0.279633 9.015849e-15
0.280167 8.393336e-15
0.2807 1.07553e-14
0.281233 1.095002e-14
0.281766 1.085699e-14
0.2823 1.063029e-14
0.282832 9.860038e-15
0.283366 1.112969e-14
0.283899 1.083524e-14
0.284432 9.810944e-15
0.284965 1.052065e-14
0.285498 1.159569e-14
0.286031 1.192843e-14
0.286565 1.196657e-14
0.287098 1.25308e-14
0.287631 1.379837e-14
0.288164 1.332746e-14
0.288698 1.389532e-14
0.28923 1.572905e-14
0.289764 1.515407e-14
0.290296 1.714601e-14
0.29083 1.654795e-14
0.291363 1.901028e-14
0.291896 1.876468e-14
0.292429 1.939122e-14
0.292963 2.078374e-14
0.293496 1.929099e-14
0.294029 1.900947e-14
0.294562 1.773234e-14
0.295096 1.787936e-14
0.295629 1.669404e-14
0.296161 1.562094e-14
0.296695 1.359515e-14
0.297228 1.428451e-14
0.297761 1.203937e-14
0.298295 1.197759e-14
0.298827 1.248671e-14
0.29936 1.342268e-14
0.299894 1.172552e-14
0.300427 1.128201e-14
0.30096 1.02004e-14
0.301494 1.112279e-14
0.302027 1.002365e-14
0.302559 1.038302e-14
0.303093 9.1386e-15
0.303626 9.764583e-15
0.304159 1.127963e-14
0.304692 1.051411e-14
0.305225 9.183651e-15
0.305758 9.853113e-15
0.306292 8.466515e-15
0.306825 1.077551e-14
0.307358 8.389648e-15
0.307891 1.218583e-14
0.308425 1.134313e-14
0.308957 1.296922e-14
0.309491 1.025345e-14
0.310024 1.237762e-14
0.310557 8.456504e-15
0.31109 8.972199e-15
0.311623 1.045077e-14
0.312156 1.024499e-14
0.31269 9.789603e-15
0.313223 7.637817e-15
0.313756 9.627533e-15
0.314289 9.342329e-15
0.314823 1.148833e-14
0.315355 8.427985e-15
0.315889 9.888091e-15
0.316422 9.068906e-15
0.316955 7.368153e-15
0.317488 5.998952e-15
0.318021 7.992345e-15
0.318554 7.156906e-15
0.319088 5.304337e-15
0.319621 7.901317e-15
0.322 1.094806e-14
0.324 1.08931e-14
0.326 1.083627e-14
0.328 1.077764e-14
0.33 1.071728e-14
0.332 1.065528e-14
0.334 1.059169e-14
0.336 1.052659e-14
0.338 1.046004e-14
0.34 1.039211e-14
0.342 1.032287e-14
0.344 1.025238e-14
0.346 1.018071e-14
0.348 1.010792e-14
0.35 1.003407e-14
0.352 9.95922e-15
0.354 9.883428e-15
0.356 9.806752e-15
0.358 9.72925e-15
0.36 9.650975e-15
0.362 9.571981e-15
0.364 9.492322e-15
0.366 9.412047e-15
0.368 9.331207e-15
0.37 9.249852e-15
0.372 9.168027e-15
0.374 9.085779e-15
0.376 9.003154e-15
0.378 8.920194e-15
0.380671 9.186228e-15
0.381197 9.307257e-15
0.381724 9.275315e-15
0.382252 9.035726e-15
0.382781 9.162514e-15
0.38331 9.129728e-15
0.38384 9.227227e-15
0.384371 9.035963e-15
0.384902 8.953927e-15
0.385434 8.663075e-15
0.385967 8.810962e-15
0.3865 8.977456e-15
0.387035 8.712331e-15
0.38757 8.768511e-15
0.388106 8.700077e-15
0.388642 8.690361e-15
0.38918 9.229204e-15
0.389718 1.513521e-14
0.390256 3.912519e-14
0.390796 2.059643e-14
0.391336 8.836731e-15
0.391877 8.133821e-15
0.392419 8.023162e-15
0.392962 8.187125e-15
0.393505 8.075794e-15
0.394049 8.310965e-15
0.394594 8.157143e-15
0.395139 8.26933e-15
0.395685 8.017309e-15
0.396232 7.944478e-15
0.39678 7.458934e-15
0.397329 7.783937e-15
0.397878 7.976753e-15
0.398428 7.614979e-15
0.398979 7.566084e-15
0.399531 7.427622e-15
0.400083 7.296392e-15
0.400636 7.155107e-15
0.40119 7.383842e-15
0.401745 7.787404e-15
0.4023 7.482606e-15
0.402856 7.490862e-15
0.403413 7.539642e-15
0.403971 7.767237e-15
0.404529 9.075092e-15
0.405089 1.736553e-14
0.405649 1.147453e-14
0.406209 8.204549e-15
0.406771 8.114892e-15
0.407333 9.050625e-15
0.407897 7.765842e-15
0.40846 7.381243e-15
0.409025 7.080477e-15
0.409591 7.130057e-15
0.410157 6.996934e-15
0.410724 6.827321e-15
0.411292 6.5871e-15
0.41186 6.225522e-15
0.41243 6.176816e-15
0.413 6.4161e-15
0.413571 6.40933e-15
0.414143 6.42225e-15
0.414715 6.7055e-15
0.415289 9.119743e-15
0.415863 8.999124e-15
0.416438 6.769883e-15
0.417013 6.622677e-15
0.41759 6.464661e-15
0.418167 6.404233e-15
0.418745 6.328916e-15
0.419324 6.245424e-15
0.419904 6.333269e-15
0.420485 6.311116e-15
0.421066 6.399051e-15
0.421648 6.392245e-15
0.422231 6.223323e-15
0.422815 6.256939e-15
0.423399 6.123339e-15
0.423985 6.200487e-15
0.424571 6.245237e-15
0.425158 6.335274e-15
0.425746 7.001437e-15
0.426334 7.422837e-15
0.426923 6.891358e-15
0.427514 6.493113e-15
0.428105 6.37721e-15
0.428697 6.384087e-15
0.429289 7.6297e-15
0.429883 7.489666e-15
0.430477 6.310172e-15
0.431072 6.075071e-15
0.431668 5.928793e-15
0.432265 5.884396e-15
0.432863 5.638732e-15
0.433461 5.660581e-15
0.43406 5.476006e-15
0.43461 5.429248e-15
0.435111 5.245811e-15
0.435612 5.222967e-15
0.436114 5.224554e-15
0.436616 5.109938e-15
0.437119 5.124423e-15
0.437623 5.14815e-15
0.438127 5.198889e-15
0.438632 5.166354e-15
0.439137 5.176653e-15
0.439643 5.080946e-15
0.440149 5.231698e-15
0.440656 5.280981e-15
0.441164 5.191574e-15
0.441672 5.369813e-15
0.442181 5.377166e-15
0.44269 5.433303e-15
0.4432 5.455636e-15
0.443711 5.521259e-15
0.444222 5.608994e-15
0.444734 5.743168e-15
0.445246 5.730123e-15
0.445759 5.693052e-15
0.446272 5.807377e-15
0.446786 5.901013e-15
0.447301 5.732704e-15
0.447816 5.850727e-15
0.448332 5.966146e-15
0.448849 6.035982e-15
0.449366 5.9673e-15
0.449883 5.892289e-15
0.450402 5.777976e-15
0.450921 5.667556e-15
0.45144 5.712506e-15
0.45196 5.942185e-15
0.452481 6.131801e-15
0.453002 6.06231e-15
0.453524 6.45264e-15
0.454046 7.521287e-15
0.454569 9.934135e-15
0.455093 7.495119e-15
0.455617 6.54848e-15
0.456142 6.515808e-15
0.456667 7.765699e-15
0.457194 7.894492e-15
0.45772 6.639184e-15
0.458247 6.186281e-15
0.458775 5.847981e-15
0.459304 5.594543e-15
0.459833 5.469374e-15
0.460363 5.40195e-15
0.460893 5.237634e-15
0.461424 5.240341e-15
0.461955 5.279333e-15
0.462488 5.310766e-15
0.46302 5.236524e-15
0.463554 5.328155e-15
0.464088 5.224027e-15
0.464622 5.295126e-15
0.465157 5.345706e-15
0.465693 5.344022e-15
0.46623 5.308622e-15
0.466767 5.20062e-15
0.467305 5.255132e-15
0.467843 5.509743e-15
0.468382 5.613295e-15
0.468921 5.590387e-15
0.469462 5.444353e-15
0.470002 5.451545e-15
0.470544 5.444136e-15
0.471086 5.390186e-15
0.471628 5.495171e-15
0.472172 5.521081e-15
0.472716 5.348556e-15
0.47326 5.370294e-15
0.473805 5.243946e-15
0.474351 5.042747e-15
0.474898 5.00543e-15
0.475445 5.18038e-15
0.475992 5.106903e-15
0.476541 5.018902e-15
0.47709 5.101395e-15
0.477639 5.170907e-15
0.47819 5.194016e-15
0.47874 5.159645e-15
0.479292 5.072052e-15
0.479844 5.006396e-15
0.480233 5.353208e-15
0.480858 5.354915e-15
0.481483 5.331365e-15
0.482108 5.357036e-15
0.482733 5.39544e-15
0.483358 5.459725e-15
0.483983 5.469429e-15
0.484608 5.49688e-15
0.485233 5.500885e-15
0.485858 5.499707e-15
0.486483 5.476231e-15
0.487108 5.534858e-15
0.487733 5.669605e-15
0.488358 5.571154e-15
0.488983 5.549266e-15
0.489608 5.627028e-15
0.490233 6.020641e-15
0.490858 6.074036e-15
0.491483 5.697668e-15
0.492108 5.612528e-15
0.492733 5.565989e-15
0.493358 5.647005e-15
0.493983 5.588228e-15
0.494608 5.546988e-15
0.495233 5.464787e-15
0.495858 5.435929e-15
0.496483 5.460667e-15
0.497108 5.433961e-15
0.497733 5.400687e-15
0.498358 5.356711e-15
0.498983 5.352308e-15
0.499608 5.411086e-15
0.500233 5.513428e-15
0.500858 5.562846e-15
0.501483 5.728571e-15
0.502108 5.984805e-15
0.502733 6.225185e-15
0.503358 6.496508e-15
0.503983 6.728191e-15
0.504608 6.846193e-15
0.505233 6.991862e-15
0.505858 7.146245e-15
0.506483 7.327498e-15
0.507108 7.488009e-15
0.507733 7.805677e-15
0.508358 8.601757e-15
0.508983 1.116699e-14
0.509608 8.778365e-15
0.510233 7.769666e-15
0.510858 7.6142e-15
0.511483 7.526183e-15
0.512108 7.299712e-15
0.512733 6.997983e-15
0.513358 6.693139e-15
0.513983 6.362658e-15
0.514608 6.029933e-15
0.515233 5.688652e-15
0.515858 5.502053e-15
0.516483 5.400715e-15
0.517108 5.359528e-15
0.517733 5.555108e-15
0.518358 6.41682e-15
0.518983 1.406611e-14
0.519608 1.092465e-14
0.520233 6.234685e-15
0.520858 5.738462e-15
0.521483 5.395308e-15
0.522108 5.466891e-15
0.522733 5.879581e-15
0.523358 8.186423e-15
0.523983 3.04567e-14
0.524608 2.307892e-14
0.525233 8.337481e-15
0.525858 6.498275e-15
0.526483 5.406005e-15
0.527108 5.101196e-15
0.527733 4.917609e-15
0.528358 4.824636e-15
0.528983 4.7924e-15
0.529608 4.776026e-15
0.530233 4.714422e-15
0.530858 4.600956e-15
0.531483 4.552132e-15
0.532108 4.486549e-15
0.532733 4.477477e-15
0.533358 4.492133e-15
0.533983 4.439233e-15
0.534608 4.415818e-15
0.535233 4.4415e-15
0.535858 4.435217e-15
0.536483 4.3853e-15
0.537108 4.403159e-15
0.537733 4.415806e-15
0.538358 4.434771e-15
0.538983 4.437846e-15
0.539608 4.465443e-15
0.540233 4.516966e-15
0.540858 4.348827e-15
0.541483 4.211385e-15
0.542108 4.301219e-15
0.542733 4.295354e-15
0.543358 4.36216e-15
0.543983 4.837956e-15
0.544608 4.947221e-15
0.545233 4.360972e-15
0.545858 4.339861e-15
0.546483 4.376316e-15
0.547108 4.358064e-15
0.547733 4.372067e-15
0.548358 4.392607e-15
0.548983 4.421705e-15
0.549608 4.37975e-15
0.550233 4.390403e-15
0.550858 4.358454e-15
0.551483 4.285469e-15
0.552108 4.335326e-15
0.552733 4.418381e-15
0.553358 4.43611e-15
0.553983 4.4641e-15
0.554608 4.400844e-15
0.555233 4.41885e-15
0.555858 4.504956e-15
0.556483 4.461073e-15
0.557108 4.389474e-15
0.557733 4.315483e-15
0.558358 4.311424e-15
0.558983 4.345808e-15
0.559608 4.312007e-15
0.560233 4.318562e-15
0.560858 4.360936e-15
0.561483 4.334164e-15
0.562108 4.263779e-15
0.562733 4.266276e-15
0.563358 4.308653e-15
0.563983 4.27873e-15
0.564608 4.214319e-15
0.565233 4.199537e-15
0.565858 4.185255e-15
0.566483 4.220728e-15
0.567108 4.282377e-15
0.567733 4.278728e-15
0.568358 4.257223e-15
0.568983 4.205887e-15
0.569608 4.24437e-15
0.570233 4.22386e-15
0.570858 4.169785e-15
0.571483 4.165601e-15
0.572108 4.164908e-15
0.572733 4.160027e-15
0.573358 4.116036e-15
0.573983 4.134877e-15
0.574608 4.140869e-15
0.575233 4.165888e-15
0.575858 4.168834e-15
0.576483 4.131485e-15
0.577108 4.128957e-15
0.577733 4.17904e-15
0.578358 4.176973e-15
0.578983 4.183401e-15
0.579608 4.2184e-15
0.580233 4.221267e-15
0.580858 4.195427e-15
0.581483 4.213542e-15
0.582108 4.188591e-15
0.582733 4.146735e-15
0.583358 4.169799e-15
0.583983 4.179929e-15
0.584608 4.130123e-15
0.585233 4.081342e-15
0.585858 4.078585e-15
0.586483 4.092004e-15
0.587108 4.127275e-15
0.587733 4.146038e-15
0.588358 4.084292e-15
0.588983 3.965646e-15
0.589608 4.034949e-15
0.590233 4.092134e-15
0.590858 4.089196e-15
0.591483 4.084736e-15
0.592108 4.061647e-15
0.592733 4.058708e-15
0.593358 4.076716e-15
0.593983 4.10066e-15
0.594608 4.120049e-15
0.595233 4.102113e-15
0.595858 4.09321e-15
0.596483 4.103491e-15
0.597108 4.071063e-15
0.597733 4.038035e-15
0.598358 4.121896e-15
0.598983 4.250812e-15
0.599608 4.260583e-15
0.600233 4.23327e-15
0.600858 4.220508e-15
0.601483 4.201663e-15
0.602108 4.278371e-15
0.602733 4.289856e-15
0.603358 4.225206e-15
0.603983 4.214443e-15
0.604608 4.21549e-15
0.605233 4.190796e-15
0.605858 4.173561e-15
0.606483 4.237386e-15
0.607108 4.282932e-15
0.607733 4.343863e-15
0.608358 4.341364e-15
0.608983 4.364965e-15
0.609608 4.383372e-15
0.610233 4.401512e-15
0.610858 4.395282e-15
0.611483 4.410676e-15
0.612108 4.427046e-15
0.612733 4.38734e-15
0.613358 4.383018e-15
0.613983 4.402342e-15
0.614608 4.521088e-15
0.615233 4.68275e-15
0.615858 4.434905e-15
0.616483 4.158734e-15
0.617108 4.064909e-15
0.617733 4.115574e-15
0.618358 4.252121e-15
0.618983 4.270683e-15
0.619608 4.203893e-15
0.620233 4.203599e-15
0.620858 4.165048e-15
0.621483 4.138563e-15
0.622108 4.12056e-15
0.622733 4.079606e-15
0.623358 4.045669e-15
0.623983 4.029047e-15
0.624608 4.022649e-15
0.625233 4.020592e-15
0.625858 4.007748e-15
0.626483 3.9851e-15
0.627108 3.97826e-15
0.627733 3.984838e-15
0.628358 3.941399e-15
0.628983 3.936336e-15
0.629608 3.952596e-15
0.630233 3.975808e-15
0.630858 3.979905e-15
0.631483 4.021209e-15
0.632108 4.018261e-15
0.632733 4.017614e-15
0.633358 4.016595e-15
0.633983 4.027597e-15
0.634608 4.010309e-15
0.635233 4.013753e-15
0.635858 4.045367e-15
0.636483 4.07526e-15
0.637108 4.163804e-15
0.637733 4.170239e-15
0.638358 4.112497e-15
0.638983 4.057238e-15
0.639608 4.007649e-15
0.640233 3.97543e-15
0.640858 3.940773e-15
0.641483 3.928288e-15
0.642108 3.907818e-15
0.642733 3.889412e-15
0.643358 3.909562e-15
0.643983 3.91339e-15
0.644608 3.847446e-15
0.645233 3.79626e-15
0.645858 3.775914e-15
0.646483 3.808096e-15
0.647108 3.846535e-15
0.647733 3.814093e-15
0.648358 3.803195e-15
0.648983 3.834374e-15
0.649608 3.850277e-15
0.650233 3.830994e-15
0.650858 3.810329e-15
0.651483 3.77548e-15
0.652108 3.801359e-15
0.652733 3.800868e-15
0.653358 3.802985e-15
0.653983 3.814065e-15
0.654608 3.811467e-15
0.655233 3.826383e-15
0.655858 3.855713e-15
0.656483 3.907306e-15
0.657108 3.942045e-15
0.657733 4.012977e-15
0.658358 4.133939e-15
0.658983 4.783254e-15
0.659608 6.766224e-15
0.660233 5.541271e-15
0.660858 4.482067e-15
0.661483 4.28757e-15
0.662108 4.198968e-15
0.662733 4.210177e-15
0.663358 4.200251e-15
0.663983 4.213893e-15
0.664608 4.230747e-15
0.665233 4.279055e-15
0.665858 4.731995e-15
0.666483 5.059546e-15
0.667108 4.6707e-15
0.667733 4.512904e-15
0.668358 4.519246e-15
0.668983 4.503216e-15
0.669608 4.515903e-15
0.670233 4.553195e-15
0.670858 4.629821e-15
0.671483 4.689541e-15
0.672108 4.731508e-15
0.672733 4.77699e-15
0.673358 4.849033e-15
0.673983 4.938008e-15
0.674608 5.035994e-15
0.675233 5.193589e-15
0.675858 5.429955e-15
0.676483 5.764795e-15
0.677108 6.186136e-15
0.677733 6.68115e-15
0.678358 7.233314e-15
0.678983 7.813756e-15
0.679608 8.415101e-15
0.680233 8.996145e-15
0.680858 9.546361e-15
0.681483 1.006488e-14
0.682108 1.072734e-14
0.682733 1.143106e-14
0.683358 1.209261e-14
0.683983 1.276068e-14
0.684608 1.346478e-14
0.685233 1.594403e-14
0.685858 1.745558e-14
0.686483 1.91507e-14
0.687108 2.488424e-14
0.687733 2.021473e-14
0.688358 1.636029e-14
0.688983 2.113525e-14
0.689608 2.031695e-14
0.690233 1.530804e-14
0.690858 1.355511e-14
0.691483 1.260064e-14
0.692108 1.15648e-14
0.692733 1.07373e-14
0.693358 9.906591e-15
0.693983 9.097541e-15
0.694608 8.171046e-15
0.695233 7.150577e-15
0.695858 6.310586e-15
0.696483 5.727963e-15
0.697108 5.272952e-15
0.697733 5.030036e-15
0.698358 4.895488e-15
0.698983 4.807102e-15
0.699608 4.721159e-15
0.700233 4.615877e-15
0.700858 4.534961e-15
0.701483 4.513628e-15
0.702108 4.64554e-15
0.702733 6.162957e-15
0.703358 7.667775e-15
0.703983 6.036641e-15
0.704608 7.394156e-15
0.705233 6.032427e-15
0.705858 4.459517e-15
0.706483 4.175134e-15
0.707108 4.132534e-15
0.707733 4.112137e-15
0.708358 4.104077e-15
0.708983 4.06516e-15
0.709608 4.042479e-15
0.710233 4.013581e-15
0.710858 3.979322e-15
0.711483 3.966213e-15
0.712108 3.942559e-15
0.712733 3.924029e-15
0.713358 3.898303e-15
0.713983 3.879378e-15
0.714608 3.857133e-15
0.715233 3.83747e-15
0.715858 3.806904e-15
0.716483 3.767312e-15
0.717108 3.74997e-15
0.717733 3.720015e-15
0.718358 3.701541e-15
0.718983 3.720362e-15
0.719608 3.707246e-15
0.720233 3.703687e-15
0.720858 3.691664e-15
0.721483 3.723233e-15
0.722108 3.717875e-15
0.722733 3.70133e-15
0.723358 3.680298e-15
0.723983 3.713116e-15
0.724608 3.690223e-15
0.725233 3.655764e-15
0.725858 3.666968e-15
0.726483 3.658302e-15
0.727108 3.652391e-15
0.727733 3.663843e-15
0.728358 3.681642e-15
0.728983 3.670751e-15
0.729608 3.691851e-15
0.730233 3.672068e-15
0.730858 3.658951e-15
0.731483 3.707347e-15
0.732108 3.703811e-15
0.732733 3.710992e-15
0.733358 3.709305e-15
0.733983 3.721957e-15
0.734608 3.690257e-15
0.735233 3.680711e-15
0.735858 3.699293e-15
0.736483 3.696878e-15
0.737108 3.751846e-15
0.737733 3.752187e-15
0.738358 3.718631e-15
0.738983 3.683489e-15
0.739608 3.700361e-15
0.740233 3.687701e-15
0.740858 3.646408e-15
0.741483 3.615165e-15
0.742108 3.556997e-15
0.742733 3.527066e-15
0.743358 3.517141e-15
0.743983 3.516155e-15
0.744608 3.501046e-15
0.745233 3.479965e-15
0.745858 3.466434e-15
0.746483 3.589307e-15
0.747108 3.835401e-15
0.747733 3.632405e-15
0.748358 3.436985e-15
0.748983 3.414846e-15
0.749608 3.401942e-15
0.750233 3.370968e-15
0.750858 3.394843e-15
0.751483 3.375534e-15
0.752108 3.351191e-15
0.752733 3.338922e-15
0.753358 3.345032e-15
0.753983 3.337726e-15
0.754608 3.332832e-15
0.755233 3.32452e-15
0.755858 3.340699e-15
0.756483 3.341534e-15
0.757108 3.358096e-15
0.757733 3.370458e-15
0.758358 3.360799e-15
0.758983 3.367003e-15
0.759608 3.398262e-15
0.760233 3.454506e-15
0.760858 3.480963e-15
0.761483 3.398898e-15
0.762108 3.430475e-15
0.762733 3.410546e-15
0.763358 3.43991e-15
0.763983 3.433241e-15
0.764608 3.461996e-15
0.765233 3.454216e-15
0.765858 3.589196e-15
0.766483 3.746892e-15
0.767108 3.756617e-15
0.767733 3.666007e-15
0.768358 3.521382e-15
0.768983 3.418387e-15
0.769608 3.40165e-15
0.770233 3.359048e-15
0.770858 3.332299e-15
0.771483 3.376319e-15
0.772108 3.394709e-15
0.772733 3.393678e-15
0.773358 3.34581e-15
0.773983 3.317704e-15
0.774608 3.324393e-15
0.775233 3.346549e-15
0.775858 3.318087e-15
0.776483 3.29522e-15
0.777108 3.286275e-15
0.777733 3.302478e-15
0.778358 3.327241e-15
0.778983 3.325624e-15
0.779608 3.343427e-15
0.780233 3.346405e-15
0.780858 3.342654e-15
0.781483 3.329943e-15
0.782108 3.351147e-15
0.782733 3.348817e-15
0.783358 3.338619e-15
0.783983 3.346004e-15
0.784608 3.343349e-15
0.785233 3.36384e-15
0.785858 3.356205e-15
0.786483 3.373815e-15
0.787108 3.38838e-15
0.787733 3.387217e-15
0.788358 3.398561e-15
0.788983 3.405129e-15
0.789608 3.386519e-15
0.790233 3.393718e-15
0.790858 3.40808e-15
0.791483 3.438255e-15
0.792108 3.413553e-15
0.792733 3.397942e-15
0.793358 3.432147e-15
0.793983 3.397333e-15
0.794608 3.367141e-15
0.795233 3.353637e-15
0.795858 3.315901e-15
0.796483 3.333013e-15
0.797108 3.346952e-15
0.797733 3.343194e-15
0.798358 3.344196e-15
0.798983 3.334115e-15
0.799608 3.367552e-15
0.800233 3.336501e-15
0.800858 3.307587e-15
0.801483 3.273247e-15
0.802108 3.233892e-15
0.802733 3.22193e-15
0.803358 3.243574e-15
0.803983 3.275542e-15
0.804608 3.264696e-15
0.805233 3.272218e-15
0.805858 3.249944e-15
0.806483 3.265846e-15
0.807108 3.253505e-15
0.807733 3.239278e-15
0.808358 3.248555e-15
0.808983 3.266528e-15
0.809608 3.278812e-15
0.810233 3.30114e-15
0.810858 3.309299e-15
0.811483 3.351572e-15
0.812108 3.320911e-15
0.812733 3.284264e-15
0.813358 3.24152e-15
0.813983 3.248435e-15
0.814608 3.218715e-15
0.815233 3.227659e-15
0.815858 3.248684e-15
0.816483 3.247499e-15
0.817108 3.215651e-15
0.817733 3.264236e-15
0.818358 3.367246e-15
0.818983 3.272006e-15
0.819608 3.272888e-15
0.820233 3.246857e-15
0.820858 3.286573e-15
0.821483 3.340494e-15
0.822108 3.244562e-15
0.822733 3.186877e-15
0.823358 3.269041e-15
0.823983 3.268597e-15
0.824608 3.254857e-15
0.825233 3.301077e-15
0.825858 3.302064e-15
0.826483 3.268979e-15
0.827108 3.267517e-15
0.827733 3.198868e-15
0.828358 3.231076e-15
0.828983 3.139999e-15
0.829608 3.23519e-15
0.830233 3.215787e-15
0.830858 3.220668e-15
0.831483 3.250444e-15
0.832108 3.235502e-15
0.832733 3.238868e-15
0.833358 3.287577e-15
0.833983 3.222475e-15
0.834608 3.229193e-15
0.835233 3.217614e-15
0.835858 3.205412e-15
0.836483 3.209765e-15
0.837108 3.212852e-15
0.837733 3.20678e-15
0.838358 3.22346e-15
0.838983 3.2393e-15
0.839608 3.218385e-15
0.840233 3.211805e-15
0.840858 3.202243e-15
0.841483 3.222538e-15
0.842108 3.224481e-15
0.842733 3.219894e-15
0.843358 3.20477e-15
0.843983 3.220735e-15
0.844608 3.215698e-15
0.845233 3.219775e-15
0.845858 3.197564e-15
0.846483 3.212349e-15
0.847108 3.186011e-15
0.847733 3.175993e-15
0.848358 3.1848e-15
0.848983 3.179027e-15
0.849608 3.189522e-15
0.850233 3.197379e-15
0.850858 3.213175e-15
0.851483 3.218255e-15
0.852108 3.23011e-15
0.852733 3.234824e-15
0.853358 3.208931e-15
0.853983 3.208391e-15
0.854608 3.20559e-15
0.855233 3.211891e-15
0.855858 3.199341e-15
0.856483 3.170076e-15
0.857108 3.144206e-15
0.857733 3.125074e-15
0.858358 3.11735e-15
0.858983 3.117318e-15
0.859608 3.118993e-15
0.860233 3.14435e-15
0.860858 3.149516e-15
0.861483 3.16627e-15
0.862108 3.174713e-15
0.862733 3.187178e-15
0.863358 3.15581e-15
0.863983 3.142741e-15
0.864608 3.143706e-15
0.865233 3.148657e-15
0.865858 3.15268e-15
0.866483 3.142042e-15
0.867108 3.126235e-15
0.867733 3.106401e-15
0.868358 3.091253e-15
0.868983 3.073718e-15
0.869608 3.059645e-15
0.870233 3.062451e-15
0.870858 3.074194e-15
0.871483 3.084496e-15
0.872108 3.074722e-15
0.872733 3.073625e-15
0.873358 3.083367e-15
0.873983 3.098857e-15
0.874608 3.128302e-15
0.875233 3.132118e-15
0.875858 3.155426e-15
0.876483 3.15006e-15
0.877108 3.144072e-15
0.877733 3.119855e-15
0.878358 3.116379e-15
0.878983 3.140696e-15
0.879608 3.171599e-15
0.880233 3.189833e-15
0.880858 3.184518e-15
0.881483 3.160998e-15
0.882108 3.166494e-15
0.882733 3.208033e-15
0.883358 3.171892e-15
0.883983 3.170424e-15
0.884608 3.160752e-15
0.885233 3.152006e-15
0.885858 3.107068e-15
0.886483 3.112353e-15
0.887108 3.108976e-15
0.887733 3.099003e-15
0.888358 3.097569e-15
0.888983 3.107504e-15
0.889608 3.020841e-15
0.890233 3.013057e-15
0.890858 3.009324e-15
0.891483 3.006715e-15
0.892108 3.030117e-15
0.892733 2.982383e-15
0.893358 2.917453e-15
0.893983 2.852603e-15
0.894608 2.801962e-15
0.895233 2.874687e-15
0.895858 2.962635e-15
0.896483 3.014388e-15
0.897108 2.955402e-15
0.897733 2.963007e-15
0.898358 2.988982e-15
0.898983 2.905972e-15
0.899608 2.979735e-15
0.900233 2.913873e-15
0.900858 3.005989e-15
0.901483 2.969243e-15
0.902108 2.987906e-15
0.902733 3.011131e-15
0.903358 3.028713e-15
0.903983 3.064029e-15
0.904608 3.069856e-15
0.905233 3.051695e-15
0.905858 3.034482e-15
0.906483 2.916088e-15
0.907108 2.732664e-15
0.907733 2.916453e-15
0.908358 2.88723e-15
0.908983 2.914127e-15
0.909608 2.974377e-15
0.910233 2.916623e-15
0.910858 2.936904e-15
0.911483 3.097278e-15
0.912108 2.965621e-15
0.912733 3.050591e-15
0.913358 2.929474e-15
0.913983 2.99184e-15
0.914608 3.082219e-15
0.915233 2.893721e-15
0.915858 2.943475e-15
0.916483 3.102463e-15
0.917108 3.03529e-15
0.917733 2.85578e-15
0.918358 2.979854e-15
0.918983 3.068473e-15
0.919608 2.963482e-15
0.920233 3.075473e-15
0.920858 3.006764e-15
0.921483 2.947867e-15
0.922108 2.967291e-15
0.922733 2.963678e-15
0.923358 2.959813e-15
0.923983 2.938627e-15
0.924608 2.935164e-15
0.925233 2.926026e-15
0.925858 2.946822e-15
0.926483 2.945958e-15
0.927108 2.946851e-15
0.927733 2.903015e-15
0.928358 2.888812e-15
0.928983 2.795958e-15
0.929608 2.795146e-15
0.930233 2.831621e-15
0.930858 2.779234e-15
0.931483 2.789618e-15
0.932108 2.910448e-15
0.932733 2.794622e-15
0.94 2.907267e-15
0.945 2.900638e-15
0.95 2.894059e-15
0.955 2.887529e-15
0.96 2.881047e-15
0.965 2.874614e-15
0.97 2.868228e-15
0.975 2.86189e-15
0.98 2.855597e-15
0.985 2.849351e-15
0.99 2.843149e-15
0.995 2.836992e-15
1.00018 3.093394e-15
1.00072 2.964933e-15
1.00126 2.921345e-15
1.0018 2.891226e-15
1.00234 2.851862e-15
1.00288 2.858759e-15
1.00342 2.899294e-15
1.00396 2.900569e-15
1.0045 2.898729e-15
1.00504 2.874126e-15
1.00558 2.842813e-15
1.00612 2.83574e-15
1.00666 2.834596e-15
1.0072 2.808323e-15
1.00774 2.796097e-15
1.008279 2.789578e-15
1.008819 2.805659e-15
1.009359 2.8042e-15
1.009899 2.77027e-15
1.010439 2.756299e-15
1.010979 2.751151e-15
1.011518 2.725884e-15
1.012058 2.705403e-15
1.012598 2.708222e-15
1.013138 2.707104e-15
1.013677 2.704846e-15
1.014217 2.69777e-15
1.014757 2.659954e-15
1.015296 2.648591e-15
1.015836 2.660956e-15
1.016376 2.64068e-15
1.016915 2.631878e-15
1.017455 2.64548e-15
1.017995 2.634487e-15
1.018534 2.654623e-15
1.019074 2.686866e-15
1.019613 2.6518e-15
1.020153 2.64754e-15
1.020692 2.677854e-15
1.021232 2.69436e-15
1.021771 2.707826e-15
1.022311 2.70419e-15
1.02285 2.674785e-15
1.02339 2.656855e-15
1.023929 2.650475e-15
1.024468 2.657578e-15
1.025008 2.672844e-15
1.025547 2.686875e-15
1.026087 2.677771e-15
1.026626 2.652572e-15
1.027165 2.661032e-15
1.027705 2.698412e-15
1.028244 2.730746e-15
1.028783 2.745185e-15
1.029322 2.738748e-15
1.029862 2.755484e-15
1.030401 2.786266e-15
1.03094 2.806635e-15
1.031479 2.828835e-15
1.032019 2.837505e-15
1.032558 2.817798e-15
1.033097 2.799341e-15
1.033636 2.781085e-15
1.034175 2.789431e-15
1.034714 2.815452e-15
1.035254 2.823227e-15
1.035793 2.816678e-15
1.036332 2.81572e-15
1.036871 2.835343e-15
1.03741 2.84864e-15
1.037949 2.875044e-15
1.038488 2.876483e-15
1.039027 2.869204e-15
1.039566 2.872826e-15
1.040105 2.874256e-15
1.040644 2.902669e-15
1.041183 2.903266e-15
1.041722 2.872112e-15
1.042261 2.877905e-15
1.0428 2.890535e-15
1.043339 2.921785e-15
1.043878 2.923726e-15
1.044417 2.910211e-15
1.044955 2.936734e-15
1.045494 3.002263e-15
1.046033 3.013449e-15
1.046572 2.97385e-15
1.047111 2.928231e-15
1.04765 2.922544e-15
1.048188 2.909926e-15
1.048727 2.903717e-15
1.049266 2.92106e-15
1.049805 2.929759e-15
1.050344 2.968341e-15
1.050882 2.98273e-15
1.051421 3.009994e-15
1.05196 3.018124e-15
1.052498 3.004546e-15
1.053037 2.99034e-15
1.053576 2.972178e-15
1.054114 2.944276e-15
1.054653 2.922289e-15
1.055192 2.928497e-15
1.05573 2.953834e-15
1.056269 2.962541e-15
1.056808 2.967915e-15
1.057346 2.967987e-15
1.057885 2.976469e-15
1.058423 3.005577e-15
1.058962 3.009365e-15
1.0595 3.02142e-15
1.060039 3.043386e-15
1.060577 3.007554e-15
1.061116 2.950112e-15
1.061654 2.919411e-15
1.062193 2.874147e-15
1.062731 2.840596e-15
1.06327 2.85898e-15
1.063808 2.849594e-15
1.064347 2.784469e-15
1.064885 2.752903e-15
1.065424 2.768154e-15
1.065962 2.763218e-15
1.0665 2.737388e-15
1.067039 2.743685e-15
1.067577 2.750338e-15
1.068115 2.7584e-15
1.068654 2.763786e-15
1.069192 2.770684e-15
1.06973 2.734516e-15
1.070269 2.693589e-15
1.070807 2.677438e-15
1.071346 2.680427e-15
1.071884 2.679693e-15
1.072422 2.660178e-15
1.07296 2.654376e-15
1.073498 2.664893e-15
1.074037 2.654943e-15
1.074575 2.622802e-15
1.075113 2.611702e-15
1.075651 2.637739e-15
1.07619 2.686312e-15
1.076728 2.708532e-15
1.077266 2.688596e-15
1.077804 2.66355e-15
1.078342 2.66894e-15
1.07888 2.688579e-15
1.079419 2.683066e-15
1.079957 2.677318e-15
1.080495 2.697105e-15
1.081033 2.712281e-15
1.081571 2.719456e-15
1.082109 2.730253e-15
1.082647 2.704972e-15
1.083185 2.657132e-15
1.083723 2.665092e-15
1.084261 2.696243e-15
1.084799 2.674937e-15
1.085338 2.655924e-15
1.085875 2.66792e-15
1.086413 2.664362e-15
1.086951 2.630386e-15
1.087489 2.629194e-15
1.088027 2.63304e-15
1.088565 2.623812e-15
1.089103 2.640317e-15
1.089641 2.625277e-15
1.090179 2.622495e-15
1.090717 2.641525e-15
1.091255 2.638123e-15
1.091793 2.619183e-15
1.092331 2.633341e-15
1.092869 2.628782e-15
1.093407 2.653909e-15
1.093945 2.639459e-15
1.094482 2.621664e-15
1.09502 2.631036e-15
1.095558 2.65044e-15
1.096096 2.621282e-15
1.096634 2.62009e-15
1.097172 2.640666e-15
1.09771 2.650153e-15
1.098247 2.652387e-15
1.098785 2.637773e-15
1.099323 2.639799e-15
1.099861 2.685935e-15
1.100398 2.690489e-15
1.100936 2.686398e-15
1.101474 2.688282e-15
1.102012 2.688044e-15
1.102549 2.688977e-15
1.103087 2.68052e-15
1.103625 2.69435e-15
1.104163 2.724877e-15
1.1047 2.74803e-15
1.105238 2.778739e-15
1.105776 2.774466e-15
1.106313 2.763173e-15
1.106851 2.796509e-15
1.107389 2.810382e-15
1.107927 2.800322e-15
1.108464 2.814945e-15
1.109002 2.841006e-15
1.109539 2.849908e-15
1.110077 2.868181e-15
1.110615 2.863241e-15
1.111152 2.898192e-15
1.11169 2.954733e-15
1.112228 2.983992e-15
1.112765 2.96562e-15
1.113303 2.998206e-15
1.11384 3.068165e-15
1.114378 3.084679e-15
1.114915 3.043577e-15
1.115453 3.064988e-15
1.115991 3.100865e-15
1.116528 3.105742e-15
1.117066 3.189892e-15
1.117603 3.27004e-15
1.118141 3.285007e-15
1.118678 3.297723e-15
1.119216 3.369222e-15
1.119753 3.416125e-15
1.120291 3.44557e-15
1.120828 3.503733e-15
1.121366 3.497719e-15
1.121903 3.54118e-15
1.122441 3.668617e-15
1.122978 3.789483e-15
1.123516 3.842376e-15
1.124053 3.92658e-15
1.124591 3.995382e-15
1.125128 3.977749e-15
1.125665 4.004065e-15
1.126203 4.146433e-15
1.126943 4.203491e-15
1.127593 4.255421e-15
1.128243 4.392055e-15
1.128894 4.523596e-15
1.129544 4.589229e-15
1.130194 4.68418e-15
1.130845 4.866798e-15
1.131495 5.030729e-15
1.132145 5.196426e-15
1.132795 5.416603e-15
1.133445 5.750008e-15
1.134096 5.991124e-15
1.134746 5.874506e-15
1.135396 5.554033e-15
1.136046 5.309259e-15
1.136696 5.22985e-15
1.137346 5.21417e-15
1.137996 5.250128e-15
1.138646 5.322245e-15
1.139295 5.403384e-15
1.139945 5.455244e-15
1.140595 5.42523e-15
1.141245 5.267863e-15
1.141895 5.12315e-15
1.142544 4.98869e-15
1.143194 4.855945e-15
1.143844 4.700663e-15
1.144494 4.564849e-15
1.145143 4.44284e-15
1.145793 4.313054e-15
1.146442 4.145624e-15
1.147092 3.973509e-15
1.147741 3.80982e-15
1.148391 3.705869e-15
1.14904 3.613464e-15
1.14969 3.504234e-15
1.150339 3.408684e-15
1.150989 3.358867e-15
1.151638 3.314157e-15
1.152288 3.253962e-15
1.152937 3.209469e-15
1.153586 3.19024e-15
1.154235 3.162711e-15
1.154885 3.110704e-15
1.155534 3.05391e-15
1.156183 3.030424e-15
1.156832 3.023107e-15
1.157481 3.011607e-15
1.15813 2.99318e-15
1.15878 2.981271e-15
1.159429 2.960076e-15
1.160078 2.940153e-15
1.160727 2.915613e-15
1.161376 2.88184e-15
1.162025 2.873827e-15
1.162674 2.861827e-15
1.163322 2.840855e-15
1.163971 2.833282e-15
1.16462 2.82284e-15
1.165269 2.809149e-15
1.165918 2.809329e-15
1.166567 2.791771e-15
1.167215 2.753389e-15
1.167864 2.745639e-15
1.168513 2.770744e-15
1.169162 2.768697e-15
1.16981 2.764383e-15
1.170459 2.776156e-15
1.171107 2.767103e-15
1.171756 2.753335e-15
1.172404 2.731325e-15
1.173053 2.740658e-15
1.173702 2.759319e-15
1.17435 2.760715e-15
1.174999 2.737881e-15
1.175647 2.757122e-15
1.176295 2.770863e-15
1.176944 2.748354e-15
1.177592 2.732264e-15
1.17824 2.74603e-15
1.178889 2.745198e-15
1.179537 2.739437e-15
1.180185 2.740514e-15
1.180834 2.728014e-15
1.181482 2.726012e-15
1.18213 2.713459e-15
1.182778 2.707887e-15
1.183426 2.684911e-15
1.184074 2.669025e-15
1.184723 2.676841e-15
1.185371 2.683045e-15
1.186019 2.670148e-15
1.186667 2.674487e-15
1.187315 2.668603e-15
1.187963 2.658716e-15
1.188611 2.663661e-15
1.189259 2.675193e-15
1.189907 2.66753e-15
1.190554 2.656632e-15
1.191202 2.633785e-15
1.19185 2.613812e-15
1.192498 2.587601e-15
1.193146 2.573117e-15
1.193794 2.577286e-15
1.194441 2.582769e-15
1.195089 2.5824e-15
1.195737 2.590602e-15
1.196384 2.572606e-15
1.197032 2.56889e-15
1.19768 2.575734e-15
1.198327 2.570615e-15
1.198975 2.568731e-15
1.199623 2.57337e-15
1.20027 2.574088e-15
1.200918 2.570573e-15
1.201565 2.567298e-15
1.202213 2.562668e-15
1.20286 2.54775e-15
1.203508 2.555274e-15
1.204155 2.553753e-15
1.204803 2.554259e-15
1.20545 2.542661e-15
1.206097 2.531044e-15
1.206745 2.529561e-15
1.207392 2.537168e-15
1.208039 2.55149e-15
1.208687 2.548207e-15
1.209334 2.547219e-15
1.209981 2.548922e-15
1.210628 2.546586e-15
1.211275 2.540011e-15
1.211923 2.527229e-15
1.21257 2.532399e-15
1.213217 2.537808e-15
1.213864 2.534502e-15
1.214511 2.535701e-15
1.215158 2.544086e-15
1.215805 2.55206e-15
1.216452 2.55308e-15
1.217099 2.546371e-15
1.217746 2.546658e-15
1.218393 2.545034e-15
1.21904 2.539519e-15
1.219687 2.525915e-15
1.220334 2.520859e-15
1.220981 2.529358e-15
1.221628 2.550899e-15
1.222275 2.562217e-15
1.222921 2.553883e-15
1.223568 2.555075e-15
1.224215 2.553419e-15
1.224862 2.535322e-15
1.225509 2.53346e-15
1.226155 2.538116e-15
1.226802 2.542562e-15
1.227449 2.548564e-15
1.228095 2.544614e-15
1.228742 2.540483e-15
1.229389 2.540788e-15
1.230035 2.546551e-15
1.230682 2.541501e-15
1.231329 2.542415e-15
1.231975 2.531001e-15
1.232622 2.532801e-15
1.233268 2.542873e-15
1.233915 2.537528e-15
1.234561 2.528425e-15
1.235208 2.52805e-15
1.235854 2.533854e-15
1.236501 2.531855e-15
1.237147 2.531123e-15
1.237793 2.523834e-15
1.23844 2.520966e-15
1.239086 2.528573e-15
1.239732 2.541847e-15
1.240379 2.554332e-15
1.241025 2.558076e-15
1.241671 2.558454e-15
1.242318 2.549582e-15
1.242964 2.544183e-15
1.24361 2.566835e-15
1.244256 2.584645e-15
1.244903 2.594734e-15
1.245549 2.596997e-15
1.246195 2.580746e-15
1.246841 2.566068e-15
1.247487 2.557453e-15
1.248133 2.550656e-15
1.248779 2.537558e-15
1.249425 2.523435e-15
1.250071 2.524938e-15
1.250717 2.533812e-15
1.251363 2.55044e-15
1.25201 2.553409e-15
1.252656 2.535302e-15
1.253301 2.523821e-15
1.253947 2.521725e-15
1.254593 2.532993e-15
1.255239 2.534028e-15
1.255885 2.52759e-15
1.256531 2.532841e-15
1.257177 2.537898e-15
1.257823 2.535404e-15
1.258469 2.541154e-15
1.259115 2.558888e-15
1.25976 2.565266e-15
1.260406 2.546342e-15
1.261052 2.538134e-15
1.261698 2.54756e-15
1.262344 2.548125e-15
1.262989 2.537027e-15
1.263635 2.538477e-15
1.264281 2.544527e-15
1.264926 2.55346e-15
1.265572 2.55039e-15
1.266218 2.549783e-15
1.266863 2.535931e-15
1.267509 2.530504e-15
1.268154 2.538534e-15
1.2688 2.530884e-15
1.269446 2.525502e-15
1.270091 2.520351e-15
1.270737 2.518783e-15
1.271382 2.536437e-15
1.272028 2.550388e-15
1.272673 2.544478e-15
1.273319 2.527371e-15
1.273964 2.539727e-15
1.27461 2.543022e-15
1.275255 2.532481e-15
1.275901 2.530116e-15
1.276546 2.531949e-15
1.277191 2.508243e-15
1.277837 2.506755e-15
1.278482 2.521729e-15
1.279128 2.528512e-15
1.279773 2.523803e-15
1.280418 2.530364e-15
1.281063 2.524014e-15
1.281709 2.532171e-15
1.282354 2.556287e-15
1.282999 2.556528e-15
1.283645 2.534259e-15
1.28429 2.541846e-15
1.284935 2.54971e-15
1.28558 2.547688e-15
1.286225 2.541072e-15
1.286871 2.552582e-15
1.287516 2.551575e-15
1.288161 2.544153e-15
1.288806 2.555995e-15
1.289451 2.57335e-15
1.290096 2.566413e-15
1.290742 2.552636e-15
1.291387 2.547272e-15
1.292032 2.568184e-15
1.292677 2.557284e-15
1.293322 2.551551e-15
1.293967 2.572811e-15
1.294612 2.578568e-15
1.295257 2.574582e-15
1.295902 2.584859e-15
1.296547 2.592475e-15
1.297192 2.589607e-15
1.297837 2.577519e-15
1.298482 2.582309e-15
1.299127 2.595559e-15
1.299772 2.60434e-15
1.300417 2.600333e-15
1.301061 2.597666e-15
1.301706 2.594703e-15
1.302351 2.6032e-15
1.302996 2.603749e-15
1.303641 2.612893e-15
1.304286 2.622726e-15
1.304931 2.615211e-15
1.305575 2.613405e-15
1.30622 2.633196e-15
1.306865 2.632027e-15
1.30751 2.628287e-15
1.308155 2.641677e-15
1.308799 2.661813e-15
1.309444 2.66793e-15
1.310089 2.670186e-15
1.310734 2.689729e-15
1.311378 2.725423e-15
1.312023 2.736482e-15
1.312668 2.73309e-15
1.313312 2.732856e-15
1.313957 2.727053e-15
1.314602 2.741672e-15
1.315246 2.804936e-15
1.315891 2.86051e-15
1.316536 2.864844e-15
1.31718 2.829139e-15
1.317825 2.787412e-15
1.31847 2.755934e-15
1.319114 2.753853e-15
1.319759 2.742607e-15
1.320403 2.732629e-15
1.321048 2.745738e-15
1.321692 2.763705e-15
1.322337 2.782975e-15
1.322981 2.785449e-15
1.323626 2.785616e-15
1.32427 2.79394e-15
1.324915 2.813427e-15
1.325559 2.811197e-15
1.326204 2.813306e-15
1.326848 2.820564e-15
1.327493 2.842668e-15
1.328137 2.869042e-15
1.328782 2.886692e-15
1.329426 2.884489e-15
1.330071 2.872424e-15
1.330715 2.88581e-15
1.331359 2.918325e-15
1.332004 2.93794e-15
1.332648 2.956841e-15
1.333293 2.973523e-15
1.333937 2.971239e-15
1.334581 2.997166e-15
1.335226 3.009789e-15
1.33587 3.03783e-15
1.336514 3.054618e-15
1.337159 3.065611e-15
1.337803 3.089007e-15
1.338447 3.122748e-15
1.339092 3.164961e-15
1.339736 3.177735e-15
1.34038 3.181206e-15
1.341024 3.243839e-15
1.341669 3.327897e-15
1.342313 3.376453e-15
1.342957 3.353914e-15
1.343601 3.267591e-15
1.344246 3.170935e-15
1.34489 3.103577e-15
1.345534 3.073987e-15
1.346178 3.084587e-15
1.346822 3.07987e-15
1.347467 3.090141e-15
1.348111 3.097527e-15
1.348755 3.094782e-15
1.349399 3.081003e-15
1.350043 3.081645e-15
1.350688 3.070202e-15
1.351332 3.011245e-15
1.351976 2.975787e-15
1.35262 2.961545e-15
1.353264 2.941155e-15
1.353908 2.86314e-15
1.354552 2.86565e-15
1.355196 2.859932e-15
1.35584 2.83216e-15
1.356485 2.821109e-15
1.357129 2.798273e-15
1.357773 2.75734e-15
1.358417 2.753038e-15
1.359061 2.736862e-15
1.359705 2.735191e-15
1.360349 2.732696e-15
1.360993 2.730203e-15
1.361637 2.727709e-15
1.362281 2.725216e-15
1.362925 2.722723e-15
1.363569 2.72023e-15
1.364213 2.717738e-15
1.364857 2.715246e-15
1.365501 2.712754e-15
1.366145 2.710264e-15
1.366789 2.707772e-15
1.367433 2.70528e-15
1.368077 2.70279e-15
1.368721 2.7003e-15
1.369365 2.69781e-15
1.370009 2.69532e-15
1.370653 2.69283e-15
1.371297 2.690341e-15
1.371941 2.687852e-15
1.372585 2.685364e-15
1.373229 2.682875e-15
1.373873 2.680387e-15
1.374517 2.6779e-15
1.37516 2.675413e-15
1.375804 2.672927e-15
1.376448 2.67044e-15
1.377092 2.667954e-15
1.377736 2.665468e-15
1.37838 2.662983e-15
1.379024 2.660498e-15
1.379668 2.658012e-15
1.380312 2.655528e-15
1.380955 2.653043e-15
1.381599 2.650559e-15
1.382243 2.648075e-15
1.382887 2.645591e-15
1.383531 2.643108e-15
1.384175 2.640625e-15
1.384819 2.638143e-15
1.385463 2.63566e-15
1.386106 2.633177e-15
1.38675 2.630695e-15
1.387394 2.628213e-15
1.388038 2.625732e-15
1.388682 2.623252e-15
1.389325 2.620771e-15
1.389969 2.618291e-15
1.390613 2.615811e-15
1.391257 2.613332e-15
1.391901 2.610853e-15
1.392545 2.608373e-15
1.393188 2.605895e-15
1.393832 2.603416e-15
1.394476 2.600938e-15
1.39512 2.59846e-15
1.395763 2.595982e-15
1.396407 2.593504e-15
1.397051 2.591027e-15
1.397695 2.588549e-15
1.398339 2.586073e-15
1.398982 2.583596e-15
1.399626 2.58112e-15
1.40027 2.578644e-15
1.400914 2.576168e-15
1.401558 2.573692e-15
1.402201 2.571217e-15
1.402845 2.568743e-15
1.403489 2.566269e-15
1.404133 2.563795e-15
1.404776 2.561322e-15
1.40542 2.558848e-15
1.406064 2.556375e-15
1.406708 2.553902e-15
1.407351 2.551429e-15
1.407995 2.548957e-15
1.408639 2.546484e-15
1.409438 2.543415e-15
1.410251 2.540295e-15
1.411063 2.537175e-15
1.411876 2.548084e-15
1.412688 2.55188e-15
1.413501 2.547827e-15
1.414313 2.523531e-15
1.415125 2.529923e-15
1.415938 2.546299e-15
1.41675 2.547735e-15
1.417562 2.540768e-15
1.418374 2.528515e-15
1.419187 2.528689e-15
1.419999 2.526744e-15
1.420811 2.525172e-15
1.421623 2.556493e-15
1.422435 2.549178e-15
1.423247 2.53144e-15
1.424059 2.530418e-15
1.424871 2.532226e-15
1.425682 2.535826e-15
1.426494 2.541828e-15
1.427306 2.533205e-15
1.428118 2.529651e-15
1.428929 2.538079e-15
1.429741 2.55619e-15
1.430553 2.548136e-15
1.431364 2.518781e-15
1.432176 2.521613e-15
1.432988 2.532676e-15
1.433799 2.542162e-15
1.43461 2.538197e-15
1.435422 2.552311e-15
1.436233 2.566147e-15
1.437045 2.555889e-15
1.437856 2.539443e-15
1.438667 2.545162e-15
1.439478 2.546056e-15
1.44029 2.558276e-15
1.441101 2.549032e-15
1.441912 2.541364e-15
1.442723 2.546338e-15
1.443534 2.556705e-15
1.444345 2.57576e-15
1.445156 2.58098e-15
1.445967 2.564709e-15
1.446778 2.563447e-15
1.447589 2.560936e-15
1.4484 2.575433e-15
1.44921 2.565439e-15
1.450021 2.54538e-15
1.450832 2.539844e-15
1.451643 2.564957e-15
1.452453 2.588582e-15
1.453264 2.591125e-15
1.454075 2.577669e-15
1.454885 2.571673e-15
1.455696 2.576057e-15
1.456506 2.578988e-15
1.457317 2.57722e-15
1.458127 2.580074e-15
1.458937 2.585744e-15
1.459748 2.58282e-15
1.460558 2.572913e-15
1.461369 2.577527e-15
1.462179 2.578361e-15
1.462989 2.570723e-15
1.463799 2.574331e-15
1.464609 2.582305e-15
1.46542 2.571684e-15
1.46623 2.563778e-15
1.46704 2.567141e-15
1.46785 2.582406e-15
1.46866 2.581807e-15
1.46947 2.575551e-15
1.47028 2.56456e-15
1.47109 2.560768e-15
1.4719 2.566381e-15
1.472709 2.554408e-15
1.473519 2.566972e-15
1.474329 2.572409e-15
1.475139 2.566378e-15
1.475949 2.552662e-15
1.476758 2.546302e-15
1.477568 2.550847e-15
1.478378 2.564579e-15
1.479187 2.572005e-15
1.479997 2.568782e-15
1.480806 2.567878e-15
1.481616 2.584014e-15
1.482425 2.589097e-15
1.483235 2.586991e-15
1.484044 2.585874e-15
1.484854 2.59026e-15
1.485663 2.586625e-15
1.486472 2.582197e-15
1.487282 2.590889e-15
1.488091 2.60703e-15
1.4889 2.617134e-15
1.489709 2.614875e-15
1.490518 2.609333e-15
1.491328 2.609316e-15
1.492137 2.610206e-15
1.492946 2.612149e-15
1.493755 2.621348e-15
1.494564 2.628245e-15
1.495373 2.626225e-15
1.496182 2.644571e-15
1.496991 2.669384e-15
1.4978 2.682902e-15
1.498609 2.686669e-15
1.499417 2.682371e-15
1.500226 2.678577e-15
1.501035 2.655198e-15
1.501844 2.649775e-15
1.502653 2.663222e-15
1.503461 2.666179e-15
1.50427 2.663106e-15
1.505079 2.659515e-15
1.505887 2.650536e-15
1.506696 2.642875e-15
1.507504 2.640499e-15
1.508313 2.639974e-15
1.509122 2.639544e-15
1.50993 2.63554e-15
1.510738 2.619661e-15
1.511547 2.61665e-15
1.512355 2.616889e-15
1.513164 2.616586e-15
1.513972 2.6196e-15
1.51478 2.615945e-15
1.515589 2.611183e-15
1.516397 2.612624e-15
1.517205 2.608354e-15
1.518013 2.613082e-15
1.518822 2.614974e-15
1.51963 2.616197e-15
1.520438 2.60406e-15
1.521246 2.603386e-15
1.522054 2.606702e-15
1.522862 2.609089e-15
1.52367 2.607973e-15
1.524478 2.606087e-15
1.525286 2.604168e-15
1.526094 2.611226e-15
1.526902 2.613935e-15
1.52771 2.611821e-15
1.528518 2.604327e-15
1.529326 2.603582e-15
1.530134 2.607661e-15
1.530942 2.616009e-15
1.531749 2.617036e-15
1.532557 2.608423e-15
1.533365 2.601149e-15
1.534172 2.596288e-15
1.53498 2.600545e-15
1.535788 2.611834e-15
1.536596 2.615517e-15
1.537403 2.609489e-15
1.538211 2.598351e-15
1.539018 2.601405e-15
1.539826 2.611356e-15
1.540633 2.617785e-15
1.541441 2.620735e-15
1.542248 2.620905e-15
1.543056 2.613505e-15
1.543863 2.609385e-15
1.544671 2.616619e-15
1.545478 2.62555e-15
1.546285 2.621489e-15
1.547093 2.619565e-15
1.5479 2.616707e-15
1.548707 2.605405e-15
1.549514 2.602117e-15
1.550322 2.603917e-15
1.551129 2.606617e-15
1.551936 2.621957e-15
1.552743 2.622956e-15
1.55355 2.614792e-15
1.554357 2.610882e-15
1.555165 2.609676e-15
1.555972 2.608511e-15
1.556779 2.607144e-15
1.557586 2.608228e-15
1.558393 2.604575e-15
1.5592 2.601497e-15
1.560007 2.608858e-15
1.560814 2.619162e-15
1.561621 2.624115e-15
1.562427 2.61752e-15
1.563234 2.613061e-15
1.564041 2.611459e-15
1.564848 2.614445e-15
1.565655 2.623924e-15
1.566462 2.626764e-15
1.567268 2.621734e-15
1.568075 2.613096e-15
1.568882 2.600513e-15
1.569688 2.58655e-15
1.570495 2.587501e-15
1.571302 2.593541e-15
1.572109 2.601281e-15
1.572915 2.597009e-15
1.573722 2.596723e-15
1.574528 2.612091e-15
1.575335 2.618576e-15
1.576142 2.614872e-15
1.576948 2.620081e-15
1.577754 2.626714e-15
1.578561 2.627419e-15
1.579368 2.627585e-15
1.580174 2.633014e-15
1.58098 2.642457e-15
1.581787 2.646693e-15
1.582593 2.642322e-15
1.5834 2.65803e-15
1.584206 2.672039e-15
1.585012 2.673021e-15
1.585819 2.66049e-15
1.586625 2.66582e-15
1.587431 2.6623e-15
1.588237 2.66045e-15
1.589044 2.674544e-15
1.58985 2.688906e-15
1.590656 2.69442e-15
1.591462 2.690685e-15
1.592268 2.6877e-15
1.593075 2.680874e-15
1.593881 2.673944e-15
1.594687 2.67496e-15
1.595493 2.675656e-15
1.596299 2.670846e-15
1.597105 2.667027e-15
1.597911 2.657646e-15
1.598717 2.653139e-15
1.599523 2.642946e-15
1.600329 2.645796e-15
1.601135 2.657216e-15
1.601941 2.664453e-15
1.602747 2.66981e-15
1.603553 2.670308e-15
1.604359 2.674993e-15
1.605165 2.684442e-15
1.605971 2.685469e-15
1.606776 2.684678e-15
1.607582 2.680704e-15
1.608388 2.675614e-15
1.609194 2.669987e-15
1.61 2.647918e-15
1.610806 2.638038e-15
1.611611 2.660596e-15
1.612417 2.683888e-15
1.613223 2.680638e-15
1.614029 2.674142e-15
1.614834 2.673955e-15
1.61564 2.679469e-15
1.616446 2.686167e-15
1.617251 2.689521e-15
1.618057 2.69296e-15
1.618863 2.691776e-15
1.619668 2.682318e-15
1.620474 2.68448e-15
1.621279 2.685337e-15
1.622085 2.679243e-15
1.62289 2.680124e-15
1.623696 2.679008e-15
1.624501 2.678076e-15
1.625307 2.684993e-15
1.626113 2.687509e-15
1.626918 2.683981e-15
1.627723 2.684421e-15
1.628529 2.677079e-15
1.629334 2.673948e-15
1.63014 2.670483e-15
1.630945 2.658959e-15
1.631751 2.652884e-15
1.632556 2.652837e-15
1.633361 2.658896e-15
1.634167 2.664561e-15
1.634972 2.669466e-15
1.635777 2.680045e-15
1.636583 2.679382e-15
1.637388 2.67107e-15
1.638193 2.667386e-15
1.638998 2.663929e-15
1.639804 2.658911e-15
1.640609 2.663679e-15
1.641414 2.675885e-15
1.64222 2.68761e-15
1.643025 2.692902e-15
1.64383 2.703935e-15
1.644635 2.707927e-15
1.64544 2.698801e-15
1.646246 2.694351e-15
1.647051 2.703337e-15
1.647856 2.701736e-15
1.648661 2.690071e-15
1.649466 2.671668e-15
1.650271 2.657687e-15
1.651076 2.658692e-15
1.651881 2.660817e-15
1.652686 2.657717e-15
1.653491 2.667306e-15
1.654296 2.660547e-15
1.655102 2.670108e-15
1.655907 2.677679e-15
1.656712 2.669092e-15
1.657517 2.66268e-15
1.658322 2.66029e-15
1.659127 2.663946e-15
1.659932 2.67194e-15
1.660737 2.673026e-15
1.661542 2.667151e-15
1.662346 2.66119e-15
1.663152 2.653918e-15
1.663956 2.651891e-15
1.664761 2.653959e-15
1.665566 2.66413e-15
1.666371 2.671594e-15
1.667176 2.669851e-15
1.667981 2.67116e-15
1.668786 2.680257e-15
1.669591 2.687809e-15
1.670396 2.677206e-15
1.6712 2.672124e-15
1.672005 2.658608e-15
1.67281 2.648694e-15
1.673615 2.646121e-15
1.67442 2.649913e-15
1.675224 2.652637e-15
1.676029 2.661077e-15
1.676834 2.661236e-15
1.677639 2.664201e-15
1.678444 2.662133e-15
1.679248 2.656049e-15
1.680053 2.647409e-15
1.680858 2.663209e-15
1.681663 2.688699e-15
1.682467 2.70012e-15
1.683272 2.697192e-15
1.684077 2.703639e-15
1.684881 2.704732e-15
1.685686 2.705144e-15
1.686491 2.712927e-15
1.687296 2.723835e-15
1.6881 2.723529e-15
1.688905 2.712154e-15
1.68971 2.698321e-15
1.690514 2.701324e-15
1.691319 2.702577e-15
1.692124 2.69911e-15
1.692928 2.700454e-15
1.693733 2.695226e-15
1.694538 2.683774e-15
1.695342 2.681566e-15
1.696147 2.680495e-15
1.696951 2.672784e-15
1.697756 2.663284e-15
1.698561 2.684607e-15
1.699365 2.701401e-15
1.70017 2.703792e-15
1.700974 2.707718e-15
1.701779 2.715866e-15
1.702583 2.716896e-15
1.703388 2.705575e-15
1.704193 2.701352e-15
1.704997 2.710232e-15
1.705802 2.720329e-15
1.706606 2.726149e-15
1.707411 2.720315e-15
1.708215 2.708032e-15
1.70902 2.70997e-15
1.709824 2.706842e-15
1.710629 2.714082e-15
1.711433 2.72212e-15
1.712238 2.711907e-15
1.713042 2.695111e-15
1.713847 2.696827e-15
1.714651 2.699051e-15
1.715456 2.700806e-15
1.71626 2.704283e-15
1.717065 2.704194e-15
1.717869 2.706155e-15
1.718674 2.723085e-15
1.719478 2.74386e-15
1.720283 2.770348e-15
1.721087 2.793925e-15
1.721892 2.789393e-15
1.722696 2.756209e-15
1.723501 2.726257e-15
1.724305 2.71193e-15
1.72511 2.7098e-15
1.725914 2.702109e-15
1.726718 2.709763e-15
1.727523 2.70647e-15
1.728327 2.711928e-15
1.729132 2.705693e-15
1.729936 2.694637e-15
1.730741 2.692908e-15
1.731545 2.688786e-15
1.73235 2.683214e-15
1.733154 2.679497e-15
1.733958 2.683783e-15
1.734763 2.688396e-15
1.735567 2.686775e-15
1.736371 2.708315e-15
1.737176 2.745965e-15
1.73798 2.738613e-15
1.738785 2.728275e-15
1.739589 2.713846e-15
1.740394 2.702572e-15
1.741198 2.692998e-15
1.742003 2.704075e-15
1.742807 2.717563e-15
1.743611 2.702401e-15
1.744416 2.692854e-15
1.74522 2.703896e-15
1.746025 2.709057e-15
1.746829 2.701786e-15
1.747634 2.68735e-15
1.748438 2.688002e-15
1.749243 2.698785e-15
1.750047 2.70362e-15
1.750851 2.703633e-15
1.751656 2.705253e-15
1.75246 2.697276e-15
1.753264 2.696842e-15
1.754069 2.711129e-15
1.754873 2.71264e-15
1.755678 2.702508e-15
1.756482 2.699811e-15
1.757287 2.704958e-15
1.758091 2.715451e-15
1.758895 2.724985e-15
1.7597 2.732667e-15
1.760504 2.728148e-15
1.761309 2.722675e-15
1.762113 2.723384e-15
1.762918 2.712123e-15
1.763722 2.710532e-15
1.764527 2.702696e-15
1.765331 2.686826e-15
1.766135 2.684367e-15
1.76694 2.722671e-15
1.767744 2.730029e-15
1.768549 2.710951e-15
1.769353 2.699982e-15
1.770157 2.711179e-15
1.770962 2.71337e-15
1.771766 2.716975e-15
1.772571 2.731306e-15
1.773375 2.73957e-15
1.77418 2.72228e-15
1.774984 2.709198e-15
1.775789 2.704406e-15
1.776593 2.710382e-15
1.777398 2.721283e-15
1.778202 2.709686e-15
1.779007 2.709199e-15
1.779811 2.714784e-15
1.780616 2.701904e-15
1.78142 2.694632e-15
1.782225 2.711844e-15
1.783029 2.712916e-15
1.783834 2.675713e-15
1.784638 2.663589e-15
1.785443 2.700883e-15
1.786247 2.691549e-15
1.787052 2.679163e-15
1.787856 2.690307e-15
1.788661 2.705144e-15
1.789465 2.663577e-15
1.79027 2.649039e-15
1.791074 2.674288e-15
1.791879 2.66583e-15
1.792684 2.644516e-15
1.793488 2.652572e-15
1.794293 2.695646e-15
1.795097 2.717795e-15
1.795902 2.695214e-15
1.796706 2.697624e-15
1.797511 2.713401e-15
1.798315 2.723153e-15
1.79912 2.686545e-15
1.799925 2.671491e-15
1.900447 2.625218e-15
1.900987 2.627905e-15
1.901526 2.608032e-15
1.902066 2.581778e-15
1.902605 2.615013e-15
1.903145 2.628797e-15
1.903685 2.611307e-15
1.904224 2.600295e-15
1.904764 2.626302e-15
1.905304 2.637153e-15
1.905843 2.639921e-15
1.906383 2.67907e-15
1.906922 2.687066e-15
1.907462 2.626232e-15
1.908001 2.586466e-15
1.908541 2.622531e-15
1.909081 2.638802e-15
1.90962 2.636235e-15
1.91016 2.657778e-15
1.910699 2.665916e-15
1.911239 2.666275e-15
1.911778 2.660602e-15
1.912318 2.644729e-15
1.912857 2.628006e-15
1.913397 2.614962e-15
1.913936 2.618103e-15
1.914476 2.62978e-15
1.915015 2.626328e-15
1.915555 2.625645e-15
1.916094 2.617334e-15
1.916634 2.631141e-15
1.917173 2.653108e-15
1.917713 2.682839e-15
1.918252 2.711027e-15
1.918791 2.69626e-15
1.919331 2.726783e-15
1.91987 2.778395e-15
1.92041 2.810375e-15
1.920949 2.803735e-15
1.921488 2.770755e-15
1.922028 2.73012e-15
1.922567 2.690807e-15
1.923107 2.687605e-15
1.923646 2.717182e-15
1.924185 2.73373e-15
1.924725 2.734844e-15
1.925264 2.705866e-15
1.925803 2.688437e-15
1.926343 2.680297e-15
1.926882 2.680786e-15
1.927421 2.697102e-15
1.927961 2.701506e-15
1.9285 2.712962e-15
1.929039 2.689198e-15
1.929579 2.67562e-15
1.930118 2.686215e-15
1.930657 2.704714e-15
1.931196 2.692207e-15
1.931736 2.697574e-15
1.932275 2.711078e-15
1.932814 2.700367e-15
1.933353 2.703103e-15
1.933893 2.723962e-15
1.934432 2.735552e-15
1.934971 2.74242e-15
1.93551 2.74195e-15
1.936049 2.745013e-15
1.936589 2.739444e-15
1.937128 2.745188e-15
1.937667 2.755037e-15
1.938206 2.75114e-15
1.938745 2.753678e-15
1.939285 2.761829e-15
1.939824 2.765699e-15
1.940363 2.767341e-15
1.940902 2.785979e-15
1.941441 2.798854e-15
1.94198 2.79139e-15
1.942519 2.78691e-15
1.943059 2.77899e-15
1.943598 2.751216e-15
1.944137 2.736647e-15
1.944676 2.762768e-15
1.945215 2.805599e-15
1.945754 2.855939e-15
1.946293 2.900066e-15
1.946832 2.934459e-15
1.947371 2.951484e-15
1.94791 2.965095e-15
1.948449 2.975531e-15
1.948988 2.984254e-15
1.949528 3.001884e-15
1.950067 3.013937e-15
1.950606 3.035742e-15
1.951145 3.055523e-15
1.951684 3.082718e-15
1.952223 3.103004e-15
1.952762 3.121386e-15
1.953301 3.123061e-15
1.95384 3.119824e-15
1.954379 3.118382e-15
1.954918 3.116435e-15
1.955457 3.127674e-15
1.955996 3.138545e-15
1.956535 3.149802e-15
1.957074 3.161962e-15
1.957613 3.178512e-15
1.958151 3.188722e-15
1.95869 3.208265e-15
1.959229 3.231011e-15
1.959768 3.252483e-15
1.960307 3.276139e-15
1.960846 3.31607e-15
1.961385 3.363303e-15
1.961924 3.419634e-15
1.962463 3.491061e-15
1.963002 3.553859e-15
1.963541 3.591977e-15
1.964079 3.605787e-15
1.964618 3.580828e-15
1.965157 3.529882e-15
1.965696 3.461978e-15
1.966235 3.380981e-15
1.966774 3.315716e-15
1.967313 3.271558e-15
1.967851 3.241438e-15
1.96839 3.227668e-15
1.968929 3.236131e-15
1.969468 3.241457e-15
1.970007 3.242391e-15
1.970546 3.247017e-15
1.971084 3.253696e-15
1.971623 3.259612e-15
1.972162 3.261589e-15
1.972701 3.269052e-15
1.973239 3.265656e-15
1.973778 3.261549e-15
1.974317 3.255726e-15
1.974856 3.242683e-15
1.975395 3.230378e-15
1.975933 3.212226e-15
1.976472 3.193201e-15
1.977011 3.174481e-15
1.977549 3.162297e-15
1.978088 3.147987e-15
1.978627 3.136619e-15
1.979166 3.120524e-15
1.979704 3.107144e-15
1.980243 3.086852e-15
1.980782 3.070697e-15
1.98132 3.053984e-15
1.981859 3.034287e-15
1.982398 3.01816e-15
1.982936 3.000477e-15
1.983475 2.985551e-15
1.984014 2.970278e-15
1.984552 2.959161e-15
1.985091 2.94256e-15
1.985629 2.923298e-15
1.986168 2.911145e-15
1.986707 2.895792e-15
1.987246 2.878708e-15
1.987784 2.866489e-15
1.988323 2.860914e-15
1.988861 2.844321e-15
1.9894 2.826917e-15
1.989938 2.81643e-15
1.990477 2.798921e-15
1.991016 2.778803e-15
1.991554 2.768994e-15
1.992093 2.761376e-15
1.992631 2.752552e-15
1.99317 2.753515e-15
1.993708 2.752944e-15
1.994247 2.74807e-15
1.994785 2.737527e-15
1.995324 2.729934e-15
1.995863 2.722548e-15
1.996401 2.713682e-15
1.996939 2.706953e-15
1.997478 2.702283e-15
1.998017 2.695198e-15
1.998555 2.683102e-15
1.999094 2.669569e-15
1.999632 2.661331e-15
2.000171 2.660419e-15
2.000709 2.650705e-15
2.001247 2.644366e-15
2.001786 2.632423e-15
2.002324 2.608051e-15
2.002863 2.589e-15
2.003401 2.577243e-15
2.00394 2.579448e-15
2.004478 2.573639e-15
2.005017 2.575868e-15
2.005555 2.581298e-15
2.006094 2.586007e-15
2.006632 2.593172e-15
2.00717 2.608964e-15
2.007709 2.628087e-15
2.008247 2.639523e-15
2.008786 2.650058e-15
2.009324 2.659774e-15
2.009862 2.666787e-15
2.010401 2.657829e-15
2.010939 2.652928e-15
2.011477 2.645356e-15
2.012016 2.638284e-15
2.012554 2.636176e-15
2.013092 2.641307e-15
2.013631 2.644261e-15
2.014169 2.647172e-15
2.014707 2.645648e-15
2.015246 2.642111e-15
2.015784 2.640759e-15
2.016322 2.642882e-15
2.016861 2.64063e-15
2.017399 2.634218e-15
2.017937 2.63861e-15
2.018476 2.637137e-15
2.019014 2.638269e-15
2.019552 2.638503e-15
2.02009 2.646565e-15
2.020629 2.647638e-15
2.021167 2.653664e-15
2.021705 2.659422e-15
2.022244 2.662839e-15
2.022782 2.666152e-15
2.02332 2.666577e-15
2.023858 2.670365e-15
2.024396 2.675815e-15
2.024935 2.682641e-15
2.025473 2.681161e-15
2.026011 2.690157e-15
2.026549 2.695414e-15
2.027087 2.694138e-15
2.027626 2.689818e-15
2.028164 2.689629e-15
2.028702 2.682722e-15
2.02924 2.680375e-15
2.029779 2.688932e-15
2.030317 2.692856e-15
2.030855 2.693936e-15
2.031393 2.691632e-15
2.031931 2.687331e-15
2.032469 2.683431e-15
2.033007 2.682518e-15
2.033546 2.686413e-15
2.034084 2.687948e-15
2.034622 2.690954e-15
2.03516 2.698165e-15
2.035698 2.696253e-15
2.036236 2.699717e-15
2.036774 2.706054e-15
2.037312 2.704823e-15
2.03785 2.695461e-15
2.038388 2.691255e-15
2.038927 2.687855e-15
2.039465 2.684839e-15
2.040003 2.688228e-15
2.040541 2.688079e-15
2.041079 2.684092e-15
2.041617 2.68018e-15
2.042155 2.686714e-15
2.042693 2.684953e-15
2.043231 2.686367e-15
2.043769 2.686256e-15
2.044307 2.687473e-15
2.044845 2.688884e-15
2.045383 2.692668e-15
2.045921 2.699775e-15
2.046459 2.703894e-15
2.046997 2.706214e-15
2.047535 2.705795e-15
2.048073 2.711857e-15
2.048611 2.717764e-15
2.049149 2.726148e-15
2.049687 2.728478e-15
2.050225 2.730664e-15
2.050763 2.723607e-15
2.051301 2.707978e-15
2.051839 2.698526e-15
2.052377 2.687765e-15
2.052915 2.681258e-15
2.053453 2.674565e-15
2.053991 2.677935e-15
2.054529 2.679693e-15
2.055067 2.682133e-15
2.055605 2.686603e-15
2.056143 2.695619e-15
2.056681 2.704237e-15
2.057219 2.703766e-15
2.057757 2.701056e-15
2.058295 2.695487e-15
2.058832 2.685653e-15
2.05937 2.676567e-15
2.059908 2.674947e-15
2.060446 2.674676e-15
2.060984 2.670975e-15
2.061522 2.66743e-15
2.06206 2.664892e-15
2.062598 2.658982e-15
2.063136 2.653993e-15
2.063673 2.645539e-15
2.064211 2.643907e-15
2.064749 2.638596e-15
2.065287 2.636526e-15
2.065825 2.634575e-15
2.066363 2.630367e-15
2.066901 2.630951e-15
2.067438 2.624273e-15
2.067976 2.625595e-15
2.068514 2.624485e-15
2.069052 2.622873e-15
2.06959 2.623191e-15
2.070128 2.622316e-15
2.070665 2.619798e-15
2.071203 2.61372e-15
2.071741 2.614752e-15
2.072279 2.613042e-15
2.072816 2.611878e-15
2.073354 2.613461e-15
2.073892 2.61363e-15
2.07443 2.611059e-15
2.074967 2.611966e-15
2.075505 2.612627e-15
2.076043 2.612524e-15
2.076581 2.615237e-15
2.077118 2.618927e-15
2.077656 2.61603e-15
2.078194 2.614245e-15
2.078732 2.614056e-15
2.079269 2.614355e-15
2.079807 2.611937e-15
2.080345 2.616586e-15
2.080883 2.619322e-15
2.081421 2.616019e-15
2.081958 2.616093e-15
2.082496 2.611881e-15
2.083034 2.607213e-15
2.083571 2.604661e-15
2.084109 2.605527e-15
2.084646 2.605366e-15
2.085184 2.608077e-15
2.085722 2.613254e-15
2.08626 2.614279e-15
2.086797 2.614184e-15
2.087335 2.613332e-15
2.087872 2.60869e-15
2.08841 2.60452e-15
2.088948 2.60435e-15
2.089485 2.601191e-15
2.090023 2.599578e-15
2.090561 2.599319e-15
2.091098 2.603277e-15
2.091636 2.606161e-15
2.092174 2.610636e-15
2.092711 2.612816e-15
2.093249 2.612217e-15
2.093787 2.607099e-15
2.094324 2.606864e-15
2.094862 2.607074e-15
2.095399 2.608783e-15
2.095937 2.611238e-15
2.096474 2.615025e-15
2.097012 2.615012e-15
2.09755 2.609079e-15
2.098087 2.610301e-15
2.098625 2.610113e-15
2.099162 2.610234e-15
2.0997 2.611593e-15
2.100238 2.613392e-15
2.100775 2.610166e-15
2.101313 2.605342e-15
2.10185 2.605645e-15
2.102388 2.604703e-15
2.102925 2.606225e-15
2.103463 2.605893e-15
2.104 2.608664e-15
2.104538 2.611962e-15
2.105075 2.613254e-15
2.105613 2.615879e-15
2.10615 2.619799e-15
2.106688 2.622047e-15
2.107225 2.616299e-15
2.107763 2.614392e-15
2.1083 2.61132e-15
2.108838 2.609836e-15
2.109375 2.612279e-15
2.109913 2.615827e-15
2.110451 2.618946e-15
2.110988 2.617165e-15
2.111525 2.61503e-15
2.112063 2.613358e-15
2.1126 2.61035e-15
2.113138 2.61066e-15
2.113675 2.609434e-15
2.114213 2.611917e-15
2.11475 2.611321e-15
2.115287 2.606812e-15
2.115825 2.605333e-15
2.116362 2.604663e-15
2.1169 2.602905e-15
2.117437 2.604536e-15
2.117975 2.606176e-15
2.118512 2.605504e-15
2.11905 2.602826e-15
2.119587 2.606527e-15
2.120124 2.60555e-15
2.120662 2.605098e-15
2.121199 2.60792e-15
2.121737 2.608512e-15
2.122274 2.606958e-15
2.122811 2.601916e-15
2.123349 2.604391e-15
2.123886 2.609446e-15
2.124423 2.612922e-15
2.124961 2.613178e-15
2.125498 2.612193e-15
2.126036 2.606296e-15
2.126573 2.602192e-15
2.127111 2.605974e-15
2.127648 2.623316e-15
2.128185 2.62937e-15
2.128722 2.635814e-15
2.12926 2.641348e-15
2.129797 2.640201e-15
2.130335 2.63728e-15
2.130872 2.634598e-15
2.131409 2.631739e-15
2.131946 2.621222e-15
2.132484 2.616679e-15
2.133021 2.614067e-15
2.133559 2.614866e-15
2.134096 2.610709e-15
2.134633 2.610462e-15
2.135171 2.614171e-15
2.135708 2.613776e-15
2.136245 2.616434e-15
2.136782 2.619654e-15
2.13732 2.619383e-15
2.137857 2.615388e-15
2.138394 2.611317e-15
2.138931 2.611126e-15
2.139469 2.610877e-15
2.140006 2.614862e-15
2.140543 2.619519e-15
2.141081 2.616442e-15
2.141618 2.614355e-15
2.142155 2.609565e-15
2.142692 2.608282e-15
2.143229 2.605963e-15
2.143767 2.607131e-15
2.144304 2.604834e-15
2.144841 2.603643e-15
2.145379 2.600858e-15
2.145916 2.600849e-15
2.146453 2.599327e-15
2.14699 2.597112e-15
2.147528 2.59778e-15
2.148065 2.598835e-15
2.148602 2.600629e-15
2.149139 2.60103e-15
2.149676 2.599821e-15
2.150213 2.600706e-15
2.150751 2.598573e-15
2.151288 2.596563e-15
2.151825 2.590784e-15
2.152362 2.587563e-15
2.152899 2.584839e-15
2.153437 2.58869e-15
2.153974 2.59188e-15
2.154511 2.593651e-15
2.155048 2.596025e-15
2.155585 2.59545e-15
2.156122 2.598811e-15
2.15666 2.596363e-15
2.157197 2.593394e-15
2.157734 2.58565e-15
2.158271 2.578346e-15
2.158808 2.572993e-15
2.159345 2.573536e-15
2.159883 2.575837e-15
2.16042 2.575048e-15
2.160957 2.574223e-15
2.161494 2.571027e-15
2.162031 2.568145e-15
2.162568 2.56176e-15
2.163105 2.554347e-15
2.163643 2.543006e-15
2.164179 2.535735e-15
2.164717 2.536158e-15
2.165254 2.549056e-15
2.165791 2.573771e-15
2.166328 2.5986e-15
2.166865 2.613246e-15
2.167402 2.616261e-15
2.167939 2.606725e-15
2.168477 2.596248e-15
2.169013 2.588649e-15
2.169551 2.587897e-15
2.170088 2.592164e-15
2.170625 2.591772e-15
2.171162 2.591947e-15
2.171699 2.59039e-15
2.172236 2.586571e-15
2.172773 2.585493e-15
2.17331 2.587289e-15
2.173847 2.592876e-15
2.174384 2.596816e-15
2.174921 2.59783e-15
2.175458 2.599649e-15
2.175995 2.600703e-15
2.176532 2.60142e-15
2.17707 2.602194e-15
2.177607 2.602879e-15
2.178144 2.600757e-15
2.178681 2.598215e-15
2.179218 2.592288e-15
2.179755 2.594041e-15
2.180292 2.59454e-15
2.180829 2.59358e-15
2.181366 2.595458e-15
2.181903 2.598231e-15
2.18244 2.600039e-15
2.182977 2.596329e-15
2.183514 2.595581e-15
2.184051 2.593496e-15
2.184588 2.590868e-15
2.185125 2.589154e-15
2.185662 2.592125e-15
2.186199 2.590801e-15
2.186736 2.58989e-15
2.187273 2.59311e-15
2.18781 2.595619e-15
2.188347 2.595965e-15
2.188884 2.5961e-15
2.189421 2.593979e-15
2.189958 2.595151e-15
2.190495 2.594921e-15
2.191032 2.592837e-15
2.191569 2.589701e-15
2.192105 2.582666e-15
2.192642 2.58021e-15
2.193179 2.580241e-15
2.193717 2.589772e-15
2.194254 2.597067e-15
2.19479 2.601711e-15
2.195327 2.60027e-15
2.195864 2.59496e-15
2.196401 2.588792e-15
2.196938 2.583556e-15
2.197475 2.584878e-15
2.198012 2.584106e-15
2.198549 2.58751e-15
2.199086 2.58615e-15
2.199623 2.586993e-15
2.20016 2.587245e-15
2.200696 2.586309e-15
2.201233 2.585981e-15
2.20177 2.5858e-15
2.202307 2.586351e-15
2.202844 2.585872e-15
2.203381 2.58648e-15
2.203918 2.586567e-15
2.204455 2.585723e-15
2.204992 2.586068e-15
2.205529 2.586155e-15
2.206066 2.586799e-15
2.206603 2.589465e-15
2.207139 2.588609e-15
2.207676 2.590216e-15
2.208213 2.595229e-15
2.20875 2.594724e-15
2.209287 2.597873e-15
2.209824 2.59953e-15
2.210361 2.6027e-15
2.210897 2.597992e-15
2.211434 2.594237e-15
2.211971 2.591198e-15
2.212508 2.585961e-15
2.213045 2.582558e-15
2.213582 2.582398e-15
2.214119 2.586245e-15
2.214655 2.584831e-15
2.215192 2.584543e-15
2.215729 2.585044e-15
2.216266 2.581932e-15
2.216803 2.579906e-15
2.21734 2.586844e-15
2.217876 2.595788e-15
2.218413 2.602541e-15
2.21895 2.607746e-15
2.219487 2.612336e-15
2.220024 2.614761e-15
2.220561 2.616276e-15
2.221097 2.623885e-15
2.221634 2.628055e-15
2.222171 2.629644e-15
2.222708 2.625453e-15
2.223245 2.622305e-15
2.223782 2.618117e-15
2.224318 2.61133e-15
2.224855 2.605998e-15
2.225392 2.596015e-15
2.225929 2.594408e-15
2.226465 2.591346e-15
2.227002 2.591023e-15
2.227539 2.596275e-15
2.228076 2.597537e-15
2.228613 2.5953e-15
2.22915 2.591039e-15
2.229686 2.589126e-15
2.230223 2.589381e-15
2.23076 2.594817e-15
2.231296 2.600164e-15
2.231833 2.603865e-15
2.23237 2.606066e-15
2.232907 2.606268e-15
2.233444 2.599664e-15
2.23398 2.597583e-15
2.234517 2.594934e-15
2.235054 2.591384e-15
2.235591 2.593333e-15
2.236128 2.59716e-15
2.236664 2.600901e-15
2.237201 2.601279e-15
2.237738 2.608502e-15
2.238275 2.604891e-15
2.238811 2.600221e-15
2.239348 2.597513e-15
2.239885 2.597966e-15
2.240421 2.593151e-15
2.240958 2.593744e-15
2.241495 2.597501e-15
2.242032 2.597487e-15
2.242569 2.598979e-15
2.243105 2.600861e-15
2.243642 2.605293e-15
2.244179 2.600143e-15
2.244715 2.600112e-15
2.245252 2.600531e-15
2.245789 2.599512e-15
2.246326 2.595166e-15
2.246862 2.597393e-15
2.247399 2.595764e-15
2.247936 2.600736e-15
2.248472 2.603599e-15
2.249009 2.611029e-15
2.249546 2.61167e-15
2.250082 2.610544e-15
2.250619 2.609331e-15
2.251156 2.605179e-15
2.251693 2.608561e-15
2.252229 2.610913e-15
2.252766 2.617141e-15
2.253303 2.618278e-15
2.253839 2.620326e-15
2.254376 2.618813e-15
2.254913 2.61563e-15
2.255449 2.613664e-15
2.255986 2.614604e-15
2.256523 2.618672e-15
2.257059 2.619161e-15
2.257596 2.618924e-15
2.258133 2.618767e-15
2.258669 2.616168e-15
2.259206 2.613594e-15
2.259743 2.617829e-15
2.260279 2.616348e-15
2.260816 2.613114e-15
2.261353 2.61132e-15
2.261889 2.610806e-15
2.262426 2.612397e-15
2.262963 2.610468e-15
2.263499 2.617823e-15
2.264036 2.617784e-15
2.264573 2.613909e-15
2.265109 2.614261e-15
2.265646 2.621236e-15
2.266183 2.629362e-15
2.266719 2.63149e-15
2.267256 2.642933e-15
2.267793 2.648801e-15
2.268329 2.647965e-15
2.268866 2.641883e-15
2.269403 2.639212e-15
2.269939 2.629766e-15
2.270476 2.624407e-15
2.271013 2.619879e-15
2.271549 2.616295e-15
2.272086 2.61661e-15
2.272622 2.6131e-15
2.273159 2.616427e-15
2.273696 2.61398e-15
2.274232 2.616986e-15
2.274769 2.618492e-15
2.275305 2.618369e-15
2.275842 2.61997e-15
2.276379 2.617419e-15
2.276915 2.620706e-15
2.277452 2.617399e-15
2.277988 2.613243e-15
2.278525 2.615473e-15
2.279062 2.613328e-15
2.279598 2.609835e-15
2.280135 2.607106e-15
2.280672 2.614923e-15
2.281208 2.61305e-15
2.281745 2.614234e-15
2.282281 2.609814e-15
2.282818 2.60526e-15
2.283354 2.596941e-15
2.283891 2.592512e-15
2.284428 2.597045e-15
2.284964 2.594511e-15
2.285501 2.597206e-15
2.286037 2.593744e-15
2.286574 2.593904e-15
2.287111 2.595983e-15
2.287647 2.598131e-15
2.288184 2.60094e-15
2.28872 2.600258e-15
2.289257 2.594788e-15
2.289794 2.58542e-15
2.29033 2.579303e-15
2.290867 2.582216e-15
2.291403 2.581726e-15
2.29194 2.584864e-15
2.292476 2.581975e-15
2.293013 2.578284e-15
2.29355 2.575391e-15
2.294086 2.574248e-15
2.294623 2.574315e-15
2.295159 2.573441e-15
2.295696 2.573129e-15
2.296232 2.570202e-15
2.296769 2.568138e-15
2.297306 2.559041e-15
2.297842 2.554323e-15
2.298379 2.553926e-15
2.298915 2.556973e-15
2.299452 2.559448e-15
2.299988 2.562755e-15
2.300525 2.56409e-15
2.301061 2.555556e-15
2.301598 2.559583e-15
2.302135 2.559069e-15
2.302671 2.558816e-15
2.303208 2.555563e-15
2.303744 2.556687e-15
2.304281 2.554103e-15
2.304817 2.55262e-15
2.305354 2.558851e-15
2.30589 2.553393e-15
2.306427 2.551347e-15
2.306963 2.553983e-15
2.3075 2.556586e-15
2.308037 2.553606e-15
2.308573 2.555005e-15
2.30911 2.553528e-15
2.309646 2.551897e-15
2.310183 2.549827e-15
2.310719 2.553072e-15
2.311256 2.555135e-15
2.311792 2.552115e-15
2.312329 2.553255e-15
2.312865 2.553061e-15
2.313402 2.55312e-15
2.313938 2.55211e-15
2.314475 2.556878e-15
2.315012 2.560358e-15
2.315548 2.565672e-15
2.316084 2.563361e-15
2.316621 2.557706e-15
2.317157 2.543482e-15
2.317694 2.530021e-15
2.318231 2.526645e-15
2.318767 2.523337e-15
2.319304 2.531511e-15
2.31984 2.537486e-15
2.320377 2.547482e-15
2.320913 2.55517e-15
2.32145 2.558771e-15
2.321986 2.561062e-15
2.322523 2.5568e-15
2.323059 2.554527e-15
2.323596 2.551441e-15
2.324132 2.550602e-15
2.324669 2.554078e-15
2.325205 2.549755e-15
2.325742 2.550936e-15
2.326278 2.54762e-15
2.326815 2.548951e-15
2.327351 2.549868e-15
2.327888 2.548301e-15
2.328424 2.552714e-15
2.328961 2.550366e-15
2.329497 2.5478e-15
2.330034 2.54861e-15
2.33057 2.549126e-15
2.331107 2.547117e-15
2.331643 2.546653e-15
2.33218 2.546584e-15
2.332716 2.54516e-15
2.333253 2.541596e-15
2.333789 2.538094e-15
2.334326 2.532818e-15
2.334862 2.530325e-15
2.335399 2.529872e-15
2.335935 2.531247e-15
2.336472 2.531821e-15
2.337008 2.537842e-15
2.337545 2.542135e-15
2.338081 2.546002e-15
2.338618 2.545134e-15
2.339154 2.542383e-15
2.339691 2.542286e-15
2.340227 2.533921e-15
2.340763 2.52894e-15
2.3413 2.525697e-15
2.341837 2.526726e-15
2.342373 2.52806e-15
2.34291 2.530296e-15
2.343446 2.534629e-15
2.343982 2.529836e-15
2.344519 2.530057e-15
2.345056 2.529364e-15
2.345592 2.527508e-15
2.346129 2.526089e-15
2.346665 2.525729e-15
2.347201 2.528208e-15
2.347738 2.528333e-15
2.348274 2.522354e-15
2.348811 2.522792e-15
2.349347 2.51638e-15
2.349884 2.510153e-15
2.35042 2.508232e-15
2.350957 2.512917e-15
2.351493 2.51917e-15
2.352029 2.517693e-15
2.352566 2.52932e-15
2.353103 2.530879e-15
2.353639 2.525392e-15
2.354176 2.528248e-15
2.354712 2.526466e-15
2.355248 2.52557e-15
2.355785 2.523384e-15
2.356321 2.521135e-15
2.356858 2.516422e-15
2.357395 2.515822e-15
2.357931 2.520938e-15
2.358467 2.524984e-15
2.359004 2.530331e-15
2.35954 2.533102e-15
2.360077 2.535871e-15
2.360613 2.527768e-15
2.36115 2.519784e-15
2.361686 2.516173e-15
2.362223 2.518964e-15
2.362759 2.518352e-15
2.363296 2.527581e-15
2.363832 2.538315e-15
2.364368 2.53381e-15
2.364905 2.533656e-15
2.365441 2.532434e-15
2.365978 2.530505e-15
2.366514 2.526126e-15
2.367051 2.52369e-15
2.367587 2.524708e-15
2.368124 2.521038e-15
2.36866 2.520013e-15
2.369197 2.514184e-15
2.369733 2.505694e-15
2.37027 2.50262e-15
2.370806 2.494158e-15
2.371343 2.493857e-15
2.371879 2.491663e-15
2.372416 2.505055e-15
2.372952 2.50435e-15
2.373488 2.510855e-15
2.374025 2.517677e-15
2.374561 2.513436e-15
2.375098 2.515427e-15
2.375634 2.512637e-15
2.376171 2.511822e-15
2.376707 2.509402e-15
2.377244 2.506959e-15
2.37778 2.509228e-15
2.378317 2.511277e-15
2.378853 2.51262e-15
2.379389 2.514012e-15
2.379926 2.517086e-15
2.380463 2.519521e-15
2.380999 2.514792e-15
2.381535 2.522091e-15
2.382072 2.524646e-15
2.382608 2.515259e-15
2.383145 2.515528e-15
2.383681 2.511827e-15
2.384218 2.507497e-15
2.384754 2.507929e-15
2.385291 2.511316e-15
2.385827 2.514099e-15
2.386363 2.511908e-15
2.3869 2.513195e-15
2.387436 2.512815e-15
2.387973 2.516349e-15
2.388509 2.519169e-15
2.389046 2.521847e-15
2.389582 2.524084e-15
2.390119 2.514083e-15
2.390655 2.501795e-15
2.391192 2.49693e-15
2.391728 2.497537e-15
2.392265 2.49364e-15
2.392801 2.500451e-15
2.393337 2.509997e-15
2.393874 2.510685e-15
2.39441 2.512142e-15
2.394947 2.515232e-15
2.395483 2.507391e-15
2.39602 2.504816e-15
2.396556 2.506035e-15
2.397093 2.508737e-15
2.397629 2.511331e-15
2.398166 2.509361e-15
2.398702 2.506742e-15
2.399239 2.49522e-15
2.399775 2.493948e-15
2.7 2.235452e-15
2.9 2.066771e-15
3.1 1.903986e-15
3.3 1.750764e-15
3.5 1.608862e-15
3.7 1.478841e-15
3.9 1.360539e-15
4.1 1.253387e-15
4.3 1.156602e-15
4.5 1.069312e-15
4.7 9.906329e-16
4.9 9.197098e-16
5.1 8.557424e-16
5.3 7.97996e-16
5.5 7.458045e-16
5.7 6.985697e-16
5.9 6.557571e-16
6.1 6.168919e-16
6.3 5.815528e-16
6.5 5.49367e-16
6.7 5.200043e-16
6.9 4.931729e-16
7.1 4.686146e-16
7.3 4.461008e-16
7.5 4.25429e-16
7.7 4.064195e-16
7.9 3.889129e-16
8.1 3.727672e-16
8.3 3.578562e-16
8.5 3.440672e-16
8.7 3.312996e-16
8.9 3.194636e-16
9.1 3.084784e-16
9.3 2.982719e-16
9.5 2.887789e-16
9.7 2.79941e-16
9.9 2.717056e-16
10.1 2.640249e-16
10.3 2.56856e-16
10.5 2.5016e-16
10.7 2.439014e-16
10.9 2.380483e-16
11.1 2.325714e-16
11.3 2.274443e-16
11.5 2.226427e-16
11.7 2.181445e-16
12.05191 2.155008e-16
12.11239 2.111554e-16
12.17288 2.08989e-16
12.23336 2.12397e-16
12.293841 2.088067e-16
12.35433 2.070388e-16
12.41481 2.053268e-16
12.475291 2.031437e-16
12.53578 2.009432e-16
12.59626 2.032731e-16
12.65675 2.014342e-16
12.71723 1.971161e-16
12.77771 1.999987e-16
12.8382 2.021961e-16
12.89868 1.980915e-16
12.95916 1.923203e-16
13.019651 1.915392e-16
13.08013 1.917766e-16
13.140609 1.900625e-16
13.2011 1.885835e-16
13.26158 1.869427e-16
13.322059 1.96824e-16
13.38255 2.352775e-16
13.44303 2.406089e-16
13.50352 1.894882e-16
13.564 1.780894e-16
13.62448 1.766869e-16
13.68497 1.760096e-16
13.74545 1.74283e-16
13.80593 1.731507e-16
13.86642 1.735066e-16
13.9269 1.716979e-16
13.98738 1.730613e-16
14.06935 1.702124e-16
14.15403 1.78919e-16
14.238711 1.776032e-16
14.323381 1.723073e-16
14.408059 1.736287e-16
14.492739 1.731606e-16
14.577409 1.713059e-16
14.662091 1.760659e-16
14.74677 1.76129e-16
14.83145 1.736151e-16
14.91612 1.815545e-16
15.0008 1.957121e-16
15.08548 1.818998e-16
15.17015 1.776315e-16
15.25483 1.795654e-16
15.339509 1.723882e-16
15.42418 1.746772e-16
15.508859 1.770508e-16
15.593541 1.773459e-16
15.678211 1.764328e-16
15.762891 1.74802e-16
15.84757 1.789169e-16
15.932239 1.80661e-16
16.01692 1.792755e-16
16.1016 1.727961e-16
16.18628 1.84215e-16
16.27095 2.145236e-16
16.355631 2.051912e-16
16.440309 1.793234e-16
16.524981 1.729672e-16
16.609659 1.746612e-16
16.694339 1.763011e-16
16.779011 1.778043e-16
16.863689 1.794384e-16
16.94837 1.746332e-16
17.033039 1.789817e-16
17.11772 1.780537e-16
17.2024 1.806063e-16
17.287069 1.796052e-16
17.37175 1.809901e-16
17.45643 1.785649e-16
17.541109 1.770166e-16
17.62578 1.78272e-16
17.710461 1.844372e-16
17.795139 1.936524e-16
17.879811 2.020471e-16
17.964491 1.809551e-16
18.04917 1.753908e-16
18.133841 1.792588e-16
18.218519 1.785102e-16
18.3032 1.729112e-16
18.38787 1.730406e-16
18.47255 1.737191e-16
18.55723 1.769958e-16
18.641898 1.775473e-16
18.72658 1.755347e-16
18.811261 1.73591e-16
18.895941 1.713537e-16
18.980609 1.766319e-16
19.065291 1.686393e-16
19.149969 1.668488e-16
19.234641 1.659724e-16
19.31932 1.64927e-16
19.404 1.638032e-16
19.48867 1.616546e-16
19.573352 1.881183e-16
19.65803 1.76638e-16
19.7427 1.553333e-16
19.82738 1.540261e-16
19.912059 1.546214e-16
19.996731 1.547535e-16
20.081409 1.535204e-16
20.166091 1.55358e-16
20.25077 1.523819e-16
20.335439 1.546739e-16
20.42012 1.50202e-16
20.504802 1.533716e-16
20.58947 1.446199e-16
20.75883 1.456077e-16
20.928181 1.438234e-16
21.09753 1.452154e-16
21.266889 1.43389e-16
21.436239 1.405869e-16
21.6056 1.359241e-16
21.77495 1.391864e-16
21.9443 1.347982e-16
22.113661 1.335312e-16
22.283011 1.309197e-16
22.452359 1.284608e-16
22.621719 1.276867e-16
22.79107 1.262866e-16
22.96043 1.230167e-16
23.12978 1.231571e-16
23.29913 1.219112e-16
23.468491 1.165475e-16
23.637841 1.161247e-16
23.807191 1.183561e-16
23.976548 1.165204e-16
24.1459 1.133621e-16
24.315259 1.131794e-16
24.484609 1.129689e-16
24.653959 1.107861e-16
24.82332 1.088544e-16
24.99267 1.087829e-16
25.16202 1.050732e-16
25.331381 1.064399e-16
25.500731 1.061264e-16
25.670089 1.025901e-16
25.839439 1.020735e-16
26.008789 1.002614e-16
26.17815 9.571912e-17
26.3475 9.593634e-17
26.51685 9.639430000000001e-17
26.686209 9.593224e-17
26.855559 9.404490000000001e-17
27.024919 1.16408e-16
27.194269 1.214966e-16
27.363622 9.657067000000001e-17
27.532981 9.057085e-17
27.702328 8.816624000000001e-17
27.871678 8.712236e-17
28.041041 8.660844000000001e-17
28.210391 8.821760000000001e-17
28.37975 8.715324e-17
28.5491 8.622947000000001e-17
28.71845 8.487867e-17
28.887809 8.64513e-17
29.057159 8.653749e-17
29.226509 8.376624e-17
29.395869 8.381870000000001e-17
29.565219 8.226968000000001e-17
29.734578 8.216543000000001e-17
29.903931 8.302123e-17
30.073281 8.252966000000001e-17
30.242641 8.113943e-17
30.411991 7.970198000000001e-17
30.581341 7.903901e-17
30.7507 8.019297000000001e-17
30.92005 7.862917000000001e-17
31.089409 7.841035000000001e-17
31.258759 7.779625000000001e-17
31.428109 7.794553e-17
31.597469 7.841757000000001e-17
31.766822 7.430360000000001e-17
31.936172 7.498211e-17
32.105531 7.529528000000001e-17
32.274878 7.477667000000001e-17
32.444241 7.40174e-17
32.613591 7.44633e-17
32.782941 7.498851000000001e-17
32.9523 7.435321e-17
33.12165 7.398861000000001e-17
33.291 7.452042000000001e-17
33.460363 7.202631000000001e-17
33.629713 7.064362e-17
33.799069 7.467415e-17
33.968419 7.3544e-17
34.137772 7.346736000000001e-17
34.307128 7.611509e-17
34.476478 7.462584e-17
34.645828 7.252898e-17
34.815191 7.441948e-17
34.984538 8.190725000000001e-17
35.1539 8.298338e-17
35.32325 7.161271000000001e-17
35.4926 7.205150000000001e-17
35.661959 7.517086e-17
35.831309 6.860115000000001e-17
40.0 5.785722e-17
43.0 5.2009730000000005e-17
46.0 4.783923e-17
49.0 4.4743610000000004e-17
52.0 4.235588e-17
55.0 4.044182e-17
58.0 3.8846440000000005e-17
61.0 3.7464240000000003e-17
64.0 3.6222030000000004e-17
67.0 3.50685e-17
70.305519 3.28694e-17
71.008575 3.279656e-17
71.718656 3.27066e-17
72.435838 3.259983e-17
73.1602 3.247657e-17
73.8918 3.2337190000000006e-17
74.630719 3.2182060000000005e-17
75.377031 3.201155e-17
76.130794 3.1826090000000005e-17
76.8921 3.16261e-17
77.661025 3.141202e-17
78.437631 3.118431e-17
79.222006 3.094343e-17
80.014231 3.068985e-17
80.814375 3.0424070000000004e-17
81.622512 3.0146590000000004e-17
82.438738 2.9857890000000004e-17
83.263125 2.9558500000000005e-17
84.095756 2.9248920000000004e-17
84.936712 2.892967e-17
85.786081 2.8601270000000004e-17
86.643938 2.826424e-17
87.510381 2.791909e-17
88.385481 2.7566360000000003e-17
89.269338 2.7206540000000003e-17
90.162031 2.6840150000000003e-17
91.06365 2.646771e-17
91.974288 2.6089710000000002e-17
92.894025 2.5706660000000003e-17
93.822969 2.531904e-17
94.7612 2.4927330000000002e-17
95.708813 2.453202e-17
96.6659 2.4133560000000003e-17
97.632563 2.373242e-17
98.608888 2.3329040000000002e-17
99.594975 2.292385e-17
100.590919 2.251729e-17
101.596831 2.2109760000000003e-17
102.6128 2.170167e-17
103.638931 2.12934e-17
104.675319 2.0885340000000003e-17
105.722075 2.047785e-17
106.779288 2.007127e-17
107.847088 1.966596e-17
108.92555 1.9262220000000002e-17
110.014813 1.886037e-17
111.11495 1.8460720000000002e-17
112.2261 1.8063550000000003e-17
113.348363 1.766912e-17
114.48185 1.727769e-17
115.626663 1.6889520000000002e-17
116.782938 1.6504830000000002e-17
117.950763 1.6123840000000002e-17
119.130263 1.574675e-17
120.321562 1.537377e-17
121.524788 1.500506e-17
122.740037 1.46408e-17
123.967425 1.4281140000000002e-17
125.207113 1.392623e-17
126.459188 1.3576200000000002e-17
127.723775 1.323116e-17
129.001013 1.2891240000000002e-17
130.291025 1.2556530000000002e-17
131.593925 1.2227110000000001e-17
132.909875 1.190307e-17
134.238975 1.1584480000000001e-17
135.581363 1.127139e-17
136.937175 1.096385e-17
138.30655 1.0661910000000002e-17
139.689625 1.0365600000000001e-17
141.086525 1.007494e-17
142.497388 9.789951e-18
143.92235 9.510645e-18
145.361588 9.237018e-18
146.8152 8.969066e-18
148.283363 8.706783e-18
149.7662 8.450146e-18
151.263875 8.199137e-18
152.776512 7.953724e-18
154.304275 7.713876e-18
155.847313 7.479552e-18
157.405788 7.250711e-18
158.979838 7.027302e-18
160.569625 6.809274e-18
162.175338 6.596571e-18
163.797088 6.389136e-18
165.43505 6.186907e-18
167.0894 5.9898170000000005e-18
168.760288 5.797797e-18
170.447888 5.610781e-18
172.152375 5.428692e-18
173.8739 5.251457e-18
175.612625 5.079e-18
177.36875 4.911242e-18
179.14245 4.748103e-18
180.933875 4.589502e-18
182.743212 4.435358e-18
184.570638 4.285589e-18
186.41635 4.14011e-18
188.280513 3.998838e-18
190.163313 3.861687e-18
192.064938 3.728574e-18
193.985588 3.599413e-18
195.92545 3.474118e-18
197.8847 3.352608e-18
199.863538 3.234795e-18
201.862175 3.120595e-18
203.8808 3.009926e-18
205.919612 2.902703e-18
207.978813 2.798844e-18
210.0586 2.698266e-18
212.159175 2.60089e-18
214.280775 2.506633e-18
216.4236 2.415417e-18
218.587825 2.327164e-18
220.7737 2.241795e-18
222.98145 2.159233e-18
225.21125 2.079404e-18
227.463375 2.0022320000000002e-18
229.738 1.927646e-18
232.0354 1.855573e-18
234.35575 1.785941e-18
236.699325 1.718683e-18
239.066325 1.653729e-18
241.456975 1.591012e-18
243.87155 1.530468e-18
246.31025 1.472031e-18
248.773375 1.415638e-18
251.2611 1.361228e-18
253.773725 1.308742e-18
256.311475 1.258118e-18
258.874575 1.209301e-18
261.46335 1.162234e-18
264.077975 1.116861e-18
266.718725 1.073129e-18
269.385925 1.030986e-18
272.079775 9.903804999999998e-19
274.800575 9.512622999999999e-19
277.5486 9.135833999999998e-19
280.324075 8.772965e-19
283.127325 8.423550999999999e-19
285.9586 8.087151999999999e-19
288.8182 7.763325999999999e-19
291.706375 7.451654e-19
294.62345 7.151718999999999e-19
297.5697 6.863124999999999e-19
300.5454 6.585480999999999e-19
303.55085 6.318409e-19
306.58635 6.061542999999999e-19
309.6522 5.814527e-19
312.74875 5.577013999999999e-19
315.87625 5.34867e-19
319.035 5.12917e-19
322.22535 4.918198e-19
325.447625 4.715449999999999e-19
328.7021 4.520632e-19
331.9891 4.3334539999999994e-19
335.309025 4.1536389999999994e-19
338.6621 3.9809219999999994e-19
342.0487 3.8150389999999995e-19
345.4692 3.65574e-19
348.923875 3.502782e-19
352.4131 3.3559299999999997e-19
355.937225 3.2149549999999997e-19
359.4966 3.0796379999999996e-19
363.09155 2.9497659999999996e-19
366.722475 2.825135e-19
370.3897 2.705545e-19
374.0936 2.5908049999999997e-19
377.83455 2.48073e-19
381.6129 2.375142e-19
385.429 2.2738679999999997e-19
389.2833 2.1767429999999998e-19
393.176125 2.0836039999999998e-19
397.107875 1.9942989999999999e-19
401.07895 1.908677e-19
405.08975 1.8265939999999998e-19
409.14065 1.7479119999999997e-19
413.232075 1.6724969999999998e-19
417.364375 1.600221e-19
421.538 1.5309589999999998e-19
425.7534 1.464592e-19
430.01095 1.401003e-19
434.31105 1.3400829999999998e-19
438.65415 1.2817249999999999e-19
443.0407 1.225825e-19
447.4711 1.172285e-19
451.9458 1.1210099999999998e-19
456.46525 1.071907e-19
461.0299 1.0248899999999999e-19
465.6402 9.798716999999999e-20
470.29665 9.367723e-20
474.9996 8.955129e-20
479.7496 8.560179e-20
484.5471 8.18215e-20
489.3926 7.820342e-20
494.28655 7.47409e-20
499.2294 7.142747999999999e-20
504.2217 6.825699e-20
509.26395 6.522346e-20
514.3566 6.23212e-20
519.50015 5.954474e-20
524.69515 5.688883e-20
529.9421 5.434838e-20
535.2415 5.191855e-20
540.59395 4.959469e-20
545.99985 4.737233e-20
551.45985 4.5247159999999995e-20
556.97445 4.321509e-20
562.54415 4.127217e-20
568.1696 3.941459e-20
573.8513 3.763871e-20
579.5898 3.594107e-20
585.3857 3.43183e-20
591.23955 3.276722e-20
597.15195 3.1284739999999996e-20
603.12345 2.98679e-20
609.1547 2.851389e-20
615.24625 2.7219989999999997e-20
621.3987 2.598362e-20
627.61265 2.4802279999999998e-20
633.88875 2.367358e-20
640.22765 2.2595239999999998e-20
646.6299 2.156507e-20
653.0962 2.058097e-20
659.62715 1.964094e-20
666.2234 1.874304e-20
672.8856 1.788544e-20
679.6145 1.7066369999999998e-20
686.41065 1.628414e-20
693.2747 1.553713e-20
700.2075 1.482378e-20
707.2096 1.414263e-20
714.2817 1.3492239999999999e-20
721.42455 1.287126e-20
728.6388 1.2278399999999999e-20
735.92515 1.171239e-20
743.2844 1.1172049999999999e-20
750.71725 1.065625e-20
758.2244 1.016388e-20
765.80665 9.693913e-21
773.46475 9.24534e-21
781.19935 8.817211e-21
789.01135 8.408611e-21
796.90145 8.018665e-21
804.8705 7.646539e-21
812.91925 7.291433e-21
821.0484 6.952585999999999e-21
829.2589 6.629263e-21
837.5515 6.3207659999999996e-21
845.927 6.0264299999999996e-21
854.3862 5.745614e-21
862.9301 5.477709e-21
871.5594 5.2221309999999996e-21
880.275 4.97832e-21
889.0777 4.745746e-21
897.9685 4.523899e-21
906.9482 4.312293e-21
916.0177 4.11046e-21
925.1779 3.917958e-21
934.4296 3.734363e-21
943.7739 3.559267e-21
953.2117 3.3922839999999996e-21
962.7438 3.233044e-21
972.3713 3.081192e-21
982.095 2.93639e-21
991.9159 2.798318e-21
1001.8 2.6666e-21
