1.0332e-05 1.200691e-10
1.4465e-05 9.098855e-11
2.0664e-05 7.398609e-11
3.011e-05 5.615795e-11
4.3542e-05 3.211802e-11
5.6826e-05 2.375133e-11
7.5276e-05 1.578222e-11
0.00016027 4.253352e-12
0.00020677 3.806533e-12
0.00025313 3.268831e-12
0.00028789 2.894793e-12
0.00032132 2.443761e-12
0.0003578 1.990367e-12
0.00039035 2.09668e-12
0.00042901 1.374011e-12
0.0004721 1.476121e-12
0.0005055 1.666603e-12
0.00054098 1.174192e-12
0.00057855 1.115722e-12
0.00061595 1.014472e-12
0.00065666 9.585421e-13
0.00069503 1.032654e-12
0.00072972 8.527699e-13
0.00076333 7.757597e-13
0.00079507 9.105709e-13
0.00082689 8.611648e-13
0.00086138 6.917966e-13
0.00089886 6.293114e-13
0.00093606 6.686276e-13
0.00098086 4.841789e-13
0.0010339 4.420338e-13
0.0010833 5.202659e-13
0.0011383 4.424e-13
0.0011986 4.554291e-13
0.0012529 5.043579e-13
0.0013129 3.757009e-13
0.0013947 3.867335e-13
0.0014957 3.860971e-13
0.0016015 3.705393e-13
0.0016997 3.661563e-13
0.0018268 3.401353e-13
0.00197 3.524668e-13
0.0021434 2.801718e-13
0.002367 2.969734e-13
0.0025588 2.681165e-13
0.0027279 2.881143e-13
0.0029209 2.634483e-13
0.0031434 2.614219e-13
0.0034547 2.179788e-13
0.0038897 2.253479e-13
0.09208 3.05813e-14
0.092593 3.603992e-14
0.093107 3.98771e-14
0.093621 3.790543e-14
0.094135 5.456039e-14
0.094649 4.611739e-14
0.095163 3.017138e-14
0.095677 5.074429e-14
0.096191 6.712986e-14
0.096705 5.513017e-14
0.09722 5.202702e-14
0.097734 4.246604e-14
0.098249 6.738346e-14
0.098763 3.786022e-14
0.099278 6.467678e-14
0.099793 6.42107e-14
0.100308 6.55152e-14
0.100823 7.76692e-14
0.101338 8.123524e-14
0.101853 6.928828e-14
0.103398 6.015425e-14
0.103914 5.580995e-14
0.104429 6.706973e-14
0.104945 9.38663e-14
0.105461 1.200539e-13
0.105976 1.731593e-13
0.106492 1.859645e-13
0.107008 1.662363e-13
0.107524 1.225734e-13
0.10804 9.099484e-14
0.108556 7.165798e-14
0.109072 6.871156e-14
0.109588 5.962296e-14
0.110105 8.01458e-14
0.110621 7.133048e-14
0.111137 6.110399e-14
0.111654 5.829035e-14
0.112171 5.183318e-14
0.112687 5.009446e-14
0.113204 4.395442e-14
0.113721 4.093601e-14
0.114238 4.245473e-14
0.114754 5.312139e-14
0.115271 5.019263e-14
0.115789 5.955944e-14
0.116306 5.19636e-14
0.116823 6.02596e-14
0.11734 5.809595e-14
0.117857 5.167204e-14
0.118375 5.126158e-14
0.118892 4.949706e-14
0.11941 6.107035e-14
0.119927 5.49567e-14
0.120445 6.932124e-14
0.123034 1.200464e-13
0.123552 1.647693e-13
0.12407 2.688783e-13
0.124588 4.325892e-13
0.125107 4.823938e-13
0.125625 4.40247e-13
0.126143 2.567756e-13
0.126662 2.078928e-13
0.12718 1.641636e-13
0.127698 1.470484e-13
0.128217 1.306122e-13
0.128736 1.012549e-13
0.129254 8.797456e-14
0.129773 6.98509e-14
0.130292 4.655857e-14
0.13081 5.564257e-14
0.131329 6.397096e-14
0.131848 4.855907e-14
0.132367 5.669967e-14
0.132886 4.284804e-14
0.133405 4.803935e-14
0.133925 6.275027e-14
0.134444 6.924224e-14
0.134963 6.058667e-14
0.135482 5.583326e-14
0.136002 5.447517e-14
0.136521 4.506579e-14
0.13704 5.803983e-14
0.13756 5.115137e-14
0.138079 5.792099e-14
0.138599 4.948686e-14
0.139119 5.012245e-14
0.139638 5.252871e-14
0.140158 4.688691e-14
0.140678 4.688133e-14
0.141198 6.200861e-14
0.141718 4.919387e-14
0.142237 5.521478e-14
0.142757 6.651027e-14
0.143277 7.816603e-14
0.143797 8.618781e-14
0.144318 9.273863e-14
0.144838 8.810693e-14
0.145358 6.500454e-14
0.145878 5.684438e-14
0.146398 5.498228e-14
0.146919 4.801998e-14
0.147439 4.549699e-14
0.147959 4.59012e-14
0.14848 3.681496e-14
0.149 4.550447e-14
0.149521 4.870139e-14
0.150041 4.517458e-14
0.150562 3.984736e-14
0.151082 4.726052e-14
0.151603 4.567956e-14
0.152124 4.688493e-14
0.152645 4.807874e-14
0.153165 5.430003e-14
0.153686 5.151693e-14
0.154207 6.121406e-14
0.154728 4.958246e-14
0.155249 5.427028e-14
0.15577 5.341566e-14
0.156291 7.857914e-14
0.156812 8.416766e-14
0.157333 1.064848e-13
0.157854 1.476384e-13
0.158375 1.84468e-13
0.158896 3.050371e-13
0.159417 2.971405e-13
0.159938 3.35687e-13
0.16046 2.605871e-13
0.160981 1.720716e-13
0.161502 1.262072e-13
0.162023 1.065686e-13
0.162545 8.893149e-14
0.163066 7.745291e-14
0.163587 6.368066e-14
0.164109 5.784505e-14
0.16463 5.486599e-14
0.165152 5.734588e-14
0.165673 5.296088e-14
0.166195 5.299975e-14
0.166716 3.53744e-14
0.167238 5.175996e-14
0.16776 5.455786e-14
0.168281 7.141332e-14
0.168803 6.519657e-14
0.169325 6.504336e-14
0.169846 6.078038e-14
0.170368 7.374307e-14
0.17089 6.233985e-14
0.171412 5.528221e-14
0.171933 4.924983e-14
0.172455 5.469961e-14
0.172977 4.701034e-14
0.173499 5.157318e-14
0.174021 4.411284e-14
0.174543 4.000519e-14
0.175064 4.584197e-14
0.175586 3.759376e-14
0.176108 3.730925e-14
0.17663 4.155418e-14
0.177152 4.949816e-14
0.177674 3.681702e-14
0.178196 3.044192e-14
0.178718 4.900778e-14
0.17924 4.186514e-14
0.179762 4.597329e-14
0.1801 3.786072e-14
0.180603 3.66261e-14
0.181106 3.653463e-14
0.181609 3.586199e-14
0.182112 3.620555e-14
0.182614 3.6407e-14
0.183117 3.64316e-14
0.18362 3.567179e-14
0.184123 3.595866e-14
0.184626 3.579005e-14
0.185129 3.548932e-14
0.185632 3.485748e-14
0.186135 3.522069e-14
0.186638 3.662012e-14
0.187141 3.781579e-14
0.187643 3.746203e-14
0.188146 3.693669e-14
0.188649 3.734381e-14
0.189152 3.648545e-14
0.189655 3.624693e-14
0.190158 3.65777e-14
0.190661 3.739084e-14
0.191164 3.779842e-14
0.191667 3.899373e-14
0.19217 3.988079e-14
0.192672 3.964369e-14
0.193175 4.051692e-14
0.193678 4.140988e-14
0.194181 4.420597e-14
0.194684 4.549146e-14
0.195187 4.767881e-14
0.19569 5.068556e-14
0.196193 5.429042e-14
0.196696 5.626874e-14
0.197199 5.187723e-14
0.197701 4.695143e-14
0.2 3.612644e-14
0.202 3.557468e-14
0.204 3.503667e-14
0.206 3.451192e-14
0.208 3.399999e-14
0.21 3.350044e-14
0.212 3.301287e-14
0.214 3.253686e-14
0.216 3.207206e-14
0.218 3.161809e-14
0.22 3.11746e-14
0.222 3.074126e-14
0.224 3.031775e-14
0.226 2.990377e-14
0.228 2.949901e-14
0.230517 2.662876e-14
0.231049 2.683298e-14
0.231582 2.499605e-14
0.232114 2.655444e-14
0.232647 2.660631e-14
0.233179 2.727115e-14
0.233712 2.070196e-14
0.234244 1.906972e-14
0.234777 2.377985e-14
0.235309 2.612131e-14
0.235842 2.507744e-14
0.236375 2.698893e-14
0.236907 2.485412e-14
0.23744 2.25053e-14
0.237972 2.149453e-14
0.238504 2.52022e-14
0.239037 2.953341e-14
0.23957 2.746139e-14
0.240102 2.782298e-14
0.240635 2.657818e-14
0.241167 2.68018e-14
0.2417 2.653342e-14
0.242232 2.528506e-14
0.242765 2.731746e-14
0.243298 2.697875e-14
0.24383 2.632927e-14
0.244363 2.561812e-14
0.244895 2.776338e-14
0.245427 2.548369e-14
0.24596 2.599272e-14
0.246493 2.646442e-14
0.247025 2.507393e-14
0.247558 2.706004e-14
0.24809 2.499855e-14
0.248623 2.488459e-14
0.249155 2.617811e-14
0.249688 2.852908e-14
0.250221 2.419017e-14
0.250753 2.78893e-14
0.251285 2.764659e-14
0.251818 2.791928e-14
0.25235 2.498115e-14
0.252883 2.649722e-14
0.253416 2.550181e-14
0.253948 2.759315e-14
0.254481 2.743177e-14
0.255013 2.707257e-14
0.255546 2.738123e-14
0.256078 2.805722e-14
0.256611 2.587789e-14
0.257143 2.629075e-14
0.257676 2.582189e-14
0.258208 2.339867e-14
0.258741 2.281774e-14
0.259273 2.498731e-14
0.259806 2.191295e-14
0.260339 2.445126e-14
0.260871 2.623795e-14
0.261404 2.624975e-14
0.261936 2.505829e-14
0.262469 2.432411e-14
0.263001 2.311831e-14
0.263534 2.535221e-14
0.264066 2.524104e-14
0.264599 2.327702e-14
0.265131 2.579834e-14
0.265664 2.434489e-14
0.266196 2.402301e-14
0.266729 2.384901e-14
0.267261 2.442612e-14
0.267794 2.373295e-14
0.268327 2.424499e-14
0.268859 2.453607e-14
0.269392 2.379977e-14
0.269924 2.40158e-14
0.270457 2.458012e-14
0.270989 2.38488e-14
0.271522 2.426708e-14
0.272054 2.227957e-14
0.272587 2.222053e-14
0.273119 2.180643e-14
0.273652 2.228255e-14
0.274184 2.248407e-14
0.274717 2.154905e-14
0.27525 2.213982e-14
0.275782 2.267227e-14
0.276315 2.177658e-14
0.276847 2.192718e-14
0.277379 2.179631e-14
0.277912 2.303964e-14
0.278445 2.221916e-14
0.278977 2.03041e-14
0.27951 1.689998e-14
0.280042 1.765571e-14
0.280575 2.224104e-14
0.281107 2.310192e-14
0.28164 2.553216e-14
0.282173 2.454325e-14
0.282705 2.471331e-14
0.283238 2.25205e-14
0.28377 2.4331e-14
0.284302 2.336348e-14
0.284835 2.357013e-14
0.285368 2.499337e-14
0.2859 2.865929e-14
0.286433 2.927966e-14
0.286965 3.196092e-14
0.287498 3.625368e-14
0.28803 3.632689e-14
0.288563 3.64995e-14
0.289095 3.29832e-14
0.289628 3.162876e-14
0.29016 2.78728e-14
0.290693 2.945943e-14
0.291225 2.601874e-14
0.291758 2.455705e-14
0.292291 2.396745e-14
0.292823 2.404909e-14
0.293355 2.259036e-14
0.293888 2.152632e-14
0.294421 2.179375e-14
0.294953 2.171579e-14
0.295486 2.21799e-14
0.296018 2.112856e-14
0.296551 2.111549e-14
0.297083 2.112734e-14
0.297616 2.080363e-14
0.298148 1.95834e-14
0.298681 1.961158e-14
0.299214 1.923985e-14
0.299746 2.07463e-14
0.300279 2.003434e-14
0.300811 1.935046e-14
0.301344 2.011422e-14
0.301876 2.088671e-14
0.302409 1.985664e-14
0.302941 2.146004e-14
0.303474 2.022915e-14
0.304006 1.967858e-14
0.304539 1.99308e-14
0.305071 1.607168e-14
0.305604 1.648322e-14
0.306136 1.887231e-14
0.306669 2.111391e-14
0.307202 1.971991e-14
0.307734 2.066272e-14
0.308267 2.057251e-14
0.308799 1.951447e-14
0.309331 1.954962e-14
0.309864 1.90103e-14
0.310397 2.000655e-14
0.310929 2.056268e-14
0.311462 1.818752e-14
0.311994 1.918115e-14
0.312527 1.902528e-14
0.313059 1.809999e-14
0.313592 1.768819e-14
0.314125 1.859891e-14
0.314657 2.033201e-14
0.31519 1.934195e-14
0.315722 1.798333e-14
0.316254 1.709084e-14
0.316787 1.868702e-14
0.31732 1.978739e-14
0.317852 1.876197e-14
0.318385 1.90924e-14
0.318917 1.95869e-14
0.31945 2.176418e-14
0.319982 2.108451e-14
0.320515 2.200211e-14
0.321047 1.971691e-14
0.32158 1.970752e-14
0.322113 2.451955e-14
0.322645 2.279107e-14
0.323177 2.434465e-14
0.32371 2.325785e-14
0.324243 2.399737e-14
0.324775 2.062336e-14
0.325307 1.850397e-14
0.32584 1.957496e-14
0.326373 1.94144e-14
0.326905 1.976646e-14
0.327438 1.994001e-14
0.32797 2.16237e-14
0.328503 2.398258e-14
0.329035 2.337056e-14
0.329568 2.252645e-14
0.329967 2.130245e-14
0.332 2.079177e-14
0.334 2.06574e-14
0.336 2.05203e-14
0.338 2.03806e-14
0.34 2.023844e-14
0.342 2.009395e-14
0.3442 2.356282e-14
0.3448 2.311112e-14
0.3454 2.19955e-14
0.346 2.106875e-14
0.3466 2.102441e-14
0.3472 2.071385e-14
0.3478 2.110628e-14
0.3484 2.101915e-14
0.349 2.120061e-14
0.3496 2.104179e-14
0.3502 2.177839e-14
0.3508 2.159135e-14
0.3514 2.173786e-14
0.352 2.392079e-14
0.3526 2.715501e-14
0.3532 2.440591e-14
0.3538 2.16066e-14
0.3544 2.060535e-14
0.355 2.03851e-14
0.3556 2.073202e-14
0.3562 2.02388e-14
0.3568 2.012932e-14
0.3574 2.03143e-14
0.358 1.949047e-14
0.3586 1.967721e-14
0.3592 1.95033e-14
0.3598 1.904654e-14
0.3604 1.91991e-14
0.361 1.945499e-14
0.3616 1.878821e-14
0.3622 1.868644e-14
0.3628 1.819538e-14
0.3634 1.808362e-14
0.364 1.849452e-14
0.3646 1.867216e-14
0.3652 1.837553e-14
0.3658 1.823378e-14
0.3664 1.799525e-14
0.367 1.78667e-14
0.3676 1.731409e-14
0.3682 1.753081e-14
0.3688 1.728176e-14
0.3694 1.704704e-14
0.37 1.75689e-14
0.3706 1.811889e-14
0.3712 1.763676e-14
0.3718 1.709855e-14
0.3724 1.727628e-14
0.373 1.718908e-14
0.3736 1.795709e-14
0.3742 1.73107e-14
0.3748 1.778616e-14
0.3754 1.743699e-14
0.376 1.727293e-14
0.3766 1.802528e-14
0.3772 1.804977e-14
0.3778 1.760584e-14
0.3784 1.739257e-14
0.379 1.671245e-14
0.3796 1.644153e-14
0.3802 1.659501e-14
0.3808 1.681392e-14
0.3814 1.682218e-14
0.382 1.684574e-14
0.3826 1.95023e-14
0.3832 2.398829e-14
0.3838 4.112424e-14
0.3844 2.769208e-14
0.385 1.591745e-14
0.3856 1.561321e-14
0.3862 1.520593e-14
0.3868 1.663136e-14
0.3874 1.5913e-14
0.388 1.543328e-14
0.3886 1.55458e-14
0.3892 1.613106e-14
0.3898 1.622447e-14
0.3904 1.512957e-14
0.391 1.429859e-14
0.3916 1.444366e-14
0.3922 1.495895e-14
0.3928 1.44688e-14
0.3934 1.364119e-14
0.394 1.352941e-14
0.3946 1.315916e-14
0.3952 1.296561e-14
0.3958 1.367603e-14
0.3964 1.462407e-14
0.397 1.550959e-14
0.3976 1.746105e-14
0.3982 2.204124e-14
0.3988 1.94769e-14
0.3994 1.499435e-14
0.4 1.465631e-14
0.4006 1.515615e-14
0.4012 1.465265e-14
0.4018 1.426695e-14
0.4024 1.405971e-14
0.403 1.458763e-14
0.4036 1.415487e-14
0.4042 1.343116e-14
0.4048 1.166603e-14
0.4054 1.088364e-14
0.406 1.260167e-14
0.4066 1.381153e-14
0.4072 1.46866e-14
0.4078 1.492975e-14
0.4084 1.455159e-14
0.409 1.319245e-14
0.4096 1.278622e-14
0.4102 1.379477e-14
0.4108 1.402158e-14
0.4114 1.408296e-14
0.412 1.404436e-14
0.4126 1.38121e-14
0.4132 1.400072e-14
0.4138 1.416541e-14
0.4144 1.416469e-14
0.415 1.389077e-14
0.4156 1.346628e-14
0.4162 1.420594e-14
0.4168 1.366708e-14
0.4174 1.446343e-14
0.418 1.449604e-14
0.4186 1.522146e-14
0.4192 1.605485e-14
0.4198 1.489154e-14
0.4204 1.45692e-14
0.421 1.487735e-14
0.4216 1.504926e-14
0.4222 1.464842e-14
0.4228 1.421018e-14
0.4234 1.371377e-14
0.424 1.377611e-14
0.4246 1.346047e-14
0.4252 1.31957e-14
0.4258 1.278726e-14
0.4264 1.306039e-14
0.427 1.245662e-14
0.4276 1.239514e-14
0.4282 1.226012e-14
0.4288 1.278832e-14
0.4294 1.253533e-14
0.43 1.201388e-14
0.4306 1.214823e-14
0.4312 1.234977e-14
0.4318 1.242912e-14
0.4324 1.202271e-14
0.433 1.20563e-14
0.4336 1.256345e-14
0.4342 1.234408e-14
0.4348 1.247915e-14
0.4354 1.153183e-14
0.436 1.226832e-14
0.4366 1.227839e-14
0.4372 1.278275e-14
0.4378 1.224842e-14
0.4384 1.210995e-14
0.439 1.231355e-14
0.4396 1.271785e-14
0.4402 1.194903e-14
0.4408 1.284178e-14
0.4414 1.297232e-14
0.442 1.254555e-14
0.4426 1.240304e-14
0.4432 1.160075e-14
0.4438 1.163034e-14
0.4444 1.321376e-14
0.445 1.47304e-14
0.4456 1.417131e-14
0.4462 1.564008e-14
0.4468 1.668059e-14
0.4474 1.62541e-14
0.448 1.520114e-14
0.4486 1.51205e-14
0.4492 1.575458e-14
0.4498 1.505639e-14
0.4504 1.3412e-14
0.451 1.275441e-14
0.4516 1.162593e-14
0.4522 1.178013e-14
0.4528 1.22348e-14
0.4534 1.216235e-14
0.454 1.187425e-14
0.4546 1.249164e-14
0.4552 1.245137e-14
0.4558 1.231022e-14
0.4564 1.21667e-14
0.457 1.202512e-14
0.4576 1.22778e-14
0.4582 1.266795e-14
0.4588 1.225688e-14
0.4594 1.171189e-14
0.46 1.215774e-14
0.4606 1.266473e-14
0.4612 1.301766e-14
0.4618 1.261304e-14
0.4624 1.27936e-14
0.463 1.251263e-14
0.4636 1.293697e-14
0.4642 1.34503e-14
0.4648 1.32511e-14
0.4654 1.295361e-14
0.466 1.277328e-14
0.4666 1.197807e-14
0.4672 1.219547e-14
0.4678 1.270263e-14
0.4684 1.250502e-14
0.469 1.233788e-14
0.4696 1.278615e-14
0.4702 1.285854e-14
0.4708 1.290402e-14
0.4714 1.284989e-14
0.472 1.23836e-14
0.4726 1.242538e-14
0.4732 1.229231e-14
0.4738 1.215092e-14
0.4744 1.234092e-14
0.475 1.27472e-14
0.4756 1.270619e-14
0.4762 1.266561e-14
0.4768 1.255856e-14
0.4774 1.234652e-14
0.478 1.203465e-14
0.4786 1.176135e-14
0.4792 1.198739e-14
0.4798 1.243183e-14
0.4804 1.216274e-14
0.481 1.145602e-14
0.4816 1.196973e-14
0.4822 1.224797e-14
0.4828 1.246137e-14
0.4834 1.184546e-14
0.484 1.147999e-14
0.4846 1.112309e-14
0.4852 1.122135e-14
0.4858 1.140437e-14
0.4864 1.176194e-14
0.487 1.136979e-14
0.4876 1.106415e-14
0.4882 1.137325e-14
0.4888 1.147455e-14
0.4894 1.13942e-14
0.49 1.114806e-14
0.4906 1.097381e-14
0.4912 1.092099e-14
0.4918 1.14568e-14
0.4924 1.173537e-14
0.493 1.166598e-14
0.4936 1.2092e-14
0.4942 1.273031e-14
0.4948 1.298567e-14
0.4954 1.316835e-14
0.496 1.360828e-14
0.4966 1.386276e-14
0.4972 1.378539e-14
0.4978 1.407869e-14
0.4984 1.45244e-14
0.499 1.509287e-14
0.4996 1.601601e-14
0.5002 1.714332e-14
0.5008 1.972715e-14
0.5014 1.634199e-14
0.502 1.420608e-14
0.5026 1.408486e-14
0.5032 1.352e-14
0.5038 1.284281e-14
0.5044 1.29597e-14
0.505 1.257414e-14
0.5056 1.205231e-14
0.5062 1.163071e-14
0.5068 1.109226e-14
0.5074 1.123711e-14
0.508 1.203967e-14
0.5086 1.212216e-14
0.5092 1.34239e-14
0.5098 1.599517e-14
0.5104 2.070163e-14
0.511 2.310997e-14
0.5116 1.489371e-14
0.5122 1.196439e-14
0.5128 1.238611e-14
0.5134 1.287361e-14
0.514 1.584099e-14
0.5146 2.206445e-14
0.5152 3.322687e-14
0.5158 4.728576e-14
0.5164 2.664744e-14
0.517 1.218489e-14
0.5176 1.041721e-14
0.5182 1.023146e-14
0.5188 1.004524e-14
0.5194 9.541859e-15
0.52 9.818591e-15
0.5206 9.770823e-15
0.5212 1.00191e-14
0.5218 9.735073e-15
0.5224 9.420344e-15
0.523 9.292569e-15
0.5236 9.034233e-15
0.5242 9.320716e-15
0.5248 9.53025e-15
0.5254 9.210718e-15
0.526 9.249135e-15
0.5266 9.286579e-15
0.5272 9.580661e-15
0.5278 9.301497e-15
0.5284 9.066163e-15
0.529 9.337467e-15
0.5296 9.335595e-15
0.5302 9.296773e-15
0.5308 9.413746e-15
0.5314 9.697906e-15
0.532 9.264048e-15
0.5326 8.199962e-15
0.5332 8.367844e-15
0.5338 8.571355e-15
0.5344 8.514982e-15
0.535 9.11335e-15
0.5356 1.007365e-14
0.5362 9.488916e-15
0.5368 8.761922e-15
0.5374 9.06463e-15
0.538 9.137524e-15
0.5386 8.777749e-15
0.5392 8.98089e-15
0.5398 9.285275e-15
0.5404 9.288103e-15
0.541 9.131509e-15
0.5416 9.337972e-15
0.5422 9.108849e-15
0.5428 8.550879e-15
0.5434 8.85737e-15
0.544 9.23126e-15
0.5446 9.4063e-15
0.5452 9.602571e-15
0.5458 9.288192e-15
0.5464 9.384434e-15
0.547 9.709138e-15
0.5476 9.649084e-15
0.5482 9.368569e-15
0.5488 8.880938e-15
0.5494 8.881935e-15
0.55 9.161399e-15
0.5506 9.07401e-15
0.5512 9.173994e-15
0.5518 9.528749e-15
0.5524 9.491912e-15
0.553 9.056684e-15
0.5536 8.964703e-15
0.5542 9.196244e-15
0.5548 9.167028e-15
0.5554 8.940808e-15
0.556 8.688972e-15
0.5566 8.604129e-15
0.5572 8.570988e-15
0.5578 8.833396e-15
0.5584 8.932924e-15
0.559 8.88307e-15
0.5596 8.647087e-15
0.5602 8.66266e-15
0.5608 8.844894e-15
0.5614 8.594922e-15
0.562 8.49755e-15
0.5626 8.513124e-15
0.5632 8.553724e-15
0.5638 8.481331e-15
0.5644 8.286642e-15
0.565 8.374226e-15
0.5656 8.475445e-15
0.5662 8.490822e-15
0.5668 8.478292e-15
0.5674 8.340259e-15
0.568 8.347209e-15
0.5686 8.495953e-15
0.5692 8.492987e-15
0.5698 8.32444e-15
0.5704 8.385423e-15
0.571 8.451733e-15
0.5716 8.466584e-15
0.5722 8.449083e-15
0.5728 8.331569e-15
0.5734 8.174815e-15
0.574 8.131404e-15
0.5746 8.215569e-15
0.5752 8.123037e-15
0.5758 7.814294e-15
0.5764 7.865925e-15
0.577 7.923967e-15
0.5776 8.009321e-15
0.5782 8.197554e-15
0.5788 8.030563e-15
0.5794 7.89888e-15
0.58 7.99713e-15
0.5806 8.054657e-15
0.5812 7.931496e-15
0.5818 8.006436e-15
0.5824 8.030281e-15
0.583 7.887345e-15
0.5836 7.87887e-15
0.5842 8.050026e-15
0.5848 8.200697e-15
0.5854 8.112584e-15
0.586 7.99258e-15
0.5866 8.132747e-15
0.5872 8.089397e-15
0.5878 7.849969e-15
0.5884 7.770221e-15
0.589 8.079634e-15
0.5896 8.257833e-15
0.5902 8.197945e-15
0.5908 8.242612e-15
0.5914 8.25931e-15
0.592 8.159831e-15
0.5926 8.200613e-15
0.5932 8.170043e-15
0.5938 7.985437e-15
0.5944 7.944562e-15
0.595 7.918092e-15
0.5956 7.711313e-15
0.5962 7.62115e-15
0.5968 7.843706e-15
0.5974 8.010196e-15
0.598 8.081006e-15
0.5986 8.084909e-15
0.5992 8.069159e-15
0.5998 8.144114e-15
0.6004 8.190782e-15
0.601 8.174148e-15
0.6016 8.151407e-15
0.6022 8.171428e-15
0.6028 8.072408e-15
0.6034 7.954135e-15
0.604 7.991369e-15
0.6046 8.178695e-15
0.6052 8.436449e-15
0.6058 8.257416e-15
0.6064 7.664743e-15
0.607 7.053328e-15
0.6076 7.046701e-15
0.6082 7.474028e-15
0.6088 7.693148e-15
0.6094 7.656512e-15
0.61 7.634953e-15
0.6106 7.636959e-15
0.6112 7.57641e-15
0.6118 7.52736e-15
0.6124 7.519126e-15
0.613 7.487151e-15
0.6136 7.423497e-15
0.6142 7.460148e-15
0.6148 7.516299e-15
0.6154 7.529171e-15
0.616 7.375899e-15
0.6166 7.247596e-15
0.6172 7.29652e-15
0.6178 7.326177e-15
0.6184 7.230018e-15
0.619 7.16391e-15
0.6196 7.108269e-15
0.6202 7.080029e-15
0.6208 7.145784e-15
0.6214 7.239087e-15
0.622 7.297649e-15
0.6226 7.286529e-15
0.6232 7.316642e-15
0.6238 7.251425e-15
0.6244 7.171285e-15
0.625 7.224153e-15
0.6256 7.41237e-15
0.6262 7.442974e-15
0.6268 7.350417e-15
0.6274 7.210263e-15
0.628 7.071324e-15
0.6286 6.999256e-15
0.6292 6.935758e-15
0.6298 7.055741e-15
0.6304 6.94091e-15
0.631 6.796742e-15
0.6316 6.83456e-15
0.6322 6.746517e-15
0.6328 6.760537e-15
0.6334 6.833658e-15
0.634 6.734161e-15
0.6346 6.516992e-15
0.6352 6.33677e-15
0.6358 6.421776e-15
0.6364 6.538822e-15
0.637 6.581993e-15
0.6376 6.494311e-15
0.6382 6.416429e-15
0.6388 6.493302e-15
0.6394 6.557093e-15
0.64 6.481361e-15
0.6406 6.256211e-15
0.6412 6.263769e-15
0.6418 6.235652e-15
0.6424 6.211609e-15
0.643 6.18645e-15
0.6436 6.126673e-15
0.6442 6.120674e-15
0.6448 6.055362e-15
0.6454 6.209694e-15
0.646 6.31803e-15
0.6466 6.385726e-15
0.6472 6.473234e-15
0.6478 6.725002e-15
0.6484 7.351432e-15
0.649 8.646313e-15
0.6496 8.253058e-15
0.6502 6.884318e-15
0.6508 6.35103e-15
0.6514 6.18628e-15
0.652 6.334527e-15
0.6526 6.423024e-15
0.6532 6.373467e-15
0.6538 6.401926e-15
0.6544 6.511982e-15
0.655 6.626447e-15
0.6556 6.970966e-15
0.6562 6.931622e-15
0.6568 6.608915e-15
0.6574 6.462933e-15
0.658 6.413212e-15
0.6586 6.376927e-15
0.6592 6.367306e-15
0.6598 6.393331e-15
0.6604 6.375054e-15
0.661 6.35104e-15
0.6616 6.401803e-15
0.6622 6.508308e-15
0.6628 6.565257e-15
0.6634 6.705303e-15
0.664 6.903027e-15
0.6646 6.999578e-15
0.6652 7.238721e-15
0.6658 7.597861e-15
0.6664 7.952325e-15
0.667 8.319847e-15
0.6676 8.632576e-15
0.6682 8.875792e-15
0.6688 9.138199e-15
0.6694 9.386919e-15
0.67 1.000418e-14
0.6706 1.065501e-14
0.6712 1.12196e-14
0.6718 1.200844e-14
0.6724 1.309763e-14
0.673 1.432885e-14
0.6736 1.597108e-14
0.6742 1.880141e-14
0.6748 2.145746e-14
0.6754 2.148966e-14
0.676 2.57238e-14
0.6766 2.457261e-14
0.6772 1.920706e-14
0.6778 2.108852e-14
0.6784 2.488617e-14
0.679 1.807342e-14
0.6796 1.305165e-14
0.6802 1.170812e-14
0.6808 1.083616e-14
0.6814 1.000686e-14
0.682 9.309365e-15
0.6826 8.676289e-15
0.6832 8.001435e-15
0.6838 7.492617e-15
0.6844 7.243183e-15
0.685 7.057704e-15
0.6856 6.957345e-15
0.6862 6.871392e-15
0.6868 6.736026e-15
0.6874 6.610385e-15
0.688 6.566857e-15
0.6886 6.571111e-15
0.6892 6.499714e-15
0.6898 6.52744e-15
0.6904 6.620926e-15
0.691 7.037597e-15
0.6916 8.880507e-15
0.6922 1.066193e-14
0.6928 8.824137e-15
0.6934 9.873236e-15
0.694 8.610306e-15
0.6946 6.36267e-15
0.6952 5.769023e-15
0.6958 5.693049e-15
0.6964 5.779104e-15
0.697 5.770132e-15
0.6976 5.698561e-15
0.6982 5.674845e-15
0.6988 5.61033e-15
0.6994 5.553837e-15
0.7 5.552975e-15
0.7006 5.543621e-15
0.7012 5.548289e-15
0.7018 5.518892e-15
0.7024 5.509876e-15
0.703 5.562945e-15
0.7036 5.502397e-15
0.7042 5.464959e-15
0.7048 5.412354e-15
0.7054 5.394467e-15
0.706 5.440781e-15
0.7066 5.373032e-15
0.7072 5.393022e-15
0.7078 5.471628e-15
0.7084 5.480302e-15
0.709 5.452584e-15
0.7096 5.479772e-15
0.7102 5.530468e-15
0.7108 5.510346e-15
0.7114 5.512089e-15
0.712 5.515729e-15
0.7126 5.475829e-15
0.7132 5.428107e-15
0.7138 5.400311e-15
0.7144 5.414398e-15
0.715 5.408156e-15
0.7156 5.378255e-15
0.7162 5.352554e-15
0.7168 5.364154e-15
0.7174 5.384526e-15
0.718 5.377467e-15
0.7186 5.322355e-15
0.7192 5.284774e-15
0.7198 5.390493e-15
0.7204 5.43231e-15
0.721 5.39598e-15
0.7216 5.387106e-15
0.7222 5.36529e-15
0.7228 5.284061e-15
0.7234 5.330973e-15
0.724 5.372823e-15
0.7246 5.231251e-15
0.7252 5.250411e-15
0.7258 5.378735e-15
0.7264 5.385179e-15
0.727 5.306284e-15
0.7276 5.218908e-15
0.7282 5.01687e-15
0.7288 5.075086e-15
0.7294 5.088761e-15
0.73 5.012075e-15
0.7306 4.853679e-15
0.7312 4.970997e-15
0.7318 4.880968e-15
0.7324 4.834742e-15
0.733 4.948434e-15
0.7336 5.041501e-15
0.7342 5.020811e-15
0.7348 4.983968e-15
0.7354 5.312247e-15
0.736 5.043229e-15
0.7366 4.920909e-15
0.7372 4.84316e-15
0.7378 4.763545e-15
0.7384 4.794686e-15
0.739 4.845877e-15
0.7396 4.808924e-15
0.7402 4.777137e-15
0.7408 4.572333e-15
0.7414 4.628543e-15
0.742 4.649623e-15
0.7426 4.649867e-15
0.7432 4.657592e-15
0.7438 4.680835e-15
0.7444 4.646787e-15
0.745 4.7848e-15
0.7456 4.830204e-15
0.7462 4.779784e-15
0.7468 4.77139e-15
0.7474 4.801542e-15
0.748 4.822035e-15
0.7486 4.699543e-15
0.7492 4.723607e-15
0.7498 4.775783e-15
0.7504 4.78897e-15
0.751 4.769634e-15
0.7516 4.822347e-15
0.7522 4.976181e-15
0.7528 4.922765e-15
0.7534 5.058397e-15
0.754 5.217068e-15
0.7546 5.192555e-15
0.7552 5.147139e-15
0.7558 5.071137e-15
0.7564 4.98147e-15
0.757 4.91624e-15
0.7576 4.688404e-15
0.7582 4.719827e-15
0.7588 4.79363e-15
0.7594 5.14624e-15
0.76 5.497554e-15
0.7606 5.049032e-15
0.7612 4.542702e-15
0.7618 4.581168e-15
0.7624 4.932677e-15
0.763 4.84474e-15
0.7636 4.691734e-15
0.7642 4.64409e-15
0.7648 4.679444e-15
0.7654 4.748811e-15
0.766 4.828005e-15
0.7666 4.763372e-15
0.7672 4.698078e-15
0.7678 4.801331e-15
0.7684 4.807722e-15
0.769 4.762828e-15
0.7696 4.838165e-15
0.7702 4.730076e-15
0.7708 4.850267e-15
0.7714 4.823022e-15
0.772 4.584892e-15
0.7726 4.665484e-15
0.7732 4.746083e-15
0.7738 4.775897e-15
0.7744 4.911593e-15
0.775 4.871844e-15
0.7756 4.686934e-15
0.7762 4.740003e-15
0.7768 4.781029e-15
0.7774 4.844861e-15
0.778 4.797019e-15
0.7786 4.787503e-15
0.7792 4.915447e-15
0.7798 4.642245e-15
0.7804 4.75516e-15
0.781 4.76372e-15
0.7816 4.803257e-15
0.7822 4.660693e-15
0.7828 4.439421e-15
0.7834 4.579386e-15
0.784 4.635591e-15
0.7846 4.607353e-15
0.7852 4.643573e-15
0.7858 4.434836e-15
0.7864 4.501251e-15
0.787 4.56819e-15
0.7876 4.521629e-15
0.7882 4.515227e-15
0.7888 4.436279e-15
0.7894 4.178684e-15
0.79 4.202372e-15
0.7906 4.456377e-15
0.7912 4.60603e-15
0.7918 4.346407e-15
0.7924 4.284566e-15
0.793 4.347948e-15
0.7936 4.306578e-15
0.7942 4.405076e-15
0.7948 4.381122e-15
0.7954 4.267745e-15
0.796 4.472683e-15
0.7966 4.351407e-15
0.7972 4.301011e-15
0.7978 4.463713e-15
0.7984 4.323541e-15
0.799 4.55535e-15
0.7996 4.271793e-15
0.802 4.504355e-15
0.804 4.489569e-15
0.806 4.474868e-15
0.808 4.460252e-15
0.81 4.445719e-15
0.812 4.431269e-15
0.814 4.416901e-15
0.816 4.402616e-15
0.818 4.38841e-15
0.82 4.374286e-15
0.822 4.360241e-15
0.824 4.346276e-15
0.826 4.332388e-15
0.829667 3.884329e-15
0.830286 4.127669e-15
0.830904 4.144903e-15
0.831522 3.947197e-15
0.832141 3.952718e-15
0.832759 4.16955e-15
0.833378 4.069971e-15
0.833996 4.036905e-15
0.834613 4.183764e-15
0.835232 4.106286e-15
0.83585 4.190988e-15
0.836469 4.125463e-15
0.837087 4.076186e-15
0.837705 4.127649e-15
0.838324 4.125137e-15
0.838942 4.039666e-15
0.83956 4.082989e-15
0.840179 4.114677e-15
0.840796 4.140458e-15
0.841414 4.193012e-15
0.842033 4.213004e-15
0.842651 4.246795e-15
0.84327 4.180566e-15
0.843888 4.195301e-15
0.844506 4.166857e-15
0.845125 4.088345e-15
0.845742 4.094585e-15
0.846361 4.106797e-15
0.846979 4.086177e-15
0.847597 4.128197e-15
0.848216 4.282914e-15
0.848834 4.297092e-15
0.849453 4.252361e-15
0.850071 4.192909e-15
0.850688 4.123716e-15
0.851308 4.064672e-15
0.851925 4.047845e-15
0.852544 4.067269e-15
0.853162 4.066931e-15
0.85378 4.246297e-15
0.854399 4.234428e-15
0.855017 4.047493e-15
0.855635 3.916754e-15
0.856254 3.891667e-15
0.856871 3.981917e-15
0.857489 3.977088e-15
0.858108 4.02657e-15
0.858726 4.063764e-15
0.859345 3.885999e-15
0.859963 3.914938e-15
0.860581 3.983279e-15
0.8612 3.978405e-15
0.861817 3.996014e-15
0.862436 4.117017e-15
0.863054 4.173965e-15
0.863672 4.16977e-15
0.864291 4.178941e-15
0.864909 4.210676e-15
0.865528 4.29428e-15
0.866146 4.427234e-15
0.866763 4.449008e-15
0.867383 4.539896e-15
0.868 4.635577e-15
0.868619 4.613232e-15
0.869237 4.564032e-15
0.869855 4.589728e-15
0.870474 4.59767e-15
0.871092 4.58622e-15
0.87171 4.590277e-15
0.872329 4.565657e-15
0.872946 4.583834e-15
0.873564 4.557726e-15
0.874183 4.479616e-15
0.874801 4.367754e-15
0.87542 4.296945e-15
0.876038 4.269627e-15
0.876656 4.354795e-15
0.877275 4.313906e-15
0.877892 4.311223e-15
0.878511 4.25123e-15
0.879129 4.068008e-15
0.879747 3.924055e-15
0.880366 3.886722e-15
0.880984 3.854027e-15
0.881603 3.85918e-15
0.882221 3.945957e-15
0.882838 4.034408e-15
0.883458 4.071994e-15
0.884075 4.067728e-15
0.884694 3.972296e-15
0.885312 3.963539e-15
0.88593 4.06485e-15
0.886549 4.051986e-15
0.887167 4.008627e-15
0.887785 4.069407e-15
0.888404 4.071423e-15
0.889021 4.030699e-15
0.889639 3.943844e-15
0.890258 3.921802e-15
0.890876 3.951446e-15
0.891495 3.872356e-15
0.892113 3.764221e-15
0.892731 3.740805e-15
0.89335 3.712618e-15
0.893967 3.691349e-15
0.894586 3.691472e-15
0.895204 3.677145e-15
0.895822 3.685159e-15
0.896441 3.693348e-15
0.897059 3.611183e-15
0.897678 3.644477e-15
0.898296 3.714117e-15
0.898913 3.705715e-15
0.899533 3.735062e-15
0.90015 3.681153e-15
0.900769 3.530147e-15
0.901387 3.470873e-15
0.902005 3.497445e-15
0.902624 3.513674e-15
0.903242 3.514291e-15
0.903861 3.588835e-15
0.904479 3.625142e-15
0.905096 3.606555e-15
0.905714 3.63053e-15
0.906333 3.621787e-15
0.906951 3.551235e-15
0.90757 3.555915e-15
0.908188 3.587176e-15
0.908806 3.611231e-15
0.909425 3.625169e-15
0.910042 3.595025e-15
0.910662 3.638291e-15
0.911279 3.682083e-15
0.911897 3.680325e-15
0.912516 3.602191e-15
0.913134 3.406003e-15
0.913753 3.367229e-15
0.914371 3.457177e-15
0.914989 3.423872e-15
0.915608 3.467372e-15
0.916225 3.569545e-15
0.916844 3.518374e-15
0.917462 3.531408e-15
0.91808 3.526607e-15
0.918699 3.372039e-15
0.919317 3.42781e-15
0.919936 3.461156e-15
0.920554 3.446123e-15
0.921171 3.437877e-15
0.92179 3.452673e-15
0.922408 3.450649e-15
0.923026 3.430861e-15
0.923645 3.446502e-15
0.924263 3.386812e-15
0.924881 3.353952e-15
0.9255 3.411819e-15
0.926117 3.481388e-15
0.926737 3.586601e-15
0.927354 3.48473e-15
0.927972 3.343401e-15
0.928591 3.406204e-15
0.929209 3.367632e-15
0.929828 3.389248e-15
0.930446 3.50889e-15
0.931064 3.513675e-15
0.931683 3.540859e-15
0.9323 3.562219e-15
0.932919 3.687526e-15
0.933538 3.769773e-15
0.934155 4.072631e-15
0.934774 4.100211e-15
0.935392 3.723303e-15
0.936011 3.445414e-15
0.936629 3.376891e-15
0.937246 3.341053e-15
0.937865 3.236716e-15
0.938483 3.221755e-15
0.939101 3.320088e-15
0.93972 3.350922e-15
0.940338 3.402931e-15
0.940956 3.460004e-15
0.941575 3.439778e-15
0.942192 3.4798e-15
0.942812 3.386711e-15
0.943429 3.401606e-15
0.944047 3.346412e-15
0.944666 3.363486e-15
0.945284 3.443222e-15
0.945903 3.400009e-15
0.946521 3.397678e-15
0.947139 3.439097e-15
0.947758 3.479933e-15
0.948375 3.496735e-15
0.948994 3.475957e-15
0.949613 3.376732e-15
0.95023 3.334511e-15
0.950849 3.403899e-15
0.951467 3.375375e-15
0.952086 3.234794e-15
0.952704 3.331711e-15
0.953321 3.296469e-15
0.95394 3.202075e-15
0.954558 3.260858e-15
0.955176 3.2493e-15
0.955795 3.17582e-15
0.956413 3.120326e-15
0.957031 3.181152e-15
0.95765 3.213036e-15
0.958267 3.164631e-15
0.958887 3.059593e-15
0.959504 3.026991e-15
0.960122 2.988636e-15
0.960741 2.930795e-15
0.961359 2.919608e-15
0.961978 2.969444e-15
0.962596 3.023358e-15
0.963214 2.950875e-15
0.963833 2.877295e-15
0.96445 2.910091e-15
0.965069 2.950425e-15
0.965688 2.97322e-15
0.966305 2.92812e-15
0.966924 2.940843e-15
0.967542 2.970198e-15
0.968161 2.97351e-15
0.968779 3.035666e-15
0.969396 3.029154e-15
0.970015 2.92156e-15
0.970633 2.90263e-15
0.971251 2.926719e-15
0.97187 2.962769e-15
0.972488 2.986134e-15
0.973106 2.943354e-15
0.973725 2.9329e-15
0.974343 2.93306e-15
0.974962 2.937662e-15
0.975579 2.996531e-15
0.976197 3.059695e-15
0.976816 3.116591e-15
0.977434 3.176974e-15
0.978053 3.249173e-15
0.978671 3.364008e-15
0.979289 3.573638e-15
0.979908 3.81594e-15
0.980525 4.165741e-15
0.981144 4.884317e-15
0.981763 5.70382e-15
0.98238 5.743108e-15
0.982999 4.870267e-15
0.983617 3.933831e-15
0.984236 3.38799e-15
0.984854 3.230795e-15
0.985471 3.225604e-15
0.986091 3.206588e-15
0.986708 3.155656e-15
0.987326 3.189028e-15
0.987945 3.159964e-15
0.988563 3.172599e-15
0.989181 3.152297e-15
0.9898 3.119359e-15
0.990418 3.103817e-15
0.991037 3.055502e-15
0.991654 3.031059e-15
0.992272 2.980888e-15
0.992891 2.934275e-15
0.993509 2.936551e-15
0.994128 2.92915e-15
0.994746 2.909791e-15
0.995364 2.860564e-15
0.995983 2.833547e-15
0.9966 2.824738e-15
0.997219 2.842043e-15
0.997838 2.844761e-15
0.998455 2.843869e-15
0.999074 2.842689e-15
0.999692 2.847041e-15
1.00031 2.861381e-15
1.000925 2.862298e-15
1.001545 2.855075e-15
1.002165 2.845138e-15
1.002785 2.810015e-15
1.003405 2.832862e-15
1.00402 2.834922e-15
1.004635 2.851112e-15
1.005255 2.872623e-15
1.005875 2.82624e-15
1.006495 2.827688e-15
1.007115 2.847186e-15
1.007725 2.847275e-15
1.008345 2.819861e-15
1.008965 2.772171e-15
1.009585 2.800879e-15
1.010205 2.878687e-15
1.010825 2.911524e-15
1.011435 2.907472e-15
1.012055 2.938952e-15
1.012675 2.891352e-15
1.013295 2.881436e-15
1.013915 2.921924e-15
1.014535 3.045579e-15
1.015145 3.097686e-15
1.015765 2.991707e-15
1.016385 2.879819e-15
1.017005 2.86148e-15
1.017625 2.846992e-15
1.01824 2.879505e-15
1.018855 2.913039e-15
1.019475 2.883164e-15
1.020095 2.926886e-15
1.020715 2.944906e-15
1.021335 2.967066e-15
1.02195 2.975044e-15
1.022565 2.949937e-15
1.023185 2.944459e-15
1.023805 2.953476e-15
1.024425 2.962827e-15
1.025045 2.951315e-15
1.025655 2.944085e-15
1.026275 3.011914e-15
1.026895 3.036435e-15
1.027515 3.088697e-15
1.028135 3.15732e-15
1.028755 3.150681e-15
1.029365 3.118104e-15
1.029985 3.171648e-15
1.030605 3.18029e-15
1.031225 3.249706e-15
1.031845 3.293876e-15
1.03246 3.3652e-15
1.033075 3.377764e-15
1.033695 3.323185e-15
1.034315 3.304125e-15
1.034935 3.331136e-15
1.035555 3.351124e-15
1.03617 3.296885e-15
1.036785 3.288914e-15
1.037405 3.285263e-15
1.038025 3.26843e-15
1.038645 3.220626e-15
1.039265 3.169771e-15
1.03988 3.15983e-15
1.040495 3.18117e-15
1.041115 3.172925e-15
1.041735 3.189515e-15
1.042355 3.181557e-15
1.042975 3.171615e-15
1.043585 3.089403e-15
1.044205 3.047712e-15
1.044825 2.9859e-15
1.045445 2.944346e-15
1.046065 2.921393e-15
1.046685 2.914972e-15
1.047295 2.897003e-15
1.047915 2.886718e-15
1.048535 2.878504e-15
1.049155 2.807331e-15
1.049775 2.798503e-15
1.05039 2.802594e-15
1.051005 2.780124e-15
1.051625 2.778305e-15
1.052245 2.808529e-15
1.052865 2.778653e-15
1.053485 2.768389e-15
1.0541 2.770517e-15
1.054715 2.766023e-15
1.055335 2.751995e-15
1.055955 2.743042e-15
1.056575 2.751298e-15
1.057195 2.724278e-15
1.057805 2.753407e-15
1.058425 2.840672e-15
1.059045 2.855814e-15
1.059665 2.903744e-15
1.060285 2.884715e-15
1.060905 2.802604e-15
1.061515 2.81259e-15
1.062135 2.851462e-15
1.062755 2.88974e-15
1.063375 2.920376e-15
1.063995 2.893859e-15
1.064615 2.79858e-15
1.065225 2.790061e-15
1.065845 2.792862e-15
1.066465 2.733174e-15
1.067085 2.721716e-15
1.067705 2.774068e-15
1.06832 2.853556e-15
1.068935 2.888623e-15
1.069555 2.815361e-15
1.070175 2.736397e-15
1.070795 2.745912e-15
1.071415 2.728977e-15
1.07203 2.726967e-15
1.072645 2.781635e-15
1.073265 2.755367e-15
1.073885 2.707947e-15
1.074505 2.704607e-15
1.075125 2.665289e-15
1.075735 2.702957e-15
1.076355 2.680502e-15
1.076975 2.670124e-15
1.077595 2.693506e-15
1.078215 2.706615e-15
1.078835 2.700009e-15
1.079445 2.677913e-15
1.080065 2.679487e-15
1.080685 2.704288e-15
1.081305 2.663571e-15
1.081925 2.663359e-15
1.08254 2.699456e-15
1.083155 2.697565e-15
1.083775 2.679586e-15
1.084395 2.719167e-15
1.085015 2.705604e-15
1.085635 2.61392e-15
1.08625 2.65517e-15
1.086865 2.711152e-15
1.087485 2.703112e-15
1.088105 2.684317e-15
1.088725 2.689731e-15
1.089345 2.655394e-15
1.089955 2.617722e-15
1.090575 2.607628e-15
1.091195 2.626619e-15
1.091815 2.634609e-15
1.092435 2.600602e-15
1.093055 2.582505e-15
1.093665 2.633553e-15
1.094285 2.664618e-15
1.094905 2.64824e-15
1.095525 2.65133e-15
1.096145 2.715495e-15
1.096765 2.802143e-15
1.097375 2.759851e-15
1.097995 2.709021e-15
1.098615 2.691291e-15
1.099235 2.679486e-15
1.099855 2.678429e-15
1.10047 2.738707e-15
1.101085 2.759533e-15
1.101705 2.772216e-15
1.102325 2.832242e-15
1.102945 2.912282e-15
1.103565 2.949076e-15
1.10418 3.014251e-15
1.104795 3.058783e-15
1.105415 3.075019e-15
1.106035 3.167289e-15
1.106655 3.269706e-15
1.107275 3.295604e-15
1.107885 3.386701e-15
1.108505 3.511686e-15
1.109125 3.612615e-15
1.109745 3.657067e-15
1.110365 3.694438e-15
1.110985 3.848692e-15
1.111595 4.023307e-15
1.112215 4.168638e-15
1.112835 4.33302e-15
1.113455 4.55976e-15
1.114075 4.781749e-15
1.11469 5.075782e-15
1.115305 5.458885e-15
1.115925 5.583909e-15
1.116545 5.387354e-15
1.117165 5.11013e-15
1.117785 4.843682e-15
1.1184 4.507801e-15
1.119015 4.190046e-15
1.119635 4.010963e-15
1.120255 3.954688e-15
1.120875 3.813577e-15
1.121495 3.566331e-15
1.12211 3.460129e-15
1.122725 3.483048e-15
1.123345 3.520423e-15
1.123965 3.587411e-15
1.124585 3.513863e-15
1.125205 3.354395e-15
1.125815 3.227689e-15
1.126435 3.280719e-15
1.127055 3.255809e-15
1.127675 3.171099e-15
1.128295 3.12675e-15
1.128915 3.038104e-15
1.129525 2.948619e-15
1.130145 2.91302e-15
1.130765 2.958184e-15
1.131385 2.945774e-15
1.132005 2.882206e-15
1.13262 2.817274e-15
1.133235 2.741599e-15
1.133855 2.539516e-15
1.134475 2.414755e-15
1.135095 2.496035e-15
1.135715 2.566091e-15
1.13633 2.537138e-15
1.136945 2.535024e-15
1.137565 2.522676e-15
1.138185 2.497871e-15
1.138805 2.510632e-15
1.139425 2.479516e-15
1.140035 2.471665e-15
1.140655 2.437529e-15
1.141275 2.421477e-15
1.141895 2.399615e-15
1.142515 2.434767e-15
1.143135 2.403515e-15
1.143745 2.316116e-15
1.144365 2.251378e-15
1.144985 2.254112e-15
1.145605 2.23942e-15
1.146225 2.171542e-15
1.146845 2.173396e-15
1.147455 2.245633e-15
1.148075 2.306482e-15
1.148695 2.314438e-15
1.149315 2.254428e-15
1.149935 2.25202e-15
1.15055 2.297196e-15
1.151165 2.321727e-15
1.151785 2.288211e-15
1.152405 2.270279e-15
1.153025 2.257219e-15
1.153645 2.2797e-15
1.15426 2.274553e-15
1.154875 2.299092e-15
1.155495 2.321338e-15
1.156115 2.320948e-15
1.156735 2.339573e-15
1.157355 2.379375e-15
1.157965 2.403584e-15
1.158585 2.38528e-15
1.159205 2.365408e-15
1.159825 2.380697e-15
1.160445 2.438552e-15
1.161065 2.478186e-15
1.161675 2.497916e-15
1.162295 2.495506e-15
1.162915 2.467542e-15
1.163535 2.480356e-15
1.164155 2.483735e-15
1.16477 2.476291e-15
1.165385 2.487828e-15
1.166005 2.487877e-15
1.166625 2.4674e-15
1.167245 2.444153e-15
1.167865 2.412777e-15
1.16848 2.409322e-15
1.169095 2.419644e-15
1.169715 2.399648e-15
1.170335 2.3775e-15
1.170955 2.343501e-15
1.171575 2.328118e-15
1.172185 2.305927e-15
1.172805 2.291677e-15
1.173425 2.254205e-15
1.174045 2.235321e-15
1.174665 2.2579e-15
1.175285 2.287009e-15
1.175895 2.280154e-15
1.176515 2.254177e-15
1.177135 2.234121e-15
1.177755 2.23094e-15
1.178375 2.248045e-15
1.178995 2.255145e-15
1.179605 2.27175e-15
1.180225 2.27652e-15
1.180845 2.254223e-15
1.181465 2.244947e-15
1.182085 2.262213e-15
1.1827 2.274626e-15
1.183315 2.280219e-15
1.183935 2.259719e-15
1.184555 2.233232e-15
1.185175 2.234783e-15
1.185795 2.254576e-15
1.18641 2.263774e-15
1.187025 2.23988e-15
1.187645 2.250819e-15
1.188265 2.260084e-15
1.188885 2.288833e-15
1.189505 2.295941e-15
1.190115 2.268294e-15
1.190735 2.235798e-15
1.191355 2.230004e-15
1.191975 2.233756e-15
1.192595 2.224785e-15
1.193215 2.244572e-15
1.193825 2.23107e-15
1.194445 2.215677e-15
1.195065 2.211575e-15
1.195685 2.180075e-15
1.196305 2.205663e-15
1.19692 2.237877e-15
1.197535 2.25348e-15
1.198155 2.261941e-15
1.198775 2.251112e-15
1.199395 2.220548e-15
1.200015 2.24384e-15
1.20063 2.234054e-15
1.201245 2.209835e-15
1.201865 2.202909e-15
1.202485 2.223306e-15
1.203105 2.212712e-15
1.203725 2.199173e-15
1.20434 2.17506e-15
1.204955 2.183093e-15
1.205575 2.202141e-15
1.206195 2.226702e-15
1.206815 2.225336e-15
1.207435 2.236591e-15
1.208045 2.260761e-15
1.208665 2.264034e-15
1.209285 2.24209e-15
1.209905 2.261766e-15
1.210525 2.241436e-15
1.211145 2.209091e-15
1.211755 2.206458e-15
1.212375 2.211536e-15
1.212995 2.17189e-15
1.213615 2.160789e-15
1.214235 2.191158e-15
1.21485 2.195524e-15
1.215465 2.196147e-15
1.216085 2.202127e-15
1.216705 2.212601e-15
1.217325 2.201748e-15
1.217945 2.177225e-15
1.21856 2.163008e-15
1.219175 2.153788e-15
1.219795 2.173912e-15
1.220415 2.171554e-15
1.221035 2.194295e-15
1.221655 2.195727e-15
1.222265 2.226947e-15
1.222885 2.250859e-15
1.223505 2.241367e-15
1.224125 2.252505e-15
1.224745 2.248221e-15
1.225365 2.23665e-15
1.225975 2.21145e-15
1.226595 2.232693e-15
1.227215 2.243974e-15
1.227835 2.232863e-15
1.228455 2.196736e-15
1.22907 2.178614e-15
1.229685 2.192742e-15
1.230305 2.206292e-15
1.230925 2.179715e-15
1.231545 2.153731e-15
1.232165 2.141695e-15
1.23278 2.154433e-15
1.233395 2.140842e-15
1.234015 2.127801e-15
1.234635 2.130194e-15
1.235255 2.120776e-15
1.235875 2.12016e-15
1.23649 2.131712e-15
1.237105 2.150132e-15
1.237725 2.149531e-15
1.238345 2.145601e-15
1.238965 2.15984e-15
1.239585 2.15726e-15
1.240195 2.153834e-15
1.240815 2.158805e-15
1.241435 2.14047e-15
1.242055 2.163196e-15
1.242675 2.158756e-15
1.243295 2.162385e-15
1.243905 2.157352e-15
1.244525 2.145676e-15
1.245145 2.155599e-15
1.245765 2.164307e-15
1.246385 2.151288e-15
1.247 2.130304e-15
1.247615 2.119887e-15
1.248235 2.138309e-15
1.248855 2.148208e-15
1.249475 2.143231e-15
1.250095 2.13531e-15
1.25071 2.140125e-15
1.251325 2.169715e-15
1.251945 2.16314e-15
1.252565 2.148968e-15
1.253185 2.154278e-15
1.253805 2.147351e-15
1.254415 2.156134e-15
1.255035 2.147622e-15
1.255655 2.154202e-15
1.256275 2.159085e-15
1.256895 2.159355e-15
1.257515 2.153014e-15
1.258125 2.140003e-15
1.258745 2.134297e-15
1.259365 2.115764e-15
1.259985 2.114947e-15
1.260605 2.132689e-15
1.261225 2.127168e-15
1.261835 2.122654e-15
1.262455 2.098122e-15
1.263075 2.107319e-15
1.263695 2.105906e-15
1.264315 2.095351e-15
1.26493 2.092399e-15
1.265545 2.100951e-15
1.266165 2.07462e-15
1.266785 2.063922e-15
1.267405 2.083707e-15
1.268025 2.06501e-15
1.26864 2.072093e-15
1.269255 2.06312e-15
1.269875 2.092945e-15
1.270495 2.124467e-15
1.271115 2.119838e-15
1.271735 2.094744e-15
1.272345 2.076143e-15
1.272965 2.077309e-15
1.273585 2.091615e-15
1.274205 2.067505e-15
1.274825 2.089226e-15
1.275445 2.116869e-15
1.276055 2.114879e-15
1.276675 2.121093e-15
1.277295 2.09348e-15
1.277915 2.095132e-15
1.278535 2.102343e-15
1.27915 2.085116e-15
1.279765 2.083976e-15
1.280385 2.065627e-15
1.281005 2.073477e-15
1.281625 2.113713e-15
1.282245 2.110952e-15
1.28286 2.089054e-15
1.283475 2.054451e-15
1.284095 2.054532e-15
1.284715 2.076717e-15
1.285335 2.092908e-15
1.285955 2.108265e-15
1.28657 2.113506e-15
1.287185 2.11927e-15
1.287805 2.131689e-15
1.288425 2.156989e-15
1.289045 2.182872e-15
1.289665 2.213087e-15
1.290275 2.205529e-15
1.290895 2.189014e-15
1.291515 2.191155e-15
1.292135 2.175048e-15
1.292755 2.216302e-15
1.293375 2.321637e-15
1.293985 2.461596e-15
1.294605 2.631822e-15
1.295225 2.649457e-15
1.295845 2.518625e-15
1.296465 2.358106e-15
1.29708 2.21431e-15
1.297695 2.141945e-15
1.298315 2.122495e-15
1.298935 2.12012e-15
1.299555 2.111943e-15
1.300175 2.125229e-15
1.30079 2.137807e-15
1.301405 2.129105e-15
1.302025 2.128951e-15
1.302645 2.127155e-15
1.303265 2.108235e-15
1.303885 2.098465e-15
1.304495 2.131884e-15
1.305115 2.156866e-15
1.305735 2.141393e-15
1.306355 2.143424e-15
1.306975 2.161649e-15
1.307595 2.195289e-15
1.308205 2.229273e-15
1.308825 2.249878e-15
1.309445 2.278887e-15
1.310065 2.303361e-15
1.310685 2.330863e-15
1.3113 2.35398e-15
1.311915 2.38543e-15
1.312535 2.441364e-15
1.313155 2.460301e-15
1.313775 2.486834e-15
1.314395 2.529374e-15
1.31501 2.580433e-15
1.315625 2.665045e-15
1.316245 2.719827e-15
1.316865 2.775235e-15
1.317485 2.806596e-15
1.318105 2.838692e-15
1.31872 2.821418e-15
1.319335 2.826562e-15
1.319955 2.916765e-15
1.320575 2.995201e-15
1.321195 2.990864e-15
1.321815 2.902182e-15
1.322425 2.777675e-15
1.323045 2.687673e-15
1.323665 2.673888e-15
1.324285 2.671701e-15
1.324905 2.655859e-15
1.325525 2.676434e-15
1.326135 2.622817e-15
1.326755 2.569829e-15
1.327375 2.514106e-15
1.327995 2.466883e-15
1.328615 2.419851e-15
1.32923 2.394096e-15
1.329845 2.352435e-15
1.330465 2.304483e-15
1.331085 2.248505e-15
1.331705 2.19607e-15
1.332325 2.206514e-15
1.33294 2.187371e-15
1.333555 2.134589e-15
1.334175 2.101581e-15
1.334795 2.120876e-15
1.335415 2.104269e-15
1.336035 2.091609e-15
1.336645 2.040094e-15
1.337265 2.030233e-15
1.337885 2.05698e-15
1.338505 2.06084e-15
1.339125 2.042944e-15
1.339745 2.011464e-15
1.340355 1.973415e-15
1.340975 1.936057e-15
1.341595 1.93629e-15
1.342215 1.935748e-15
1.342835 1.935206e-15
1.343455 1.934664e-15
1.344065 1.934123e-15
1.344685 1.933581e-15
1.345305 1.933039e-15
1.345925 1.932497e-15
1.346545 1.931956e-15
1.34716 1.931414e-15
1.347775 1.930872e-15
1.348395 1.930331e-15
1.349015 1.929789e-15
1.349635 1.929248e-15
1.350255 1.928707e-15
1.35087 1.928165e-15
1.351485 1.927624e-15
1.352105 1.927082e-15
1.352725 1.926541e-15
1.353345 1.925999e-15
1.353965 1.925458e-15
1.354575 1.924917e-15
1.355195 1.924375e-15
1.355815 1.923834e-15
1.356435 1.923292e-15
1.357055 1.922751e-15
1.357675 1.92221e-15
1.358285 1.921669e-15
1.358905 1.921127e-15
1.359525 1.920586e-15
1.360145 1.920044e-15
1.360765 1.919503e-15
1.36138 1.918962e-15
1.361995 1.918421e-15
1.362615 1.91788e-15
1.363235 1.917339e-15
1.363855 1.916798e-15
1.364475 1.916257e-15
1.36509 1.915716e-15
1.365705 1.915175e-15
1.366325 1.914634e-15
1.366945 1.914093e-15
1.367565 1.913552e-15
1.368185 1.913011e-15
1.3688 1.91247e-15
1.369415 1.911929e-15
1.370035 1.911388e-15
1.370655 1.910847e-15
1.371275 1.910306e-15
1.371895 1.909765e-15
1.372505 1.909224e-15
1.373125 1.908684e-15
1.373745 1.908142e-15
1.374365 1.907602e-15
1.374985 1.907061e-15
1.375605 1.90652e-15
1.376215 1.90598e-15
1.376835 1.905439e-15
1.377455 1.904898e-15
1.378075 1.904358e-15
1.378695 1.903817e-15
1.37931 1.903277e-15
1.379925 1.902736e-15
1.380545 1.902196e-15
1.381165 1.901655e-15
1.381785 1.901114e-15
1.382405 1.900574e-15
1.38302 1.900033e-15
1.383635 1.899493e-15
1.384255 1.898952e-15
1.384875 1.898412e-15
1.385495 1.897871e-15
1.386115 1.89733e-15
1.386725 1.89679e-15
1.387345 1.89625e-15
1.387965 1.895709e-15
1.388585 1.895169e-15
1.389205 1.894629e-15
1.389825 1.894088e-15
1.390435 1.893548e-15
1.391055 1.893008e-15
1.391675 1.892468e-15
1.392295 1.891927e-15
1.392915 1.891387e-15
1.39353 1.890847e-15
1.394145 1.890307e-15
1.394765 1.889767e-15
1.395385 1.889226e-15
1.396005 1.888686e-15
1.396625 1.888146e-15
1.39724 1.887606e-15
1.397855 1.887066e-15
1.398475 1.886526e-15
1.399095 1.885985e-15
1.399715 1.885445e-15
1.400335 1.884905e-15
1.40095 1.884365e-15
1.401565 1.883825e-15
1.402185 1.883285e-15
1.402805 1.882745e-15
1.403425 1.882205e-15
1.404045 1.881666e-15
1.404655 1.881126e-15
1.405275 1.880586e-15
1.405895 1.880046e-15
1.406515 1.879506e-15
1.407135 1.878966e-15
1.407755 1.878426e-15
1.408365 1.877887e-15
1.408985 1.877347e-15
1.409605 1.876807e-15
1.410225 1.876267e-15
1.410845 1.875727e-15
1.41146 1.875188e-15
1.412075 1.874648e-15
1.412695 1.874108e-15
1.413315 1.873568e-15
1.413935 1.873028e-15
1.414555 1.872489e-15
1.41517 1.87195e-15
1.415785 1.87141e-15
1.416405 1.87087e-15
1.417025 1.870331e-15
1.417645 1.869791e-15
1.418265 1.869252e-15
1.418875 1.868712e-15
1.419495 1.868173e-15
1.420115 1.867633e-15
1.420735 1.867094e-15
1.421355 1.866554e-15
1.421975 1.866015e-15
1.422585 1.865476e-15
1.423205 1.864936e-15
1.423825 1.864397e-15
1.424445 1.863857e-15
1.425065 1.863318e-15
1.425685 1.862778e-15
1.426295 1.862239e-15
1.426915 1.8617e-15
1.427535 1.86116e-15
1.428155 1.860621e-15
1.428775 1.860082e-15
1.42939 1.859543e-15
1.430005 1.859003e-15
1.430625 1.858464e-15
1.431245 1.857925e-15
1.431865 1.857386e-15
1.432485 1.856847e-15
1.4331 1.856308e-15
1.433715 1.855769e-15
1.434335 1.85523e-15
1.434955 1.85469e-15
1.435575 1.854151e-15
1.436195 1.853612e-15
1.436805 1.853073e-15
1.437425 1.852534e-15
1.438045 1.851995e-15
1.438665 1.851456e-15
1.439285 1.850917e-15
1.439905 1.850378e-15
1.440515 1.849839e-15
1.441135 1.8493e-15
1.441755 1.848761e-15
1.442375 1.848222e-15
1.442995 1.847683e-15
1.44361 1.847144e-15
1.444225 1.846605e-15
1.444845 1.846067e-15
1.445465 1.845528e-15
1.446085 1.844989e-15
1.446705 1.84445e-15
1.44732 1.843912e-15
1.447935 1.843373e-15
1.448555 1.842834e-15
1.449175 1.842296e-15
1.449795 1.841757e-15
1.450415 1.841218e-15
1.45103 1.840679e-15
1.451645 1.840141e-15
1.452265 1.839602e-15
1.452885 1.839063e-15
1.453505 1.838525e-15
1.454125 1.837986e-15
1.454735 1.837448e-15
1.455355 1.836909e-15
1.455975 1.83637e-15
1.456595 1.835831e-15
1.457215 1.835293e-15
1.457835 1.834754e-15
1.458445 1.834216e-15
1.459065 1.833677e-15
1.459685 1.833139e-15
1.460305 1.8326e-15
1.460925 1.832062e-15
1.46154 1.831524e-15
1.462155 1.830986e-15
1.462775 1.830447e-15
1.463395 1.829909e-15
1.464015 1.82937e-15
1.464635 1.828832e-15
1.46525 1.828294e-15
1.465865 1.827755e-15
1.466485 1.827217e-15
1.467105 1.826679e-15
1.467725 1.82614e-15
1.468345 1.825602e-15
1.468955 1.825064e-15
1.469575 1.824526e-15
1.470195 1.823987e-15
1.470815 1.823449e-15
1.471435 1.822911e-15
1.472055 1.822373e-15
1.472665 1.821834e-15
1.473285 1.821296e-15
1.473905 1.820758e-15
1.474525 1.82022e-15
1.475145 1.819682e-15
1.47576 1.819144e-15
1.476375 1.818606e-15
1.476995 1.818068e-15
1.477615 1.81753e-15
1.478235 1.816992e-15
1.478855 1.816454e-15
1.47947 1.815916e-15
1.480085 1.815378e-15
1.480705 1.81484e-15
1.481325 1.814302e-15
1.481945 1.813764e-15
1.482565 1.813226e-15
1.48318 1.812688e-15
1.483795 1.81215e-15
1.484415 1.811612e-15
1.485035 1.811075e-15
1.485655 1.810537e-15
1.486275 1.809998e-15
1.486885 1.809461e-15
1.487505 1.808923e-15
1.488125 1.808385e-15
1.488745 1.807847e-15
1.489365 1.80731e-15
1.489985 1.802483e-15
1.490595 1.784892e-15
1.491215 1.779816e-15
1.491835 1.768245e-15
1.492455 1.77947e-15
1.493075 1.795136e-15
1.49369 1.792615e-15
1.494305 1.787828e-15
1.494925 1.782053e-15
1.495545 1.785673e-15
1.496165 1.776773e-15
1.496785 1.784851e-15
1.4974 1.794824e-15
1.498015 1.777134e-15
1.498635 1.757285e-15
1.499255 1.764161e-15
1.499875 1.769318e-15
1.500495 1.77975e-15
1.501105 1.78927e-15
1.501725 1.810683e-15
1.502345 1.812524e-15
1.502965 1.794059e-15
1.503585 1.765093e-15
1.504205 1.760345e-15
1.504815 1.762077e-15
1.505435 1.753053e-15
1.506055 1.760132e-15
1.506675 1.764771e-15
1.507295 1.765304e-15
1.507915 1.752839e-15
1.508525 1.757081e-15
1.509145 1.762879e-15
1.509765 1.776206e-15
1.510385 1.769604e-15
1.511005 1.759393e-15
1.51162 1.765121e-15
1.512235 1.783572e-15
1.512855 1.778929e-15
1.513475 1.761489e-15
1.514095 1.776463e-15
1.514715 1.78088e-15
1.51533 1.783061e-15
1.515945 1.79208e-15
1.516565 1.792809e-15
1.517185 1.781604e-15
1.517805 1.765634e-15
1.518425 1.776524e-15
1.519035 1.797497e-15
1.519655 1.780209e-15
1.520275 1.7943e-15
1.520895 1.806972e-15
1.521515 1.806874e-15
1.522135 1.7992e-15
1.522745 1.787785e-15
1.523365 1.777124e-15
1.523985 1.802366e-15
1.524605 1.794184e-15
1.525225 1.796613e-15
1.52584 1.789716e-15
1.526455 1.791297e-15
1.527075 1.801721e-15
1.527695 1.801114e-15
1.528315 1.793598e-15
1.528935 1.801887e-15
1.52955 1.82367e-15
1.530165 1.821202e-15
1.530785 1.81881e-15
1.531405 1.798758e-15
1.532025 1.767716e-15
1.532645 1.768794e-15
1.533255 1.780334e-15
1.533875 1.773565e-15
1.534495 1.775831e-15
1.535115 1.795902e-15
1.535735 1.805678e-15
1.536355 1.819068e-15
1.536965 1.828849e-15
1.537585 1.826845e-15
1.538205 1.838002e-15
1.538825 1.839676e-15
1.539445 1.823948e-15
1.540065 1.828934e-15
1.540675 1.847728e-15
1.541295 1.827916e-15
1.541915 1.811219e-15
1.542535 1.832246e-15
1.543155 1.853855e-15
1.54377 1.835059e-15
1.544385 1.826267e-15
1.545005 1.830349e-15
1.545625 1.832572e-15
1.546245 1.818282e-15
1.546865 1.805902e-15
1.54748 1.779687e-15
1.548095 1.751781e-15
1.548715 1.729841e-15
1.549335 1.712324e-15
1.549955 1.707453e-15
1.550575 1.736586e-15
1.551185 1.744868e-15
1.551805 1.769462e-15
1.552425 1.78453e-15
1.553045 1.797176e-15
1.553665 1.797888e-15
1.554285 1.833521e-15
1.554895 1.831411e-15
1.555515 1.824785e-15
1.556135 1.833645e-15
1.556755 1.820441e-15
1.557375 1.806031e-15
1.55799 1.795098e-15
1.558605 1.793097e-15
1.559225 1.799365e-15
1.559845 1.801706e-15
1.560465 1.790653e-15
1.561085 1.797339e-15
1.5617 1.809497e-15
1.562315 1.809964e-15
1.562935 1.7965e-15
1.563555 1.779721e-15
1.564175 1.77948e-15
1.564795 1.803115e-15
1.56541 1.813202e-15
1.566025 1.828683e-15
1.566645 1.813002e-15
1.567265 1.804718e-15
1.567885 1.80693e-15
1.568505 1.799906e-15
1.569115 1.810062e-15
1.569735 1.805138e-15
1.570355 1.784766e-15
1.570975 1.771128e-15
1.571595 1.779554e-15
1.572215 1.787316e-15
1.572825 1.793429e-15
1.573445 1.795606e-15
1.574065 1.80464e-15
1.574685 1.815094e-15
1.575305 1.81204e-15
1.57592 1.81365e-15
1.576535 1.820085e-15
1.577155 1.835412e-15
1.577775 1.838288e-15
1.578395 1.841042e-15
1.579015 1.839733e-15
1.57963 1.844565e-15
1.580245 1.849904e-15
1.580865 1.840865e-15
1.581485 1.842705e-15
1.582105 1.833237e-15
1.582725 1.812508e-15
1.583335 1.821955e-15
1.583955 1.840431e-15
1.584575 1.824075e-15
1.585195 1.809391e-15
1.585815 1.802891e-15
1.586435 1.789927e-15
1.587045 1.796195e-15
1.587665 1.795673e-15
1.588285 1.799825e-15
1.588905 1.796636e-15
1.589525 1.798674e-15
1.590145 1.827345e-15
1.590755 1.826291e-15
1.591375 1.842947e-15
1.591995 1.855627e-15
1.592615 1.864112e-15
1.593235 1.852707e-15
1.59385 1.843568e-15
1.594465 1.847215e-15
1.595085 1.845118e-15
1.595705 1.845396e-15
1.596325 1.846421e-15
1.596945 1.83303e-15
1.59756 1.8058e-15
1.598175 1.825603e-15
1.598795 1.839201e-15
1.599415 1.844821e-15
1.600035 1.839888e-15
1.600655 1.839195e-15
1.601265 1.827645e-15
1.601885 1.833088e-15
1.602505 1.805627e-15
1.603125 1.789446e-15
1.603745 1.791138e-15
1.604365 1.77364e-15
1.604975 1.744471e-15
1.605595 1.735157e-15
1.606215 1.73388e-15
1.606835 1.743486e-15
1.607455 1.744846e-15
1.60807 1.744842e-15
1.608685 1.765282e-15
1.609305 1.779749e-15
1.609925 1.778861e-15
1.610545 1.770889e-15
1.611165 1.761636e-15
1.61178 1.772737e-15
1.612395 1.746857e-15
1.613015 1.772282e-15
1.613635 1.788721e-15
1.614255 1.807262e-15
1.614875 1.807703e-15
1.615485 1.81264e-15
1.616105 1.8015e-15
1.616725 1.791249e-15
1.617345 1.811128e-15
1.617965 1.818738e-15
1.618585 1.817007e-15
1.619195 1.828094e-15
1.619815 1.837012e-15
1.620435 1.823943e-15
1.621055 1.80186e-15
1.621675 1.789903e-15
1.622295 1.782485e-15
1.622905 1.78015e-15
1.623525 1.76411e-15
1.624145 1.737477e-15
1.624765 1.713296e-15
1.625385 1.707164e-15
1.626 1.720007e-15
1.626615 1.727259e-15
1.627235 1.734943e-15
1.627855 1.741887e-15
1.628475 1.754836e-15
1.629095 1.759109e-15
1.62971 1.760928e-15
1.630325 1.764504e-15
1.630945 1.751225e-15
1.631565 1.748864e-15
1.632185 1.777065e-15
1.632805 1.771701e-15
1.633415 1.763623e-15
1.634035 1.769344e-15
1.634655 1.78429e-15
1.635275 1.777872e-15
1.635895 1.776069e-15
1.636515 1.754727e-15
1.637125 1.718491e-15
1.637745 1.714618e-15
1.638365 1.713277e-15
1.638985 1.707192e-15
1.639605 1.714161e-15
1.64022 1.75434e-15
1.640835 1.764983e-15
1.641455 1.76485e-15
1.642075 1.788156e-15
1.642695 1.798172e-15
1.643315 1.766217e-15
1.64393 1.77188e-15
1.644545 1.77125e-15
1.645165 1.76398e-15
1.645785 1.752516e-15
1.646405 1.763147e-15
1.647025 1.773129e-15
1.64764 1.771584e-15
1.648255 1.780325e-15
1.648875 1.764868e-15
1.649495 1.77963e-15
1.650115 1.783237e-15
1.650735 1.771257e-15
1.651345 1.774241e-15
1.651965 1.766902e-15
1.652585 1.77924e-15
1.653205 1.780415e-15
1.653825 1.79009e-15
1.654445 1.796122e-15
1.655055 1.77783e-15
1.655675 1.762302e-15
1.656295 1.770802e-15
1.656915 1.777321e-15
1.657535 1.798601e-15
1.65815 1.78832e-15
1.658765 1.792557e-15
1.659385 1.798563e-15
1.660005 1.777661e-15
1.660625 1.780199e-15
1.661245 1.777864e-15
1.66186 1.770222e-15
1.662475 1.767669e-15
1.663095 1.76307e-15
1.663715 1.77159e-15
1.664335 1.781214e-15
1.664955 1.789663e-15
1.665565 1.788038e-15
1.666185 1.778704e-15
1.666805 1.762168e-15
1.667425 1.746617e-15
1.668045 1.708537e-15
1.668665 1.681271e-15
1.669275 1.655414e-15
1.669895 1.65095e-15
1.670515 1.686946e-15
1.671135 1.711293e-15
1.671755 1.749373e-15
1.672375 1.755368e-15
1.672985 1.761396e-15
1.673605 1.750934e-15
1.674225 1.74358e-15
1.674845 1.762484e-15
1.675465 1.773149e-15
1.67608 1.792824e-15
1.676695 1.799349e-15
1.677315 1.802277e-15
1.677935 1.815277e-15
1.678555 1.823136e-15
1.679175 1.805925e-15
1.67979 1.812478e-15
1.680405 1.834612e-15
1.681025 1.832264e-15
1.681645 1.821356e-15
1.682265 1.81454e-15
1.682885 1.797786e-15
1.683495 1.794151e-15
1.684115 1.818259e-15
1.684735 1.826067e-15
1.685355 1.828494e-15
1.685975 1.824419e-15
1.686595 1.829522e-15
1.687205 1.827662e-15
1.687825 1.808224e-15
1.688445 1.819471e-15
1.689065 1.82058e-15
1.689685 1.803155e-15
1.6903 1.778733e-15
1.690915 1.797745e-15
1.691535 1.860937e-15
1.692155 1.94889e-15
1.692775 2.047294e-15
1.693395 2.125565e-15
1.69401 2.133157e-15
1.694625 2.074603e-15
1.695245 1.982913e-15
1.695865 1.890925e-15
1.696485 1.838186e-15
1.697105 1.797873e-15
1.697715 1.777279e-15
1.698335 1.77371e-15
1.698955 1.7657e-15
1.699575 1.761273e-15
1.700195 1.776153e-15
1.700815 1.810443e-15
1.701425 1.785874e-15
1.702045 1.771229e-15
1.702665 1.747003e-15
1.703285 1.75101e-15
1.703905 1.738546e-15
1.704525 1.739129e-15
1.705135 1.749633e-15
1.705755 1.744631e-15
1.706375 1.727383e-15
1.706995 1.7396e-15
1.707615 1.743008e-15
1.70823 1.756441e-15
1.708845 1.757714e-15
1.709465 1.758935e-15
1.710085 1.7664e-15
1.710705 1.776631e-15
1.711325 1.769201e-15
1.71194 1.728423e-15
1.712555 1.701657e-15
1.713175 1.696385e-15
1.713795 1.708784e-15
1.714415 1.721649e-15
1.715035 1.720635e-15
1.715645 1.730206e-15
1.716265 1.740977e-15
1.716885 1.735654e-15
1.717505 1.73262e-15
1.718125 1.730908e-15
1.718745 1.728056e-15
1.719355 1.750502e-15
1.719975 1.758213e-15
1.720595 1.757371e-15
1.721215 1.745509e-15
1.721835 1.748751e-15
1.72245 1.787804e-15
1.723065 1.785974e-15
1.723685 1.785837e-15
1.724305 1.77857e-15
1.724925 1.765647e-15
1.725545 1.774799e-15
1.72616 1.774923e-15
1.726775 1.800463e-15
1.727395 1.821874e-15
1.728015 1.829808e-15
1.728635 1.829316e-15
1.729255 1.840769e-15
1.72987 1.868681e-15
1.730485 1.863109e-15
1.731105 1.827735e-15
1.731725 1.83317e-15
1.732345 1.857559e-15
1.732965 1.854809e-15
1.733575 1.854722e-15
1.734195 1.863591e-15
1.734815 1.836663e-15
1.735435 1.80476e-15
1.736055 1.796341e-15
1.736675 1.810168e-15
1.737285 1.81055e-15
1.737905 1.801181e-15
1.738525 1.811127e-15
1.739145 1.785655e-15
1.739765 1.776133e-15
1.74038 1.767158e-15
1.740995 1.762185e-15
1.741615 1.755213e-15
1.742235 1.759584e-15
1.742855 1.797798e-15
1.743475 1.805559e-15
1.74409 1.806923e-15
1.744705 1.836178e-15
1.745325 1.823941e-15
1.745945 1.797875e-15
1.746565 1.767499e-15
1.747185 1.739535e-15
1.747795 1.751581e-15
1.748415 1.774932e-15
1.749035 1.775361e-15
1.749655 1.771643e-15
1.750275 1.79233e-15
1.750895 1.77388e-15
1.751505 1.749318e-15
1.76 1.766707e-15
1.765 1.763056e-15
1.77 1.759423e-15
1.775 1.755807e-15
1.78 1.752209e-15
1.785 1.748629e-15
1.79 1.745065e-15
1.795 1.741519e-15
1.8 1.73799e-15
1.805 1.734478e-15
1.81 1.730983e-15
1.815 1.727504e-15
1.82 1.724042e-15
1.825 1.720596e-15
1.83 1.717167e-15
1.835 1.713753e-15
1.84 1.710356e-15
1.845 1.706975e-15
1.85 1.703609e-15
1.855 1.700259e-15
1.86 1.696925e-15
1.865 1.693606e-15
1.87 1.690303e-15
1.875 1.687014e-15
1.88 1.683741e-15
1.885 1.680483e-15
1.89 1.67724e-15
1.895 1.674012e-15
1.9 1.670798e-15
1.905 1.667599e-15
1.91 1.664414e-15
1.915 1.661244e-15
1.922465 1.692244e-15
1.923075 1.737327e-15
1.923695 1.781729e-15
1.924315 1.78785e-15
1.924935 1.817374e-15
1.925555 1.91379e-15
1.926175 2.013687e-15
1.926785 1.967526e-15
1.927405 1.749159e-15
1.928025 1.677237e-15
1.928645 1.790318e-15
1.929265 1.812793e-15
1.92988 1.883596e-15
1.930495 1.960268e-15
1.931115 2.078522e-15
1.931735 2.254921e-15
1.932355 2.371252e-15
1.932975 2.398654e-15
1.93359 2.331368e-15
1.934205 2.210856e-15
1.934825 2.073583e-15
1.935445 2.060856e-15
1.936065 2.056288e-15
1.936685 1.911405e-15
1.937295 1.839596e-15
1.937915 1.86647e-15
1.938535 1.76911e-15
1.939155 1.745592e-15
1.939775 1.745781e-15
1.940395 1.733472e-15
1.941005 1.836109e-15
1.941625 1.883988e-15
1.942245 1.894717e-15
1.942865 1.947525e-15
1.943485 1.925693e-15
1.9441 1.825109e-15
1.944715 1.756601e-15
1.945335 1.734137e-15
1.945955 1.761637e-15
1.946575 1.790124e-15
1.947195 1.763486e-15
1.94781 1.691817e-15
1.948425 1.664177e-15
1.949045 1.661551e-15
1.949665 1.6668e-15
1.950285 1.669493e-15
1.950905 1.662599e-15
1.95152 1.63487e-15
1.952135 1.637634e-15
1.952755 1.603758e-15
1.953375 1.522429e-15
1.953995 1.488318e-15
1.954615 1.477622e-15
1.955225 1.451808e-15
1.955845 1.420592e-15
1.956465 1.418737e-15
1.957085 1.409776e-15
1.957705 1.395777e-15
1.958325 1.389142e-15
1.958935 1.412789e-15
1.959555 1.427962e-15
1.960175 1.447758e-15
1.960795 1.495777e-15
1.961415 1.489171e-15
1.96203 1.470341e-15
1.962645 1.465995e-15
1.963265 1.449198e-15
1.963885 1.44731e-15
1.964505 1.446739e-15
1.965125 1.485797e-15
1.96574 1.519803e-15
1.966355 1.50988e-15
1.966975 1.514153e-15
1.967595 1.525865e-15
1.968215 1.512259e-15
1.968835 1.514286e-15
1.969445 1.550189e-15
1.970065 1.543602e-15
1.970685 1.525115e-15
1.971305 1.519534e-15
1.971925 1.52507e-15
1.972545 1.529885e-15
1.973155 1.536938e-15
1.973775 1.556785e-15
1.974395 1.526246e-15
1.975015 1.507366e-15
1.975635 1.533881e-15
1.976255 1.544691e-15
1.976865 1.567861e-15
1.977485 1.578619e-15
1.978105 1.574509e-15
1.978725 1.553634e-15
1.979345 1.539142e-15
1.97996 1.521286e-15
1.980575 1.513011e-15
1.981195 1.540317e-15
1.981815 1.565656e-15
1.982435 1.570152e-15
1.983055 1.567661e-15
1.98367 1.565208e-15
1.984285 1.568153e-15
1.984905 1.577669e-15
1.985525 1.559094e-15
1.986145 1.541101e-15
1.986765 1.539865e-15
1.987375 1.526644e-15
1.987995 1.532732e-15
1.988615 1.536197e-15
1.989235 1.52096e-15
1.989855 1.51639e-15
1.990475 1.500629e-15
1.991085 1.514269e-15
1.991705 1.551458e-15
1.992325 1.573585e-15
1.992945 1.584273e-15
1.993565 1.585192e-15
1.99418 1.578501e-15
1.994795 1.574606e-15
1.995415 1.575696e-15
1.996035 1.571881e-15
1.996655 1.557317e-15
1.997275 1.554361e-15
1.99789 1.559694e-15
1.998505 1.535214e-15
1.999125 1.503909e-15
1.999745 1.494373e-15
2.000365 1.499729e-15
2.000985 1.480221e-15
2.001595 1.426263e-15
2.002215 1.421715e-15
2.002835 1.425714e-15
2.003455 1.394871e-15
2.004075 1.378527e-15
2.004695 1.368639e-15
2.005305 1.36969e-15
2.005925 1.404138e-15
2.006545 1.407886e-15
2.007165 1.434228e-15
2.007785 1.469926e-15
2.008405 1.489152e-15
2.009015 1.49773e-15
2.009635 1.502562e-15
2.010255 1.477949e-15
2.010875 1.462691e-15
2.011495 1.446317e-15
2.01211 1.438206e-15
2.012725 1.456609e-15
2.013345 1.457872e-15
2.013965 1.480157e-15
2.014585 1.498071e-15
2.015205 1.503231e-15
2.01582 1.545383e-15
2.016435 1.595365e-15
2.017055 1.6057e-15
2.017675 1.594237e-15
2.018295 1.581623e-15
2.018915 1.571583e-15
2.019525 1.567143e-15
2.020145 1.556749e-15
2.020765 1.559533e-15
2.021385 1.572408e-15
2.022005 1.575706e-15
2.022625 1.580887e-15
2.023235 1.577119e-15
2.023855 1.566466e-15
2.024475 1.563138e-15
2.025095 1.559868e-15
2.025715 1.546468e-15
2.02633 1.532219e-15
2.026945 1.535156e-15
2.027565 1.530737e-15
2.028185 1.52189e-15
2.028805 1.527456e-15
2.029425 1.535618e-15
2.03004 1.533504e-15
2.030655 1.52111e-15
2.031275 1.517798e-15
2.031895 1.504008e-15
2.032515 1.489712e-15
2.033135 1.490463e-15
2.03375 1.484714e-15
2.034365 1.492267e-15
2.034985 1.50738e-15
2.035605 1.499935e-15
2.036225 1.496385e-15
2.036845 1.485503e-15
2.037455 1.487401e-15
2.038075 1.489163e-15
2.038695 1.477536e-15
2.039315 1.474957e-15
2.039935 1.471986e-15
2.040555 1.474201e-15
2.041165 1.473474e-15
2.041785 1.487407e-15
2.042405 1.509661e-15
2.043025 1.499719e-15
2.043645 1.491424e-15
2.04426 1.495025e-15
2.044875 1.495696e-15
2.045495 1.493481e-15
2.046115 1.490881e-15
2.046735 1.485553e-15
2.047355 1.486942e-15
2.04797 1.488581e-15
2.048585 1.49034e-15
2.049205 1.494541e-15
2.049825 1.482667e-15
2.050445 1.458111e-15
2.051065 1.455238e-15
2.051675 1.446234e-15
2.052295 1.434485e-15
2.052915 1.44233e-15
2.053535 1.437591e-15
2.054155 1.429652e-15
2.054775 1.428925e-15
2.055385 1.426422e-15
2.056005 1.424329e-15
2.056625 1.450222e-15
2.057245 1.458532e-15
2.057865 1.455792e-15
2.058485 1.456528e-15
2.059095 1.455437e-15
2.059715 1.468946e-15
2.060335 1.48295e-15
2.060955 1.486757e-15
2.061575 1.474604e-15
2.06219 1.465884e-15
2.062805 1.467877e-15
2.063425 1.461803e-15
2.064045 1.463777e-15
2.064665 1.458515e-15
2.065285 1.454949e-15
2.0659 1.452395e-15
2.066515 1.452029e-15
2.067135 1.465821e-15
2.067755 1.475024e-15
2.068375 1.471408e-15
2.068995 1.476324e-15
2.069605 1.474345e-15
2.070225 1.469567e-15
2.070845 1.470404e-15
2.071465 1.462959e-15
2.072085 1.464492e-15
2.072705 1.471071e-15
2.073315 1.475647e-15
2.073935 1.48347e-15
2.074555 1.481218e-15
2.075175 1.486958e-15
2.075795 1.487507e-15
2.07641 1.477727e-15
2.077025 1.477966e-15
2.077645 1.482698e-15
2.078265 1.486154e-15
2.078885 1.489042e-15
2.079505 1.493786e-15
2.08012 1.498963e-15
2.080735 1.489799e-15
2.081355 1.48329e-15
2.081975 1.485536e-15
2.082595 1.486936e-15
2.083215 1.477513e-15
2.083825 1.480928e-15
2.084445 1.478708e-15
2.085065 1.471836e-15
2.085685 1.482937e-15
2.086305 1.487089e-15
2.086925 1.488858e-15
2.087535 1.491741e-15
2.088155 1.496591e-15
2.088775 1.496646e-15
2.089395 1.481929e-15
2.090015 1.468004e-15
2.090635 1.479839e-15
2.091245 1.492697e-15
2.091865 1.503764e-15
2.092485 1.502939e-15
2.093105 1.505196e-15
2.093725 1.51794e-15
2.09434 1.537305e-15
2.094955 1.546736e-15
2.095575 1.553405e-15
2.096195 1.55059e-15
2.096815 1.533924e-15
2.097435 1.518913e-15
2.09805 1.501384e-15
2.098665 1.492808e-15
2.099285 1.489994e-15
2.099905 1.489027e-15
2.100525 1.49013e-15
2.101145 1.495712e-15
2.101755 1.49203e-15
2.102375 1.493939e-15
2.102995 1.510224e-15
2.103615 1.519106e-15
2.104235 1.515194e-15
2.104855 1.518626e-15
2.105465 1.514884e-15
2.106085 1.506749e-15
2.106705 1.50026e-15
2.107325 1.496685e-15
2.107945 1.499018e-15
2.10856 1.499258e-15
2.109175 1.495509e-15
2.109795 1.489713e-15
2.110415 1.497494e-15
2.111035 1.497746e-15
2.111655 1.507621e-15
2.11227 1.510072e-15
2.112885 1.500406e-15
2.113505 1.503851e-15
2.114125 1.509777e-15
2.114745 1.511929e-15
2.115365 1.505657e-15
2.11598 1.496658e-15
2.116595 1.493247e-15
2.117215 1.481748e-15
2.117835 1.488863e-15
2.118455 1.501227e-15
2.119075 1.50071e-15
2.119685 1.505586e-15
2.120305 1.51518e-15
2.120925 1.510818e-15
2.121545 1.50769e-15
2.122165 1.514658e-15
2.122785 1.512683e-15
2.123395 1.511712e-15
2.124015 1.508972e-15
2.124635 1.492121e-15
2.125255 1.488749e-15
2.125875 1.498204e-15
2.12649 1.508186e-15
2.127105 1.504041e-15
2.127725 1.49646e-15
2.128345 1.493965e-15
2.128965 1.501407e-15
2.129585 1.503161e-15
2.1302 1.504396e-15
2.130815 1.501698e-15
2.131435 1.488901e-15
2.132055 1.487026e-15
2.132675 1.494063e-15
2.133295 1.488313e-15
2.133905 1.482358e-15
2.134525 1.48743e-15
2.135145 1.491756e-15
2.135765 1.498784e-15
2.136385 1.51045e-15
2.137005 1.50583e-15
2.137615 1.49034e-15
2.138235 1.489462e-15
2.138855 1.4955e-15
2.139475 1.497085e-15
2.140095 1.495399e-15
2.14071 1.488648e-15
2.141325 1.487307e-15
2.141945 1.482597e-15
2.142565 1.48522e-15
2.143185 1.484533e-15
2.143805 1.481008e-15
2.14442 1.494196e-15
2.145035 1.487602e-15
2.145655 1.479679e-15
2.146275 1.478974e-15
2.146895 1.480023e-15
2.147515 1.488007e-15
2.14813 1.492412e-15
2.148745 1.476191e-15
2.149365 1.463328e-15
2.149985 1.467593e-15
2.150605 1.467516e-15
2.151225 1.459704e-15
2.151835 1.454979e-15
2.152455 1.47399e-15
2.153075 1.48572e-15
2.153695 1.482285e-15
2.154315 1.486244e-15
2.154935 1.490517e-15
2.155545 1.485664e-15
2.156165 1.485995e-15
2.156785 1.488143e-15
2.157405 1.483712e-15
2.158025 1.483633e-15
2.15864 1.495975e-15
2.159255 1.497303e-15
2.159875 1.484774e-15
2.160495 1.483395e-15
2.161115 1.486214e-15
2.161735 1.480291e-15
2.16235 1.476767e-15
2.162965 1.47382e-15
2.163585 1.475845e-15
2.164205 1.488189e-15
2.164825 1.501978e-15
2.165445 1.497664e-15
2.166055 1.492378e-15
2.166675 1.484306e-15
2.167295 1.477077e-15
2.167915 1.472771e-15
2.168535 1.465069e-15
2.169155 1.451911e-15
2.169765 1.453061e-15
2.170385 1.476312e-15
2.171005 1.486115e-15
2.171625 1.476305e-15
2.172245 1.469806e-15
2.172865 1.462472e-15
2.173475 1.461362e-15
2.174095 1.462873e-15
2.174715 1.468424e-15
2.175335 1.467365e-15
2.175955 1.467669e-15
2.17657 1.472066e-15
2.177185 1.464878e-15
2.177805 1.457754e-15
2.178425 1.461371e-15
2.179045 1.47004e-15
2.179665 1.456469e-15
2.18028 1.444382e-15
2.180895 1.452031e-15
2.181515 1.445504e-15
2.182135 1.451248e-15
2.182755 1.460784e-15
2.183375 1.457246e-15
2.183985 1.465366e-15
2.184605 1.50719e-15
2.185225 1.558666e-15
2.185845 1.592147e-15
2.186465 1.604734e-15
2.187085 1.57557e-15
2.187695 1.524519e-15
2.188315 1.493266e-15
2.188935 1.48685e-15
2.189555 1.471935e-15
2.190175 1.470889e-15
2.19079 1.472735e-15
2.191405 1.470895e-15
2.192025 1.472284e-15
2.192645 1.476849e-15
2.193265 1.476035e-15
2.193885 1.456963e-15
2.1945 1.464417e-15
2.195115 1.484229e-15
2.195735 1.483119e-15
2.196355 1.476785e-15
2.196975 1.4711e-15
2.197595 1.465604e-15
2.19821 1.451994e-15
2.198825 1.448391e-15
2.199445 1.453523e-15
2.200065 1.447456e-15
2.200685 1.457141e-15
2.201305 1.461056e-15
2.201915 1.468924e-15
2.202535 1.468775e-15
2.203155 1.459248e-15
2.203775 1.461572e-15
2.204395 1.456937e-15
2.205015 1.455903e-15
2.205625 1.467167e-15
2.206245 1.474347e-15
2.206865 1.483556e-15
2.207485 1.478964e-15
2.208105 1.482854e-15
2.20872 1.48308e-15
2.209335 1.473747e-15
2.209955 1.470076e-15
2.210575 1.462175e-15
2.211195 1.462885e-15
2.211815 1.47443e-15
2.21243 1.485228e-15
2.213045 1.482073e-15
2.213665 1.485297e-15
2.214285 1.488648e-15
2.214905 1.48136e-15
2.215525 1.480194e-15
2.216135 1.479936e-15
2.216755 1.487092e-15
2.217375 1.50085e-15
2.217995 1.508702e-15
2.218615 1.508074e-15
2.219235 1.511444e-15
2.219845 1.512332e-15
2.220465 1.511209e-15
2.221085 1.517891e-15
2.221705 1.511369e-15
2.222325 1.515381e-15
2.22294 1.521815e-15
2.223555 1.514274e-15
2.224175 1.507938e-15
2.224795 1.510596e-15
2.225415 1.508954e-15
2.226035 1.512398e-15
2.22665 1.516633e-15
2.227265 1.523156e-15
2.227885 1.530047e-15
2.228505 1.533689e-15
2.229125 1.546097e-15
2.229745 1.543138e-15
2.23036 1.543376e-15
2.230975 1.546281e-15
2.231595 1.553816e-15
2.232215 1.553326e-15
2.232835 1.555348e-15
2.233455 1.545602e-15
2.234065 1.532025e-15
2.234685 1.518661e-15
2.235305 1.51064e-15
2.235925 1.518202e-15
2.236545 1.521292e-15
2.237165 1.517508e-15
2.237775 1.515104e-15
2.238395 1.521131e-15
2.239015 1.51244e-15
2.239635 1.50527e-15
2.240255 1.501739e-15
2.24087 1.497901e-15
2.241485 1.500985e-15
2.242105 1.504195e-15
2.242725 1.495549e-15
2.243345 1.489564e-15
2.243965 1.479094e-15
2.24458 1.469216e-15
2.245195 1.474826e-15
2.245815 1.484424e-15
2.246435 1.490799e-15
2.247055 1.482998e-15
2.247675 1.473456e-15
2.248285 1.473069e-15
2.248905 1.476654e-15
2.249525 1.480341e-15
2.250145 1.479263e-15
2.250765 1.478844e-15
2.251385 1.470988e-15
2.251995 1.464232e-15
2.252615 1.463962e-15
2.253235 1.458158e-15
2.253855 1.460461e-15
2.254475 1.454888e-15
2.255095 1.455543e-15
2.255705 1.458034e-15
2.256325 1.458516e-15
2.256945 1.460308e-15
2.257565 1.456865e-15
2.258185 1.460164e-15
2.2588 1.455751e-15
2.259415 1.448668e-15
2.260035 1.454128e-15
2.260655 1.46036e-15
2.261275 1.461134e-15
2.261895 1.445867e-15
2.26251 1.436862e-15
2.263125 1.450004e-15
2.263745 1.456261e-15
2.264365 1.455308e-15
2.264985 1.45829e-15
2.265605 1.447769e-15
2.266215 1.449787e-15
2.266835 1.453505e-15
2.267455 1.442937e-15
2.268075 1.437305e-15
2.268695 1.426557e-15
2.269315 1.422129e-15
2.269925 1.437306e-15
2.270545 1.44123e-15
2.271165 1.438193e-15
2.271785 1.425082e-15
2.272405 1.412801e-15
2.27302 1.412337e-15
2.273635 1.415293e-15
2.274255 1.42076e-15
2.274875 1.429622e-15
2.275495 1.41458e-15
2.276115 1.410691e-15
2.27673 1.431195e-15
2.277345 1.434961e-15
2.277965 1.441183e-15
2.278585 1.445614e-15
2.279205 1.452026e-15
2.279825 1.449423e-15
2.28044 1.449978e-15
2.281055 1.451145e-15
2.281675 1.442877e-15
2.282295 1.450138e-15
2.282915 1.449881e-15
2.283535 1.444362e-15
2.284145 1.43328e-15
2.284765 1.433048e-15
2.285385 1.438537e-15
2.286005 1.435375e-15
2.286625 1.439951e-15
2.287245 1.445652e-15
2.287855 1.442094e-15
2.288475 1.440307e-15
2.289095 1.454457e-15
2.289715 1.456519e-15
2.290335 1.444939e-15
2.29095 1.461003e-15
2.291565 1.474633e-15
2.292185 1.46108e-15
2.292805 1.447275e-15
2.293425 1.429616e-15
2.294045 1.414431e-15
2.29466 1.418276e-15
2.295275 1.41336e-15
2.295895 1.408135e-15
2.296515 1.409633e-15
2.297135 1.419799e-15
2.297755 1.422113e-15
2.298365 1.419345e-15
2.298985 1.411129e-15
2.299605 1.411031e-15
2.300225 1.417615e-15
2.300845 1.411332e-15
2.301465 1.425741e-15
2.302075 1.429505e-15
2.302695 1.425338e-15
2.303315 1.418682e-15
2.303935 1.421566e-15
2.304555 1.412258e-15
2.30517 1.408012e-15
2.305785 1.414168e-15
2.306405 1.419708e-15
2.307025 1.42097e-15
2.307645 1.420652e-15
2.308265 1.409294e-15
2.30888 1.411494e-15
2.309495 1.42462e-15
2.310115 1.43318e-15
2.310735 1.431368e-15
2.311355 1.422821e-15
2.311975 1.419005e-15
2.31259 1.425642e-15
2.313205 1.438966e-15
2.313825 1.441319e-15
2.314445 1.445317e-15
2.315065 1.441591e-15
2.315685 1.440553e-15
2.316295 1.430202e-15
2.316915 1.404207e-15
2.317535 1.387061e-15
2.318155 1.389997e-15
2.318775 1.402756e-15
2.319395 1.409555e-15
2.320005 1.395658e-15
2.320625 1.401804e-15
2.321245 1.413039e-15
2.321865 1.407318e-15
2.322485 1.401074e-15
2.3231 1.404119e-15
2.323715 1.406666e-15
2.324335 1.419493e-15
2.324955 1.423774e-15
2.325575 1.421073e-15
2.326195 1.425199e-15
2.32681 1.412433e-15
2.327425 1.415249e-15
2.328045 1.4259e-15
2.328665 1.429735e-15
2.329285 1.418825e-15
2.329905 1.405264e-15
2.330515 1.402833e-15
2.331135 1.401237e-15
2.331755 1.397608e-15
2.332375 1.401626e-15
2.332995 1.39655e-15
2.333615 1.397859e-15
2.334225 1.390237e-15
2.334845 1.389608e-15
2.335465 1.384818e-15
2.336085 1.399334e-15
2.336705 1.408625e-15
2.337325 1.40009e-15
2.337935 1.41088e-15
2.338555 1.412635e-15
2.339175 1.411815e-15
2.339795 1.406077e-15
2.340415 1.38712e-15
2.34103 1.395191e-15
2.341645 1.394032e-15
2.342265 1.388866e-15
2.342885 1.410822e-15
2.343505 1.404919e-15
2.344125 1.394183e-15
2.34474 1.412252e-15
2.37 1.399606e-15
2.39 1.389383e-15
2.41 1.379063e-15
2.43 1.368652e-15
2.45 1.358159e-15
2.47 1.347592e-15
2.49 1.336957e-15
2.51 1.326263e-15
2.53 1.315516e-15
2.5504 1.35091e-15
2.55978 1.283469e-15
2.56916 1.254384e-15
2.57854 1.240494e-15
2.58793 1.264232e-15
2.59733 1.260721e-15
2.60673 1.265358e-15
2.61613 1.269996e-15
2.62554 1.284186e-15
2.63496 1.266971e-15
2.64438 1.247069e-15
2.6538 1.249794e-15
2.66323 1.26497e-15
2.67267 1.263802e-15
2.68211 1.265712e-15
2.69155 1.261839e-15
2.701 1.266729e-15
2.71045 1.262136e-15
2.71991 1.236855e-15
2.72937 1.223079e-15
2.73884 1.214815e-15
2.74831 1.219286e-15
2.75779 1.198257e-15
2.76727 1.190805e-15
2.77675 1.201005e-15
2.78624 1.174374e-15
2.79573 1.162838e-15
2.80522 1.173883e-15
2.81472 1.188697e-15
2.82423 1.188032e-15
2.83373 1.173679e-15
2.84325 1.173781e-15
2.85276 1.188174e-15
2.86228 1.189237e-15
2.8718 1.196508e-15
2.88133 1.180533e-15
2.89086 1.159953e-15
2.90039 1.147223e-15
2.90993 1.124476e-15
2.91946 1.110694e-15
2.92901 1.108884e-15
2.93855 1.102916e-15
2.9481 1.112454e-15
2.95766 1.123479e-15
2.96721 1.126993e-15
2.97677 1.130825e-15
2.98633 1.129645e-15
2.9959 1.124045e-15
3.00547 1.118586e-15
3.01504 1.115179e-15
3.02461 1.105724e-15
3.03419 1.100755e-15
3.04377 1.067752e-15
3.05335 1.069228e-15
3.06294 1.063309e-15
3.07253 1.06843e-15
3.08212 1.068295e-15
3.09171 1.063281e-15
3.10131 1.064866e-15
3.11091 1.04673e-15
3.12051 1.049209e-15
3.13011 1.04152e-15
3.13972 1.041617e-15
3.14933 1.043939e-15
3.15894 1.052972e-15
3.16855 1.039243e-15
3.17817 1.02878e-15
3.18779 1.015767e-15
3.19741 9.88007e-16
3.20703 9.782034e-16
3.21666 1.002249e-15
3.22628 1.016122e-15
3.23591 1.010921e-15
3.24555 1.021533e-15
3.25518 1.022504e-15
3.26482 1.006984e-15
3.27445 1.00981e-15
3.28409 9.946794e-16
3.29373 1.002313e-15
3.30338 1.006843e-15
3.31302 1.029273e-15
3.32267 1.027159e-15
3.33232 1.029625e-15
3.34197 1.039003e-15
3.35162 1.02462e-15
3.36128 1.009895e-15
3.37093 1.003693e-15
3.38059 1.004641e-15
3.39025 1.021932e-15
3.39991 1.010577e-15
3.40957 9.965693e-16
3.41924 9.9135e-16
3.42891 9.971639e-16
3.43857 9.996058e-16
3.44824 9.906053e-16
3.45791 9.984696e-16
3.46758 1.002308e-15
3.47726 1.020678e-15
3.48693 1.01957e-15
3.49661 1.016555e-15
3.50629 9.941133e-16
3.51597 9.952847e-16
3.52565 9.846564e-16
3.53533 1.001319e-15
3.54501 1.001541e-15
3.55469 9.928858e-16
3.56438 9.818973e-16
3.57407 9.743538e-16
3.58375 9.599066e-16
3.59344 9.686786e-16
3.60313 9.740327e-16
3.61283 9.744034e-16
3.62252 9.727118e-16
3.63221 9.708856e-16
3.64191 9.673155e-16
3.6516 9.616901e-16
3.6613 9.579277e-16
3.671 9.628463e-16
3.6807 9.494769e-16
3.69039 9.513724e-16
3.7001 9.294285e-16
3.7098 9.265612e-16
3.7195 9.233522e-16
3.7292 9.259518e-16
3.73891 9.122436e-16
3.74861 9.144635e-16
3.75832 9.083952e-16
3.76803 9.12392e-16
3.77773 9.101617e-16
3.78744 9.066589e-16
3.79715 9.008008e-16
3.80686 9.188634e-16
3.81657 8.9614e-16
3.82628 9.005255e-16
3.836 9.349124e-16
3.84571 9.303753e-16
3.85542 9.103066e-16
3.86514 8.94894e-16
3.87485 8.830803e-16
3.88457 8.826757e-16
3.89429 8.740729e-16
3.904 8.735471e-16
3.91372 8.681765e-16
3.92344 8.820552e-16
3.93316 8.901588e-16
3.94288 8.988662e-16
3.9526 9.004517e-16
3.96232 8.626294e-16
3.97204 8.593247e-16
3.98176 8.604055e-16
3.99148 8.770546e-16
4.00121 8.817785e-16
4.01093 8.764391e-16
4.02065 8.723863e-16
4.03038 8.752044e-16
4.0401 8.729033e-16
4.04983 8.642533e-16
4.05955 8.560817e-16
4.06928 8.422317e-16
4.079 8.379095e-16
4.08873 8.226843e-16
4.09846 8.137788e-16
4.10818 8.141565e-16
4.11791 8.168364e-16
4.12764 8.103107e-16
4.13737 8.241961e-16
4.14709 8.391303e-16
4.15682 8.410668e-16
4.16655 8.327617e-16
4.17628 8.191936e-16
4.18601 8.154821e-16
4.19574 8.105188e-16
4.20547 8.079505e-16
4.2152 8.050424e-16
4.22493 7.835498e-16
4.23466 7.887878e-16
4.24439 7.939716e-16
4.25412 8.090467e-16
4.26385 8.147928e-16
4.27358 8.144434e-16
4.28331 8.087074e-16
4.29305 7.957219e-16
4.30278 7.875185e-16
4.31251 7.87849e-16
4.32224 7.767474e-16
4.33197 7.792949e-16
4.3417 7.766983e-16
4.35144 7.810008e-16
4.36117 7.858821e-16
4.3709 7.81492e-16
4.38063 7.837856e-16
4.39036 7.730125e-16
4.40009 7.715488e-16
4.40983 7.625502e-16
4.41956 7.55779e-16
4.42929 7.63973e-16
4.43902 7.475556e-16
4.44875 7.492998e-16
4.45848 7.460694e-16
4.46822 7.370087e-16
4.47795 7.25214e-16
4.48768 7.254882e-16
4.49741 7.381588e-16
4.50714 7.453421e-16
4.51687 7.324622e-16
4.5266 7.240823e-16
4.53633 7.139803e-16
4.54606 7.218398e-16
4.55579 7.29448e-16
4.56552 7.260187e-16
4.57525 7.241235e-16
4.58498 7.266572e-16
4.59471 7.218103e-16
4.60444 7.175296e-16
4.61417 7.146324e-16
4.6239 7.107664e-16
4.63362 7.074114e-16
4.64335 7.019498e-16
4.65308 7.226177e-16
4.66281 7.007503e-16
4.67253 7.243055e-16
4.68226 7.205755e-16
4.69198 7.119151e-16
4.70171 7.284735e-16
4.71144 6.960604e-16
4.72116 7.087891e-16
4.73088 7.211976e-16
4.74061 7.200555e-16
4.75033 7.162477e-16
4.76005 7.102855e-16
4.76978 7.215286e-16
4.7795 7.212521e-16
4.78922 7.322143e-16
4.79894 7.403444e-16
4.80866 7.367463e-16
4.81838 7.349315e-16
4.8281 6.972754e-16
4.83782 6.995935e-16
4.84753 6.986344e-16
4.85725 6.97657e-16
4.86697 7.06849e-16
4.87668 7.054003e-16
4.8864 6.84951e-16
4.89611 6.669635e-16
5.0 6.626982e-16
5.1 6.477716e-16
5.2 6.336371e-16
5.3 6.202371e-16
5.4 6.075192e-16
5.51967 5.980397e-16
5.54991 5.840182e-16
5.58015 5.887441e-16
5.61039 5.943812e-16
5.64063 5.849595e-16
5.67088 5.673683e-16
5.70112 5.49584e-16
5.73136 5.56838e-16
5.7616 5.677499e-16
5.79184 5.609781e-16
5.82209 5.338733e-16
5.85233 5.360037e-16
5.88257 5.420044e-16
5.91281 5.459546e-16
5.94305 5.452538e-16
5.9733 5.312626e-16
6.00354 5.26465e-16
6.03378 5.196105e-16
6.06402 5.189867e-16
6.09426 5.207365e-16
6.12451 5.303046e-16
6.15475 5.216556e-16
6.18499 5.205292e-16
6.21523 5.213706e-16
6.24547 5.2521e-16
6.27572 5.282881e-16
6.30596 5.351839e-16
6.3362 5.226389e-16
6.36644 5.340676e-16
6.39668 5.302368e-16
6.42693 5.265948e-16
6.45717 5.115308e-16
6.48741 5.082317e-16
6.51765 4.896082e-16
6.54789 4.967577e-16
6.57814 4.864697e-16
6.60838 4.867384e-16
6.63862 4.926327e-16
6.66886 4.751169e-16
6.6991 4.904465e-16
6.72935 4.823152e-16
6.75959 4.782519e-16
6.78983 4.780644e-16
6.82007 4.69795e-16
6.85031 4.732294e-16
6.88056 4.670078e-16
6.9108 4.604451e-16
6.94104 4.554261e-16
6.97128 4.497566e-16
7.00152 4.524208e-16
7.03177 4.575935e-16
7.06201 4.375126e-16
7.09225 4.638607e-16
7.12249 4.744265e-16
7.15273 4.739546e-16
7.18298 4.908667e-16
7.21322 4.825252e-16
7.24346 4.534045e-16
7.2737 4.567306e-16
7.30394 4.554909e-16
7.33419 4.575782e-16
7.36443 4.513908e-16
7.39467 4.429959e-16
7.42491 4.139788e-16
7.45515 4.387384e-16
7.4854 4.482983e-16
7.51564 4.450434e-16
7.57612 4.406306e-16
7.6366 4.463444e-16
7.69709 4.568536e-16
7.75757 4.521165e-16
7.81805 4.573701e-16
7.87854 4.674706e-16
7.93902 4.466905e-16
7.99951 4.43272e-16
8.05999 4.375932e-16
8.12047 4.307173e-16
8.180959 4.221181e-16
8.24144 4.191104e-16
8.30192 4.132962e-16
8.362409 4.010016e-16
8.42289 3.995839e-16
8.48337 3.717092e-16
8.54386 3.93632e-16
8.60434 3.879728e-16
8.66483 3.804968e-16
8.72531 3.821826e-16
8.785791 3.838718e-16
8.84628 3.886823e-16
8.90676 3.728685e-16
8.967241 3.751269e-16
9.02773 3.611855e-16
9.08821 3.597761e-16
9.14869 3.622005e-16
9.20918 3.547999e-16
9.26966 3.621386e-16
9.33015 3.544698e-16
9.39063 3.539575e-16
9.45111 3.520944e-16
9.511599 3.503762e-16
9.57208 3.518447e-16
9.63256 3.540825e-16
9.69305 3.537936e-16
9.75353 3.509333e-16
9.814009 3.475281e-16
9.8745 3.484622e-16
9.93498 3.621976e-16
9.99547 3.606634e-16
10.05595 3.530288e-16
10.11643 3.479973e-16
10.17692 3.413564e-16
10.2374 3.470855e-16
10.29788 3.467785e-16
10.35837 3.470062e-16
10.41885 3.472294e-16
10.47933 3.444187e-16
10.53982 3.426209e-16
10.6003 3.395472e-16
10.660791 3.37046e-16
10.72127 3.406139e-16
10.78175 3.565796e-16
10.842241 3.656775e-16
10.90272 3.471799e-16
10.9632 3.427359e-16
11.02369 3.436713e-16
11.08417 3.34841e-16
11.144651 3.34803e-16
11.20514 3.30936e-16
11.26562 3.324205e-16
11.32611 3.343932e-16
11.38659 3.310436e-16
11.44707 3.351227e-16
11.50756 3.559204e-16
11.56804 3.727129e-16
11.62852 3.691896e-16
11.689009 3.558139e-16
11.74949 3.384804e-16
11.80997 3.367668e-16
11.870459 3.305014e-16
11.93094 3.277726e-16
11.99143 3.136894e-16
12.05191 3.122591e-16
12.11239 3.177465e-16
12.17288 3.116857e-16
12.23336 3.086033e-16
12.293841 3.072904e-16
12.35433 3.075364e-16
12.41481 3.058492e-16
12.475291 3.046115e-16
12.53578 3.023809e-16
12.59626 2.99803e-16
12.65675 3.008399e-16
12.71723 2.971303e-16
12.77771 2.99175e-16
12.8382 2.981234e-16
12.89868 2.961384e-16
12.95916 2.935026e-16
13.019651 2.908814e-16
13.08013 2.969335e-16
13.140609 3.20833e-16
13.2011 3.389137e-16
13.26158 3.138186e-16
13.322059 2.838725e-16
13.38255 2.763604e-16
13.44303 2.765588e-16
13.50352 2.782438e-16
13.564 2.746614e-16
13.62448 2.768826e-16
13.68497 2.745347e-16
13.74545 2.742397e-16
13.80593 2.746504e-16
13.86642 2.759309e-16
13.9269 2.735084e-16
13.98738 2.725013e-16
14.06935 2.899606e-16
14.15403 2.755933e-16
14.238711 2.82249e-16
14.323381 2.846239e-16
14.408059 2.878515e-16
14.492739 2.889856e-16
14.577409 2.854293e-16
14.662091 2.920253e-16
14.74677 3.020892e-16
14.83145 2.906655e-16
14.91612 2.778127e-16
15.0008 2.808179e-16
15.08548 2.802218e-16
15.17015 2.773852e-16
15.25483 2.791677e-16
15.339509 2.792369e-16
15.42418 2.767523e-16
15.508859 2.773838e-16
15.593541 2.765673e-16
15.678211 2.755087e-16
15.762891 2.777183e-16
15.84757 2.780361e-16
15.932239 2.849335e-16
16.01692 3.343322e-16
16.1016 2.923714e-16
16.18628 2.740484e-16
16.27095 2.62076e-16
16.355631 2.68953e-16
16.440309 2.713226e-16
16.524981 2.720151e-16
16.609659 2.716665e-16
16.694339 2.712705e-16
16.779011 2.715976e-16
16.863689 2.743816e-16
16.94837 2.779945e-16
17.033039 2.79892e-16
17.11772 2.734869e-16
17.2024 2.654886e-16
17.287069 2.662764e-16
17.37175 2.690931e-16
17.45643 2.745356e-16
17.541109 2.855397e-16
17.62578 2.767028e-16
17.710461 2.660828e-16
17.795139 2.615679e-16
17.879811 2.607605e-16
17.964491 2.592482e-16
18.04917 2.555854e-16
18.133841 2.510215e-16
18.218519 2.492047e-16
18.3032 2.47432e-16
18.38787 2.496737e-16
18.47255 2.476614e-16
18.55723 2.43331e-16
18.641898 2.397315e-16
18.72658 2.410295e-16
18.811261 2.407175e-16
18.895941 2.356437e-16
18.980609 2.316871e-16
19.065291 2.247087e-16
19.149969 2.314987e-16
19.234641 2.453738e-16
19.31932 2.566959e-16
19.404 2.245333e-16
19.48867 2.245281e-16
19.573352 2.188462e-16
19.65803 2.154577e-16
19.7427 2.156331e-16
19.82738 2.1654e-16
19.912059 2.211634e-16
19.996731 2.158072e-16
20.081409 2.18612e-16
20.166091 2.096024e-16
20.25077 2.140306e-16
20.335439 2.118709e-16
20.42012 2.103625e-16
20.504802 2.033053e-16
20.58947 2.033358e-16
20.75883 2.018403e-16
20.928181 2.036749e-16
21.09753 1.95357e-16
21.266889 1.938385e-16
21.436239 1.867071e-16
21.6056 1.875739e-16
21.77495 1.846384e-16
21.9443 1.835509e-16
22.113661 1.82167e-16
22.283011 1.808106e-16
22.452359 1.774165e-16
22.621719 1.76432e-16
22.79107 1.756929e-16
22.96043 1.720138e-16
23.12978 1.668002e-16
23.29913 1.669623e-16
23.468491 1.699348e-16
23.637841 1.65988e-16
23.807191 1.629196e-16
23.976548 1.625574e-16
24.1459 1.588993e-16
24.315259 1.567676e-16
24.484609 1.545831e-16
24.653959 1.546857e-16
24.82332 1.548285e-16
24.99267 1.537172e-16
25.16202 1.546045e-16
25.331381 1.504428e-16
25.500731 1.453572e-16
25.670089 1.424482e-16
25.839439 1.383248e-16
26.008789 1.390123e-16
26.17815 1.392035e-16
26.3475 1.335219e-16
26.51685 1.418836e-16
26.686209 1.556702e-16
26.855559 1.457955e-16
27.024919 1.319418e-16
27.194269 1.274208e-16
27.363622 1.263708e-16
27.532981 1.249832e-16
27.702328 1.238334e-16
27.871678 1.232612e-16
28.041041 1.205089e-16
28.210391 1.21042e-16
28.37975 1.179977e-16
28.5491 1.165529e-16
28.71845 1.161706e-16
28.887809 1.15905e-16
29.057159 1.161418e-16
29.226509 1.140929e-16
29.395869 1.14107e-16
29.565219 1.134853e-16
29.734578 1.12284e-16
29.903931 1.104633e-16
30.073281 1.092811e-16
30.242641 1.087189e-16
30.411991 1.087648e-16
30.581341 1.057994e-16
30.7507 1.045935e-16
30.92005 1.044049e-16
31.089409 1.031344e-16
31.258759 1.014488e-16
31.428109 1.023644e-16
31.597469 1.015981e-16
31.766822 1.011935e-16
31.936172 1.010238e-16
32.105531 9.726908000000001e-17
32.274878 9.766944000000001e-17
32.444241 9.909813000000001e-17
32.613591 9.749732000000001e-17
32.782941 9.655676000000001e-17
32.9523 9.39617e-17
33.12165 9.426318000000001e-17
33.291 9.615926e-17
33.460363 9.750408000000001e-17
33.629713 9.823698000000001e-17
33.799069 9.759622000000001e-17
33.968419 9.660348000000001e-17
34.137772 9.643893e-17
34.307128 9.613287000000001e-17
34.476478 1.015665e-16
34.645828 1.007454e-16
34.815191 9.834607e-17
34.984538 9.486598000000001e-17
36.0 8.515311000000001e-17
37.0 8.210086000000001e-17
38.0 7.929178e-17
39.0 7.670188e-17
40.0 7.431011000000001e-17
41.0 7.209797000000001e-17
42.0 7.004909e-17
43.0 6.814899e-17
44.0 6.63848e-17
45.0 6.474505000000001e-17
46.0 6.321951000000001e-17
47.0 6.179902e-17
48.0 6.047535000000001e-17
49.0 5.92411e-17
50.0 5.808960000000001e-17
51.0 5.701485e-17
52.0 5.601138000000001e-17
53.0 5.5074250000000006e-17
54.0 5.419899000000001e-17
55.0 5.3381510000000003e-17
56.0 5.2618090000000004e-17
57.0 5.1905330000000005e-17
58.0 5.124013e-17
59.0 5.0619650000000005e-17
60.557631 4.813395e-17
61.163206 4.828265e-17
61.774838 4.840715e-17
62.392588 4.850752e-17
63.016519 4.858385e-17
63.646681 4.8636300000000007e-17
64.283144 4.8665030000000005e-17
64.925975 4.8670270000000004e-17
65.575238 4.865225000000001e-17
66.230987 4.861124e-17
66.8933 4.8547540000000007e-17
67.562231 4.846148e-17
68.23785 4.8353390000000005e-17
68.920225 4.822367e-17
69.609431 4.807271e-17
70.305519 4.790094e-17
71.008575 4.7708780000000007e-17
71.718656 4.7496700000000004e-17
72.435838 4.726517e-17
73.1602 4.7014690000000005e-17
73.8918 4.674576000000001e-17
74.630719 4.6458920000000004e-17
75.377031 4.6154680000000003e-17
76.130794 4.5833580000000006e-17
76.8921 4.5496170000000005e-17
77.661025 4.514303e-17
78.437631 4.4774690000000004e-17
79.222006 4.4391750000000004e-17
80.014231 4.3994770000000005e-17
80.814375 4.358432e-17
81.622512 4.316099e-17
82.438738 4.2725360000000003e-17
83.263125 4.227801e-17
84.095756 4.1819500000000005e-17
84.936712 4.1350430000000005e-17
85.786081 4.087135e-17
86.643938 4.0382860000000005e-17
87.510381 3.98855e-17
88.385481 3.937985e-17
89.269338 3.8866460000000006e-17
90.162031 3.8345880000000005e-17
91.06365 3.781865e-17
91.974288 3.728532e-17
92.894025 3.6746410000000005e-17
93.822969 3.6202450000000004e-17
94.7612 3.565395e-17
95.708813 3.510142e-17
96.6659 3.454535e-17
97.632563 3.3986230000000006e-17
98.608888 3.3424540000000005e-17
99.594975 3.2860760000000004e-17
100.590919 3.229534e-17
101.596831 3.172873e-17
102.6128 3.1161370000000004e-17
103.638931 3.05937e-17
104.675319 3.002612e-17
105.722075 2.9459060000000005e-17
106.779288 2.88929e-17
107.847088 2.8328040000000004e-17
108.92555 2.776485e-17
110.014813 2.720369e-17
111.11495 2.6644930000000003e-17
112.2261 2.6088890000000002e-17
113.348363 2.5535920000000002e-17
114.48185 2.4986340000000003e-17
115.626663 2.4440440000000003e-17
116.782938 2.3898540000000002e-17
117.950763 2.336091e-17
119.130263 2.2827830000000002e-17
120.321562 2.2299560000000002e-17
121.524788 2.1776360000000002e-17
122.740037 2.125845e-17
123.967425 2.074608e-17
125.207113 2.023945e-17
126.459188 1.9738760000000003e-17
127.723775 1.924422e-17
129.001013 1.8756010000000002e-17
130.291025 1.827429e-17
131.593925 1.7799220000000003e-17
132.909875 1.733095e-17
134.238975 1.6869610000000003e-17
135.581363 1.641534e-17
136.937175 1.596824e-17
138.30655 1.5528410000000003e-17
139.689625 1.509596e-17
141.086525 1.4670960000000003e-17
142.497388 1.4253480000000003e-17
143.92235 1.3843600000000001e-17
145.361588 1.3441350000000001e-17
146.8152 1.3046780000000001e-17
148.283363 1.2659920000000001e-17
149.7662 1.2280800000000002e-17
151.263875 1.1909440000000001e-17
152.776512 1.1545830000000001e-17
154.304275 1.118998e-17
155.847313 1.0841870000000002e-17
157.405788 1.0501490000000001e-17
158.979838 1.016881e-17
160.569625 9.8438e-18
162.175338 9.526413e-18
163.797088 9.216605e-18
165.43505 8.914326e-18
167.0894 8.619511e-18
168.760288 8.332098e-18
170.447888 8.052014000000001e-18
172.152375 7.779185e-18
173.8739 7.513528e-18
175.612625 7.254959e-18
177.36875 7.003388e-18
179.14245 6.75872e-18
180.933875 6.520857e-18
182.743212 6.289701e-18
184.570638 6.065148e-18
186.41635 5.84709e-18
188.280513 5.635416e-18
190.163313 5.430018e-18
192.064938 5.230781e-18
193.985588 5.037589e-18
195.92545 4.8503250000000004e-18
197.8847 4.668871e-18
199.863538 4.49311e-18
201.862175 4.32292e-18
203.8808 4.158181e-18
205.919612 3.998771e-18
207.978813 3.844571e-18
210.0586 3.695459e-18
212.159175 3.551313e-18
214.280775 3.412014e-18
216.4236 3.27744e-18
218.587825 3.147473e-18
220.7737 3.021994e-18
222.98145 2.9008840000000002e-18
225.21125 2.784027e-18
227.463375 2.6713070000000002e-18
229.738 2.56261e-18
232.0354 2.457824e-18
234.35575 2.356835e-18
236.699325 2.259535e-18
239.066325 2.165815e-18
241.456975 2.075568e-18
243.87155 1.98869e-18
246.31025 1.905077e-18
248.773375 1.8246270000000002e-18
251.2611 1.747242e-18
253.773725 1.672825e-18
256.311475 1.601279e-18
258.874575 1.532513e-18
261.46335 1.466432e-18
264.077975 1.4029500000000001e-18
266.718725 1.3419790000000001e-18
269.385925 1.283432e-18
272.079775 1.2272280000000001e-18
274.800575 1.173285e-18
277.5486 1.1215230000000001e-18
280.324075 1.071867e-18
283.127325 1.024241e-18
285.9586 9.785719e-19
288.8182 9.347892999999999e-19
291.706375 8.928245e-19
294.62345 8.526099999999999e-19
297.5697 8.140813999999999e-19
300.5454 7.771754999999999e-19
303.55085 7.418310999999999e-19
306.58635 7.079890999999999e-19
309.6522 6.7559199999999995e-19
312.74875 6.445838999999999e-19
315.87625 6.149111e-19
319.035 5.865218999999999e-19
322.22535 5.593653999999999e-19
325.447625 5.333928999999999e-19
328.7021 5.085576999999999e-19
331.9891 4.848139999999999e-19
335.309025 4.6211779999999995e-19
338.6621 4.404267999999999e-19
342.0487 4.197002e-19
345.4692 3.9989799999999995e-19
348.923875 3.8098269999999997e-19
352.4131 3.6291719999999995e-19
355.937225 3.4566629999999994e-19
359.4966 3.2919579999999997e-19
363.09155 3.1347289999999997e-19
366.722475 2.9846609999999996e-19
370.3897 2.8414489999999995e-19
374.0936 2.704801e-19
377.83455 2.574434e-19
381.6129 2.4500809999999997e-19
385.429 2.3314789999999997e-19
389.2833 2.218379e-19
393.176125 2.1105419999999998e-19
397.107875 2.0077349999999998e-19
401.07895 1.90974e-19
405.08975 1.8163409999999998e-19
409.14065 1.7273359999999998e-19
413.232075 1.64253e-19
417.364375 1.561735e-19
421.538 1.4847709999999998e-19
425.7534 1.411465e-19
430.01095 1.3416519999999998e-19
434.31105 1.275174e-19
438.65415 1.2118789999999998e-19
443.0407 1.151622e-19
447.4711 1.0942639999999998e-19
451.9458 1.039671e-19
456.46525 9.877168999999999e-20
461.0299 9.382789e-20
465.6402 8.912402999999999e-20
470.29665 8.464895e-20
474.9996 8.039201e-20
479.7496 7.634297e-20
484.5471 7.249212e-20
489.3926 6.883006999999999e-20
494.28655 6.534799e-20
499.2294 6.203732e-20
504.2217 5.888995e-20
509.26395 5.589809e-20
514.3566 5.305436e-20
519.50015 5.035167e-20
524.69515 4.778327e-20
529.9421 4.5342679999999996e-20
535.2415 4.302378e-20
540.59395 4.082068e-20
545.99985 3.8727779999999996e-20
551.45985 3.673975e-20
556.97445 3.4851489999999996e-20
562.54415 3.3058149999999996e-20
568.1696 3.135509e-20
573.8513 2.973788e-20
579.5898 2.8202339999999997e-20
585.3857 2.6744459999999998e-20
591.23955 2.536042e-20
597.15195 2.4046579999999998e-20
603.12345 2.2799459999999998e-20
609.1547 2.1615769999999998e-20
615.24625 2.0492359999999998e-20
621.3987 1.942626e-20
627.61265 1.841459e-20
633.88875 1.745466e-20
640.22765 1.654387e-20
646.6299 1.567978e-20
653.0962 1.486004e-20
659.62715 1.408243e-20
666.2234 1.3344819999999999e-20
672.8856 1.264522e-20
679.6145 1.19817e-20
686.41065 1.135243e-20
693.2747 1.0755699999999999e-20
700.2075 1.0189849999999999e-20
707.2096 9.653311e-21
714.2817 9.144604e-21
721.42455 8.662307e-21
728.6388 8.205078e-21
735.92515 7.77164e-21
743.2844 7.360775e-21
750.71725 6.971331e-21
758.2244 6.60221e-21
765.80665 6.252371e-21
773.46475 5.920822e-21
781.19935 5.606626e-21
789.01135 5.30889e-21
796.90145 5.026764e-21
804.8705 4.759444e-21
812.91925 4.506165e-21
821.0484 4.266202e-21
829.2589 4.038867e-21
837.5515 3.823502e-21
845.927 3.619489e-21
854.3862 3.426238e-21
862.9301 3.24319e-21
871.5594 3.069812e-21
880.275 2.905602e-21
889.0777 2.7500829999999998e-21
897.9685 2.602799e-21
906.9482 2.4633209999999998e-21
916.0177 2.331241e-21
925.1779 2.20617e-21
934.4296 2.087744e-21
943.7739 1.975612e-21
953.2117 1.869445e-21
962.7438 1.768928e-21
972.3713 1.673765e-21
982.095 1.583674e-21
991.9159 1.498389e-21
1001.8 1.417639e-21
