0.09208 2.858615e-14
0.092593 3.945996e-14
0.093107 3.510815e-14
0.093621 3.673437e-14
0.094135 3.859796e-14
0.094649 3.416607e-14
0.095163 3.061815e-14
0.095677 4.813128e-14
0.096191 3.516489e-14
0.096705 3.641898e-14
0.09722 3.41567e-14
0.097734 3.82014e-14
0.098249 3.670582e-14
0.098763 3.151002e-14
0.099278 3.639947e-14
0.099793 4.319219e-14
0.100308 3.99305e-14
0.100823 3.731592e-14
0.101338 3.615143e-14
0.101853 3.951562e-14
0.103398 3.132268e-14
0.103914 3.408666e-14
0.104429 4.268877e-14
0.104945 4.034335e-14
0.105461 4.616398e-14
0.105976 4.397387e-14
0.106492 3.856687e-14
0.107008 4.375657e-14
0.107524 3.711412e-14
0.10804 3.65055e-14
0.108556 3.859232e-14
0.109072 3.983925e-14
0.109588 4.938165e-14
0.110105 5.649111e-14
0.110621 6.60061e-14
0.111137 9.859136e-14
0.111654 9.094981e-14
0.112171 7.36965e-14
0.112687 4.895777e-14
0.113204 4.085136e-14
0.113721 4.238432e-14
0.114238 3.827931e-14
0.114754 3.980582e-14
0.115271 3.731142e-14
0.115789 4.03205e-14
0.116306 4.105894e-14
0.116823 3.79758e-14
0.11734 3.713995e-14
0.117857 3.669335e-14
0.118375 3.23249e-14
0.118892 3.314994e-14
0.11941 3.278982e-14
0.119927 2.897324e-14
0.120445 3.782515e-14
0.125052 3.281697e-14
0.125552 3.322926e-14
0.126053 3.040195e-14
0.126491 1.585221e-14
0.126595 2.541435e-14
0.126698 3.077247e-14
0.126801 3.42916e-14
0.126905 4.325505e-14
0.127008 4.256117e-14
0.127111 4.294217e-14
0.127214 3.81938e-14
0.127318 4.138599e-14
0.127421 4.393256e-14
0.127524 3.730272e-14
0.127627 3.048583e-14
0.127731 2.093219e-14
0.127834 3.323148e-14
0.127937 3.452339e-14
0.12804 3.637063e-14
0.128144 3.963622e-14
0.128247 4.401232e-14
0.12835 4.638343e-14
0.128453 5.016696e-14
0.128554 4.702786e-14
0.12866 4.940518e-14
0.128763 5.468302e-14
0.128866 5.810888e-14
0.12897 5.878314e-14
0.129073 5.674487e-14
0.129176 5.758292e-14
0.129279 4.500805e-14
0.129383 4.130709e-14
0.129486 6.351469e-14
0.129589 7.420636e-14
0.129693 8.008048e-14
0.129796 7.875741e-14
0.129899 8.386325e-14
0.130002 8.737209e-14
0.130106 7.937925e-14
0.130209 9.361197e-14
0.130312 1.069662e-13
0.130415 1.129641e-13
0.130519 1.484028e-13
0.130622 1.571284e-13
0.130725 1.921474e-13
0.130828 2.413607e-13
0.130932 2.964577e-13
0.131035 3.714997e-13
0.131138 4.572763e-13
0.131241 4.952675e-13
0.131345 4.853728e-13
0.131448 4.168569e-13
0.131551 3.163082e-13
0.131654 2.525813e-13
0.131758 2.235064e-13
0.131861 1.779679e-13
0.131964 1.276507e-13
0.132067 1.241219e-13
0.132171 1.101795e-13
0.132274 1.030751e-13
0.132377 9.104112e-14
0.13248 8.654463e-14
0.132584 7.984943e-14
0.132687 7.363504e-14
0.13279 7.279707e-14
0.132894 7.079305e-14
0.132997 6.808657e-14
0.1331 6.805276e-14
0.133203 6.495909e-14
0.133307 5.805824e-14
0.13341 4.536269e-14
0.133513 5.605615e-14
0.133616 7.275698e-14
0.13372 7.779316e-14
0.133823 7.665284e-14
0.133926 7.143769e-14
0.134029 7.553192e-14
0.134133 7.581477e-14
0.134236 7.831173e-14
0.134339 7.036562e-14
0.134442 6.335488e-14
0.134546 5.705989e-14
0.134649 5.303685e-14
0.134752 5.180193e-14
0.134855 4.843882e-14
0.134959 4.684985e-14
0.135062 4.689235e-14
0.135165 4.6525e-14
0.135268 4.423399e-14
0.135372 4.324766e-14
0.135475 4.446146e-14
0.135578 4.218574e-14
0.135681 4.030582e-14
0.135785 3.962476e-14
0.135888 3.924719e-14
0.135991 3.913702e-14
0.136095 3.898644e-14
0.136198 3.881004e-14
0.136301 3.859263e-14
0.136404 3.862842e-14
0.136508 3.843915e-14
0.136611 3.798245e-14
0.136714 3.801187e-14
0.136817 3.629323e-14
0.136921 3.523599e-14
0.137024 3.323209e-14
0.137127 3.397304e-14
0.13723 3.320952e-14
0.137334 3.164101e-14
0.137437 3.136337e-14
0.13754 3.084565e-14
0.137643 3.040027e-14
0.137747 3.09211e-14
0.13785 2.927429e-14
0.137953 3.010435e-14
0.138056 2.979161e-14
0.13816 3.005795e-14
0.138263 2.964434e-14
0.138366 3.087451e-14
0.138469 3.000846e-14
0.138573 2.963605e-14
0.138676 3.013214e-14
0.138779 3.032197e-14
0.138881 3.041097e-14
0.138986 2.97578e-14
0.139089 2.92166e-14
0.139192 2.983824e-14
0.139296 2.547069e-14
0.139399 2.780256e-14
0.139502 2.950255e-14
0.139605 3.011225e-14
0.139709 2.968143e-14
0.139812 3.123869e-14
0.139915 3.053775e-14
0.140018 3.101527e-14
0.140122 3.148761e-14
0.140225 2.823378e-14
0.140328 3.185968e-14
0.140431 3.265353e-14
0.140535 3.522059e-14
0.140638 3.593923e-14
0.140741 3.63249e-14
0.140844 3.813657e-14
0.140948 3.953337e-14
0.141051 3.91124e-14
0.141154 3.812217e-14
0.141257 3.783051e-14
0.141361 3.57272e-14
0.141464 3.552845e-14
0.141567 3.319698e-14
0.14167 3.295261e-14
0.141774 3.15134e-14
0.141877 2.978929e-14
0.14198 2.862885e-14
0.142083 2.902445e-14
0.142187 2.83367e-14
0.14229 2.853723e-14
0.142393 2.76386e-14
0.142497 2.790498e-14
0.1426 2.802297e-14
0.142703 2.718269e-14
0.142806 2.772759e-14
0.14291 2.732344e-14
0.143013 2.736031e-14
0.143116 2.824722e-14
0.143219 2.916971e-14
0.143323 2.874154e-14
0.143426 2.895061e-14
0.143529 2.903962e-14
0.143632 2.915921e-14
0.143736 2.933085e-14
0.143839 2.959843e-14
0.143942 2.986619e-14
0.144045 3.079414e-14
0.144149 3.073512e-14
0.144252 3.214621e-14
0.144355 3.233522e-14
0.144458 3.135223e-14
0.144562 3.039898e-14
0.144665 3.023162e-14
0.144768 2.896597e-14
0.144871 2.814997e-14
0.144975 2.859211e-14
0.145078 2.819562e-14
0.145181 2.886535e-14
0.145284 2.954069e-14
0.145388 2.80338e-14
0.145491 2.840363e-14
0.145594 2.909215e-14
0.145698 2.86437e-14
0.145801 2.751659e-14
0.145904 2.735462e-14
0.146007 2.857601e-14
0.146111 2.819943e-14
0.146214 2.824508e-14
0.146317 2.866517e-14
0.14642 2.70885e-14
0.146524 2.740638e-14
0.146627 2.827637e-14
0.14673 2.863601e-14
0.146833 2.907617e-14
0.146937 2.948168e-14
0.14704 2.949099e-14
0.147143 2.924112e-14
0.147246 3.152865e-14
0.14735 3.007356e-14
0.147453 2.97866e-14
0.147556 3.010232e-14
0.147659 3.013328e-14
0.147763 2.973345e-14
0.147866 2.959352e-14
0.147969 3.008479e-14
0.148072 3.013639e-14
0.148176 3.057976e-14
0.148279 3.064539e-14
0.148382 3.056088e-14
0.148485 2.900744e-14
0.148589 3.026899e-14
0.148692 2.976725e-14
0.148795 3.134843e-14
0.148899 3.155143e-14
0.149002 3.118002e-14
0.149105 3.076228e-14
0.149208 3.115459e-14
0.149312 3.098127e-14
0.149415 3.17694e-14
0.149518 3.232896e-14
0.149621 3.286184e-14
0.149725 3.315156e-14
0.149828 3.349953e-14
0.149931 3.452496e-14
0.150034 3.502007e-14
0.150138 3.811438e-14
0.150241 3.954384e-14
0.150344 4.170726e-14
0.150447 4.410487e-14
0.150551 4.34854e-14
0.150654 4.38175e-14
0.150757 4.334396e-14
0.15086 4.09701e-14
0.150964 4.058061e-14
0.151067 4.122848e-14
0.15117 4.036248e-14
0.151273 4.261112e-14
0.151377 4.489127e-14
0.15148 4.554846e-14
0.151583 4.382565e-14
0.151687 4.244501e-14
0.15179 4.050644e-14
0.151893 3.6949e-14
0.151996 3.575066e-14
0.1521 3.589724e-14
0.152203 3.451535e-14
0.152306 3.276015e-14
0.152409 3.212648e-14
0.152513 2.987746e-14
0.152616 2.198575e-14
0.152719 2.924114e-14
0.152822 3.043014e-14
0.152926 3.052819e-14
0.153029 2.952174e-14
0.153132 2.909111e-14
0.153235 2.823611e-14
0.153339 2.774434e-14
0.153442 2.815717e-14
0.153545 2.801844e-14
0.153648 2.816482e-14
0.153752 2.80836e-14
0.153855 2.805149e-14
0.153958 2.706045e-14
0.154061 2.745019e-14
0.154165 2.824227e-14
0.154268 2.654046e-14
0.154371 2.670612e-14
0.154474 2.657439e-14
0.154578 2.665327e-14
0.154681 2.511027e-14
0.154784 2.222718e-14
0.154888 2.516661e-14
0.154991 2.290955e-14
0.155094 2.422545e-14
0.155197 2.539535e-14
0.155301 2.529829e-14
0.155404 2.513108e-14
0.155507 2.563347e-14
0.15561 2.608399e-14
0.155714 2.499217e-14
0.155817 2.594561e-14
0.15592 2.561936e-14
0.156023 2.553427e-14
0.156127 2.654508e-14
0.15623 2.606847e-14
0.156333 2.548978e-14
0.156436 2.519985e-14
0.15654 2.600154e-14
0.156643 2.568329e-14
0.156746 2.678194e-14
0.156849 2.633787e-14
0.156953 2.64354e-14
0.157056 2.744475e-14
0.157159 2.756699e-14
0.157262 2.636923e-14
0.157366 2.590672e-14
0.157469 2.605231e-14
0.157572 2.60291e-14
0.157675 2.517234e-14
0.157779 2.58054e-14
0.157882 2.503306e-14
0.157985 2.552252e-14
0.158089 2.458711e-14
0.158192 2.558003e-14
0.158295 2.509109e-14
0.158398 2.540933e-14
0.158502 2.614377e-14
0.158605 2.603345e-14
0.158708 2.562678e-14
0.158811 2.578098e-14
0.158915 2.711013e-14
0.159018 2.665155e-14
0.159121 2.678913e-14
0.159224 2.710988e-14
0.159328 2.611334e-14
0.159431 2.699954e-14
0.159534 2.659597e-14
0.159637 2.699148e-14
0.159741 2.693164e-14
0.159844 2.598758e-14
0.159947 2.62847e-14
0.16005 2.705102e-14
0.160154 2.699633e-14
0.160257 2.750817e-14
0.16036 2.812807e-14
0.160463 2.840166e-14
0.160567 2.920869e-14
0.16067 2.73597e-14
0.160773 2.127697e-14
0.160877 2.652556e-14
0.16098 2.710377e-14
0.161083 2.726444e-14
0.161186 2.678691e-14
0.16129 2.725337e-14
0.161393 2.690574e-14
0.161496 2.762457e-14
0.161599 2.704419e-14
0.161703 2.851167e-14
0.161806 2.803629e-14
0.161909 2.767158e-14
0.162012 2.766385e-14
0.162116 2.824621e-14
0.162219 2.69457e-14
0.162322 2.777599e-14
0.162425 2.694397e-14
0.162529 2.74765e-14
0.162632 2.387701e-14
0.162735 2.534298e-14
0.162838 2.63481e-14
0.162942 2.399643e-14
0.163045 2.882936e-14
0.163148 2.921104e-14
0.163251 2.875541e-14
0.163355 2.956343e-14
0.163458 2.942469e-14
0.163561 3.005777e-14
0.163664 3.124282e-14
0.163768 3.046676e-14
0.163871 3.164368e-14
0.163974 3.188447e-14
0.164078 3.18999e-14
0.164181 3.075156e-14
0.164284 3.243276e-14
0.164387 3.269812e-14
0.164491 3.392392e-14
0.164594 3.41336e-14
0.164697 3.384483e-14
0.1648 3.549835e-14
0.164904 3.829049e-14
0.165007 3.887071e-14
0.16511 3.973436e-14
0.165213 4.266475e-14
0.165317 4.471013e-14
0.16542 4.567473e-14
0.165523 4.65517e-14
0.165626 4.723041e-14
0.16573 5.157038e-14
0.165833 5.403077e-14
0.165936 5.725409e-14
0.166039 5.982491e-14
0.166143 6.401828e-14
0.166246 6.608577e-14
0.166349 7.038705e-14
0.166452 7.863151e-14
0.166556 8.431177e-14
0.166659 9.532135e-14
0.166762 1.039033e-13
0.166865 1.126443e-13
0.166969 9.547289e-14
0.167072 1.273931e-13
0.167175 1.524635e-13
0.167279 1.62965e-13
0.167382 1.650955e-13
0.167485 1.574012e-13
0.167588 1.477204e-13
0.167692 1.234467e-13
0.167795 9.953589e-14
0.167898 8.309452e-14
0.168001 7.216903e-14
0.168105 6.62272e-14
0.168208 5.843326e-14
0.168311 5.164332e-14
0.168414 4.904021e-14
0.168518 4.726352e-14
0.168621 4.33193e-14
0.168724 4.129337e-14
0.168827 4.124014e-14
0.168931 3.84932e-14
0.169034 3.628322e-14
0.169137 3.459662e-14
0.16924 3.409388e-14
0.169344 3.421697e-14
0.169447 3.208611e-14
0.16955 3.156766e-14
0.169653 3.241498e-14
0.169757 3.175162e-14
0.16986 3.161471e-14
0.169963 3.13236e-14
0.170066 3.046334e-14
0.17017 2.998144e-14
0.170273 2.873797e-14
0.170376 2.887948e-14
0.17048 2.874972e-14
0.170583 2.905197e-14
0.170686 2.774696e-14
0.170789 2.683494e-14
0.170893 2.680333e-14
0.170996 2.59522e-14
0.171099 2.775897e-14
0.171202 2.725407e-14
0.171306 2.770876e-14
0.171409 2.846871e-14
0.171512 2.730681e-14
0.171615 2.727749e-14
0.171719 2.818659e-14
0.171822 2.792402e-14
0.171925 2.777239e-14
0.172028 2.643737e-14
0.172132 2.729887e-14
0.172235 2.69626e-14
0.172338 2.60138e-14
0.172441 2.772336e-14
0.172545 2.847089e-14
0.172648 2.739534e-14
0.172751 2.735304e-14
0.172854 2.752331e-14
0.172958 2.978701e-14
0.173061 2.989022e-14
0.173164 2.837319e-14
0.173267 2.794237e-14
0.173371 2.772231e-14
0.173474 3.054143e-14
0.173577 2.866805e-14
0.173681 2.893502e-14
0.173784 2.840234e-14
0.173887 2.81074e-14
0.17399 2.879181e-14
0.174094 2.754336e-14
0.174197 2.791958e-14
0.1743 2.832852e-14
0.174403 2.96696e-14
0.174507 2.91489e-14
0.17461 2.927745e-14
0.174713 2.982966e-14
0.174816 2.956773e-14
0.17492 3.087256e-14
0.175023 3.001116e-14
0.175126 2.937744e-14
0.175229 3.048149e-14
0.175333 2.981733e-14
0.175436 3.003609e-14
0.175539 3.193629e-14
0.175642 3.034776e-14
0.175746 3.157823e-14
0.175849 3.242621e-14
0.175952 3.201657e-14
0.176055 3.340135e-14
0.176159 3.331396e-14
0.176262 3.458979e-14
0.176365 3.495666e-14
0.176468 3.507918e-14
0.176572 3.68512e-14
0.176675 3.641692e-14
0.176778 3.888635e-14
0.176882 3.876025e-14
0.176985 4.270068e-14
0.177088 4.511074e-14
0.177191 4.341991e-14
0.177295 4.0337e-14
0.177398 3.613021e-14
0.177501 3.371229e-14
0.177604 3.222052e-14
0.177708 3.161709e-14
0.177811 3.243669e-14
0.177914 3.188389e-14
0.178017 3.171399e-14
0.178121 3.044834e-14
0.178224 3.049343e-14
0.178327 3.077081e-14
0.17843 3.062029e-14
0.178534 2.936108e-14
0.178637 2.831339e-14
0.17874 2.840179e-14
0.178843 2.725918e-14
0.178947 2.956414e-14
0.17905 2.910723e-14
0.179153 3.007417e-14
0.179256 3.06825e-14
0.17936 3.131094e-14
0.179463 3.138183e-14
0.179566 2.994406e-14
0.179669 2.999583e-14
0.179773 3.144076e-14
0.179876 3.123541e-14
0.179979 2.976411e-14
0.180083 3.067108e-14
0.180186 2.94303e-14
0.180289 2.721001e-14
0.180392 2.626301e-14
0.180496 2.683327e-14
0.180599 2.50261e-14
0.180702 2.161551e-14
0.180805 2.436969e-14
0.180909 2.405962e-14
0.181012 2.316917e-14
0.181115 2.320834e-14
0.181218 2.329517e-14
0.181322 2.368452e-14
0.181425 2.351669e-14
0.181528 2.175775e-14
0.181631 2.238266e-14
0.181735 2.138571e-14
0.181838 2.227668e-14
0.181941 2.158975e-14
0.182044 2.161723e-14
0.182148 2.2818e-14
0.182251 2.177066e-14
0.182354 2.103921e-14
0.182457 2.194845e-14
0.182561 2.161454e-14
0.182664 2.108142e-14
0.182767 2.188612e-14
0.182871 2.127469e-14
0.182974 2.155077e-14
0.183077 2.043887e-14
0.18318 2.151658e-14
0.183284 2.112582e-14
0.183387 2.225022e-14
0.18349 2.213094e-14
0.183593 2.291857e-14
0.183697 2.366851e-14
0.1838 2.317857e-14
0.183903 2.220592e-14
0.184006 2.20549e-14
0.18411 2.225616e-14
0.184213 2.195698e-14
0.184316 2.24096e-14
0.184419 2.315427e-14
0.184523 2.326132e-14
0.184626 2.158146e-14
0.184729 2.374084e-14
0.184832 2.376787e-14
0.184936 2.252206e-14
0.185039 2.298792e-14
0.185142 2.27998e-14
0.185245 2.196112e-14
0.185349 2.096487e-14
0.185452 2.172056e-14
0.185555 2.234907e-14
0.185658 2.234915e-14
0.185762 2.220172e-14
0.185865 2.212238e-14
0.185968 2.221133e-14
0.186072 2.205002e-14
0.186175 2.179468e-14
0.186278 2.272056e-14
0.186381 2.339486e-14
0.186485 2.403588e-14
0.186588 2.296796e-14
0.186691 2.260474e-14
0.186794 2.237908e-14
0.186898 2.168234e-14
0.187001 2.16588e-14
0.187104 2.23865e-14
0.187207 2.235582e-14
0.187311 2.200475e-14
0.187414 2.147004e-14
0.187517 2.085485e-14
0.18762 2.190584e-14
0.187724 2.249701e-14
0.187827 2.109315e-14
0.18793 2.17871e-14
0.188033 2.262035e-14
0.188137 2.232331e-14
0.18824 2.255582e-14
0.188343 2.285635e-14
0.188446 2.319686e-14
0.18855 2.202354e-14
0.188653 2.318302e-14
0.188756 2.354704e-14
0.188859 2.242358e-14
0.188963 2.164911e-14
0.189066 2.32105e-14
0.189169 2.217487e-14
0.189273 2.260332e-14
0.189376 2.229055e-14
0.189479 1.928896e-14
0.189582 2.050712e-14
0.189686 2.08665e-14
0.189789 2.011022e-14
0.189892 2.064656e-14
0.189995 1.950648e-14
0.190099 2.047802e-14
0.190202 2.072466e-14
0.190305 2.030296e-14
0.190408 2.315226e-14
0.190512 2.108043e-14
0.190615 2.005692e-14
0.190718 2.214452e-14
0.190821 2.007251e-14
0.190925 1.936386e-14
0.191028 2.016028e-14
0.191131 2.260123e-14
0.191234 1.964221e-14
0.191338 2.011425e-14
0.191441 2.144539e-14
0.191544 2.121474e-14
0.191647 1.984472e-14
0.191751 1.963625e-14
0.191854 1.926568e-14
0.191957 1.950853e-14
0.19206 1.98697e-14
0.192164 2.006212e-14
0.192267 2.217078e-14
0.19237 2.152532e-14
0.192474 2.077233e-14
0.192577 2.276254e-14
0.19268 2.113572e-14
0.192783 2.288018e-14
0.192887 2.386946e-14
0.19299 2.446351e-14
0.193093 2.483395e-14
0.193196 2.258612e-14
0.1933 2.220085e-14
0.193403 2.286806e-14
0.193506 2.212639e-14
0.193609 2.199952e-14
0.193713 2.137423e-14
0.193816 2.083191e-14
0.193919 1.934125e-14
0.194022 1.953089e-14
0.194126 1.993631e-14
0.194229 2.103821e-14
0.194332 1.987528e-14
0.194435 1.904838e-14
0.194539 2.018213e-14
0.194642 1.933149e-14
0.194745 2.028027e-14
0.194848 2.063702e-14
0.194952 2.122103e-14
0.195055 2.325061e-14
0.195158 2.013645e-14
0.195261 1.936922e-14
0.195365 2.244004e-14
0.195468 2.265952e-14
0.195571 2.114344e-14
0.195675 1.981967e-14
0.195778 1.948756e-14
0.195881 1.828042e-14
0.195984 1.94609e-14
0.196088 1.986825e-14
0.196191 2.043892e-14
0.196294 2.093801e-14
0.196397 2.043072e-14
0.196501 2.11199e-14
0.196604 2.068511e-14
0.196707 1.904863e-14
0.19681 1.971106e-14
0.196914 2.13079e-14
0.197017 2.055277e-14
0.19712 1.788736e-14
0.197223 2.021175e-14
0.197327 2.042055e-14
0.19743 1.942285e-14
0.197533 1.807158e-14
0.197636 1.973286e-14
0.19774 1.866862e-14
0.197843 1.95708e-14
0.197946 1.981627e-14
0.198049 1.990814e-14
0.198153 2.130128e-14
0.198256 1.869282e-14
0.198359 1.827783e-14
0.198463 2.046142e-14
0.198566 2.083723e-14
0.198669 2.106639e-14
0.198772 1.991066e-14
0.198876 1.89621e-14
0.198979 2.205341e-14
0.199082 2.115476e-14
0.199185 2.145836e-14
0.199289 2.127552e-14
0.199392 2.177234e-14
0.199495 2.167533e-14
0.199598 2.143479e-14
0.199702 1.923737e-14
0.199805 2.069128e-14
0.199908 2.401166e-14
0.200162 2.832882e-14
0.200695 2.586291e-14
0.201227 3.68198e-14
0.20176 2.409467e-14
0.202292 2.160397e-14
0.202825 2.994898e-14
0.203357 2.92543e-14
0.20389 2.692312e-14
0.204423 3.032783e-14
0.204955 3.271613e-14
0.205488 3.7844e-14
0.20602 3.48223e-14
0.206552 3.332639e-14
0.207085 3.064655e-14
0.207618 2.301119e-14
0.20815 2.648055e-14
0.208683 2.499181e-14
0.209215 2.479523e-14
0.209748 2.173021e-14
0.21028 2.476418e-14
0.210813 2.162423e-14
0.211346 2.182136e-14
0.211878 2.256622e-14
0.21241 2.62531e-14
0.212943 1.964248e-14
0.213475 2.125263e-14
0.214008 2.454062e-14
0.214541 2.275581e-14
0.215073 2.359176e-14
0.215606 1.93516e-14
0.216138 2.724335e-14
0.216671 2.027702e-14
0.217203 2.512003e-14
0.217736 1.908862e-14
0.218268 2.115122e-14
0.218801 1.37765e-14
0.219333 1.837149e-14
0.219866 2.072839e-14
0.220398 1.960953e-14
0.220931 2.043803e-14
0.221464 1.920372e-14
0.221996 2.303065e-14
0.222529 2.172975e-14
0.223061 1.885728e-14
0.223594 1.898183e-14
0.224126 1.74811e-14
0.224659 2.243755e-14
0.225191 1.602542e-14
0.225724 1.923171e-14
0.226256 1.827895e-14
0.226789 1.81124e-14
0.227321 2.311407e-14
0.227854 1.760976e-14
0.228386 1.746997e-14
0.228919 1.917888e-14
0.229452 2.078412e-14
0.229984 2.030857e-14
0.230517 1.910669e-14
0.231049 2.221995e-14
0.231582 1.686113e-14
0.232114 1.887664e-14
0.232647 1.897615e-14
0.233179 1.677401e-14
0.233712 1.625487e-14
0.234244 1.624192e-14
0.234777 1.639626e-14
0.235309 1.829554e-14
0.235842 1.642804e-14
0.236375 1.643763e-14
0.236907 1.532842e-14
0.23744 1.406336e-14
0.237972 1.453853e-14
0.238504 1.585616e-14
0.239037 1.774641e-14
0.23957 1.672664e-14
0.240102 1.6343e-14
0.240635 1.630716e-14
0.241167 1.534882e-14
0.2417 1.629275e-14
0.242232 1.525617e-14
0.242765 1.678652e-14
0.243298 1.669811e-14
0.24383 1.6139e-14
0.244363 1.703747e-14
0.244895 1.791369e-14
0.245427 1.622501e-14
0.24596 1.685911e-14
0.246493 1.709663e-14
0.247025 1.568412e-14
0.247558 1.637786e-14
0.24809 1.637294e-14
0.248623 1.706057e-14
0.249155 1.681071e-14
0.249688 1.720188e-14
0.250221 1.797228e-14
0.250753 1.798236e-14
0.251285 1.772739e-14
0.251818 1.694762e-14
0.25235 1.727192e-14
0.252883 1.682573e-14
0.253416 1.716353e-14
0.253948 1.647425e-14
0.254481 1.620319e-14
0.255013 1.586641e-14
0.255546 1.572187e-14
0.256078 1.592854e-14
0.256611 1.649824e-14
0.257143 1.558277e-14
0.257676 1.615192e-14
0.258208 1.525774e-14
0.258741 1.566266e-14
0.259273 1.552098e-14
0.259806 1.502443e-14
0.260339 1.525789e-14
0.260871 1.672573e-14
0.261404 1.805473e-14
0.261936 1.72767e-14
0.262469 1.676835e-14
0.263001 1.648334e-14
0.263534 1.618573e-14
0.264066 1.639952e-14
0.264599 1.479478e-14
0.265131 1.561049e-14
0.265664 1.707866e-14
0.266196 1.612934e-14
0.266729 1.694373e-14
0.267261 1.59307e-14
0.267794 1.604019e-14
0.268327 1.58237e-14
0.268859 1.606382e-14
0.269392 1.604429e-14
0.269924 1.640229e-14
0.270457 1.632408e-14
0.270989 1.793037e-14
0.271522 1.735779e-14
0.272054 1.686448e-14
0.272587 1.611164e-14
0.273119 1.556713e-14
0.273652 1.55099e-14
0.274184 1.632889e-14
0.274717 1.588876e-14
0.27525 1.556566e-14
0.275782 1.62607e-14
0.276315 1.573678e-14
0.276847 1.523912e-14
0.277379 1.523414e-14
0.277912 1.504787e-14
0.278445 1.611745e-14
0.278977 1.324564e-14
0.27951 1.309254e-14
0.280042 1.298487e-14
0.280575 1.459037e-14
0.281107 1.479896e-14
0.28164 1.498804e-14
0.282173 1.53449e-14
0.282705 1.493976e-14
0.283238 1.453491e-14
0.28377 1.458196e-14
0.284302 1.391947e-14
0.284835 1.363784e-14
0.285368 1.382696e-14
0.2859 1.415781e-14
0.286433 1.360585e-14
0.286965 1.313154e-14
0.287498 1.451816e-14
0.28803 1.508009e-14
0.288563 1.367928e-14
0.289095 1.355938e-14
0.289628 1.377392e-14
0.29016 1.376977e-14
0.290693 1.405481e-14
0.291225 1.330536e-14
0.291758 1.3462e-14
0.292291 1.506964e-14
0.292823 1.491113e-14
0.293355 1.476555e-14
0.293888 1.504345e-14
0.294421 1.509039e-14
0.294953 1.497703e-14
0.295486 1.472271e-14
0.296018 1.441729e-14
0.296551 1.518182e-14
0.297083 1.554249e-14
0.297616 1.505791e-14
0.298148 1.408077e-14
0.298681 1.472303e-14
0.299214 1.475083e-14
0.299746 1.544369e-14
0.300279 1.565674e-14
0.300811 1.603586e-14
0.301344 1.834442e-14
0.301876 2.117549e-14
0.302409 1.957309e-14
0.302941 1.90314e-14
0.303474 1.646044e-14
0.304006 1.565835e-14
0.304539 1.372124e-14
0.305071 1.134981e-14
0.305604 1.083903e-14
0.306136 1.621432e-14
0.306669 1.589839e-14
0.307202 1.562021e-14
0.307734 1.481357e-14
0.308267 1.53508e-14
0.308799 1.558221e-14
0.309331 1.567357e-14
0.309864 1.559947e-14
0.310397 1.502295e-14
0.310929 1.365827e-14
0.311462 1.469087e-14
0.311994 1.533526e-14
0.312527 1.422578e-14
0.313059 1.611502e-14
0.313592 1.47646e-14
0.314125 1.388468e-14
0.314657 1.459833e-14
0.31519 1.385217e-14
0.315722 1.408974e-14
0.316254 1.421938e-14
0.316787 1.499316e-14
0.31732 1.44569e-14
0.317852 1.404386e-14
0.318385 1.494004e-14
0.318917 1.605118e-14
0.31945 1.509983e-14
0.319982 1.415466e-14
0.3202 1.256253e-14
0.320515 1.474044e-14
0.3208 1.328822e-14
0.321047 1.610177e-14
0.3214 1.299519e-14
0.32158 1.500333e-14
0.322 1.441657e-14
0.322113 1.412052e-14
0.3226 1.485607e-14
0.323177 1.446742e-14
0.32371 1.734098e-14
0.324243 1.959034e-14
0.3244 1.421894e-14
0.324775 1.467074e-14
0.325 1.329488e-14
0.325307 1.379378e-14
0.3256 1.546185e-14
0.32584 1.551305e-14
0.3262 1.60431e-14
0.326373 1.588939e-14
0.3268 1.478355e-14
0.326905 9.434813e-15
0.3274 1.341649e-14
0.32797 1.558169e-14
0.328503 1.665596e-14
0.329035 1.884749e-14
0.3292 1.546182e-14
0.329568 2.012216e-14
0.3298 1.51078e-14
0.3304 1.411736e-14
0.331 1.500628e-14
0.3316 1.529636e-14
0.3322 1.512041e-14
0.3328 1.535915e-14
0.3334 1.513668e-14
0.334 1.345836e-14
0.3346 1.460553e-14
0.3352 1.496731e-14
0.3358 1.440844e-14
0.3364 1.446382e-14
0.337 1.492046e-14
0.3376 1.650795e-14
0.3382 1.644006e-14
0.3388 1.663733e-14
0.3394 1.525658e-14
0.34 1.536485e-14
0.3406 1.499146e-14
0.3412 1.44042e-14
0.3418 1.411795e-14
0.3424 1.475902e-14
0.343 1.476131e-14
0.3436 1.43844e-14
0.3442 1.566146e-14
0.3448 1.537147e-14
0.3454 1.499841e-14
0.346 1.527669e-14
0.3466 1.511003e-14
0.3472 1.526886e-14
0.3478 1.574735e-14
0.3484 1.494697e-14
0.349 1.450121e-14
0.3496 1.404748e-14
0.3502 1.391195e-14
0.3508 1.383932e-14
0.3514 1.381697e-14
0.352 1.507181e-14
0.3526 1.415898e-14
0.3532 1.394795e-14
0.3538 1.438776e-14
0.3544 1.482657e-14
0.355 1.420704e-14
0.3556 1.469275e-14
0.3562 1.468384e-14
0.3568 1.437308e-14
0.3574 1.425515e-14
0.358 1.400058e-14
0.3586 1.42473e-14
0.3592 1.380447e-14
0.3598 1.372577e-14
0.3604 1.42101e-14
0.361 1.43672e-14
0.3616 1.47696e-14
0.3622 1.378332e-14
0.3628 1.356537e-14
0.3634 1.390731e-14
0.364 1.331525e-14
0.3646 1.325217e-14
0.3652 1.373364e-14
0.3658 1.346292e-14
0.3664 1.324832e-14
0.367 1.379259e-14
0.3676 1.365303e-14
0.3682 1.419346e-14
0.3688 1.39977e-14
0.3694 1.48072e-14
0.37 1.584559e-14
0.3706 1.518761e-14
0.3712 1.387864e-14
0.3718 1.384029e-14
0.3724 1.378671e-14
0.373 1.35251e-14
0.3736 1.351615e-14
0.3742 1.333373e-14
0.3748 1.293431e-14
0.3754 1.341161e-14
0.376 1.355153e-14
0.3766 1.330226e-14
0.3772 1.351379e-14
0.3778 1.388313e-14
0.3784 1.362057e-14
0.379 1.283711e-14
0.3796 1.295202e-14
0.3802 1.318225e-14
0.3808 1.299198e-14
0.3814 1.25313e-14
0.382 1.269897e-14
0.3826 1.253596e-14
0.3832 1.243496e-14
0.3838 1.288442e-14
0.3844 1.276456e-14
0.385 1.240604e-14
0.3856 1.238847e-14
0.3862 1.344655e-14
0.3868 1.34612e-14
0.3874 1.282333e-14
0.388 1.26269e-14
0.3886 1.27066e-14
0.3892 1.22615e-14
0.3898 1.261952e-14
0.3904 1.250009e-14
0.391 1.266228e-14
0.3916 1.214807e-14
0.3922 1.244657e-14
0.3928 1.260001e-14
0.3934 1.217306e-14
0.394 1.216569e-14
0.3946 1.234061e-14
0.3952 1.217225e-14
0.3958 1.2395e-14
0.3964 1.256771e-14
0.397 1.180558e-14
0.3976 1.192097e-14
0.3982 1.208251e-14
0.3988 1.170508e-14
0.3994 1.179705e-14
0.4 1.183714e-14
0.4006 1.236118e-14
0.4012 1.15665e-14
0.4018 1.156796e-14
0.4024 1.16437e-14
0.403 1.194949e-14
0.4036 1.190426e-14
0.4042 1.148924e-14
0.4048 1.137385e-14
0.4054 1.225733e-14
0.406 1.206466e-14
0.4066 1.167612e-14
0.4072 1.140869e-14
0.4078 1.116084e-14
0.4084 1.055561e-14
0.409 1.124131e-14
0.4096 1.100768e-14
0.4102 1.087931e-14
0.4108 1.062988e-14
0.4114 1.050476e-14
0.412 1.052857e-14
0.4126 1.049404e-14
0.4132 1.081016e-14
0.4138 1.083646e-14
0.4144 1.100672e-14
0.415 1.096429e-14
0.4156 1.125805e-14
0.4162 1.093825e-14
0.4168 1.057759e-14
0.4174 1.069257e-14
0.418 1.157954e-14
0.4186 1.101346e-14
0.4192 1.039303e-14
0.4198 1.096448e-14
0.4204 1.103594e-14
0.421 1.104849e-14
0.4216 1.060476e-14
0.4222 1.06069e-14
0.4228 1.016951e-14
0.4234 9.961661e-15
0.424 1.000095e-14
0.4246 9.657119e-15
0.4252 9.800116e-15
0.4258 9.76434e-15
0.4264 1.000251e-14
0.427 1.022407e-14
0.4276 1.043783e-14
0.4282 1.061065e-14
0.4288 1.130211e-14
0.4294 1.153375e-14
0.43 1.058527e-14
0.4306 1.03948e-14
0.4312 9.577661e-15
0.4318 9.464089e-15
0.4324 9.111624e-15
0.433 9.139745e-15
0.4336 9.010466e-15
0.4342 9.140616e-15
0.4348 9.205937e-15
0.4354 8.962574e-15
0.436 9.387237e-15
0.4366 9.065351e-15
0.4372 8.917589e-15
0.4378 8.699327e-15
0.4384 8.843718e-15
0.439 9.152893e-15
0.4396 9.141712e-15
0.4402 9.42675e-15
0.4408 9.637292e-15
0.4414 9.78991e-15
0.442 1.038373e-14
0.4426 1.143424e-14
0.4432 1.178461e-14
0.4438 1.144138e-14
0.4444 1.074509e-14
0.445 1.027107e-14
0.4456 9.942319e-15
0.4462 9.583718e-15
0.4468 9.066978e-15
0.4474 8.710028e-15
0.448 8.592942e-15
0.4486 8.420145e-15
0.4492 8.522019e-15
0.4498 8.628667e-15
0.45 1.330827e-14
0.451 7.234953e-15
0.452 7.005022e-15
0.453 7.864347e-15
0.454 7.853912e-15
0.455 8.409891e-15
0.456 7.989099e-15
0.457 8.531544e-15
0.458 8.667173e-15
0.459 8.163437e-15
0.46 8.342784e-15
0.461 7.650105e-15
0.462 7.801829e-15
0.463 8.253424e-15
0.464 9.007119e-15
0.465 9.020835e-15
0.466 9.602867e-15
0.467 1.054091e-14
0.468 1.211342e-14
0.469 1.467933e-14
0.47 1.288701e-14
0.471 1.079372e-14
0.472 9.973545e-15
0.473 9.083359e-15
0.474 8.702258e-15
0.475 8.326625e-15
0.476 8.297937e-15
0.477 8.045713e-15
0.478 8.216176e-15
0.479 7.560396e-15
0.48 7.860658e-15
0.481 7.871963e-15
0.482 7.969866e-15
0.483 8.131325e-15
0.484 8.282447e-15
0.485 8.335776e-15
0.486 8.388121e-15
0.487 8.448709e-15
0.488 8.750971e-15
0.489 8.890251e-15
0.49 8.484177e-15
0.491 8.389191e-15
0.492 8.332913e-15
0.493 8.495132e-15
0.494 8.151153e-15
0.495 8.104594e-15
0.496 8.128189e-15
0.497 7.737323e-15
0.498 7.34373e-15
0.499 7.628188e-15
0.5 7.808093e-15
0.501 7.913997e-15
0.502 7.446876e-15
0.503 7.566795e-15
0.504 7.508069e-15
0.505 8.194716e-15
0.506 8.198863e-15
0.507 8.049253e-15
0.508 7.386696e-15
0.509 7.235135e-15
0.51 6.917498e-15
0.511 6.976716e-15
0.512 6.791409e-15
0.513 6.685971e-15
0.514 6.547639e-15
0.515 6.375878e-15
0.516 6.557156e-15
0.517 6.414046e-15
0.518 6.779092e-15
0.519 7.051445e-15
0.52 7.752453e-15
0.521 8.212731e-15
0.522 9.178672e-15
0.523 1.158853e-14
0.524 1.480083e-14
0.525 1.795921e-14
0.526 1.747045e-14
0.527 1.288321e-14
0.528 1.039465e-14
0.529 8.81823e-15
0.53 8.095464e-15
0.531 7.785578e-15
0.532 7.671958e-15
0.533 7.533617e-15
0.534 7.240646e-15
0.535 7.52715e-15
0.536 7.780249e-15
0.537 6.89642e-15
0.538 6.382585e-15
0.539 7.110701e-15
0.54 8.96796e-15
0.541 1.038519e-14
0.542 9.14461e-15
0.543 7.125525e-15
0.544 6.62232e-15
0.545 6.339156e-15
0.546 6.273564e-15
0.547 6.09822e-15
0.548 5.912535e-15
0.549 5.891443e-15
0.55 5.818635e-15
0.551 5.808398e-15
0.552 5.773098e-15
0.553 5.957062e-15
0.554 5.975685e-15
0.555 6.0752e-15
0.556 6.435539e-15
0.557 6.728143e-15
0.558 7.01072e-15
0.559 7.236844e-15
0.56 6.955437e-15
0.561 6.603091e-15
0.562 6.403245e-15
0.563 6.283239e-15
0.564 6.291005e-15
0.565 6.357821e-15
0.566 6.304687e-15
0.567 6.23562e-15
0.568 6.30972e-15
0.569 6.473258e-15
0.57 6.540512e-15
0.571 6.56341e-15
0.572 6.457828e-15
0.573 6.410666e-15
0.574 6.462738e-15
0.575 6.29826e-15
0.576 6.208511e-15
0.577 5.926269e-15
0.578 5.725483e-15
0.579 5.743635e-15
0.58 5.656767e-15
0.581 5.537011e-15
0.582 5.47395e-15
0.583 5.431123e-15
0.584 5.451417e-15
0.585 5.446166e-15
0.586 5.576523e-15
0.587 5.393542e-15
0.588 5.328942e-15
0.589 5.141663e-15
0.59 5.133631e-15
0.591 5.063521e-15
0.592 5.086368e-15
0.593 5.162239e-15
0.594 5.103118e-15
0.595 5.224553e-15
0.596 5.145299e-15
0.597 5.199517e-15
0.598 5.282914e-15
0.599 5.099983e-15
0.6 5.076545e-15
0.601 4.870274e-15
0.602 5.053313e-15
0.603 4.952917e-15
0.604 4.897687e-15
0.605 4.870736e-15
0.606 4.871232e-15
0.607 4.92843e-15
0.608 4.912853e-15
0.609 4.842368e-15
0.61 4.730228e-15
0.611 4.762066e-15
0.612 4.798687e-15
0.613 4.776084e-15
0.614 4.712625e-15
0.615 4.802769e-15
0.616 4.783804e-15
0.617 4.89695e-15
0.618 5.072369e-15
0.619 4.848919e-15
0.62 4.618639e-15
0.621 4.707896e-15
0.622 4.711903e-15
0.623 4.672851e-15
0.624 4.669337e-15
0.625 4.615151e-15
0.626 4.678473e-15
0.627 4.682225e-15
0.628 4.53146e-15
0.629 4.711547e-15
0.63 4.695251e-15
0.631 4.730998e-15
0.632 4.932442e-15
0.633 4.930321e-15
0.634 5.280992e-15
0.635 5.68144e-15
0.636 5.620289e-15
0.637 5.209954e-15
0.638 4.971133e-15
0.639 4.806019e-15
0.64 4.617008e-15
0.641 4.571239e-15
0.642 4.545702e-15
0.643 4.548265e-15
0.644 4.464762e-15
0.645 4.540606e-15
0.646 4.580648e-15
0.647 4.460393e-15
0.648 4.601037e-15
0.649 4.3183e-15
0.65 4.438719e-15
0.651 4.336264e-15
0.652 4.199384e-15
0.653 4.265492e-15
0.654 4.337504e-15
0.655 4.322028e-15
0.656 4.510108e-15
0.657 4.799674e-15
0.658 4.858744e-15
0.659 4.365657e-15
0.66 4.310754e-15
0.661 4.303767e-15
0.662 4.303874e-15
0.663 4.327583e-15
0.664 4.325944e-15
0.665 4.317158e-15
0.666 4.366557e-15
0.667 4.427778e-15
0.668 4.247483e-15
0.669 4.291721e-15
0.67 4.251273e-15
0.671 4.23568e-15
0.672 4.333659e-15
0.673 4.344184e-15
0.674 4.33997e-15
0.675 4.495816e-15
0.676 4.399253e-15
0.677 4.396375e-15
0.678 4.292879e-15
0.679 4.299635e-15
0.68 4.394294e-15
0.681 4.521285e-15
0.682 4.421629e-15
0.683 4.654745e-15
0.684 4.463523e-15
0.685 4.541312e-15
0.686 4.701245e-15
0.687 4.769777e-15
0.688 5.011658e-15
0.689 5.04191e-15
0.69 4.72674e-15
0.691 4.645881e-15
0.692 4.563606e-15
0.693 4.529289e-15
0.694 4.603842e-15
0.695 4.729694e-15
0.696 4.684898e-15
0.697 4.950569e-15
0.698 5.16416e-15
0.699 5.102026e-15
0.7 5.348742e-15
0.701 5.67412e-15
0.702 6.181795e-15
0.703 6.917363e-15
0.704 7.99475e-15
0.705 9.855887e-15
0.706 1.288364e-14
0.707 1.78902e-14
0.708 2.762245e-14
0.709 4.188131e-14
0.71 4.284205e-14
0.711 2.965523e-14
0.712 2.016804e-14
0.713 1.372608e-14
0.714 1.065769e-14
0.715 8.422518e-15
0.716 7.275018e-15
0.717 6.330967e-15
0.718 6.076704e-15
0.719 5.510064e-15
0.72 5.34626e-15
0.721 5.080184e-15
0.722 5.077839e-15
0.723 4.783311e-15
0.724 4.67872e-15
0.725 4.437087e-15
0.726 4.223507e-15
0.727 4.339289e-15
0.728 4.273251e-15
0.729 3.978969e-15
0.73 3.852309e-15
0.731 3.927254e-15
0.732 3.931474e-15
0.733 4.03622e-15
0.734 4.025033e-15
0.735 3.891661e-15
0.736 3.93224e-15
0.737 3.823447e-15
0.738 3.792775e-15
0.739 3.890634e-15
0.74 3.789679e-15
0.741 3.867059e-15
0.742 3.931495e-15
0.743 3.87461e-15
0.744 3.89218e-15
0.745 3.818644e-15
0.746 3.773388e-15
0.747 3.835344e-15
0.748 3.821221e-15
0.749 3.64127e-15
0.75 3.711158e-15
0.751 3.655916e-15
0.752 3.623475e-15
0.753 3.702299e-15
0.754 3.618473e-15
0.755 3.795079e-15
0.756 3.710136e-15
0.757 3.707094e-15
0.758 3.714231e-15
0.759 3.743413e-15
0.76 4.028281e-15
0.761 3.728094e-15
0.762 3.929593e-15
0.763 4.131851e-15
0.764 4.023279e-15
0.765 3.753073e-15
0.766 3.845381e-15
0.767 3.731073e-15
0.768 3.675807e-15
0.769 3.453043e-15
0.77 3.529561e-15
0.771 3.573186e-15
0.772 3.485573e-15
0.773 3.265156e-15
0.774 3.322203e-15
0.775 3.319581e-15
0.776 3.17487e-15
0.777 3.184335e-15
0.778 3.173623e-15
0.779 3.163951e-15
0.78 3.096104e-15
0.781 3.11361e-15
0.782 3.185798e-15
0.783 3.087778e-15
0.784 2.997754e-15
0.785 3.100256e-15
0.786 3.075033e-15
0.787 3.150858e-15
0.788 3.029288e-15
0.789 3.044433e-15
0.79 3.055722e-15
0.791 3.0927e-15
0.792 3.073542e-15
0.793 2.977257e-15
0.794 2.860248e-15
0.795 2.873678e-15
0.796 2.795916e-15
0.797 2.883948e-15
0.798 2.94208e-15
0.799 2.810924e-15
0.8 2.954847e-15
0.801 2.871886e-15
0.802 2.852768e-15
0.803 2.889569e-15
0.804 2.927455e-15
0.805 2.960167e-15
0.806 2.926749e-15
0.807 2.8643e-15
0.808 2.850967e-15
0.809 2.935877e-15
0.81 2.712807e-15
0.811 2.903895e-15
0.812 2.863964e-15
0.813 2.943554e-15
0.814 2.845739e-15
0.815 2.747364e-15
0.816 2.686253e-15
0.817 2.81591e-15
0.818 2.683773e-15
0.819 2.826086e-15
0.82 2.848789e-15
0.821 2.939894e-15
0.822 2.631295e-15
0.823 2.56961e-15
0.824 2.783154e-15
0.825 2.692112e-15
0.826 2.663851e-15
0.827 2.703938e-15
0.828 2.694512e-15
0.829 2.761965e-15
0.83 2.703857e-15
0.831 2.618046e-15
0.832 2.577317e-15
0.833 2.689553e-15
0.834 2.731396e-15
0.835 2.789736e-15
0.836 2.6875e-15
0.837 2.460212e-15
0.838 2.531677e-15
0.839 2.397024e-15
0.850325 2.7992e-15
0.85105 2.682749e-15
0.851776 2.570601e-15
0.852502 2.610076e-15
0.853227 2.447063e-15
0.853953 2.492899e-15
0.854679 2.403484e-15
0.855404 2.395724e-15
0.85613 2.428386e-15
0.856856 2.516962e-15
0.857581 2.413906e-15
0.858307 2.33656e-15
0.859033 2.377633e-15
0.859758 2.446877e-15
0.860484 2.383202e-15
0.86121 2.463548e-15
0.861936 2.362098e-15
0.862661 2.359066e-15
0.863387 2.389894e-15
0.864113 2.359392e-15
0.864838 2.282573e-15
0.865564 2.29748e-15
0.86629 2.294475e-15
0.867015 2.254067e-15
0.867741 2.270914e-15
0.868467 2.283267e-15
0.869192 2.293632e-15
0.869918 2.187928e-15
0.870644 2.324687e-15
0.87137 5.026767e-15
0.872095 2.21086e-15
0.872821 2.239033e-15
0.873547 2.294994e-15
0.874272 2.326784e-15
0.874998 2.204339e-15
0.875724 2.233877e-15
0.876449 2.116558e-15
0.877175 2.256094e-15
0.877901 2.679002e-15
0.878626 2.17494e-15
0.879352 2.158742e-15
0.880078 2.106582e-15
0.880804 2.053239e-15
0.881529 2.140342e-15
0.882255 2.296e-15
0.882981 2.517704e-15
0.883706 2.159446e-15
0.884432 2.175683e-15
0.885158 2.180431e-15
0.885883 2.213623e-15
0.886609 2.189557e-15
0.887335 2.232955e-15
0.88806 2.269748e-15
0.888786 2.238242e-15
0.889512 2.216364e-15
0.890238 2.181514e-15
0.890963 2.314481e-15
0.891689 2.108167e-15
0.892415 2.126379e-15
0.89314 2.121401e-15
0.893866 2.057416e-15
0.894592 2.011776e-15
0.895317 2.060331e-15
0.896043 2.080889e-15
0.896769 2.049744e-15
0.897494 2.08049e-15
0.89822 2.073836e-15
0.898946 2.107361e-15
0.899671 2.066764e-15
0.900397 1.997554e-15
0.901123 2.025167e-15
0.901849 2.109661e-15
0.902574 2.120639e-15
0.9033 2.079666e-15
0.904026 2.132935e-15
0.904751 2.094415e-15
0.905477 2.028278e-15
0.906203 2.02067e-15
0.906928 1.990495e-15
0.907654 1.984035e-15
0.90838 1.977397e-15
0.909105 2.022738e-15
0.909831 2.071466e-15
0.910557 2.094881e-15
0.911283 2.205003e-15
0.912008 2.405908e-15
0.912734 2.558273e-15
0.91346 2.633732e-15
0.914185 2.538589e-15
0.914911 2.419257e-15
0.915637 2.288322e-15
0.916362 2.172159e-15
0.917088 2.13504e-15
0.917814 2.194777e-15
0.918539 2.137575e-15
0.919265 2.174602e-15
0.919991 2.159927e-15
0.920717 2.1242e-15
0.921442 2.071667e-15
0.922168 2.093887e-15
0.922894 2.130835e-15
0.923619 2.170179e-15
0.924345 2.128894e-15
0.925071 2.109847e-15
0.925796 2.062792e-15
0.926522 2.071179e-15
0.927248 1.948936e-15
0.927973 1.841032e-15
0.928699 1.84797e-15
0.929425 1.852259e-15
0.93015 1.798954e-15
0.930876 1.815364e-15
0.931602 1.790585e-15
0.932328 1.721368e-15
0.933053 1.701181e-15
0.933779 1.707495e-15
0.934505 1.68051e-15
0.93523 1.74491e-15
0.935956 1.763669e-15
0.936682 1.822032e-15
0.937407 1.826708e-15
0.938133 1.747678e-15
0.938859 1.792093e-15
0.939584 1.742733e-15
0.94031 1.706174e-15
0.941036 1.935065e-15
0.941762 1.703266e-15
0.942487 1.627125e-15
0.943213 1.726739e-15
0.943939 1.671788e-15
0.944664 1.783288e-15
0.94539 1.850793e-15
0.946116 1.826697e-15
0.946841 1.771076e-15
0.947567 1.767097e-15
0.948293 1.704947e-15
0.949018 1.72813e-15
0.949744 1.661695e-15
0.95047 1.658323e-15
0.951196 2.062209e-15
0.951921 5.810465e-15
0.952647 2.187951e-15
0.953373 1.884852e-15
0.954098 1.875306e-15
0.954824 1.756479e-15
0.95555 1.747012e-15
0.956275 1.770413e-15
0.957001 1.991804e-15
0.957727 1.946619e-15
0.958452 1.836255e-15
0.959178 1.754908e-15
0.959904 1.651345e-15
0.960629 1.625341e-15
0.961355 1.621073e-15
0.962081 1.612546e-15
0.962807 1.597013e-15
0.963532 1.584547e-15
0.964258 1.559518e-15
0.964984 1.566642e-15
0.965709 1.548118e-15
0.966435 1.53604e-15
0.967161 1.528144e-15
0.967886 1.520915e-15
0.968612 1.519268e-15
0.969338 1.509884e-15
0.970063 1.541411e-15
0.970789 1.599356e-15
0.971515 1.727163e-15
0.972241 1.604116e-15
0.972966 1.645234e-15
0.973692 1.709513e-15
0.974418 1.76207e-15
0.975143 1.743064e-15
0.975869 1.71822e-15
0.976595 1.68159e-15
0.97732 1.636232e-15
0.978046 1.588596e-15
0.978772 1.572055e-15
0.979497 1.587852e-15
0.980223 1.65537e-15
0.980949 1.693799e-15
0.981675 1.602449e-15
0.9824 1.566936e-15
0.983126 1.562425e-15
0.983852 1.372226e-15
0.984577 1.498548e-15
0.985303 1.564752e-15
0.986029 1.570026e-15
0.986754 1.611202e-15
0.98748 1.588972e-15
0.988206 1.582765e-15
0.988931 1.612228e-15
0.989657 1.63024e-15
0.990383 1.646308e-15
0.991108 1.657147e-15
0.991834 1.713619e-15
0.99256 1.755631e-15
0.993286 1.77194e-15
0.994011 1.789161e-15
0.994737 1.861372e-15
0.995463 1.870706e-15
0.996188 1.907829e-15
0.996914 1.956938e-15
0.99764 2.007257e-15
0.998365 1.975224e-15
0.999091 1.922389e-15
0.999817 1.851963e-15
1.000542 1.757934e-15
1.001268 1.688747e-15
1.001994 1.615783e-15
1.00272 1.603375e-15
1.003445 1.588013e-15
1.004171 1.522132e-15
1.004897 1.519789e-15
1.005622 1.557072e-15
1.006348 1.505326e-15
1.007074 1.50151e-15
1.007799 1.515506e-15
1.008525 1.436005e-15
1.009251 1.458931e-15
1.009976 1.425395e-15
1.010702 1.441505e-15
1.011428 1.425446e-15
1.012154 1.38496e-15
1.012879 1.383157e-15
1.013605 1.424676e-15
1.014331 1.405935e-15
1.015056 1.397711e-15
1.015782 1.419339e-15
1.016508 1.394001e-15
1.017233 1.381816e-15
1.017959 1.36441e-15
1.018685 1.381715e-15
1.01941 1.382393e-15
1.020136 1.380971e-15
1.020862 1.35261e-15
1.021588 1.40521e-15
1.022313 1.379892e-15
1.023039 1.366515e-15
1.023765 1.376085e-15
1.02449 1.412626e-15
1.025216 1.41959e-15
1.025942 1.429546e-15
1.026667 1.441071e-15
1.027393 1.490524e-15
1.028119 1.519816e-15
1.028844 1.582924e-15
1.02957 1.681397e-15
1.030296 1.91213e-15
1.031021 1.994803e-15
1.031747 1.909237e-15
1.032473 1.908133e-15
1.033199 1.833941e-15
1.033924 1.753301e-15
1.03465 1.673209e-15
1.035376 1.590529e-15
1.036101 1.520612e-15
1.036827 1.464249e-15
1.037553 1.457849e-15
1.038278 1.426216e-15
1.039004 1.417228e-15
1.03973 1.369989e-15
1.040455 1.352102e-15
1.041181 1.350063e-15
1.041907 1.338384e-15
1.042633 1.290997e-15
1.043358 1.314915e-15
1.044084 1.358198e-15
1.04481 1.310963e-15
1.045535 1.288041e-15
1.046261 1.305643e-15
1.046987 1.290039e-15
1.047712 1.281068e-15
1.048438 1.283534e-15
1.049164 1.290541e-15
1.049889 1.279583e-15
1.050615 1.276456e-15
1.051341 1.265886e-15
1.052067 1.270283e-15
1.052792 1.269134e-15
1.053518 1.250359e-15
1.054244 1.264887e-15
1.054969 1.252441e-15
1.055695 1.25897e-15
1.056421 1.269671e-15
1.057146 1.260832e-15
1.057872 1.263041e-15
1.058598 1.241858e-15
1.059323 1.255303e-15
1.060049 1.274478e-15
1.060775 1.276946e-15
1.0615 1.261608e-15
1.062226 1.219042e-15
1.062952 1.253789e-15
1.063678 1.260313e-15
1.064403 1.269587e-15
1.065129 1.260402e-15
1.065855 1.304168e-15
1.06658 1.28006e-15
1.067306 1.285413e-15
1.068032 1.311762e-15
1.068757 1.330752e-15
1.069483 1.336337e-15
1.070209 1.336451e-15
1.070934 1.357306e-15
1.07166 1.358593e-15
1.072386 1.346767e-15
1.073112 1.327846e-15
1.073837 1.318479e-15
1.074563 1.34704e-15
1.075289 1.363487e-15
1.076014 1.383201e-15
1.07674 1.392706e-15
1.077466 1.41422e-15
1.078191 1.444983e-15
1.078917 1.491438e-15
1.079643 1.533645e-15
1.080368 1.604206e-15
1.081094 1.663281e-15
1.08182 1.675218e-15
1.082546 1.659458e-15
1.083271 1.689572e-15
1.083997 1.737549e-15
1.084723 1.782183e-15
1.085448 1.892939e-15
1.086174 2.007168e-15
1.0869 2.059742e-15
1.087625 1.992295e-15
1.088351 1.916255e-15
1.089077 1.790737e-15
1.089802 1.698538e-15
1.090528 1.601262e-15
1.091254 1.543694e-15
1.09198 1.50912e-15
1.092705 1.476807e-15
1.093431 1.484893e-15
1.094157 1.471317e-15
1.094882 1.439535e-15
1.095608 1.412851e-15
1.096334 1.393352e-15
1.097059 1.374495e-15
1.097785 1.351757e-15
1.098511 1.32156e-15
1.099236 1.365205e-15
1.099962 1.353497e-15
1.100688 1.340973e-15
1.101414 1.332202e-15
1.102139 1.289514e-15
1.102865 1.269482e-15
1.103591 1.262752e-15
1.104316 1.242566e-15
1.105042 1.239429e-15
1.105768 1.225666e-15
1.106493 1.232813e-15
1.107219 1.232388e-15
1.107945 1.207978e-15
1.10867 1.196808e-15
1.109396 1.190295e-15
1.110122 1.182951e-15
1.110848 1.214591e-15
1.111573 1.229876e-15
1.112299 1.217958e-15
1.113025 1.215145e-15
1.11375 1.220838e-15
1.114476 1.207076e-15
1.115202 1.211921e-15
1.115927 1.207381e-15
1.116653 1.205742e-15
1.117379 1.204014e-15
1.118104 1.205425e-15
1.11883 1.210259e-15
1.119556 1.199861e-15
1.120281 1.194821e-15
1.121007 1.201894e-15
1.121733 1.168732e-15
1.122459 1.194422e-15
1.123184 1.189292e-15
1.12391 1.203004e-15
1.124636 1.184115e-15
1.125361 1.169934e-15
1.126087 1.208199e-15
1.126813 1.198225e-15
1.127538 1.194108e-15
1.128264 1.210427e-15
1.12899 1.203864e-15
1.129715 1.227627e-15
1.130441 1.235461e-15
1.131167 1.225474e-15
1.131893 1.23807e-15
1.132618 1.251071e-15
1.133344 1.250741e-15
1.13407 1.251762e-15
1.134795 1.324118e-15
1.135521 1.387915e-15
1.136247 1.360785e-15
1.136972 1.318902e-15
1.137698 1.297959e-15
1.138424 1.29113e-15
1.139149 1.256503e-15
1.139875 1.237665e-15
1.140601 1.224076e-15
1.141327 1.215846e-15
1.142052 1.214185e-15
1.142778 1.203726e-15
1.143504 1.173414e-15
1.144229 1.173952e-15
1.144955 1.178501e-15
1.145681 1.169731e-15
1.146406 1.165301e-15
1.147132 1.213925e-15
1.147858 1.192636e-15
1.148583 1.166884e-15
1.149309 1.165393e-15
1.150035 1.195241e-15
1.150761 1.203665e-15
1.151486 1.19326e-15
1.152212 1.215386e-15
1.152938 1.237878e-15
1.153663 1.228511e-15
1.154389 1.223649e-15
1.155115 1.248579e-15
1.15584 1.258202e-15
1.156566 1.267456e-15
1.157292 1.274468e-15
1.158017 1.29091e-15
1.158743 1.321114e-15
1.159469 1.35049e-15
1.160195 1.381524e-15
1.16092 1.414964e-15
1.161646 1.41561e-15
1.162372 1.435404e-15
1.163097 1.468275e-15
1.163823 1.468763e-15
1.164549 1.537663e-15
1.165274 1.6125e-15
1.166 1.66606e-15
1.166726 1.787669e-15
1.167451 1.934676e-15
1.168177 2.133133e-15
1.168903 2.560435e-15
1.169629 3.022782e-15
1.170354 3.490559e-15
1.17108 3.573523e-15
1.171806 3.037832e-15
1.172531 2.428107e-15
1.173257 2.164591e-15
1.173983 2.079357e-15
1.174708 1.997149e-15
1.175434 1.906811e-15
1.17616 1.809454e-15
1.176885 1.735753e-15
1.177611 1.700507e-15
1.178337 1.675351e-15
1.179063 1.742965e-15
1.179788 1.81812e-15
1.180514 1.913288e-15
1.18124 2.037045e-15
1.181965 2.197671e-15
1.182691 2.367291e-15
1.183417 2.204578e-15
1.184142 2.087785e-15
1.184868 1.921888e-15
1.185594 1.759334e-15
1.186319 1.618928e-15
1.187045 1.518423e-15
1.187771 1.437551e-15
1.188496 1.376826e-15
1.189222 1.318372e-15
1.189948 1.297504e-15
1.190674 1.268031e-15
1.191399 1.257476e-15
1.192125 1.2428e-15
1.192851 1.239e-15
1.193576 1.208539e-15
1.194302 1.192209e-15
1.195028 1.17934e-15
1.195753 1.16745e-15
1.196479 1.166912e-15
1.197205 1.16151e-15
1.19793 1.166827e-15
1.198656 1.173533e-15
1.199382 1.169932e-15
1.200108 1.173885e-15
1.200833 1.182559e-15
1.201559 1.189613e-15
1.202285 1.208856e-15
1.20301 1.232673e-15
1.203736 1.218962e-15
1.204462 1.201683e-15
1.205187 1.188608e-15
1.205913 1.169398e-15
1.206639 1.154883e-15
1.207364 1.14044e-15
1.20809 1.127074e-15
1.208816 1.129909e-15
1.209542 1.137821e-15
1.210267 1.13511e-15
1.210993 1.132876e-15
1.211719 1.137463e-15
1.212444 1.132171e-15
1.21317 1.139203e-15
1.213896 1.142808e-15
1.214621 1.143694e-15
1.215347 1.156721e-15
1.216073 1.173066e-15
1.216798 1.189374e-15
1.217524 1.218657e-15
1.21825 1.266439e-15
1.218975 1.331307e-15
1.219701 1.391574e-15
1.220427 1.415748e-15
1.221153 1.40291e-15
1.221878 1.36249e-15
1.222604 1.324732e-15
1.22333 1.276108e-15
1.224055 1.213285e-15
1.224781 1.18675e-15
1.225507 1.158976e-15
1.226232 1.163347e-15
1.226958 1.143244e-15
1.227684 1.121583e-15
1.228409 1.118641e-15
1.229135 1.101519e-15
1.229861 1.096074e-15
1.230587 1.097648e-15
1.231312 1.104262e-15
1.232038 1.09193e-15
1.232764 1.090208e-15
1.233489 1.087581e-15
1.234215 1.090732e-15
1.234941 1.082376e-15
1.235666 1.068246e-15
1.236392 1.071423e-15
1.237118 1.071533e-15
1.237843 1.089285e-15
1.238569 1.098455e-15
1.239295 1.08081e-15
1.240021 1.086381e-15
1.240746 1.076017e-15
1.241472 1.077819e-15
1.242198 1.088288e-15
1.242923 1.07244e-15
1.243649 1.078611e-15
1.244375 1.08012e-15
1.2451 1.07379e-15
1.245826 1.077936e-15
1.246552 1.074971e-15
1.247277 1.071569e-15
1.248003 1.074458e-15
1.248729 1.076104e-15
1.249454 1.07499e-15
1.25018 1.076399e-15
1.250906 1.074351e-15
1.251632 1.071697e-15
1.252357 1.076152e-15
1.253083 1.083296e-15
1.253809 1.080775e-15
1.254534 1.082757e-15
1.25526 1.079583e-15
1.255986 1.07325e-15
1.256711 1.080299e-15
1.257437 1.081344e-15
1.258163 1.085155e-15
1.258888 1.075019e-15
1.259614 1.073416e-15
1.26034 1.071321e-15
1.261066 1.07285e-15
1.261791 1.075134e-15
1.262517 1.067222e-15
1.263243 1.0665e-15
1.263968 1.060378e-15
1.264694 1.064087e-15
1.26542 1.056275e-15
1.266145 1.06646e-15
1.266871 1.075159e-15
1.267597 1.060772e-15
1.268322 1.109216e-15
1.269048 1.084272e-15
1.269774 1.095047e-15
1.2705 1.093906e-15
1.271225 1.068026e-15
1.271951 1.068698e-15
1.272677 1.063847e-15
1.273402 1.075057e-15
1.274128 1.068067e-15
1.274854 1.081131e-15
1.275579 1.07801e-15
1.276305 1.077311e-15
1.277031 1.083662e-15
1.277756 1.111246e-15
1.278482 1.105967e-15
1.279208 1.090418e-15
1.279933 1.098975e-15
1.280659 1.067948e-15
1.281385 1.097311e-15
1.282111 1.120315e-15
1.282836 1.103387e-15
1.283562 1.098931e-15
1.284288 1.098187e-15
1.285013 1.108762e-15
1.285739 1.110987e-15
1.286465 1.098101e-15
1.28719 1.077574e-15
1.287916 1.072594e-15
1.288642 1.074877e-15
1.289367 1.065277e-15
1.290093 1.055468e-15
1.290819 1.059235e-15
1.291545 1.067304e-15
1.29227 1.060269e-15
1.292996 1.042587e-15
1.293722 1.054049e-15
1.294447 1.04897e-15
1.295173 1.055898e-15
1.295899 1.043496e-15
1.296624 1.042635e-15
1.29735 1.029295e-15
1.298076 1.047479e-15
1.298801 1.045463e-15
1.299527 1.040659e-15
1.300253 1.03852e-15
1.300979 1.032192e-15
1.301704 1.040187e-15
1.30243 1.002652e-15
1.303156 7.183714e-16
1.303881 1.034599e-15
1.304607 1.035782e-15
1.305333 1.03062e-15
1.306058 1.018499e-15
1.306784 1.043571e-15
1.30751 1.035887e-15
1.308235 1.034227e-15
1.308961 1.029824e-15
1.309687 1.019607e-15
1.310412 1.021461e-15
1.311138 1.024425e-15
1.311864 1.024954e-15
1.31259 1.029572e-15
1.313315 1.029278e-15
1.314041 1.016057e-15
1.314767 1.022142e-15
1.315492 1.023928e-15
1.316218 1.01607e-15
1.316944 1.023624e-15
1.317669 1.024302e-15
1.318395 1.011857e-15
1.319121 1.016194e-15
1.319846 1.005125e-15
1.320572 1.018283e-15
1.321298 1.019658e-15
1.322024 1.008522e-15
1.322749 1.009474e-15
1.323475 1.011975e-15
1.324201 1.001157e-15
1.324926 1.005876e-15
1.325652 1.004959e-15
1.326378 9.944135e-16
1.327103 9.417681e-16
1.327829 9.753063e-16
1.328555 1.000058e-15
1.32928 1.010807e-15
1.330006 1.003256e-15
1.330732 9.95355e-16
1.331458 9.9998e-16
1.332183 1.006033e-15
1.332909 9.981074e-16
1.333635 1.011317e-15
1.33436 1.01587e-15
1.335086 1.005771e-15
1.335812 1.017233e-15
1.336537 1.009248e-15
1.337263 1.01221e-15
1.337989 1.017691e-15
1.338714 1.027469e-15
1.33944 1.016935e-15
1.340166 1.008119e-15
1.340892 1.015986e-15
1.341617 1.016123e-15
1.342343 1.024381e-15
1.343069 1.008202e-15
1.343794 9.902632e-16
1.34452 1.016116e-15
1.345246 1.010154e-15
1.345971 9.965251e-16
1.346697 1.007793e-15
1.347423 9.769576e-16
1.348148 1.001671e-15
1.348874 1.017021e-15
1.3496 9.97005e-16
1.350325 1.005713e-15
1.351051 1.025909e-15
1.351777 1.03051e-15
1.352503 1.026885e-15
1.353228 1.007109e-15
1.353954 9.905806e-16
1.35468 9.609336e-16
1.355405 1.001582e-15
1.356131 9.889193e-16
1.356857 9.676503e-16
1.357582 9.322138e-16
1.358308 9.363088e-16
1.359034 9.802024e-16
1.359759 9.885582e-16
1.360485 9.369065e-16
1.361211 1.077074e-15
1.361937 1.360331e-15
1.362662 1.061245e-15
1.363388 1.010253e-15
1.364114 8.79519e-16
1.364839 8.582527e-16
1.365565 1.006097e-15
1.366291 9.382136e-16
1.367016 9.070247e-16
1.367742 1.137548e-15
1.368468 1.037062e-15
1.369193 9.719015e-16
1.369919 9.056729e-16
1.370645 8.912068e-16
1.371371 9.548976e-16
1.372096 1.063145e-15
1.372822 1.111464e-15
1.373548 1.034915e-15
1.374273 1.059322e-15
1.374999 1.106486e-15
1.375725 1.044078e-15
1.37645 1.046114e-15
1.377176 1.183921e-15
1.377902 1.116516e-15
1.378627 1.179094e-15
1.379353 1.244256e-15
1.380079 1.160493e-15
1.380804 1.281176e-15
1.38153 1.399972e-15
1.382256 1.245921e-15
1.382982 1.859368e-15
1.383707 1.986682e-15
1.384433 1.998666e-15
1.385159 2.221202e-15
1.385884 2.495694e-15
1.38661 2.403159e-15
1.387336 2.16332e-15
1.388061 2.149366e-15
1.388787 1.9248e-15
1.389513 1.706292e-15
1.390238 1.537977e-15
1.390964 1.411932e-15
1.39169 1.268626e-15
1.392416 1.237434e-15
1.393141 1.231117e-15
1.393867 1.104428e-15
1.394593 1.029969e-15
1.395318 1.041607e-15
1.396044 1.112744e-15
1.39677 1.1172e-15
1.397495 1.106302e-15
1.398221 1.057111e-15
1.398947 9.807073e-16
1.399672 8.9321e-16
1.400398 1.054113e-15
1.401124 1.317857e-15
1.40185 1.1261e-15
1.402575 9.875581e-16
1.403301 9.273402e-16
1.404027 8.745721e-16
1.404752 1.054598e-15
1.405478 1.111781e-15
1.406204 9.335167e-16
1.406929 9.471257e-16
1.407655 9.976809e-16
1.408381 9.086066e-16
1.409106 9.457263e-16
1.409832 1.014878e-15
1.410558 9.830095e-16
1.411283 9.602436e-16
1.412009 9.598405e-16
1.412735 9.460857e-16
1.413461 8.885571e-16
1.414186 8.577363e-16
1.414912 9.136054e-16
1.415638 9.484857e-16
1.416363 9.527545e-16
1.417089 9.58568e-16
1.417815 9.914796e-16
1.41854 9.353329e-16
1.419266 9.521352e-16
1.419992 9.704424e-16
1.420717 1.033734e-15
1.421443 1.045675e-15
1.422169 9.886667e-16
1.422895 9.568103e-16
1.42362 1.01124e-15
1.424346 1.010512e-15
1.425072 9.960024e-16
1.425797 9.94482e-16
1.426523 9.592896e-16
1.427249 9.363721e-16
1.427974 9.66481e-16
1.4287 9.871684e-16
1.429426 9.96793e-16
1.430151 9.544564e-16
1.430877 9.089914e-16
1.431603 9.890308e-16
1.432329 1.009432e-15
1.433054 9.885724e-16
1.43378 9.467823e-16
1.434506 9.557209e-16
1.435231 9.557012e-16
1.435957 9.393305e-16
1.436683 9.088331e-16
1.437408 9.338838e-16
1.438134 9.79866e-16
1.43886 9.490242e-16
1.439585 9.405757e-16
1.440311 9.499796e-16
1.441037 9.358431e-16
1.441763 9.53868e-16
1.442488 9.586413e-16
1.443214 9.616409e-16
1.44394 9.498993e-16
1.444665 9.043426e-16
1.445391 9.485162e-16
1.446117 1.035876e-15
1.446842 9.843616e-16
1.447568 9.656864e-16
1.448294 9.499818e-16
1.449019 9.462961e-16
1.449745 9.103378e-16
1.450471 9.199673e-16
1.451196 9.567224e-16
1.451922 9.600937e-16
1.452648 9.549778e-16
1.453374 9.602264e-16
1.454099 9.47682e-16
1.454825 9.473329e-16
1.455551 9.380403e-16
1.456276 9.407946e-16
1.457002 9.400681e-16
1.457728 9.610214e-16
1.458453 9.647544e-16
1.459179 9.630396e-16
1.459905 9.323369e-16
1.46063 9.575226e-16
1.461356 9.607302e-16
1.462082 9.363327e-16
1.462808 9.419581e-16
1.463533 9.822867e-16
1.464259 9.593188e-16
1.464985 9.400699e-16
1.46571 9.402629e-16
1.466436 9.489177e-16
1.467162 9.578767e-16
1.467887 9.519704e-16
1.468613 9.358597e-16
1.469339 9.432841e-16
1.470064 9.319131e-16
1.47079 9.474449e-16
1.471516 9.605076e-16
1.472242 9.498234e-16
1.472967 9.741587e-16
1.473693 9.907028e-16
1.474419 9.772259e-16
1.475144 9.458926e-16
1.47587 9.442209e-16
1.476596 9.551872e-16
1.477321 9.601937e-16
1.478047 9.711023e-16
1.478773 9.747062e-16
1.479498 9.763053e-16
1.480224 9.600512e-16
1.48095 9.54113e-16
1.481676 9.631827e-16
1.482401 9.713561e-16
1.483127 9.742983e-16
1.483853 9.764209e-16
1.484578 9.536006e-16
1.485304 9.635486e-16
1.48603 9.554184e-16
1.486755 9.555419e-16
1.487481 9.640307e-16
1.488207 9.861362e-16
1.488932 9.729772e-16
1.489658 9.5497e-16
1.490384 9.56081e-16
1.491109 9.413702e-16
1.491835 9.372862e-16
1.492561 9.548154e-16
1.493287 9.542496e-16
1.494012 9.55542e-16
1.494738 9.374708e-16
1.495464 9.472781e-16
1.496189 9.490673e-16
1.496915 9.54436e-16
1.497641 9.537639e-16
1.498366 9.442839e-16
1.499092 9.576967e-16
1.499818 9.613769e-16
1.500543 9.607892e-16
1.501269 9.55925e-16
1.501995 9.617396e-16
1.502721 9.916807e-16
1.503446 9.609034e-16
1.504172 9.681098e-16
1.504898 9.748928e-16
1.505623 9.593042e-16
1.506349 9.454556e-16
1.507075 9.418569e-16
1.5078 9.499175e-16
1.508526 9.513661e-16
1.509252 9.487621e-16
1.509977 9.547803e-16
1.510703 9.483906e-16
1.511429 9.394841e-16
1.512155 9.49405e-16
1.51288 9.410511e-16
1.513606 9.454492e-16
1.514332 9.497368e-16
1.515057 9.469398e-16
1.515783 9.437158e-16
1.516509 9.390697e-16
1.517234 9.443303e-16
1.51796 9.457266e-16
1.518686 9.509642e-16
1.519411 9.443322e-16
1.520137 9.484674e-16
1.520863 9.544274e-16
1.521589 9.510432e-16
1.522314 9.471563e-16
1.52304 9.40912e-16
1.523766 9.345813e-16
1.524491 9.2504e-16
1.525217 9.307975e-16
1.525943 9.451244e-16
1.526668 9.528606e-16
1.527394 9.502627e-16
1.52812 9.376044e-16
1.528845 9.299627e-16
1.529571 9.271227e-16
1.530297 9.392374e-16
1.531023 9.399336e-16
1.531748 9.439548e-16
1.532474 9.510644e-16
1.5332 9.350673e-16
1.533925 9.363479e-16
1.534651 9.3842e-16
1.535377 9.361004e-16
1.536102 9.463236e-16
1.536828 9.456785e-16
1.537554 9.41965e-16
1.538279 9.518162e-16
1.539005 9.567127e-16
1.539731 9.562582e-16
1.540457 9.447595e-16
1.541182 9.58448e-16
1.541908 9.720065e-16
1.542634 9.736523e-16
1.543359 9.726245e-16
1.544085 9.889274e-16
1.544811 9.915063e-16
1.545536 9.989714e-16
1.546262 9.790241e-16
1.546988 9.656817e-16
1.547713 9.473204e-16
1.548439 9.438444e-16
1.549165 9.459665e-16
1.549891 9.346611e-16
1.550616 9.288819e-16
1.551342 9.289121e-16
1.552068 9.301296e-16
1.552793 9.46104e-16
1.553519 9.553587e-16
1.554245 9.599446e-16
1.55497 9.442674e-16
1.555696 9.397127e-16
1.556422 9.504602e-16
1.557147 9.536399e-16
1.557873 9.380488e-16
1.558599 9.357343e-16
1.559324 9.251958e-16
1.56005 9.274577e-16
1.560776 9.130758e-16
1.561502 9.247549e-16
1.562227 9.279068e-16
1.562953 9.058662e-16
1.563679 3.969047e-16
1.564404 4.147419e-16
1.56513 8.943094e-16
1.565856 9.205916e-16
1.566581 9.249247e-16
1.567307 9.402886e-16
1.568033 9.392229e-16
1.568758 9.523762e-16
1.569484 9.558925e-16
1.57021 9.619142e-16
1.570936 9.557848e-16
1.571661 9.452668e-16
1.572387 9.471475e-16
1.573113 9.352191e-16
1.573838 9.4028e-16
1.574564 9.430783e-16
1.57529 9.345764e-16
1.576015 9.25153e-16
1.576741 9.215259e-16
1.577467 9.267014e-16
1.578192 9.153496e-16
1.578918 9.141882e-16
1.579644 9.101786e-16
1.58037 9.099442e-16
1.581095 9.138928e-16
1.581821 9.179618e-16
1.582547 9.264356e-16
1.583272 9.192845e-16
1.583998 8.997882e-16
1.584724 9.149054e-16
1.585449 9.276612e-16
1.586175 9.354021e-16
1.586901 9.567284e-16
1.587626 9.682106e-16
1.588352 9.665181e-16
1.589078 9.597573e-16
1.589804 9.505488e-16
1.590529 9.416844e-16
1.591255 9.396452e-16
1.591981 9.301005e-16
1.592706 9.297896e-16
1.593432 9.339416e-16
1.594158 9.264434e-16
1.594883 9.100052e-16
1.595609 9.095171e-16
1.596335 9.105883e-16
1.59706 9.130326e-16
1.597786 9.071811e-16
1.598512 9.031401e-16
1.599238 9.07763e-16
1.599963 9.066339e-16
1.600689 9.084492e-16
1.601415 9.15915e-16
1.60214 9.061115e-16
1.602866 9.03917e-16
1.603592 8.976197e-16
1.604317 9.097944e-16
1.605043 9.259591e-16
1.605769 9.278604e-16
1.606494 9.318497e-16
1.60722 9.266959e-16
1.607946 9.29952e-16
1.608671 9.377021e-16
1.609397 9.404037e-16
1.610123 1.048269e-15
1.610849 1.753747e-15
1.611574 1.919458e-15
1.6123 1.13525e-15
1.613026 9.48428e-16
1.613751 9.437158e-16
1.614477 9.404135e-16
1.615203 9.37514e-16
1.615928 9.310097e-16
1.616654 9.190326e-16
1.61738 9.131155e-16
1.618105 9.087678e-16
1.618831 9.042739e-16
1.619557 8.932103e-16
1.620283 8.955684e-16
1.621008 9.217124e-16
1.621734 9.416714e-16
1.62246 9.464994e-16
1.623185 8.96344e-16
1.623911 8.827253e-16
1.624637 8.67241e-16
1.625362 8.740989e-16
1.626088 8.884014e-16
1.626814 9.180203e-16
1.627539 9.204339e-16
1.628265 8.910408e-16
1.628991 8.942135e-16
1.629717 8.889236e-16
1.630442 8.944342e-16
1.631168 8.954001e-16
1.631894 8.985661e-16
1.632619 9.045255e-16
1.633345 9.131179e-16
1.634071 9.085074e-16
1.634796 8.975773e-16
1.635522 8.944694e-16
1.636248 8.899106e-16
1.636973 8.925778e-16
1.637699 8.905764e-16
1.638425 8.942557e-16
1.63915 9.007801e-16
1.639876 8.936923e-16
1.640602 9.078847e-16
1.641328 9.05063e-16
1.642053 8.858667e-16
1.642779 9.129509e-16
1.643505 9.887762e-16
1.64423 9.168354e-16
1.644956 8.851602e-16
1.645682 8.909966e-16
1.646407 9.113591e-16
1.647133 9.074173e-16
1.647859 9.002903e-16
1.648584 8.922201e-16
1.64931 8.971029e-16
1.650036 9.112488e-16
1.650762 6.827571e-16
1.651487 4.272182e-16
1.652213 4.284529e-16
1.652939 8.48721e-16
1.653664 8.89252e-16
1.65439 8.84259e-16
1.655116 8.780111e-16
1.655841 8.847203e-16
1.656567 8.82401e-16
1.657293 8.883482e-16
1.658018 8.825166e-16
1.658744 8.818099e-16
1.65947 8.784907e-16
1.660196 8.785512e-16
1.660921 8.863081e-16
1.661647 8.815201e-16
1.662373 8.733283e-16
1.663098 8.726655e-16
1.663824 9.610442e-16
1.66455 9.490464e-16
1.665275 8.570304e-16
1.666001 8.117466e-16
1.666727 7.321478e-16
1.667452 8.743822e-16
1.668178 8.888476e-16
1.668904 8.807301e-16
1.669629 8.778535e-16
1.670355 8.766901e-16
1.671081 8.860078e-16
1.671807 8.599257e-16
1.672532 1.319414e-15
1.673258 1.556359e-15
1.673984 1.117088e-15
1.674709 9.130272e-16
1.675435 9.097391e-16
1.676161 8.985014e-16
1.676886 8.941715e-16
1.677612 8.904806e-16
1.678338 8.884246e-16
1.679063 9.006605e-16
1.679789 9.070203e-16
1.680515 9.071993e-16
1.68124 9.112172e-16
1.681966 9.0746e-16
1.682692 8.981174e-16
1.683418 8.875279e-16
1.684143 8.884409e-16
1.684869 8.858484e-16
1.685595 8.714409e-16
1.68632 8.748746e-16
1.687046 8.888949e-16
1.687772 8.843188e-16
1.688497 8.891133e-16
1.689223 8.986392e-16
1.689949 8.916514e-16
1.690674 8.628669e-16
1.6914 8.426967e-16
1.692126 8.745477e-16
1.692852 8.685586e-16
1.693577 8.752074e-16
1.694303 8.87332e-16
1.695029 8.786244e-16
1.695754 8.769914e-16
1.69648 8.713275e-16
1.697206 8.861164e-16
1.697931 8.868846e-16
1.698657 8.786201e-16
1.699383 8.81577e-16
1.700108 8.768981e-16
1.700834 8.383655e-16
1.70156 8.457574e-16
1.702286 8.657012e-16
1.703011 8.692855e-16
1.703737 8.737452e-16
1.704463 8.708056e-16
1.705188 8.636567e-16
1.705914 8.527002e-16
1.70664 8.525339e-16
1.707365 8.512797e-16
1.708091 8.421504e-16
1.708817 8.460721e-16
1.709542 8.688807e-16
1.710268 8.703586e-16
1.710994 8.703074e-16
1.71172 8.611452e-16
1.712445 8.589237e-16
1.713171 8.449181e-16
1.713897 8.675555e-16
1.714622 8.744257e-16
1.715348 9.00555e-16
1.716074 9.043565e-16
1.716799 8.829704e-16
1.717525 8.914755e-16
1.718251 8.840112e-16
1.718976 8.795143e-16
1.719702 8.745786e-16
1.720428 8.692824e-16
1.721154 8.438718e-16
1.721879 7.708832e-16
1.722605 8.591313e-16
1.723331 8.813219e-16
1.724056 8.704692e-16
1.724782 8.634072e-16
1.725508 8.505707e-16
1.726233 8.510646e-16
1.726959 8.642178e-16
1.727685 8.688786e-16
1.72841 8.719781e-16
1.729136 8.805592e-16
1.729862 8.716577e-16
1.730588 8.838862e-16
1.731313 8.74494e-16
1.732039 8.675892e-16
1.732765 8.606583e-16
1.73349 8.658846e-16
1.734216 8.774668e-16
1.734942 8.710149e-16
1.735667 8.765841e-16
1.736393 8.954112e-16
1.737119 8.983863e-16
1.737844 8.935182e-16
1.73857 8.80876e-16
1.739296 8.793562e-16
1.740021 8.919702e-16
1.740747 9.036337e-16
1.741473 9.269403e-16
1.742199 9.258389e-16
1.742924 9.165599e-16
1.74365 9.040821e-16
1.744376 8.99662e-16
1.745101 9.049811e-16
1.745827 8.813619e-16
1.746553 8.780479e-16
1.747278 8.854249e-16
1.748004 8.788127e-16
1.74873 8.721608e-16
1.749455 8.639025e-16
1.750181 8.405074e-16
1.750907 7.844363e-16
1.751633 8.190904e-16
1.752358 8.436096e-16
1.753084 8.451825e-16
1.75381 8.432118e-16
1.754535 8.493718e-16
1.755261 8.51128e-16
1.755987 8.587479e-16
1.756712 8.526344e-16
1.757438 8.470223e-16
1.758164 8.484693e-16
1.758889 8.51058e-16
1.759615 8.643002e-16
1.760341 8.603956e-16
1.761067 8.539957e-16
1.761792 8.576881e-16
1.762518 8.543346e-16
1.763244 8.60154e-16
1.763969 8.706712e-16
1.764695 8.58146e-16
1.765421 8.728665e-16
1.766146 8.492153e-16
1.766872 8.611756e-16
1.767598 8.622341e-16
1.768323 8.60774e-16
1.769049 8.741544e-16
1.769775 8.780535e-16
1.770501 8.845307e-16
1.771226 8.834939e-16
1.771952 8.871808e-16
1.772678 8.862135e-16
1.773403 8.746656e-16
1.774129 8.921817e-16
1.774855 9.020904e-16
1.77558 8.955258e-16
1.776306 8.987147e-16
1.777032 9.916019e-16
1.777757 1.196378e-15
1.778483 1.074166e-15
1.779209 9.067199e-16
1.779935 8.790475e-16
1.78066 8.516293e-16
1.781386 8.553616e-16
1.782112 8.673057e-16
1.782837 8.672968e-16
1.783563 8.553102e-16
1.784289 8.382683e-16
1.785014 8.487302e-16
1.78574 8.652943e-16
1.786466 8.71155e-16
1.787191 8.776327e-16
1.787917 8.567208e-16
1.788643 8.552764e-16
1.789369 8.470306e-16
1.790094 8.379767e-16
1.79082 8.370176e-16
1.791546 8.404602e-16
1.792271 8.409293e-16
1.792997 8.401282e-16
1.793723 8.537358e-16
1.794448 8.593494e-16
1.795174 8.522036e-16
1.7959 8.55064e-16
1.796625 8.524174e-16
1.797351 8.512782e-16
1.798077 8.676941e-16
1.798803 8.366308e-16
1.799528 8.175946e-16
1.800254 8.168574e-16
1.800979 8.236184e-16
1.801705 8.587852e-16
1.802431 8.920677e-16
1.803157 8.815586e-16
1.803882 8.748899e-16
1.804608 8.599935e-16
1.805334 8.496282e-16
1.806059 8.365776e-16
1.806785 8.602963e-16
1.807511 8.794193e-16
1.808236 8.787063e-16
1.808962 8.807665e-16
1.809688 8.624517e-16
1.810413 8.775169e-16
1.811139 9.093966e-16
1.811865 9.352487e-16
1.812591 9.23679e-16
1.813316 9.443247e-16
1.814042 9.760029e-16
1.814768 9.395279e-16
1.815493 9.558812e-16
1.816219 1.095183e-15
1.816945 1.147862e-15
1.81767 1.131344e-15
1.818396 1.094511e-15
1.819122 1.028993e-15
1.819847 9.641634e-16
1.825 8.842156e-16
1.83 8.847761e-16
1.835 8.853355e-16
1.84 8.858937e-16
1.845 8.864507e-16
1.85 8.870065e-16
1.855 8.875612e-16
1.86 8.881148e-16
1.865 8.886672e-16
1.87 8.892184e-16
1.875 8.897685e-16
1.88 8.903175e-16
1.885 8.908654e-16
1.89 8.914122e-16
1.895 8.919578e-16
1.9 8.925024e-16
1.905 8.930459e-16
1.91 8.935882e-16
1.915 8.941295e-16
1.92 8.946697e-16
1.925073 8.846786e-16
1.925798 8.481327e-16
1.926524 7.927997e-16
1.92725 8.092481e-16
1.927975 8.569115e-16
1.928701 8.63646e-16
1.929427 8.355745e-16
1.930153 8.178479e-16
1.930878 8.56368e-16
1.931604 8.359402e-16
1.932329 8.109918e-16
1.933055 8.609457e-16
1.933781 8.743775e-16
1.934507 8.75953e-16
1.935232 8.648162e-16
1.935958 8.339294e-16
1.936684 8.379394e-16
1.937409 8.632411e-16
1.938135 8.715455e-16
1.938861 8.9722e-16
1.939587 9.334116e-16
1.940312 9.538276e-16
1.941038 9.761652e-16
1.941763 9.72354e-16
1.942489 9.652364e-16
1.943215 9.523169e-16
1.943941 9.612282e-16
1.944666 1.017797e-15
1.945392 1.076925e-15
1.946118 1.05132e-15
1.946843 9.893878e-16
1.947569 9.552293e-16
1.948295 9.36919e-16
1.949021 9.225585e-16
1.949746 9.242923e-16
1.950472 9.290695e-16
1.951197 9.065643e-16
1.951923 8.746735e-16
1.952649 8.527462e-16
1.953375 8.455253e-16
1.9541 8.662519e-16
1.954826 8.706285e-16
1.955552 8.463196e-16
1.956277 8.397124e-16
1.957003 8.590666e-16
1.957729 8.869206e-16
1.958454 8.917882e-16
1.95918 9.218065e-16
1.959906 9.367842e-16
1.960631 9.247274e-16
1.961357 9.141227e-16
1.962083 9.049413e-16
1.962809 9.052331e-16
1.963534 9.269063e-16
1.96426 9.67342e-16
1.964986 9.866544e-16
1.965711 9.78824e-16
1.966437 9.760822e-16
1.967163 9.756385e-16
1.967888 9.538001e-16
1.968614 9.59445e-16
1.96934 8.117391e-16
1.970065 6.854732e-16
1.970791 8.538916e-16
1.971517 9.065861e-16
1.972243 9.103257e-16
1.972968 9.079627e-16
1.973694 8.984024e-16
1.97442 8.891213e-16
1.975145 8.921382e-16
1.975871 8.869255e-16
1.976597 8.854604e-16
1.977322 8.93492e-16
1.978048 8.799095e-16
1.978774 8.803962e-16
1.979499 8.831045e-16
1.980225 8.857662e-16
1.980951 9.104129e-16
1.981677 9.246449e-16
1.982402 9.022205e-16
1.983128 8.938748e-16
1.983854 8.865197e-16
1.984579 8.879029e-16
1.985305 8.928627e-16
1.986031 8.975509e-16
1.986756 8.624166e-16
1.987482 8.76961e-16
1.988208 9.208546e-16
1.988933 9.074781e-16
1.989659 8.961099e-16
1.990385 9.100523e-16
1.991111 9.225348e-16
1.991836 9.161102e-16
1.992562 9.076275e-16
1.993288 8.964339e-16
1.994013 8.959403e-16
1.994739 8.986785e-16
1.995465 8.903271e-16
1.99619 8.863113e-16
1.996916 8.742677e-16
1.997642 8.633187e-16
1.998367 8.574559e-16
1.999093 8.675685e-16
1.999819 8.534725e-16
2.000545 8.511503e-16
2.00127 8.374453e-16
2.001996 8.057988e-16
2.002721 8.105105e-16
2.003447 8.460531e-16
2.004173 8.361687e-16
2.004899 8.345625e-16
2.005624 8.51596e-16
2.00635 7.47987e-16
2.007076 9.016283e-16
2.007801 9.753563e-16
2.008527 8.216198e-16
2.009253 -1.773721e-16
2.009979 -1.770911e-16
2.010704 8.560469e-16
2.01143 9.443046e-16
2.012155 9.462406e-16
2.012881 9.578946e-16
2.013607 7.885204e-16
2.014333 6.876824e-16
2.015058 1.026378e-15
2.015784 1.048466e-15
2.01651 1.049555e-15
2.017235 1.074562e-15
2.017961 1.114001e-15
2.018687 1.150612e-15
2.019413 1.196186e-15
2.020138 1.220927e-15
2.020864 1.252215e-15
2.021589 1.341505e-15
2.022315 1.423237e-15
2.023041 1.527209e-15
2.023767 1.682304e-15
2.024492 1.847812e-15
2.025218 2.018381e-15
2.025944 2.187132e-15
2.026669 2.308764e-15
2.027395 2.431177e-15
2.028121 2.484205e-15
2.028846 2.281801e-15
2.029572 2.109965e-15
2.030298 1.967814e-15
2.031023 1.836059e-15
2.031749 1.712236e-15
2.032475 1.598972e-15
2.033201 1.492373e-15
2.033926 1.378081e-15
2.034652 1.278665e-15
2.035378 1.210755e-15
2.036103 1.189003e-15
2.036829 1.145076e-15
2.037555 1.104287e-15
2.03828 1.073133e-15
2.039006 1.043545e-15
2.039732 1.028442e-15
2.040457 9.939913e-16
2.041183 9.698388e-16
2.041909 9.646656e-16
2.042635 8.981259e-16
2.04336 7.492508e-16
2.044086 7.313711e-16
2.044812 8.722982e-16
2.045537 9.450609e-16
2.046263 9.35669e-16
2.046989 9.207164e-16
2.047714 9.164553e-16
2.04844 8.978324e-16
2.049166 8.855282e-16
2.049891 9.017764e-16
2.050617 8.951897e-16
2.051343 8.755705e-16
2.052069 8.879579e-16
2.052794 8.973362e-16
2.05352 8.788767e-16
2.054246 8.713675e-16
2.054971 8.751124e-16
2.055697 8.681755e-16
2.056423 8.673433e-16
2.057148 8.744232e-16
2.057874 8.773049e-16
2.0586 8.882834e-16
2.059325 8.916989e-16
2.060051 8.916798e-16
2.060777 8.904176e-16
2.061503 8.780567e-16
2.062228 8.796152e-16
2.062954 8.915072e-16
2.06368 8.9283e-16
2.064405 8.958291e-16
2.065131 8.820329e-16
2.065857 8.80701e-16
2.066582 8.899998e-16
2.067308 8.850111e-16
2.068034 8.839329e-16
2.068759 8.934183e-16
2.069485 8.9586e-16
2.070211 8.933715e-16
2.070937 8.985005e-16
2.071662 8.963012e-16
2.072388 8.925557e-16
2.073114 9.009688e-16
2.073839 8.905351e-16
2.074565 8.903005e-16
2.075291 8.988857e-16
2.076016 8.906195e-16
2.076742 8.901575e-16
2.077468 8.93229e-16
2.078193 9.016855e-16
2.078919 8.998076e-16
2.079645 8.995412e-16
2.080371 8.962656e-16
2.081096 8.89387e-16
2.081822 8.886969e-16
2.082548 8.865507e-16
2.083273 8.869859e-16
2.083999 8.881932e-16
2.084725 8.87981e-16
2.08545 8.866435e-16
2.086176 8.951225e-16
2.086902 8.935445e-16
2.087627 8.884516e-16
2.088353 8.931408e-16
2.089079 9.009455e-16
2.089804 9.038243e-16
2.09053 9.012701e-16
2.091256 9.032909e-16
2.091982 9.025857e-16
2.092707 9.072362e-16
2.093433 9.135686e-16
2.094159 9.164795e-16
2.094884 9.261158e-16
2.09561 9.34127e-16
2.096336 9.328846e-16
2.097061 9.311621e-16
2.097787 9.35786e-16
2.098513 9.454168e-16
2.099238 9.563193e-16
2.099964 9.646829e-16
2.10069 9.765321e-16
2.101416 9.854208e-16
2.102141 9.895119e-16
2.102867 9.882536e-16
2.103593 9.918449e-16
2.104318 1.014208e-15
2.105044 1.012897e-15
2.10577 9.778102e-16
2.106495 9.567821e-16
2.107221 9.496031e-16
2.107947 9.432869e-16
2.108672 9.322269e-16
2.109398 9.301499e-16
2.110124 9.241102e-16
2.110849 9.18967e-16
2.111575 9.213811e-16
2.112301 9.198463e-16
2.113027 9.135196e-16
2.113752 9.186693e-16
2.114478 9.306426e-16
2.115204 9.329649e-16
2.115929 9.252168e-16
2.116655 9.286281e-16
2.117381 8.854002e-16
2.118106 8.156983e-16
2.118832 8.870793e-16
2.119558 9.392867e-16
2.120283 9.45661e-16
2.121009 9.497817e-16
2.121735 9.501643e-16
2.122461 9.414214e-16
2.123186 9.219766e-16
2.123912 9.076767e-16
2.124638 8.942672e-16
2.125363 8.909789e-16
2.126089 8.936957e-16
2.126815 8.992148e-16
2.12754 9.045034e-16
2.128266 9.022379e-16
2.128992 8.97866e-16
2.129717 8.933596e-16
2.130443 8.954674e-16
2.131169 8.977316e-16
2.131895 8.897157e-16
2.13262 8.814988e-16
2.133346 8.853502e-16
2.134072 8.941648e-16
2.134797 8.929696e-16
2.135523 8.981635e-16
2.136249 9.008972e-16
2.136974 8.942787e-16
2.1377 8.96808e-16
2.138426 8.931995e-16
2.139151 8.87639e-16
2.139877 8.922822e-16
2.140603 9.003251e-16
2.141329 8.969054e-16
2.142054 8.817564e-16
2.14278 8.904788e-16
2.143506 9.323281e-16
2.144231 9.162814e-16
2.144957 8.897515e-16
2.145683 8.894788e-16
2.146408 8.888398e-16
2.147134 8.91659e-16
2.14786 8.914138e-16
2.148585 8.95157e-16
2.149311 8.91136e-16
2.150037 8.765894e-16
2.150762 8.611103e-16
2.151488 8.5904e-16
2.152214 8.802928e-16
2.15294 8.915547e-16
2.153665 8.858555e-16
2.154391 8.815512e-16
2.155117 8.853604e-16
2.155842 8.959579e-16
2.156568 9.005673e-16
2.157294 9.014706e-16
2.158019 9.0471e-16
2.158745 9.062753e-16
2.159471 9.03196e-16
2.160196 9.072973e-16
2.160922 9.155161e-16
2.161648 9.592707e-16
2.162374 9.756835e-16
2.163099 9.113264e-16
2.163825 8.906208e-16
2.164551 9.066491e-16
2.165276 9.163303e-16
2.166002 9.161862e-16
2.166728 9.178049e-16
2.167453 9.149912e-16
2.168179 9.051384e-16
2.168905 8.982794e-16
2.16963 9.005196e-16
2.170356 9.059688e-16
2.171082 9.124065e-16
2.171808 9.069621e-16
2.172533 9.105518e-16
2.173259 9.127395e-16
2.173985 9.090374e-16
2.17471 9.036307e-16
2.175436 8.961255e-16
2.176162 8.935938e-16
2.176887 8.998161e-16
2.177613 9.033919e-16
2.178339 9.017813e-16
2.179064 8.97377e-16
2.17979 8.923871e-16
2.180516 8.867944e-16
2.181242 8.830632e-16
2.181967 8.82811e-16
2.182693 8.854615e-16
2.183419 8.894791e-16
2.184144 8.820785e-16
2.18487 8.369937e-16
2.185596 9.727978e-16
2.186321 1.059933e-15
2.187047 9.131938e-16
2.187773 8.744994e-16
2.188498 8.854981e-16
2.189224 8.876685e-16
2.18995 8.919501e-16
2.190676 8.992994e-16
2.191401 8.947071e-16
2.192127 8.894252e-16
2.192853 8.931555e-16
2.193578 9.008789e-16
2.194304 8.884431e-16
2.19503 8.784677e-16
2.195755 8.810357e-16
2.196481 8.771935e-16
2.197207 8.813621e-16
2.197932 8.852291e-16
2.198658 8.848277e-16
2.199384 8.841225e-16
2.20011 8.825499e-16
2.200835 8.850007e-16
2.201561 8.895208e-16
2.202287 8.921703e-16
2.203012 8.98755e-16
2.203738 8.89538e-16
2.204464 8.859764e-16
2.205189 9.04612e-16
2.205915 9.02989e-16
2.206641 9.004326e-16
2.207366 9.014034e-16
2.208092 9.031328e-16
2.208818 8.990337e-16
2.209544 9.029602e-16
2.210269 9.138187e-16
2.210995 9.049126e-16
2.211721 8.841224e-16
2.212446 8.832475e-16
2.213172 8.92149e-16
2.213898 8.906645e-16
2.214623 8.92934e-16
2.215349 8.965919e-16
2.216075 8.699315e-16
2.2168 8.711213e-16
2.217526 8.952205e-16
2.218252 8.893311e-16
2.218978 8.93313e-16
2.219703 9.012517e-16
2.220429 8.939327e-16
2.221154 8.954876e-16
2.22188 9.0365e-16
2.222606 9.01777e-16
2.223332 8.947032e-16
2.224057 8.985135e-16
2.224783 8.981118e-16
2.225509 8.974046e-16
2.226234 8.968079e-16
2.22696 9.075989e-16
2.227686 9.09096e-16
2.228412 8.994467e-16
2.229137 9.013885e-16
2.229863 8.962913e-16
2.230588 8.870745e-16
2.231314 8.840858e-16
2.23204 8.82135e-16
2.232766 8.876133e-16
2.233491 8.930543e-16
2.234217 8.939203e-16
2.234943 8.911217e-16
2.235668 8.915726e-16
2.236394 8.944941e-16
2.23712 8.996134e-16
2.237845 8.986528e-16
2.238571 9.031986e-16
2.239297 9.06703e-16
2.240022 8.977326e-16
2.240748 8.892898e-16
2.241474 8.83957e-16
2.2422 8.804229e-16
2.242925 8.843298e-16
2.243651 9.01342e-16
2.244377 9.090471e-16
2.245102 8.888645e-16
2.245828 8.808696e-16
2.246554 8.89344e-16
2.247279 8.970215e-16
2.248005 9.019289e-16
2.248731 8.961629e-16
2.249456 8.890126e-16
2.250182 8.4472e-16
2.250908 7.566989e-16
2.251634 7.917474e-16
2.252359 8.72655e-16
2.253085 8.927406e-16
2.253811 9.028892e-16
2.254536 9.041255e-16
2.255262 8.910505e-16
2.255988 8.872737e-16
2.256713 9.019432e-16
2.257439 9.018209e-16
2.258165 9.078982e-16
2.25889 9.153123e-16
2.259616 9.041378e-16
2.260342 8.971896e-16
2.261068 8.975349e-16
2.261793 8.934007e-16
2.262519 8.999709e-16
2.263245 9.064708e-16
2.26397 8.968811e-16
2.264696 8.998244e-16
2.265422 9.062829e-16
2.266147 9.11119e-16
2.266873 8.962184e-16
2.267599 8.749809e-16
2.268324 8.861221e-16
2.26905 8.962239e-16
2.269776 8.986465e-16
2.270502 9.032989e-16
2.271227 9.045126e-16
2.271953 9.024172e-16
2.272679 8.759906e-16
2.273404 8.803129e-16
2.27413 8.858928e-16
2.274856 8.775275e-16
2.275581 8.828025e-16
2.276307 8.973997e-16
2.277033 9.104493e-16
2.277758 9.100921e-16
2.278484 9.032979e-16
2.27921 8.981212e-16
2.279936 9.011472e-16
2.280661 8.987243e-16
2.281387 8.893689e-16
2.282113 8.8271e-16
2.282838 8.874806e-16
2.283564 9.056555e-16
2.28429 9.123778e-16
2.285015 9.174013e-16
2.285741 9.068333e-16
2.286467 8.946003e-16
2.287192 8.913846e-16
2.287918 8.902611e-16
2.288644 8.858302e-16
2.28937 8.87442e-16
2.290095 9.0088e-16
2.290821 9.0682e-16
2.291546 8.921171e-16
2.292272 8.938631e-16
2.292998 9.071383e-16
2.293724 9.041396e-16
2.294449 8.984387e-16
2.295175 9.050096e-16
2.295901 9.102276e-16
2.296626 9.042523e-16
2.297352 9.007994e-16
2.298078 9.007493e-16
2.298804 8.989281e-16
2.299529 9.012786e-16
2.300255 9.041789e-16
2.30098 9.112335e-16
2.301706 9.0699e-16
2.302432 8.910148e-16
2.303158 8.911019e-16
2.303883 9.034463e-16
2.304609 9.040701e-16
2.305335 9.107132e-16
2.30606 9.012776e-16
2.306786 9.018292e-16
2.307512 9.164526e-16
2.308238 9.094471e-16
2.308963 9.050948e-16
2.309689 9.156176e-16
2.310414 9.176072e-16
2.31114 9.026279e-16
2.311866 8.91485e-16
2.312592 8.986343e-16
2.313317 9.104394e-16
2.314043 9.077727e-16
2.314769 8.798017e-16
2.315494 8.557599e-16
2.31622 8.809951e-16
2.316946 9.098552e-16
2.317671 9.234283e-16
2.318397 9.21531e-16
2.319123 9.164243e-16
2.319848 9.254539e-16
2.320574 9.154857e-16
2.3213 9.041887e-16
2.322026 9.101332e-16
2.322751 9.23422e-16
2.323477 9.261703e-16
2.324203 9.23649e-16
2.324928 9.237704e-16
2.325654 9.105354e-16
2.32638 9.133586e-16
2.327105 9.251811e-16
2.327831 9.250716e-16
2.328557 9.216719e-16
2.329282 9.31885e-16
2.330008 9.371122e-16
2.330734 8.21982e-16
2.33146 7.273768e-16
2.332185 7.455963e-16
2.332911 8.30128e-16
2.333637 9.387708e-16
2.334362 9.374623e-16
2.335088 9.340485e-16
2.335814 9.444701e-16
2.336539 9.73616e-16
2.337265 9.806365e-16
2.337991 9.732411e-16
2.338716 9.891162e-16
2.339442 1.006377e-15
2.340168 1.02495e-15
2.340894 1.04816e-15
2.341619 1.033363e-15
2.342345 1.019473e-15
2.343071 1.030501e-15
2.343796 1.033915e-15
2.344522 1.023632e-15
2.345248 1.002963e-15
2.345973 9.91627e-16
2.346699 9.926731e-16
2.347425 9.765991e-16
2.34815 9.55755e-16
2.348876 9.451974e-16
2.349602 9.304126e-16
2.350328 9.184943e-16
2.351053 9.336525e-16
2.351779 9.363959e-16
2.352504 9.690607e-16
2.35323 1.005849e-15
2.353956 9.46196e-16
2.354682 9.319596e-16
2.355407 9.142929e-16
2.356133 9.005385e-16
2.356859 1.014305e-15
2.357584 1.333988e-15
2.35831 1.189028e-15
2.359036 9.605184e-16
2.359762 9.272132e-16
2.360487 9.284365e-16
2.361213 9.187017e-16
2.361938 9.118589e-16
2.362664 9.105485e-16
2.36339 9.338389e-16
2.364116 9.267709e-16
2.364841 8.95521e-16
2.365567 9.070005e-16
2.366293 9.080644e-16
2.367018 8.93067e-16
2.367744 9.045482e-16
2.36847 9.080544e-16
2.369196 8.743133e-16
2.369921 8.655462e-16
2.370647 8.88439e-16
2.371372 9.15557e-16
2.372098 9.266859e-16
2.372824 9.346975e-16
2.37355 9.361217e-16
2.374275 9.109183e-16
2.375001 9.014309e-16
2.375727 8.902514e-16
2.376452 8.859572e-16
2.377178 8.989385e-16
2.377904 9.298563e-16
2.378629 9.304774e-16
2.379355 9.237071e-16
2.380081 9.19461e-16
2.380806 9.19651e-16
2.381532 9.081463e-16
2.382258 9.009539e-16
2.382984 8.96361e-16
2.383709 9.081601e-16
2.384435 9.363197e-16
2.385161 9.30362e-16
2.385886 9.202622e-16
2.386612 8.995607e-16
2.387338 9.076672e-16
2.388063 9.221064e-16
2.388789 9.080738e-16
2.389515 9.037422e-16
2.39024 9.069673e-16
2.390966 9.143425e-16
2.391692 8.617648e-16
2.392418 7.236611e-16
2.393143 8.719676e-16
2.393869 9.142726e-16
2.394595 9.152855e-16
2.39532 9.192209e-16
2.396046 9.134608e-16
2.396772 9.156803e-16
2.397497 9.347344e-16
2.398223 9.120654e-16
2.398949 8.876213e-16
2.399674 9.182514e-16
2.43 8.81359e-16
2.45 8.736155e-16
2.47 8.6921e-16
2.49 8.680139e-16
2.51 8.699375e-16
2.53 8.74927e-16
2.55 8.829618e-16
2.57 8.940534e-16
2.60518 9.634422e-16
2.61459 9.329503e-16
2.624 9.192046e-16
2.63341 9.565676e-16
2.64283 1.012616e-15
2.65226 1.018152e-15
2.66169 1.10109e-15
2.67112 1.040143e-15
2.68056 1.006565e-15
2.69 9.776101e-16
2.69945 8.964312e-16
2.7089 9.639664e-16
2.71836 1.026206e-15
2.72782 9.877304e-16
2.73729 9.092784e-16
2.74676 9.332266e-16
2.75623 9.81424e-16
2.76571 9.225988e-16
2.77519 8.901615e-16
2.78468 8.00017e-16
2.79417 7.680726e-16
2.80367 8.26193e-16
2.81317 7.725758e-16
2.82267 8.587713e-16
2.83218 7.955567e-16
2.84169 8.240156e-16
2.8512 9.515904e-16
2.86072 9.538255e-16
2.87024 9.111212e-16
2.87976 9.021717e-16
2.88929 9.105989e-16
2.89883 9.029156e-16
2.90836 8.564956e-16
2.9179 8.475157e-16
2.92744 8.044434e-16
2.93699 8.723838e-16
2.94654 8.212853e-16
2.95609 8.846615e-16
2.96565 7.675962e-16
2.9752 8.583772e-16
2.98477 9.398566e-16
2.99433 9.49978e-16
3.0039 8.60154e-16
3.01347 8.620968e-16
3.02304 8.530032e-16
3.03262 8.171928e-16
3.0422 8.122865e-16
3.05178 7.930734e-16
3.06137 8.548192e-16
3.07096 8.845888e-16
3.08055 8.015259e-16
3.09014 8.928568e-16
3.09974 8.244093e-16
3.10933 9.036332e-16
3.11894 7.818529e-16
3.12854 7.766854e-16
3.13815 8.003263e-16
3.14775 8.113962e-16
3.15737 8.299378e-16
3.16698 8.673997e-16
3.17659 8.690638e-16
3.18621 9.218917e-16
3.19583 8.942774e-16
3.20545 8.364847e-16
3.21508 7.927744e-16
3.22471 8.839697e-16
3.23434 8.408128e-16
3.24397 8.361656e-16
3.2536 8.553045e-16
3.26324 8.610095e-16
3.27287 8.470242e-16
3.28251 8.285958e-16
3.29215 7.747661e-16
3.3018 6.800027e-16
3.31144 8.705692e-16
3.32109 8.799381e-16
3.33074 9.409123e-16
3.34039 8.365735e-16
3.35004 7.605943e-16
3.35969 7.443556e-16
3.36935 9.189408e-16
3.37901 9.364151e-16
3.38867 9.38886e-16
3.39833 9.613469e-16
3.40799 9.816475e-16
3.41765 8.842907e-16
3.42732 8.799832e-16
3.43699 8.422971e-16
3.44666 8.801466e-16
3.45633 8.673192e-16
3.466 9.710184e-16
3.47567 9.657231e-16
3.48535 7.927703e-16
3.49502 8.300344e-16
3.5047 7.646033e-16
3.51438 8.146804e-16
3.52406 7.903052e-16
3.53374 9.079564e-16
3.54342 8.559006e-16
3.55311 8.594711e-16
3.56279 8.135964e-16
3.57248 7.929036e-16
3.58217 7.760318e-16
3.59186 7.256848e-16
3.60155 7.749168e-16
3.61124 8.507898e-16
3.62093 7.797909e-16
3.63062 7.702538e-16
3.64032 7.390654e-16
3.65001 7.545674e-16
3.65971 8.172817e-16
3.66941 8.171145e-16
3.6791 7.610192e-16
3.6888 8.239508e-16
3.6985 7.828771e-16
3.70821 8.406372e-16
3.71791 8.623402e-16
3.72761 7.832926e-16
3.73732 8.413168e-16
3.74702 8.270617e-16
3.75673 9.230579e-16
3.76643 8.75116e-16
3.77614 8.577224e-16
3.78585 8.080524e-16
3.79556 7.929639e-16
3.80527 8.294174e-16
3.81498 8.315638e-16
3.82469 8.795164e-16
3.8344 8.128647e-16
3.84412 8.06546e-16
3.85383 7.533456e-16
3.86355 7.782677e-16
3.87326 7.284626e-16
3.88298 6.169471e-16
3.89269 7.563853e-16
3.90241 6.586949e-16
3.91213 6.123882e-16
3.92185 6.427219e-16
3.93156 6.585221e-16
3.94128 6.604604e-16
3.951 6.055896e-16
3.96072 6.504256e-16
3.97045 7.00793e-16
3.98017 7.15349e-16
3.98989 8.020422e-16
3.99961 7.376526e-16
4.00933 7.887749e-16
4.01906 6.107327e-16
4.02878 5.857903e-16
4.03851 7.497419e-16
4.04823 8.03464e-16
4.05796 7.997334e-16
4.06768 7.378585e-16
4.07741 7.156426e-16
4.08713 6.768436e-16
4.09686 7.283298e-16
4.10659 7.78128e-16
4.11631 8.214377e-16
4.12604 7.766637e-16
4.13577 7.054825e-16
4.1455 6.915305e-16
4.15523 7.375986e-16
4.16496 6.511741e-16
4.17469 5.172785e-16
4.18441 5.242448e-16
4.19414 5.714606e-16
4.20387 5.938258e-16
4.2136 6.30043e-16
4.22333 5.973076e-16
4.23306 7.13593e-16
4.2428 7.455666e-16
4.25253 7.740824e-16
4.26226 7.71895e-16
4.27199 6.818734e-16
4.28172 8.102128e-16
4.29145 7.84042e-16
4.30118 7.094959e-16
4.31091 6.274433e-16
4.32064 6.614483e-16
4.33038 7.02641e-16
4.34011 7.41746e-16
4.34984 8.558696e-16
4.35957 8.850369e-16
4.3693 8.422272e-16
4.37904 7.673531e-16
4.38877 7.448505e-16
4.3985 6.595825e-16
4.40823 5.622822e-16
4.41796 6.134908e-16
4.42769 5.953356e-16
4.43743 5.542314e-16
4.44716 4.179714e-16
4.45689 5.620057e-16
4.46662 6.020107e-16
4.47635 5.486101e-16
4.48608 5.288206e-16
4.49581 5.276792e-16
4.50555 5.174767e-16
4.51528 5.489201e-16
4.52501 5.925282e-16
4.53474 6.922077e-16
4.54447 7.974159e-16
4.5542 8.088115e-16
4.56393 8.291971e-16
4.57366 7.020351e-16
4.58339 6.660598e-16
4.59312 6.623405e-16
4.60284 6.759119e-16
4.61257 7.052134e-16
4.6223 6.687145e-16
4.63203 6.922667e-16
4.64176 6.402015e-16
4.65148 6.367506e-16
4.66121 6.396196e-16
4.67094 6.609338e-16
4.68066 7.22498e-16
4.69039 7.30109e-16
4.70012 7.552229e-16
4.70984 7.577889e-16
4.71957 6.520913e-16
4.72929 6.364399e-16
4.73901 6.05855e-16
4.74874 7.115924e-16
4.75846 7.200392e-16
4.76818 6.640486e-16
4.7779 7.390422e-16
4.78763 6.465812e-16
4.79735 7.37731e-16
4.80707 7.212742e-16
4.81679 6.680657e-16
4.8265 6.014989e-16
4.83622 7.020502e-16
4.84594 6.673028e-16
4.85566 7.496992e-16
4.86537 7.026449e-16
4.87509 7.373905e-16
4.8848 6.267511e-16
4.89452 6.597504e-16
5.0 6.775736e-16
5.1 6.735138e-16
5.2 6.681569e-16
5.3 6.6161e-16
5.4 6.539792e-16
5.51967 6.442197e-16
5.54991 6.384074e-16
5.58015 6.4369e-16
5.61039 6.22988e-16
5.64063 6.164743e-16
5.67088 6.292309e-16
5.70112 6.25961e-16
5.73136 6.158403e-16
5.7616 6.042642e-16
5.79184 6.01415e-16
5.82209 6.013264e-16
5.85233 5.926374e-16
5.88257 5.934142e-16
5.91281 6.044791e-16
5.94305 5.971982e-16
5.9733 5.907489e-16
6.00354 5.874417e-16
6.03378 5.845679e-16
6.06402 5.859387e-16
6.09426 5.815708e-16
6.12451 5.726515e-16
6.15475 5.734181e-16
6.18499 5.63085e-16
6.21523 5.613269e-16
6.24547 5.600935e-16
6.27572 5.670496e-16
6.30596 5.55059e-16
6.3362 5.522163e-16
6.36644 5.484667e-16
6.39668 5.410407e-16
6.42693 5.430782e-16
6.45717 5.360963e-16
6.48741 5.349853e-16
6.51765 5.287631e-16
6.54789 5.278277e-16
6.57814 5.187681e-16
6.60838 5.206055e-16
6.63862 5.313824e-16
6.66886 5.294154e-16
6.6991 5.204004e-16
6.72935 5.190479e-16
6.75959 5.20684e-16
6.78983 5.142733e-16
6.82007 5.061764e-16
6.85031 5.002095e-16
6.88056 5.004927e-16
6.9108 4.987115e-16
6.94104 4.886782e-16
6.97128 4.767689e-16
7.00152 4.818675e-16
7.03177 4.803533e-16
7.06201 4.898908e-16
7.09225 4.888565e-16
7.12249 4.695761e-16
7.15273 4.682018e-16
7.18298 4.74286e-16
7.21322 4.647597e-16
7.24346 4.762226e-16
7.2737 4.676528e-16
7.30394 4.664787e-16
7.33419 4.664759e-16
7.36443 4.684003e-16
7.39467 4.590745e-16
7.42491 4.581863e-16
7.45515 4.596601e-16
7.4854 4.607933e-16
7.51564 4.566665e-16
7.57612 4.477824e-16
7.6366 4.385229e-16
7.69709 4.263717e-16
7.75757 4.268063e-16
7.81805 4.279564e-16
7.87854 4.253632e-16
7.93902 4.176166e-16
7.99951 4.154788e-16
8.05999 4.205037e-16
8.12047 4.15003e-16
8.180959 4.0982e-16
8.24144 4.160796e-16
8.30192 4.12004e-16
8.362409 3.986229e-16
8.42289 3.910588e-16
8.48337 3.670756e-16
8.54386 3.771138e-16
8.60434 3.669048e-16
8.66483 3.637363e-16
8.72531 3.673367e-16
8.785791 3.668762e-16
8.84628 3.647368e-16
8.90676 3.600103e-16
8.967241 3.607819e-16
9.02773 3.550941e-16
9.08821 3.520965e-16
9.14869 3.473613e-16
9.20918 3.43953e-16
9.26966 3.438695e-16
9.33015 3.36667e-16
9.39063 3.450582e-16
9.45111 3.445863e-16
9.511599 3.424625e-16
9.57208 3.373823e-16
9.63256 3.395478e-16
9.69305 3.417155e-16
9.75353 3.42148e-16
9.814009 3.437269e-16
9.8745 3.455306e-16
9.93498 3.439911e-16
9.99547 3.456617e-16
10.05595 3.505383e-16
10.11643 3.511375e-16
10.17692 3.528059e-16
10.2374 3.581431e-16
10.29788 3.631492e-16
10.35837 3.635614e-16
10.41885 3.613313e-16
10.47933 3.581593e-16
10.53982 3.616276e-16
10.6003 3.630572e-16
10.660791 3.628037e-16
10.72127 3.601276e-16
10.78175 3.60576e-16
10.842241 3.611371e-16
10.90272 3.599547e-16
10.9632 3.573233e-16
11.02369 3.56659e-16
11.08417 3.583079e-16
11.144651 3.486586e-16
11.20514 3.464377e-16
11.26562 3.465232e-16
11.32611 3.467459e-16
11.38659 3.502414e-16
11.44707 3.461705e-16
11.50756 3.459511e-16
11.56804 3.425216e-16
11.62852 3.372598e-16
11.689009 3.334209e-16
11.74949 3.304774e-16
11.80997 3.297615e-16
11.870459 3.225094e-16
11.93094 3.213331e-16
11.99143 3.195469e-16
12.05191 3.187742e-16
12.11239 3.161305e-16
12.17288 3.165714e-16
12.23336 3.124702e-16
12.293841 3.062887e-16
12.35433 3.04572e-16
12.41481 2.995735e-16
12.475291 2.946477e-16
12.53578 2.899517e-16
12.59626 2.884141e-16
12.65675 2.87121e-16
12.71723 2.839148e-16
12.77771 2.791919e-16
12.8382 2.800911e-16
12.89868 2.74788e-16
12.95916 2.7018e-16
13.019651 2.662656e-16
13.08013 2.641934e-16
13.140609 2.59193e-16
13.2011 2.576212e-16
13.26158 2.543522e-16
13.322059 2.519886e-16
13.38255 2.463582e-16
13.44303 2.450559e-16
13.50352 2.437254e-16
13.564 2.409818e-16
13.62448 2.412524e-16
13.68497 2.395462e-16
13.74545 2.389314e-16
13.80593 2.362986e-16
13.86642 2.362386e-16
13.9269 2.306762e-16
13.98738 2.305669e-16
14.06935 2.341216e-16
14.15403 2.373466e-16
14.238711 2.334005e-16
14.323381 2.369416e-16
14.408059 2.364711e-16
14.492739 2.342287e-16
14.577409 2.336557e-16
14.662091 2.309219e-16
14.74677 2.304073e-16
14.83145 2.281575e-16
14.91612 2.261007e-16
15.0008 2.243732e-16
15.08548 2.261355e-16
15.17015 2.236883e-16
15.25483 2.249784e-16
15.339509 2.230601e-16
15.42418 2.228866e-16
15.508859 2.219477e-16
15.593541 2.189971e-16
15.678211 2.186555e-16
15.762891 2.172734e-16
15.84757 2.182048e-16
15.932239 2.154109e-16
16.01692 2.16434e-16
16.1016 2.14462e-16
16.18628 2.144136e-16
16.27095 2.171575e-16
16.355631 2.144695e-16
16.440309 2.132314e-16
16.524981 2.123298e-16
16.609659 2.133898e-16
16.694339 2.150392e-16
16.779011 2.193665e-16
16.863689 2.185513e-16
16.94837 2.165241e-16
17.033039 2.183782e-16
17.11772 2.173758e-16
17.2024 2.149169e-16
17.287069 2.157133e-16
17.37175 2.173835e-16
17.45643 2.157888e-16
17.541109 2.169883e-16
17.62578 2.226082e-16
17.710461 2.209075e-16
17.795139 2.180348e-16
17.879811 2.167786e-16
17.964491 2.166707e-16
18.04917 2.148403e-16
18.133841 2.109322e-16
18.218519 2.11257e-16
18.3032 2.119083e-16
18.38787 2.149303e-16
18.47255 2.120108e-16
18.55723 2.08143e-16
18.641898 2.086382e-16
18.72658 2.062329e-16
18.811261 2.041076e-16
18.895941 2.035591e-16
18.980609 2.037518e-16
19.065291 1.994057e-16
19.149969 1.996688e-16
19.234641 2.008143e-16
19.31932 1.9843e-16
19.404 1.977945e-16
19.48867 1.954515e-16
19.573352 1.933413e-16
19.65803 1.934083e-16
19.7427 1.921357e-16
19.82738 1.915155e-16
19.912059 1.94145e-16
19.996731 1.927104e-16
20.081409 1.919118e-16
20.166091 1.850929e-16
20.25077 1.872613e-16
20.335439 1.807198e-16
20.42012 1.837121e-16
20.504802 1.812266e-16
20.58947 1.788051e-16
20.75883 1.752669e-16
20.928181 1.724092e-16
21.09753 1.675042e-16
21.266889 1.696382e-16
21.436239 1.665511e-16
21.6056 1.630464e-16
21.77495 1.611275e-16
21.9443 1.599517e-16
22.113661 1.566311e-16
22.283011 1.560248e-16
22.452359 1.523106e-16
22.621719 1.499037e-16
22.79107 1.476132e-16
22.96043 1.456732e-16
23.12978 1.428183e-16
23.29913 1.428485e-16
23.468491 1.401799e-16
23.637841 1.373033e-16
23.807191 1.367842e-16
23.976548 1.335526e-16
24.1459 1.331538e-16
24.315259 1.324665e-16
24.484609 1.291671e-16
24.653959 1.272082e-16
24.82332 1.254985e-16
24.99267 1.252203e-16
25.16202 1.24548e-16
25.331381 1.227807e-16
25.500731 1.202423e-16
25.670089 1.182516e-16
25.839439 1.150835e-16
26.008789 1.126654e-16
26.17815 1.107745e-16
26.3475 1.083341e-16
26.51685 1.056519e-16
26.686209 1.039431e-16
26.855559 1.032632e-16
27.024919 1.006319e-16
27.194269 9.947857e-17
27.363622 9.861905000000001e-17
27.532981 9.772275000000001e-17
27.702328 9.547248000000001e-17
27.871678 9.562439000000001e-17
28.041041 9.467279000000001e-17
28.210391 9.123029e-17
28.37975 8.944534e-17
28.5491 8.850000000000001e-17
28.71845 8.718301000000001e-17
28.887809 8.596875000000001e-17
29.057159 8.503819e-17
29.226509 8.316948000000001e-17
29.395869 8.273088e-17
29.565219 8.146263e-17
29.734578 8.113085e-17
29.903931 8.105484000000001e-17
30.073281 8.003001e-17
30.242641 7.791874000000001e-17
30.411991 7.717673e-17
30.581341 7.533694e-17
30.7507 7.503484000000001e-17
30.92005 7.404876e-17
31.089409 7.075974e-17
31.258759 7.088431e-17
31.428109 7.017659000000001e-17
31.597469 6.943419000000001e-17
31.766822 6.841565e-17
31.936172 6.692587e-17
32.105531 6.634519000000001e-17
32.274878 6.538859000000001e-17
32.444241 6.46239e-17
32.613591 6.357299000000001e-17
32.782941 6.178219e-17
32.9523 6.158702e-17
33.12165 5.959153e-17
33.291 5.94514e-17
33.460363 5.950834000000001e-17
33.629713 5.645055000000001e-17
33.799069 5.788477000000001e-17
33.968419 6.170513000000001e-17
34.137772 5.660239e-17
34.307128 5.5112290000000004e-17
34.476478 5.438387e-17
34.645828 5.646426000000001e-17
34.815191 5.640421000000001e-17
34.984538 5.4742840000000003e-17
35.1539 5.376248000000001e-17
35.32325 5.251547e-17
35.4926 5.5057180000000004e-17
35.661959 5.2182300000000003e-17
35.831309 5.0940930000000007e-17
36.000659 5.2844100000000007e-17
36.170022 5.058876000000001e-17
36.339372 4.998523e-17
36.508731 4.874207e-17
36.678081 4.700293e-17
36.847431 4.8621010000000005e-17
37.016787 5.1126310000000003e-17
37.186138 5.289962000000001e-17
37.355491 4.675831e-17
37.561497 4.7110540000000004e-17
37.937113 4.60586e-17
38.316484 4.502055e-17
38.69965 4.3996610000000006e-17
39.086647 4.2987020000000003e-17
39.477516 4.199194e-17
39.872291 4.101156e-17
40.271013 4.004601e-17
40.673725 3.9095410000000004e-17
41.080459 3.8159870000000005e-17
41.491266 3.7239480000000003e-17
41.906175 3.6334300000000005e-17
42.325238 3.5444370000000005e-17
42.748491 3.456975e-17
43.175975 3.3710430000000006e-17
43.607734 3.286643e-17
44.043813 3.203773e-17
44.484253 3.12243e-17
44.929094 3.042611e-17
45.378384 2.96431e-17
45.832166 2.88752e-17
46.290488 2.8122350000000004e-17
46.753391 2.7384450000000004e-17
47.220925 2.6661400000000002e-17
47.693134 2.59531e-17
48.170066 2.5259440000000002e-17
48.651769 2.4580290000000003e-17
49.138284 2.3915530000000003e-17
49.629666 2.3265e-17
50.125962 2.2628570000000002e-17
50.627222 2.200609e-17
51.133494 2.139738e-17
51.644831 2.080231e-17
52.161278 2.0220680000000003e-17
52.682894 1.965234e-17
53.209725 1.9097100000000003e-17
53.741819 1.855479e-17
54.279238 1.802522e-17
54.822031 1.7508210000000002e-17
55.37025 1.7003560000000002e-17
55.923956 1.6511080000000002e-17
56.4832 1.603059e-17
57.048031 1.556188e-17
57.618506 1.5104770000000002e-17
58.194694 1.465904e-17
58.776644 1.422451e-17
59.364406 1.3800980000000001e-17
59.95805 1.3388250000000001e-17
60.557631 1.2986110000000002e-17
61.163206 1.259438e-17
61.774838 1.221285e-17
62.392588 1.1841310000000002e-17
63.016519 1.147959e-17
63.646681 1.1127480000000001e-17
64.283144 1.0784790000000002e-17
64.925975 1.045132e-17
65.575238 1.012688e-17
66.230987 9.811281e-18
66.8933 9.504334e-18
67.562231 9.205851e-18
68.23785 8.915643e-18
68.920225 8.633532000000001e-18
69.609431 8.359334e-18
70.305519 8.092871e-18
71.008575 7.833964e-18
71.718656 7.582438e-18
72.435838 7.338121e-18
73.1602 7.100844e-18
73.8918 6.8704370000000005e-18
74.630719 6.646735e-18
75.377031 6.429576e-18
76.130794 6.218802e-18
76.8921 6.014253e-18
77.661025 5.815774e-18
78.437631 5.623214e-18
79.222006 5.43642e-18
80.014231 5.255247e-18
80.814375 5.079552e-18
81.622512 4.909193e-18
82.438738 4.744027e-18
83.263125 4.583921e-18
84.095756 4.4287390000000004e-18
84.936712 4.278353e-18
85.786081 4.132631e-18
86.643938 3.991449e-18
87.510381 3.854682e-18
88.385481 3.722211e-18
89.269338 3.593916e-18
90.162031 3.469683e-18
91.06365 3.349398e-18
91.974288 3.232951e-18
92.894025 3.1202330000000002e-18
93.822969 3.011137e-18
94.7612 2.905563e-18
95.708813 2.803407e-18
96.6659 2.704573e-18
97.632563 2.608963e-18
98.608888 2.516483e-18
99.594975 2.427042e-18
100.590919 2.3405500000000002e-18
101.596831 2.25692e-18
102.6128 2.176067e-18
103.638931 2.097907e-18
104.675319 2.022361e-18
105.722075 1.949349e-18
106.779288 1.8787940000000002e-18
107.847088 1.810621e-18
108.92555 1.744757e-18
110.014813 1.681132e-18
111.11495 1.619677e-18
112.2261 1.560323e-18
113.348363 1.503006e-18
114.48185 1.44766e-18
115.626663 1.394226e-18
116.782938 1.342642e-18
117.950763 1.29285e-18
119.130263 1.244793e-18
120.321562 1.1984150000000001e-18
121.524788 1.153662e-18
122.740037 1.1104820000000001e-18
123.967425 1.068825e-18
125.207113 1.028639e-18
126.459188 9.898791e-19
127.723775 9.524969999999999e-19
129.001013 9.164475e-19
130.291025 8.816869999999999e-19
131.593925 8.481726999999999e-19
132.909875 8.158629999999999e-19
134.238975 7.847181e-19
135.581363 7.546988999999999e-19
136.937175 7.257675999999999e-19
138.30655 6.978872999999999e-19
139.689625 6.710228999999999e-19
141.086525 6.451397e-19
142.497388 6.202044e-19
143.92235 5.961847e-19
145.361588 5.730489e-19
146.8152 5.507666999999999e-19
148.283363 5.293089e-19
149.7662 5.086466999999999e-19
151.263875 4.887527e-19
152.776512 4.695999e-19
154.304275 4.511626e-19
155.847313 4.3341579999999997e-19
157.405788 4.1633499999999996e-19
158.979838 3.9989679999999995e-19
160.569625 3.8407839999999996e-19
162.175338 3.6885779999999995e-19
163.797088 3.5421379999999996e-19
165.43505 3.4012589999999997e-19
167.0894 3.26574e-19
168.760288 3.135388e-19
170.447888 3.0100199999999996e-19
172.152375 2.8894539999999996e-19
173.8739 2.7735169999999996e-19
175.612625 2.66204e-19
177.36875 2.5548619999999997e-19
179.14245 2.451824e-19
180.933875 2.3527749999999997e-19
182.743212 2.2575689999999996e-19
184.570638 2.1660659999999998e-19
186.41635 2.0781269999999999e-19
188.280513 1.993621e-19
190.163313 1.9124209999999998e-19
192.064938 1.8344039999999999e-19
193.985588 1.7594509999999998e-19
195.92545 1.687447e-19
197.8847 1.618282e-19
199.863538 1.5518489999999998e-19
201.862175 1.4880459999999998e-19
203.8808 1.426773e-19
205.919612 1.3679339999999998e-19
207.978813 1.3114369999999998e-19
210.0586 1.257194e-19
212.159175 1.2051169999999998e-19
214.280775 1.155125e-19
216.4236 1.1071369999999998e-19
218.587825 1.0610769999999999e-19
220.7737 1.01687e-19
222.98145 9.744448e-20
225.21125 9.337330999999999e-20
227.463375 8.946682e-20
229.738 8.571862e-20
232.0354 8.212253e-20
234.35575 7.867266e-20
236.699325 7.536327999999999e-20
239.066325 7.218888999999999e-20
241.456975 6.914422e-20
243.87155 6.622415e-20
246.31025 6.342377e-20
248.773375 6.073834999999999e-20
251.2611 5.816336e-20
253.773725 5.569443e-20
256.311475 5.3327349999999996e-20
258.874575 5.105805e-20
261.46335 4.8882649999999996e-20
264.077975 4.6797399999999995e-20
266.718725 4.4798699999999995e-20
269.385925 4.2883059999999995e-20
272.079775 4.1047169999999996e-20
274.800575 3.92878e-20
277.5486 3.760187e-20
280.324075 3.598641e-20
283.127325 3.4438589999999996e-20
285.9586 3.295566e-20
288.8182 3.1534989999999997e-20
291.706375 3.017404e-20
294.62345 2.887038e-20
297.5697 2.762168e-20
300.5454 2.6425699999999997e-20
303.55085 2.528026e-20
306.58635 2.41833e-20
309.6522 2.313284e-20
312.74875 2.2126939999999998e-20
315.87625 2.1163779999999998e-20
319.035 2.02416e-20
322.22535 1.9358699999999998e-20
325.447625 1.851346e-20
328.7021 1.770431e-20
331.9891 1.692976e-20
335.309025 1.618836e-20
338.6621 1.547874e-20
342.0487 1.479957e-20
345.4692 1.414958e-20
348.923875 1.352754e-20
352.4131 1.2932289999999999e-20
355.937225 1.2362709999999999e-20
359.4966 1.18177e-20
363.09155 1.129624e-20
366.722475 1.0797339999999999e-20
370.3897 1.0320049999999999e-20
374.0936 9.863445e-21
377.83455 9.426657e-21
381.6129 9.008846e-21
385.429 8.60921e-21
389.2833 8.226970999999999e-21
393.176125 7.861392e-21
397.107875 7.511765e-21
401.07895 7.177408e-21
405.08975 6.857668e-21
409.14065 6.55192e-21
413.232075 6.259566e-21
417.364375 5.980034e-21
421.538 5.712771e-21
425.7534 5.457252e-21
430.01095 5.212968e-21
434.31105 4.979438e-21
438.65415 4.756199e-21
443.0407 4.5428059999999996e-21
447.4711 4.338832e-21
451.9458 4.143872e-21
456.46525 3.957534e-21
461.0299 3.779444e-21
465.6402 3.609244e-21
470.29665 3.446592e-21
474.9996 3.291159e-21
479.7496 3.14263e-21
484.5471 3.000705e-21
489.3926 2.865095e-21
494.28655 2.735525e-21
499.2294 2.61173e-21
504.2217 2.4934579999999998e-21
509.26395 2.380466e-21
514.3566 2.272522e-21
519.50015 2.169406e-21
524.69515 2.070906e-21
529.9421 1.976817e-21
535.2415 1.886945e-21
540.59395 1.801105e-21
545.99985 1.719119e-21
551.45985 1.640816e-21
556.97445 1.566034e-21
562.54415 1.494617e-21
568.1696 1.426416e-21
573.8513 1.361287e-21
579.5898 1.299096e-21
585.3857 1.239711e-21
591.23955 1.183008e-21
597.15195 1.1288669999999999e-21
603.12345 1.077175e-21
609.1547 1.027821e-21
615.24625 9.807033000000001e-22
621.3987 9.357202e-22
627.61265 8.927771e-22
633.88875 8.517823e-22
640.22765 8.126489000000001e-22
646.6299 7.752935000000001e-22
653.0962 7.396365000000001e-22
659.62715 7.056016e-22
666.2234 6.731159e-22
672.8856 6.421101000000001e-22
679.6145 6.125174e-22
686.41065 5.842742e-22
693.2747 5.573201e-22
700.2075 5.315967e-22
707.2096 5.070484e-22
714.2817 4.836225e-22
721.42455 4.61268e-22
728.6388 4.399368e-22
735.92515 4.1958250000000003e-22
743.2844 4.00161e-22
750.71725 3.816298e-22
758.2244 3.639487e-22
765.80665 3.4707910000000003e-22
773.46475 3.309842e-22
781.19935 3.156289e-22
789.01135 3.009796e-22
796.90145 2.87004e-22
804.8705 2.736716e-22
812.91925 2.609531e-22
821.0484 2.488207e-22
829.2589 2.372474e-22
837.5515 2.262077e-22
845.927 2.156775e-22
854.3862 2.0563340000000001e-22
862.9301 1.960533e-22
871.5594 1.8691570000000002e-22
880.275 1.7820060000000002e-22
889.0777 1.6988860000000002e-22
897.9685 1.6196120000000002e-22
906.9482 1.544009e-22
916.0177 1.471906e-22
925.1779 1.403145e-22
934.4296 1.337572e-22
943.7739 1.27504e-22
953.2117 1.21541e-22
962.7438 1.158548e-22
972.3713 1.104326e-22
982.095 1.0526240000000001e-22
991.9159 1.003325e-22
1001.8 9.562982000000001e-23
