900.0 2.690019e-15
920.0 2.717239e-15
940.0 2.743365e-15
960.0 2.768436e-15
980.0 2.792486e-15
1000.0 2.815553e-15
1019.9999999999999 2.837668e-15
1040.0 2.858865e-15
1060.0 2.879175e-15
1080.0 2.898629e-15
1100.0 2.917254e-15
1120.0 2.935079e-15
1140.0 2.952131e-15
1160.0 2.968437e-15
1180.0 2.984019e-15
1200.0 2.998904e-15
1220.0 3.013114e-15
1240.0 3.026671e-15
1260.0 3.039596e-15
1280.0 3.051912e-15
1300.0 3.063637e-15
1320.0 3.07479e-15
1340.0 3.085391e-15
1360.0 3.095457e-15
1380.0000000000002 3.105006e-15
1400.0000000000002 3.114054e-15
1419.9999999999998 3.122617e-15
1455.75 3.735446e-15
1462.7499999999998 3.202394e-15
1469.75 3.205094e-15
1476.75 3.258441e-15
1483.75 3.309749e-15
1490.7500000000002 3.808653e-15
1497.75 3.991009e-15
1504.75 4.406282e-15
1511.75 3.864785e-15
1518.75 3.773643e-15
1525.7499999999998 4.242532e-15
1532.75 4.068849e-15
1539.75 3.619395e-15
1546.75 3.43687e-15
1553.7500000000002 3.917965e-15
1560.75 3.461493e-15
1567.75 3.922463e-15
1574.75 3.259359e-15
1581.75 2.793109e-15
1588.7499999999998 3.067349e-15
1595.75 3.58652e-15
1602.75 3.035157e-15
1609.75 3.202661e-15
1616.7500000000002 3.232536e-15
1623.75 3.543459e-15
1630.75 3.782834e-15
1637.75 3.250991e-15
1644.75 3.739747e-15
1651.7499999999998 4.406426e-15
1658.75 4.784122e-15
1665.75 4.282801e-15
1672.75 3.777985e-15
1679.7500000000002 2.720044e-15
1686.75 3.536223e-15
1693.75 2.531229e-15
1700.75 2.815115e-15
1707.75 1.835063e-15
1714.7499999999998 2.913089e-15
1721.75 2.839925e-15
1728.75 2.607023e-15
1735.75 3.157485e-15
1742.7500000000002 2.739768e-15
1749.75 2.917221e-15
1756.75 2.715673e-15
1763.75 2.450466e-15
1770.75 3.386727e-15
1777.7499999999998 3.260656e-15
1784.75 3.731848e-15
1791.75 3.132126e-15
1798.75 2.918985e-15
1820.0 3.212523e-15
1840.0 3.213791e-15
1860.0 3.214819e-15
1880.0 3.215612e-15
1903.75 3.699349e-15
1910.75 3.441316e-15
1917.75 4.070463e-15
1924.75 4.474919e-15
1931.7500000000002 3.748642e-15
1938.75 3.882385e-15
1945.75 3.079027e-15
1952.75 3.549846e-15
1959.75 3.029435e-15
1966.75 3.28471e-15
1973.75 2.841926e-15
1980.75 3.23579e-15
1987.75 2.821744e-15
1994.7500000000002 3.102149e-15
2001.75 3.2361e-15
2008.75 3.00204e-15
2015.75 3.474514e-15
2022.75 3.199e-15
2029.75 3.294646e-15
2036.75 3.223694e-15
2043.75 3.244062e-15
2050.75 3.339579e-15
2057.75 3.291828e-15
2064.75 3.348975e-15
2071.75 3.449807e-15
2078.75 3.537745e-15
2085.75 3.050588e-15
2092.75 3.263944e-15
2099.75 3.331948e-15
2106.75 3.194359e-15
2113.75 3.312228e-15
2120.75 3.095419e-15
2127.75 3.28933e-15
2134.75 3.410118e-15
2141.75 3.303823e-15
2148.75 3.446136e-15
2155.75 3.5084e-15
2162.75 3.463005e-15
2169.75 3.281367e-15
2176.75 3.31889e-15
2183.75 3.558184e-15
2190.75 3.073384e-15
2197.75 3.259249e-15
2204.75 3.423883e-15
2211.75 3.344145e-15
2218.75 3.564859e-15
2225.75 3.220872e-15
2232.75 3.508513e-15
2239.75 3.320302e-15
2246.75 3.044425e-15
2253.75 3.496222e-15
2260.75 3.535577e-15
2267.75 3.050067e-15
2274.75 3.292739e-15
2281.75 3.291563e-15
2288.75 3.21287e-15
2295.75 3.138213e-15
2302.75 3.163841e-15
2309.75 3.43365e-15
2316.75 3.535732e-15
2323.75 3.799566e-15
2330.75 3.520093e-15
2337.75 3.446914e-15
2344.75 3.18454e-15
2351.75 3.21613e-15
2358.75 3.402865e-15
2365.75 3.072012e-15
2372.75 3.143639e-15
2379.75 2.893971e-15
2386.75 3.135237e-15
2393.75 3.062639e-15
2400.75 3.184883e-15
2407.75 3.01783e-15
2414.75 3.016439e-15
2421.75 3.417854e-15
2428.75 3.136131e-15
2435.75 3.543564e-15
2442.75 3.061501e-15
2449.75 3.290308e-15
2456.75 3.165451e-15
2463.75 3.29232e-15
2470.75 3.241386e-15
2477.75 3.202688e-15
2484.75 2.98903e-15
2491.75 3.135958e-15
2498.75 3.258215e-15
2505.75 2.893771e-15
2512.7500000000005 3.264007e-15
2519.75 3.121678e-15
2526.75 3.300383e-15
2533.75 3.203102e-15
2540.75 3.284169e-15
2547.7499999999995 3.006597e-15
2554.75 3.219499e-15
2561.75 3.320924e-15
2568.75 3.405674e-15
2575.75 3.200337e-15
2582.7499999999995 3.112425e-15
2589.75 3.081677e-15
2596.75 2.92096e-15
2603.7500000000005 3.090338e-15
2610.75 2.935084e-15
2617.75 2.956917e-15
2624.75 3.171837e-15
2631.75 2.808752e-15
2638.7500000000005 3.127411e-15
2645.75 3.106943e-15
2652.75 3.231939e-15
2659.75 3.049969e-15
2666.75 3.242989e-15
2673.7499999999995 3.325108e-15
2680.75 2.886775e-15
2687.75 2.931775e-15
2694.75 3.154789e-15
2701.75 3.116786e-15
2708.7499999999995 3.557562e-15
2715.75 3.39589e-15
2722.75 2.762599e-15
2729.7500000000005 3.214909e-15
2736.75 3.154667e-15
2743.75 2.726735e-15
2750.75 3.429352e-15
2757.75 3.366064e-15
2764.7500000000005 2.94126e-15
2771.75 3.307061e-15
2778.75 3.034529e-15
2785.75 3.269243e-15
2792.75 2.966969e-15
2799.7499999999995 2.6332e-15
2806.75 2.736951e-15
2813.75 2.146407e-15
2820.75 2.72682e-15
2827.75 2.83721e-15
2834.7499999999995 2.355624e-15
2841.75 2.892549e-15
2848.75 2.784499e-15
2880.0 3.069606e-15
2900.0 3.064515e-15
2920.0 3.059381e-15
2940.0 3.054203e-15
2960.0 3.048985e-15
2980.0 3.043727e-15
3000.0 3.03843e-15
3020.0 3.033097e-15
3040.0 3.027728e-15
3060.0 3.022325e-15
3080.0 3.01689e-15
3100.0 3.011422e-15
3120.0 3.005925e-15
3140.0 3.000398e-15
3160.0 2.994843e-15
3180.0 2.989261e-15
3200.0 2.983654e-15
3220.0 2.978022e-15
3240.0 2.972366e-15
3260.0 2.966688e-15
3280.0 2.960988e-15
3300.0 2.955267e-15
3320.0 2.949527e-15
3340.0 2.943768e-15
3360.0 2.937991e-15
3380.0 2.932197e-15
3400.0000000000005 2.926387e-15
3420.0000000000005 2.920561e-15
3439.9999999999995 2.914721e-15
3459.9999999999995 2.908867e-15
3479.9999999999995 2.903e-15
3500.0 2.897121e-15
3520.0 2.89123e-15
3540.0 2.885329e-15
3560.0 2.879417e-15
3580.0 2.873496e-15
3600.0 2.867566e-15
3620.0 2.861627e-15
3640.0 2.855681e-15
3660.0 2.849729e-15
3680.0 2.843769e-15
3700.0 2.837804e-15
3720.0 2.831834e-15
3740.0 2.825859e-15
3760.0 2.81988e-15
3780.0 2.813897e-15
3800.0 2.80791e-15
3820.0 2.801922e-15
3840.0 2.795931e-15
3860.0 2.789938e-15
3880.0 2.783944e-15
3900.0 2.777949e-15
3920.0 2.771953e-15
3940.0 2.765958e-15
3960.0 2.759963e-15
3980.0 2.753969e-15
4000.0 2.747976e-15
4020.0000000000005 2.741984e-15
4040.0000000000005 2.735994e-15
4060.0000000000005 2.730007e-15
4079.9999999999995 2.724022e-15
4100.0 2.71804e-15
4120.0 2.712062e-15
4140.0 2.706087e-15
4160.0 2.700116e-15
4180.0 2.694149e-15
4200.0 2.688186e-15
4220.0 2.682229e-15
4240.0 2.676276e-15
4260.0 2.670329e-15
4280.0 2.664387e-15
4300.0 2.658452e-15
4320.0 2.652522e-15
4340.0 2.646599e-15
4360.0 2.640682e-15
4380.0 2.634772e-15
4400.0 2.628869e-15
4420.0 2.622974e-15
4440.0 2.617085e-15
4460.0 2.611205e-15
4480.0 2.605332e-15
4501.94 2.61036e-15
4507.13 2.580105e-15
4512.320000000001 2.60024e-15
4517.5199999999995 2.574361e-15
4522.72 2.557479e-15
4527.93 2.574324e-15
4533.150000000001 2.520371e-15
4538.37 2.545859e-15
4543.599999999999 2.555801e-15
4548.83 2.585234e-15
4554.07 2.614625e-15
4559.32 2.642408e-15
4564.57 2.581516e-15
4569.83 2.565471e-15
4575.09 2.529146e-15
4580.36 2.553623e-15
4585.64 2.590836e-15
4590.92 2.607156e-15
4596.21 2.59951e-15
4601.51 2.583849e-15
4606.81 2.605848e-15
4612.11 2.589331e-15
4617.43 2.585563e-15
4622.75 2.629321e-15
4628.070000000001 2.597584e-15
4633.4 2.57133e-15
4638.74 2.59925e-15
4644.08 2.590314e-15
4649.43 2.577391e-15
4654.79 2.562715e-15
4660.150000000001 2.587191e-15
4665.52 2.587299e-15
4670.889999999999 2.582456e-15
4676.27 2.553766e-15
4681.66 2.546776e-15
4687.05 2.589943e-15
4692.45 2.572455e-15
4697.86 2.58348e-15
4703.2699999999995 2.566721e-15
4708.69 2.565049e-15
4714.110000000001 2.554824e-15
4719.54 2.533124e-15
4724.98 2.544016e-15
4730.42 2.535952e-15
4735.87 2.539915e-15
4741.33 2.553594e-15
4746.79 2.554264e-15
4752.26 2.570018e-15
4757.73 2.556358e-15
4763.21 2.564636e-15
4768.7 2.53105e-15
4774.19 2.548015e-15
4779.69 2.518594e-15
4785.2 2.516086e-15
4790.71 2.485147e-15
4796.2300000000005 2.500332e-15
4801.76 2.523386e-15
4807.29 2.516572e-15
4812.82 2.502882e-15
4818.37 2.524462e-15
4823.92 2.533168e-15
4829.48 2.543321e-15
4835.04 2.500203e-15
4840.610000000001 2.506585e-15
4846.1900000000005 2.500275e-15
4851.77 2.529001e-15
4857.36 2.505669e-15
4862.95 2.531321e-15
4868.55 2.49627e-15
4874.16 2.491748e-15
4879.780000000001 2.480797e-15
4885.4 2.473187e-15
4891.03 2.476328e-15
4896.66 2.482766e-15
4902.3 2.471505e-15
4907.95 2.462352e-15
4913.6 2.501544e-15
4919.259999999999 2.477841e-15
4924.93 2.475429e-15
4930.6 2.459912e-15
4936.28 2.472957e-15
4941.97 2.441625e-15
4947.66 2.435558e-15
4953.36 2.420877e-15
4959.07 2.395216e-15
4964.78 2.42405e-15
4970.5 2.440383e-15
4976.23 2.480132e-15
4981.96 2.479556e-15
4987.7 2.440553e-15
4993.4400000000005 2.444337e-15
4999.19 2.420987e-15
5004.95 2.429634e-15
5010.719999999999 2.436147e-15
5016.49 2.438742e-15
5022.2699999999995 2.422456e-15
5028.049999999999 2.428917e-15
5033.849999999999 2.441075e-15
5039.65 2.441482e-15
5045.45 2.4162e-15
5051.259999999999 2.415163e-15
5057.080000000001 2.38772e-15
5062.910000000001 2.412054e-15
5068.740000000001 2.417132e-15
5074.58 2.406084e-15
5080.42 2.409648e-15
5086.28 2.419884e-15
5092.14 2.407944e-15
5098.0 2.409121e-15
5103.870000000001 2.399795e-15
5109.75 2.379344e-15
5115.64 2.414209e-15
5121.53 2.410841e-15
5127.429999999999 2.397469e-15
5133.339999999999 2.41037e-15
5139.25 2.375624e-15
5145.17 2.386247e-15
5151.099999999999 2.395531e-15
5157.030000000001 2.38907e-15
5162.97 2.389831e-15
5168.92 2.390068e-15
5174.879999999999 2.382362e-15
5180.84 2.380398e-15
5186.8099999999995 2.384793e-15
5192.78 2.4023e-15
5198.76 2.393156e-15
5204.75 2.392038e-15
5210.75 2.385863e-15
5216.75 2.373299e-15
5222.759999999999 2.375997e-15
5228.78 2.362956e-15
5234.799999999999 2.381042e-15
5240.83 2.353477e-15
5246.87 2.365224e-15
5252.91 2.377375e-15
5258.96 2.394419e-15
5265.02 2.379738e-15
5271.08 2.397845e-15
5277.16 2.402585e-15
5283.24 2.36135e-15
5289.32 2.382271e-15
5295.419999999999 2.405784e-15
5301.5199999999995 2.403507e-15
5307.62 2.358414e-15
5313.74 2.390518e-15
5319.86 2.394613e-15
5325.990000000001 2.391208e-15
5332.12 2.387965e-15
5338.26 2.359885e-15
5344.410000000001 2.366401e-15
5350.57 2.366309e-15
5356.73 2.357658e-15
5362.900000000001 2.351462e-15
5369.080000000001 2.378511e-15
5375.2699999999995 2.350087e-15
5381.46 2.343118e-15
5387.66 2.328919e-15
5393.860000000001 2.324118e-15
5400.080000000001 2.313685e-15
5406.3 2.322087e-15
5412.53 2.329894e-15
5418.76 2.327866e-15
5425.0 2.322015e-15
5430.629999999999 2.337642e-15
5435.63 2.301685e-15
5440.64 2.335867e-15
5445.65 2.340779e-15
5450.67 2.350268e-15
5455.69 2.303429e-15
5460.72 2.341688e-15
5465.75 2.322031e-15
5470.79 2.35539e-15
5475.830000000001 2.349958e-15
5480.88 2.331085e-15
5485.93 2.327799e-15
5490.98 2.321008e-15
5496.04 2.316455e-15
5501.110000000001 2.338604e-15
5506.17 2.334282e-15
5511.25 2.344269e-15
5516.330000000001 2.308549e-15
5521.41 2.321938e-15
5526.5 2.302674e-15
5531.589999999999 2.331667e-15
5536.69 2.305002e-15
5541.79 2.338079e-15
5546.900000000001 2.300749e-15
5552.009999999999 2.306041e-15
5557.12 2.291907e-15
5562.240000000001 2.312828e-15
5567.370000000001 2.279478e-15
5572.5 2.278519e-15
5577.63 2.276526e-15
5582.77 2.287909e-15
5587.919999999999 2.308037e-15
5593.07 2.288754e-15
5598.22 2.282683e-15
5603.38 2.31479e-15
5608.54 2.299827e-15
5613.709999999999 2.278917e-15
5618.88 2.274438e-15
5624.0599999999995 2.277877e-15
5629.24 2.291138e-15
5634.43 2.274386e-15
5639.62 2.318499e-15
5644.820000000001 2.281983e-15
5650.02 2.28414e-15
5655.23 2.283883e-15
5660.44 2.258821e-15
5665.65 2.254339e-15
5670.87 2.255903e-15
5676.099999999999 2.252707e-15
5681.33 2.225869e-15
5686.57 2.253824e-15
5691.8 2.301736e-15
5697.05 2.262722e-15
5702.3 2.270473e-15
5707.55 2.298005e-15
5712.81 2.301231e-15
5718.08 2.31239e-15
5723.35 2.246553e-15
5728.62 2.280561e-15
5733.9 2.267197e-15
5739.18 2.233647e-15
5744.47 2.2279e-15
5749.76 2.263515e-15
5755.0599999999995 2.27012e-15
5760.37 2.277451e-15
5765.67 2.295073e-15
5770.990000000001 2.363883e-15
5776.3 2.283762e-15
5781.63 2.209773e-15
5786.95 2.208413e-15
5792.29 2.223188e-15
5797.62 2.252393e-15
5802.969999999999 2.208683e-15
5808.3099999999995 2.205072e-15
5813.67 2.185795e-15
5819.02 2.209868e-15
5824.38 2.171398e-15
5829.75 2.213367e-15
5835.12 2.191564e-15
5840.5 2.206446e-15
5845.88 2.201285e-15
5851.2699999999995 2.212951e-15
5856.66 2.184569e-15
5862.06 2.214702e-15
5867.46 2.170596e-15
5872.86 2.22586e-15
5878.28 2.237256e-15
5883.6900000000005 2.198631e-15
5889.12 2.154204e-15
5894.54 2.156131e-15
5899.97 2.21111e-15
5905.41 2.189552e-15
5910.849999999999 2.153515e-15
5916.3 2.172667e-15
5921.75 2.170868e-15
5927.210000000001 2.187651e-15
5932.67 2.173462e-15
5938.13 2.187579e-15
5943.610000000001 2.161124e-15
5949.08 2.159321e-15
5954.5599999999995 2.141508e-15
5960.05 2.11104e-15
5965.54 2.129833e-15
5971.04 2.141845e-15
5976.54 2.129127e-15
5982.05 2.158417e-15
5987.5599999999995 2.189506e-15
5993.08 2.172807e-15
5998.599999999999 2.145282e-15
6004.13 2.155247e-15
6009.66 2.138216e-15
6015.200000000001 2.184822e-15
6020.74 2.163848e-15
6026.29 2.145474e-15
6031.84 2.168146e-15
6037.400000000001 2.189735e-15
6042.960000000001 2.177294e-15
6048.53 2.194495e-15
6054.110000000001 2.19023e-15
6059.679999999999 2.173067e-15
6065.27 2.160324e-15
6070.860000000001 2.160193e-15
6076.45 2.154955e-15
6082.05 2.185454e-15
6087.65 2.162905e-15
6093.26 2.180724e-15
6098.88 2.17949e-15
6104.500000000001 2.197191e-15
6110.12 2.187842e-15
6115.75 2.171051e-15
6121.39 2.182135e-15
6127.03 2.206311e-15
6132.68 2.182296e-15
6138.33 2.159659e-15
6143.98 2.161043e-15
6149.639999999999 2.159888e-15
6155.31 2.176643e-15
6160.9800000000005 2.184869e-15
6166.660000000001 2.167349e-15
6172.339999999999 2.192441e-15
6178.03 2.191079e-15
6183.72 2.17946e-15
6189.42 2.138296e-15
6195.12 2.174693e-15
6200.830000000001 2.176274e-15
6206.549999999999 2.152507e-15
6212.2699999999995 2.15502e-15
6217.99 2.155266e-15
6223.72 2.160778e-15
6229.46 2.146203e-15
6235.1900000000005 2.126785e-15
6240.9400000000005 2.127142e-15
6246.6900000000005 2.134231e-15
6252.450000000001 2.143135e-15
6258.21 2.162292e-15
6263.97 2.15835e-15
6269.749999999999 2.140016e-15
6275.52 2.143626e-15
6281.31 2.178469e-15
6287.089999999999 2.136072e-15
6292.889999999999 2.137657e-15
6298.6900000000005 2.140324e-15
6304.490000000001 2.1468e-15
6310.3 2.123934e-15
6316.110000000001 2.136646e-15
6321.9400000000005 2.117372e-15
6327.76 2.136588e-15
6333.59 2.134914e-15
6339.43 2.110777e-15
6345.2699999999995 2.11998e-15
6351.12 2.08177e-15
6356.969999999999 2.119393e-15
6362.830000000001 2.101606e-15
6368.6900000000005 2.131501e-15
6374.56 2.126812e-15
6380.43 2.123411e-15
6386.3099999999995 2.098766e-15
6392.19 2.12441e-15
6398.080000000001 2.138438e-15
6403.9800000000005 2.107627e-15
6409.88 2.088288e-15
6415.79 2.112707e-15
6421.7 2.119504e-15
6427.62 2.12232e-15
6433.54 2.101901e-15
6439.47 2.114574e-15
6445.4 2.106163e-15
6451.34 2.118165e-15
6457.29 2.108983e-15
6463.24 2.099099e-15
6469.1900000000005 2.106185e-15
6475.15 2.079081e-15
6481.12 2.086165e-15
6487.09 2.105405e-15
6493.07 2.083904e-15
6499.049999999999 2.091907e-15
6505.04 2.105874e-15
6511.04 2.083191e-15
6517.030000000001 2.068508e-15
6523.04 2.064967e-15
6529.049999999999 2.08045e-15
6535.07 2.06869e-15
6541.09 2.095457e-15
6547.12 2.074603e-15
6553.15 2.080332e-15
6559.1900000000005 2.083142e-15
6565.23 2.073957e-15
6571.280000000001 2.073456e-15
6577.34 2.073297e-15
6583.400000000001 2.054727e-15
6589.46 2.060431e-15
6595.53 2.089164e-15
6601.61 2.086998e-15
6607.7 2.076142e-15
6613.780000000001 2.072686e-15
6619.88 2.077163e-15
6625.9800000000005 2.085011e-15
6632.08 2.079656e-15
6638.1900000000005 2.083228e-15
6644.3099999999995 2.098131e-15
6650.43 2.086447e-15
6656.56 2.073027e-15
6662.700000000001 2.072326e-15
6668.83 2.063612e-15
6674.9800000000005 2.060306e-15
6681.129999999999 2.079785e-15
6687.29 2.091647e-15
6693.45 2.068454e-15
6699.62 2.05948e-15
6705.79 2.074905e-15
6711.97 2.077128e-15
6718.16 2.091331e-15
6724.35 2.08409e-15
6730.54 2.06688e-15
6736.74 2.050059e-15
6742.95 2.041953e-15
6749.16 2.034011e-15
6755.38 2.05347e-15
6761.61 2.037281e-15
6767.84 2.055734e-15
6774.08 2.056872e-15
6780.32 2.023768e-15
6786.57 1.996559e-15
6792.820000000001 1.98461e-15
6799.08 2.004911e-15
6805.34 2.031803e-15
6811.610000000001 2.044438e-15
6817.889999999999 2.028546e-15
6824.17 2.028207e-15
6830.46 2.034609e-15
6836.759999999999 2.029755e-15
6843.0599999999995 2.026613e-15
6849.36 2.013395e-15
6855.67 2.016273e-15
6861.99 2.008137e-15
6868.3099999999995 2.022414e-15
6874.639999999999 2.020512e-15
6880.98 2.037083e-15
6887.32 2.02803e-15
6893.660000000001 2.029347e-15
6900.02 2.016685e-15
6906.37 1.997534e-15
6912.740000000001 2.026059e-15
6919.110000000001 2.020333e-15
6925.4800000000005 2.001755e-15
6931.86 1.99938e-15
6938.25 1.999745e-15
6944.639999999999 2.021135e-15
6951.040000000001 2.024897e-15
6957.45 2.015668e-15
6963.86 2.0153e-15
6970.28 2.052302e-15
6976.7 2.02193e-15
6983.129999999999 2.012568e-15
6989.56 2.008896e-15
6996.0 1.997569e-15
7002.45 1.997083e-15
7008.900000000001 1.989957e-15
7015.360000000001 1.990997e-15
7021.82 2.018315e-15
7028.299999999999 1.993641e-15
7034.77 1.999917e-15
7041.25 1.994481e-15
7047.74 1.988832e-15
7054.240000000001 1.969031e-15
7060.74 1.986448e-15
7067.24 1.993676e-15
7073.76 1.993968e-15
7080.2699999999995 1.985317e-15
7086.8 1.974439e-15
7093.33 1.985172e-15
7099.86 1.967872e-15
7106.41 1.955002e-15
7112.95 1.952974e-15
7119.51 1.96881e-15
7126.07 1.968558e-15
7132.64 1.975325e-15
7139.21 1.967338e-15
7145.79 1.96635e-15
7152.37 1.974254e-15
7158.96 1.96782e-15
7165.5599999999995 1.964782e-15
7172.16 1.94792e-15
7178.7699999999995 1.922048e-15
7185.38 1.945306e-15
7192.01 1.96178e-15
7198.63 1.935184e-15
7205.27 1.956963e-15
7211.91 1.952418e-15
7218.55 1.944862e-15
7225.200000000001 1.96253e-15
7231.86 1.955671e-15
7237.69 1.958116e-15
7242.6900000000005 1.943408e-15
7247.7 1.936712e-15
7252.71 1.953923e-15
7257.719999999999 1.951789e-15
7262.73 1.970769e-15
7267.749999999999 1.952221e-15
7272.7699999999995 1.948921e-15
7277.8 1.940285e-15
7282.83 1.91579e-15
7287.860000000001 1.908339e-15
7292.9 1.954477e-15
7297.9400000000005 1.931458e-15
7302.9800000000005 1.919188e-15
7308.0199999999995 1.943662e-15
7313.08 1.945002e-15
7318.13 1.915198e-15
7323.1900000000005 1.938379e-15
7328.249999999999 1.95034e-15
7333.3099999999995 1.952586e-15
7338.38 1.951407e-15
7343.45 1.921362e-15
7348.5199999999995 1.951191e-15
7353.6 1.939209e-15
7358.679999999999 1.937183e-15
7363.7699999999995 1.922207e-15
7368.85 1.929368e-15
7373.95 1.925108e-15
7379.04 1.935177e-15
7384.14 1.931954e-15
7389.240000000001 1.92378e-15
7394.349999999999 1.917279e-15
7399.46 1.904952e-15
7404.570000000001 1.922075e-15
7409.69 1.899969e-15
7414.8099999999995 1.932148e-15
7419.93 1.928203e-15
7425.06 1.925326e-15
7430.19 1.921461e-15
7435.33 1.905005e-15
7440.46 1.935386e-15
7445.610000000001 1.926367e-15
7450.75 1.923379e-15
7455.9 1.910508e-15
7461.05 1.927333e-15
7466.21 1.920459e-15
7471.370000000001 1.914239e-15
7476.53 1.89624e-15
7481.69 1.93586e-15
7486.87 1.94031e-15
7492.04 1.896824e-15
7497.22 1.92038e-15
7502.400000000001 1.911344e-15
7507.58 1.9108e-15
7512.7699999999995 1.918998e-15
7517.96 1.91797e-15
7523.15 1.920191e-15
7528.35 1.913398e-15
7533.56 1.931989e-15
7538.76 1.908904e-15
7543.97 1.943375e-15
7549.179999999999 1.982394e-15
7554.4 1.929952e-15
7559.62 1.934961e-15
7564.84 1.999892e-15
7570.07 1.978228e-15
7575.3 1.938429e-15
7580.54 1.944152e-15
7585.78 2.015242e-15
7591.02 2.050585e-15
7596.26 1.91706e-15
7601.51 1.872738e-15
7606.77 1.935568e-15
7612.02 1.88308e-15
7617.28 1.895289e-15
7622.55 1.912022e-15
7627.81 1.924166e-15
7633.08 1.929011e-15
7638.36 1.863271e-15
7643.64 1.868321e-15
7648.92 1.878775e-15
7654.2 1.873837e-15
7659.49 1.86124e-15
7664.78 1.861588e-15
7670.08 1.858361e-15
7675.38 1.887193e-15
7680.69 1.863633e-15
7685.990000000001 1.87715e-15
7691.3 1.882509e-15
7696.62 1.879255e-15
7701.9400000000005 1.886147e-15
7707.26 1.886608e-15
7712.59 1.893248e-15
7717.91 1.894569e-15
7723.25 1.851202e-15
7728.580000000001 1.857206e-15
7733.93 1.842322e-15
7739.27 1.862763e-15
7744.62 1.884548e-15
7749.97 1.8711e-15
7755.32 1.861018e-15
7760.6900000000005 1.897545e-15
7766.05 1.85287e-15
7771.41 1.858851e-15
7776.78 1.854675e-15
7782.16 1.862198e-15
7787.539999999999 1.838983e-15
7792.92 1.866015e-15
7798.3 1.842212e-15
7803.69 1.851622e-15
7809.080000000001 1.840261e-15
7814.4800000000005 1.851495e-15
7819.88 1.85533e-15
7825.28 1.845646e-15
7830.6900000000005 1.844847e-15
7836.1 1.852845e-15
7841.51 1.855496e-15
7846.929999999999 1.851987e-15
7852.360000000001 1.874406e-15
7857.78 1.84039e-15
7863.21 1.849654e-15
7868.650000000001 1.822775e-15
7874.08 1.839959e-15
7879.5199999999995 1.834595e-15
7884.97 1.818033e-15
7890.42 1.841361e-15
7895.870000000001 1.83046e-15
7901.33 1.845876e-15
7906.79 1.829767e-15
7912.25 1.835933e-15
7917.72 1.819435e-15
7923.19 1.807086e-15
7928.66 1.8171e-15
7934.139999999999 1.858341e-15
7939.63 1.843062e-15
7945.11 1.852559e-15
7950.599999999999 1.829167e-15
7956.1 1.830918e-15
7961.589999999999 1.830835e-15
7967.1 1.855087e-15
7972.599999999999 1.826294e-15
7978.110000000001 1.838139e-15
7983.62 1.842558e-15
7989.14 1.830733e-15
7994.66 1.8174e-15
8000.18 1.790935e-15
8005.71 1.817872e-15
8011.25 1.818917e-15
8016.78 1.829048e-15
8022.32 1.82182e-15
8027.86 1.815079e-15
8033.41 1.817655e-15
8038.960000000001 1.817014e-15
8044.5199999999995 1.823005e-15
8050.079999999999 1.810725e-15
8055.639999999999 1.816055e-15
8061.21 1.841662e-15
8066.78 1.814787e-15
8072.35 1.808172e-15
8077.929999999999 1.807366e-15
8083.51 1.805399e-15
8089.1 1.815285e-15
8094.69 1.82597e-15
8100.28 1.81189e-15
8105.88 1.79794e-15
8111.48 1.786863e-15
8117.08 1.784077e-15
8122.6900000000005 1.807623e-15
8128.3099999999995 1.776772e-15
8133.92 1.822149e-15
8139.54 1.797388e-15
8145.17 1.801839e-15
8150.79 1.75422e-15
8156.43 1.766636e-15
8162.0599999999995 1.770389e-15
8167.7 1.766624e-15
8173.35 1.793551e-15
8179.0 1.792857e-15
8184.65 1.818944e-15
8190.3 1.804193e-15
8195.96 1.791594e-15
8201.63 1.773967e-15
8207.29 1.813225e-15
8212.970000000001 1.757721e-15
8218.640000000001 1.779806e-15
8224.32 1.787124e-15
8230.0 1.709861e-15
8235.69 1.745887e-15
8241.380000000001 1.754343e-15
8247.08 1.794496e-15
8252.77 1.784896e-15
8258.48 1.73797e-15
8264.18 1.778882e-15
8269.89 1.766007e-15
8275.61 1.756274e-15
8281.33 1.740783e-15
8287.050000000001 1.709897e-15
8292.779999999999 1.784452e-15
8298.51 1.737927e-15
8304.24 1.775031e-15
8309.98 1.724793e-15
8315.72 1.753487e-15
8321.47 1.735091e-15
8327.22 1.770615e-15
8332.97 1.74319e-15
8338.73 1.764491e-15
8344.49 1.752058e-15
8350.26 1.775668e-15
8356.03 1.744306e-15
8361.800000000001 1.731443e-15
8367.58 1.760945e-15
8373.37 1.740733e-15
8379.15 1.73002e-15
8384.94 1.738522e-15
8390.73 1.767192e-15
8396.53 1.75678e-15
8402.33 1.706565e-15
8408.14 1.746716e-15
8413.95 1.765194e-15
8419.77 1.731844e-15
8425.58 1.758235e-15
8431.41 1.770865e-15
8437.23 1.75843e-15
8443.06 1.752191e-15
8448.9 1.744947e-15
8454.74 1.737253e-15
8460.58 1.747185e-15
8466.42 1.749597e-15
8472.28 1.732803e-15
8478.130000000001 1.744044e-15
8483.99 1.729264e-15
8489.85 1.737463e-15
8495.72 1.751002e-15
8501.59 1.745147e-15
8507.46 1.73842e-15
8513.34 1.735415e-15
8519.22 1.737611e-15
8525.11 1.746036e-15
8531.0 1.746089e-15
8536.9 1.749987e-15
8542.800000000001 1.749627e-15
8548.7 1.738446e-15
8554.61 1.72782e-15
8560.52 1.720926e-15
8566.43 1.740055e-15
8572.35 1.738002e-15
8578.28 1.736803e-15
8584.199999999999 1.756452e-15
8590.140000000001 1.761546e-15
8596.07 1.736448e-15
8602.01 1.709538e-15
8607.960000000001 1.715297e-15
8613.91 1.71657e-15
8619.86 1.706727e-15
8625.810000000001 1.716674e-15
8631.77 1.740883e-15
8637.74 1.696457e-15
8643.71 1.696154e-15
8649.68 1.705907e-15
8655.66 1.709774e-15
8661.640000000001 1.734457e-15
8667.62 1.73284e-15
8673.61 1.748346e-15
8679.61 1.739404e-15
8685.6 1.741722e-15
8691.6 1.745855e-15
8697.61 1.725353e-15
8703.619999999999 1.705193e-15
8709.64 1.72574e-15
8715.65 1.720193e-15
8721.68 1.737228e-15
8727.7 1.735314e-15
8733.73 1.722035e-15
8739.77 1.694904e-15
8745.810000000001 1.710686e-15
8751.85 1.711686e-15
8757.9 1.730863e-15
8763.95 1.697633e-15
8770.01 1.714529e-15
8776.07 1.731923e-15
8782.130000000001 1.728085e-15
8788.2 1.696134e-15
8794.27 1.74299e-15
8800.35 1.737068e-15
8806.43 1.718783e-15
8812.52 1.71341e-15
8818.61 1.692644e-15
8824.699999999999 1.754676e-15
8830.8 1.703202e-15
8836.9 1.686886e-15
8843.01 1.679986e-15
8849.12 1.695667e-15
8855.23 1.697973e-15
8861.35 1.676929e-15
8867.48 1.670842e-15
8873.6 1.683747e-15
8879.73 1.65802e-15
8885.87 1.707369e-15
8892.01 1.693609e-15
8898.16 1.663379e-15
8904.31 1.68041e-15
8910.460000000001 1.709626e-15
8916.619999999999 1.728313e-15
8922.78 1.710881e-15
8928.94 1.694552e-15
8935.11 1.664359e-15
8941.289999999999 1.651222e-15
8947.47 1.657116e-15
8953.65 1.682749e-15
8959.83 1.638984e-15
8966.03 1.648376e-15
8972.22 1.604577e-15
8978.42 1.67994e-15
8984.630000000001 1.65907e-15
8990.84 1.641244e-15
8997.05 1.718311e-15
9003.26 1.66392e-15
9009.49 1.666797e-15
9015.710000000001 1.660393e-15
9021.94 1.645165e-15
9028.17 1.668055e-15
9034.42 1.648028e-15
9040.66 1.663872e-15
9046.9 1.659478e-15
9053.16 1.638736e-15
9059.41 1.632894e-15
9065.67 1.691917e-15
9071.939999999999 1.667212e-15
9078.21 1.620141e-15
9084.48 1.602325e-15
9090.76 1.620764e-15
9097.039999999999 1.602328e-15
9103.32 1.602784e-15
9109.61 1.655353e-15
9115.91 1.635347e-15
9122.21 1.635589e-15
9128.51 1.627679e-15
9134.82 1.643714e-15
9141.13 1.647335e-15
9147.45 1.622256e-15
9153.77 1.570874e-15
9160.1 1.614631e-15
9166.43 1.629802e-15
9172.76 1.624476e-15
9179.1 1.597836e-15
9185.44 1.617918e-15
9191.789999999999 1.614094e-15
9197.08 1.627981e-15
9300.0 1.620508e-15
9400.0 1.606799e-15
9500.0 1.593288e-15
9600.0 1.57997e-15
9700.0 1.566843e-15
9800.0 1.553902e-15
9900.0 1.541144e-15
10000.0 1.528566e-15
10100.0 1.516164e-15
10200.0 1.503935e-15
10300.0 1.491877e-15
10400.0 1.479985e-15
10500.0 1.468257e-15
10600.0 1.456689e-15
10700.0 1.44528e-15
10800.0 1.434025e-15
10900.0 1.422923e-15
11000.0 1.411969e-15
11100.000000000002 1.401163e-15
11200.000000000002 1.390501e-15
11299.999999999998 1.37998e-15
11399.999999999998 1.369598e-15
11500.0 1.359352e-15
11600.0 1.34924e-15
11700.0 1.33926e-15
11800.0 1.329409e-15
11900.0 1.319686e-15
12000.0 1.310087e-15
12100.0 1.30061e-15
12200.0 1.291254e-15
12300.0 1.282017e-15
12400.0 1.272895e-15
12500.0 1.263888e-15
12600.0 1.254994e-15
12700.0 1.246209e-15
12800.0 1.237534e-15
12900.0 1.228965e-15
13000.0 1.220501e-15
13100.0 1.21214e-15
13200.0 1.20388e-15
13300.0 1.19572e-15
13400.0 1.187658e-15
13500.0 1.179692e-15
13600.000000000002 1.171822e-15
13700.000000000002 1.164044e-15
13799.999999999998 1.156358e-15
13899.999999999998 1.148763e-15
14000.0 1.141256e-15
14100.0 1.133836e-15
14200.0 1.126503e-15
14300.0 1.119254e-15
14400.0 1.112088e-15
14500.0 1.105003e-15
14600.0 1.098e-15
14700.0 1.091075e-15
14800.0 1.084229e-15
14900.0 1.077459e-15
15000.0 1.070766e-15
15100.0 1.064146e-15
15200.0 1.057599e-15
15300.0 1.051125e-15
15400.0 1.044722e-15
15500.0 1.038389e-15
15600.0 1.032124e-15
15700.0 1.025928e-15
15800.0 1.019798e-15
15900.0 1.013734e-15
16000.0 1.007734e-15
16100.000000000002 1.001799e-15
16200.000000000002 9.959262e-16
16299.999999999998 9.901154e-16
16400.0 9.843658e-16
16500.0 9.786761e-16
16600.0 9.730458e-16
16700.0 9.674738e-16
16800.0 9.619593e-16
16900.0 9.565015e-16
17000.0 9.510996e-16
17100.0 9.457528e-16
17200.0 9.404602e-16
17300.0 9.352211e-16
17400.0 9.300347e-16
17500.0 9.249004e-16
17600.0 9.198173e-16
17700.0 9.147847e-16
17800.0 9.098019e-16
17900.0 9.048684e-16
18000.0 8.999832e-16
18100.0 8.951459e-16
18200.0 8.903556e-16
18300.0 8.856118e-16
18400.0 8.809139e-16
18500.0 8.762613e-16
18600.0 8.716532e-16
18700.0 8.670891e-16
18800.0 8.625684e-16
18900.0 8.580906e-16
19000.0 8.53655e-16
19100.0 8.492611e-16
19200.0 8.449083e-16
19300.0 8.405961e-16
19400.0 8.36324e-16
19500.0 8.320914e-16
19600.0 8.278979e-16
19700.0 8.237428e-16
19800.0 8.196258e-16
19900.0 8.155463e-16
20000.0 8.115037e-16
20099.999999999996 8.074978e-16
20200.0 8.03528e-16
20299.999999999996 7.995938e-16
20400.0 7.956948e-16
20500.0 7.918305e-16
20600.0 7.880004e-16
20700.0 7.842043e-16
20800.0 7.804416e-16
20900.0 7.76712e-16
21000.0 7.730149e-16
21100.0 7.693501e-16
21200.0 7.657171e-16
21300.0 7.621154e-16
21400.0 7.585448e-16
21500.0 7.55005e-16
21600.0 7.514953e-16
21700.0 7.480156e-16
21800.0 7.445655e-16
21900.0 7.411445e-16
22000.0 7.377524e-16
22100.0 7.343888e-16
22200.000000000004 7.310534e-16
22300.0 7.277458e-16
22400.000000000004 7.244658e-16
22500.0 7.212128e-16
22599.999999999996 7.179868e-16
22700.0 7.147873e-16
22799.999999999996 7.11614e-16
22900.0 7.084666e-16
23000.0 7.05345e-16
23100.0 7.022486e-16
23200.0 6.991772e-16
23300.0 6.961306e-16
23400.0 6.931085e-16
23500.0 6.901106e-16
23600.0 6.871366e-16
23700.0 6.841862e-16
23800.0 6.812592e-16
23900.0 6.783554e-16
24000.0 6.754744e-16
24100.0 6.72616e-16
24200.0 6.697799e-16
24300.0 6.669659e-16
24400.0 6.641738e-16
24500.0 6.614034e-16
24600.0 6.586543e-16
24700.000000000004 6.559263e-16
24800.0 6.532192e-16
24900.000000000004 6.505329e-16
25000.0 6.478669e-16
25099.999999999996 6.452213e-16
25200.0 6.425956e-16
25299.999999999996 6.399898e-16
25400.0 6.374035e-16
25500.0 6.348366e-16
25600.0 6.322889e-16
25700.0 6.297602e-16
25800.0 6.272502e-16
25900.0 6.247588e-16
26000.0 6.222858e-16
26100.0 6.19831e-16
26200.0 6.173942e-16
26300.0 6.149751e-16
26400.0 6.125737e-16
26500.0 6.101897e-16
26600.0 6.078231e-16
26700.0 6.054734e-16
26800.0 6.031407e-16
26900.0 6.008247e-16
27000.0 5.985253e-16
27100.0 5.962422e-16
27200.000000000004 5.939755e-16
27300.0 5.917247e-16
27400.000000000004 5.894899e-16
27500.0 5.872708e-16
27599.999999999996 5.850672e-16
27700.0 5.828791e-16
27799.999999999996 5.807063e-16
27900.0 5.785486e-16
28000.0 5.764059e-16
28100.0 5.74278e-16
28200.0 5.721647e-16
28300.0 5.70066e-16
28400.0 5.679817e-16
28500.0 5.659117e-16
28600.0 5.638558e-16
28700.0 5.618138e-16
28800.0 5.597856e-16
28900.0 5.577712e-16
29000.0 5.557704e-16
29100.0 5.537829e-16
29200.0 5.518089e-16
29300.0 5.498479e-16
29400.0 5.479001e-16
29500.0 5.459652e-16
29600.0 5.440431e-16
29700.000000000004 5.421337e-16
29800.0 5.402369e-16
29900.000000000004 5.383525e-16
30000.0 5.364805e-16
30099.999999999996 5.346207e-16
30200.0 5.32773e-16
30299.999999999996 5.309373e-16
30400.0 5.291134e-16
30500.0 5.273014e-16
30600.0 5.255011e-16
30700.0 5.237123e-16
30800.0 5.219349e-16
30900.0 5.20169e-16
31000.0 5.184142e-16
31100.0 5.166706e-16
31200.0 5.14938e-16
31300.0 5.132164e-16
31400.0 5.115057e-16
31500.0 5.098056e-16
31600.0 5.081163e-16
31700.0 5.064375e-16
31800.0 5.047691e-16
31900.0 5.031112e-16
32000.0 5.014635e-16
32100.0 4.998259e-16
32200.000000000004 4.981985e-16
32300.0 4.965811e-16
32400.000000000004 4.949736e-16
32500.0 4.93376e-16
32599.999999999996 4.917881e-16
32700.0 4.902099e-16
32800.0 4.886412e-16
32900.0 4.87082e-16
33000.0 4.855323e-16
33100.0 4.839919e-16
33200.0 4.824607e-16
33300.0 4.809387e-16
33400.0 4.794258e-16
33500.0 4.779219e-16
33600.0 4.76427e-16
33700.0 4.749409e-16
33800.0 4.734636e-16
33900.0 4.719951e-16
34000.0 4.705351e-16
34100.0 4.690838e-16
34200.0 4.676409e-16
34300.0 4.662065e-16
34400.0 4.647804e-16
34500.0 4.633626e-16
34600.0 4.61953e-16
34700.0 4.605516e-16
34800.0 4.591582e-16
34900.0 4.577729e-16
35000.0 4.563955e-16
35100.0 4.55026e-16
35200.0 4.536643e-16
35300.0 4.523104e-16
35400.0 4.509642e-16
35500.0 4.496256e-16
35600.0 4.482946e-16
35700.0 4.46971e-16
35800.0 4.45655e-16
35900.0 4.443463e-16
36000.0 4.430449e-16
36100.0 4.417509e-16
36200.0 4.40464e-16
36300.0 4.391843e-16
36400.0 4.379116e-16
36500.0 4.36646e-16
36600.0 4.353874e-16
36700.0 4.341358e-16
36800.0 4.32891e-16
36900.0 4.31653e-16
37000.0 4.304218e-16
37100.0 4.291973e-16
37200.0 4.279795e-16
37300.0 4.267683e-16
37400.0 4.255636e-16
37500.0 4.243654e-16
37600.0 4.231738e-16
37700.0 4.219885e-16
37800.0 4.208095e-16
37900.0 4.196369e-16
38000.0 4.184706e-16
38100.0 4.173105e-16
38200.0 4.161565e-16
38300.0 4.150087e-16
38400.0 4.138669e-16
38500.0 4.127311e-16
38600.0 4.116013e-16
38700.0 4.104775e-16
38800.0 4.093596e-16
38900.0 4.082475e-16
39000.0 4.071412e-16
39100.0 4.060407e-16
39200.0 4.049459e-16
39300.0 4.038568e-16
39400.0 4.027733e-16
39500.0 4.016954e-16
39600.0 4.00623e-16
39700.0 3.995562e-16
39800.0 3.984948e-16
40000.0 3.965074e-16
40199.99999999999 3.943033e-16
40300.0 3.932686e-16
40500.0 3.913261e-16
40700.0 3.891821e-16
40800.0 3.881733e-16
41000.0 3.862749e-16
41200.0 3.841881e-16
41300.0 3.832042e-16
41500.0 3.813489e-16
41700.0 3.793168e-16
41800.0 3.783569e-16
42000.0 3.765436e-16
42200.0 3.745638e-16
42300.00000000001 3.736271e-16
42500.0 3.718546e-16
42699.99999999999 3.699252e-16
42800.0 3.690108e-16
43000.0 3.672779e-16
43200.0 3.653969e-16
43300.0 3.645042e-16
43500.0 3.628094e-16
43700.0 3.609753e-16
43800.0 3.601034e-16
44000.0 3.584455e-16
44200.0 3.566568e-16
44300.0 3.558051e-16
44500.0 3.541824e-16
44700.0 3.524379e-16
44800.00000000001 3.516058e-16
45000.0 3.500169e-16
45199.99999999999 3.483155e-16
45300.0 3.475023e-16
45500.0 3.459456e-16
45700.0 3.442863e-16
45800.0 3.434914e-16
46000.0 3.419653e-16
46200.0 3.403474e-16
46300.0 3.395702e-16
46500.0 3.380732e-16
46700.0 3.364959e-16
46800.0 3.357358e-16
47000.0 3.342662e-16
47200.0 3.32729e-16
47300.00000000001 3.319855e-16
47500.0 3.305417e-16
47699.99999999999 3.290441e-16
47800.0 3.283168e-16
48000.0 3.268971e-16
48200.0 3.254387e-16
48300.0 3.247269e-16
48500.0 3.233299e-16
48700.0 3.219103e-16
48800.0 3.212136e-16
49000.0 3.198375e-16
49200.0 3.184565e-16
49300.0 3.177745e-16
49500.0 3.164177e-16
49700.0 3.150752e-16
49800.00000000001 3.144074e-16
50000.0 3.130684e-16
50199.99999999999 3.117641e-16
50300.0 3.111101e-16
50500.0 3.097873e-16
50700.0 3.085212e-16
50800.0 3.078806e-16
51000.0 3.065724e-16
51200.0 3.053445e-16
51300.0 3.047169e-16
51500.0 3.034217e-16
51700.0 3.02232e-16
51800.0 3.016171e-16
52000.0 3.003334e-16
52200.0 2.99182e-16
52300.00000000001 2.985793e-16
52500.0 2.973056e-16
52699.99999999999 2.961925e-16
52800.0 2.956018e-16
53000.0 2.943367e-16
53200.0 2.93262e-16
53300.0 2.926828e-16
53500.0 2.914248e-16
53700.0 2.903887e-16
53800.0 2.898208e-16
54000.0 2.885684e-16
54200.0 2.875711e-16
54300.0 2.870141e-16
54500.0 2.85766e-16
54700.0 2.848076e-16
54800.00000000001 2.842612e-16
54900.0 2.83717e-16
55196.7 2.96325e-16
55499.1 2.852938e-16
55801.5 2.89724e-16
56103.899999999994 2.707256e-16
56406.299999999996 2.798811e-16
56708.8 2.823216e-16
57011.200000000004 2.805354e-16
57313.6 2.722314e-16
57615.99999999999 2.556541e-16
57918.399999999994 2.480436e-16
58220.9 2.614521e-16
58523.3 2.581816e-16
58825.700000000004 2.755768e-16
59128.100000000006 2.651444e-16
59430.50000000001 2.597214e-16
59733.0 2.603695e-16
60035.4 2.433678e-16
60337.8 2.530779e-16
60640.200000000004 2.489504e-16
60942.600000000006 2.60039e-16
61245.1 2.658433e-16
61547.5 2.511019e-16
61849.9 2.466924e-16
62152.3 2.629449e-16
62454.700000000004 2.672112e-16
62757.2 2.508768e-16
63059.6 2.44359e-16
63362.0 2.448847e-16
63664.4 2.376362e-16
63966.799999999996 2.394827e-16
64269.299999999996 2.362826e-16
64571.7 2.432065e-16
64874.1 2.296407e-16
65176.5 2.267092e-16
65478.899999999994 2.293976e-16
65781.40000000001 2.404849e-16
66083.8 2.320311e-16
66386.2 2.250541e-16
66688.59999999999 2.373512e-16
66991.0 2.327196e-16
67293.5 2.292488e-16
67595.90000000001 2.291071e-16
67898.3 2.302808e-16
68200.7 2.286617e-16
68503.1 2.214636e-16
68805.6 2.216259e-16
69108.0 2.198998e-16
69410.4 2.22285e-16
69712.8 2.214434e-16
70015.2 2.156807e-16
70317.7 2.042546e-16
70620.1 2.150996e-16
70922.5 2.219923e-16
71224.9 2.043003e-16
71527.3 2.089865e-16
71829.8 2.167437e-16
72132.2 2.211965e-16
72434.59999999999 2.136407e-16
72737.0 2.020374e-16
73039.4 1.923942e-16
73341.90000000001 1.919297e-16
73644.3 1.968223e-16
73946.7 2.085166e-16
74249.09999999999 1.975081e-16
74551.5 2.093269e-16
74854.0 2.096058e-16
75156.40000000001 2.145549e-16
75761.2 2.01206e-16
76366.0 1.922089e-16
76970.90000000001 1.969307e-16
77575.7 1.922059e-16
78180.5 2.003108e-16
78785.4 1.957255e-16
79390.2 1.956063e-16
79995.1 1.97848e-16
80599.90000000001 1.945856e-16
81204.7 1.919319e-16
81809.59 1.909264e-16
82414.40000000001 1.87172e-16
83019.20000000001 1.851092e-16
83624.09 1.879944e-16
84228.90000000001 1.819828e-16
84833.70000000001 1.713889e-16
85438.6 1.80694e-16
86043.40000000001 1.77427e-16
86648.3 1.800635e-16
87253.1 1.765413e-16
87857.91 1.698728e-16
88462.8 1.721891e-16
89067.6 1.751514e-16
89672.40999999999 1.723472e-16
90277.3 1.69199e-16
90882.1 1.651185e-16
91486.90000000001 1.679175e-16
92091.8 1.649578e-16
92696.6 1.625129e-16
93301.5 1.634484e-16
93906.3 1.597627e-16
94511.1 1.538473e-16
95115.99 1.57821e-16
95720.8 1.563133e-16
96325.59999999999 1.556268e-16
96930.5 1.54112e-16
97535.3 1.52875e-16
98140.09000000001 1.539304e-16
98745.0 1.502786e-16
99349.79999999999 1.500034e-16
99954.7 1.489813e-16
100559.5 1.480825e-16
101164.29999999999 1.458101e-16
101769.20000000001 1.467126e-16
102373.99999999999 1.443807e-16
102978.79999999999 1.430425e-16
103583.70000000001 1.445247e-16
104188.50000000001 1.428154e-16
104793.29999999999 1.408774e-16
105398.20000000001 1.403344e-16
106003.0 1.401065e-16
106607.91 1.407045e-16
107212.70000000001 1.390792e-16
107817.5 1.38575e-16
108422.40999999999 1.383872e-16
109027.2 1.381316e-16
109632.0 1.342902e-16
110236.90000000001 1.319627e-16
110841.7 1.350293e-16
111446.51 1.352405e-16
112051.4 1.298937e-16
112656.2 1.309625e-16
113261.1 1.294754e-16
113865.9 1.301635e-16
114470.7 1.284657e-16
115075.59999999999 1.257479e-16
115680.4 1.259702e-16
116285.2 1.271374e-16
116890.09000000001 1.303746e-16
117494.9 1.235691e-16
118099.7 1.230703e-16
118704.59 1.21984e-16
119309.4 1.225733e-16
119914.29999999999 1.207444e-16
120519.09999999999 1.210702e-16
121123.9 1.217382e-16
121728.79999999999 1.174502e-16
122333.59999999999 1.180214e-16
122938.41 1.18152e-16
123543.29999999999 1.169433e-16
124148.09999999999 1.155337e-16
124752.91 1.145553e-16
125357.8 1.14377e-16
125962.59999999999 1.135768e-16
126567.5 1.147416e-16
127172.3 1.142704e-16
127777.1 1.134107e-16
128382.0 1.107077e-16
128986.8 1.103765e-16
129591.6 1.111434e-16
130196.51 1.12081e-16
130801.3 1.10165e-16
131406.09 1.104185e-16
132011.0 1.081033e-16
132615.80000000002 1.097982e-16
133220.59 1.101411e-16
133825.5 1.047461e-16
134430.3 1.077442e-16
135035.2 1.08261e-16
135640.0 1.070349e-16
136244.8 1.038485e-16
136849.7 1.022094e-16
137454.5 1.081253e-16
138059.3 1.033539e-16
138664.2 1.02634e-16
139269.0 1.026042e-16
139873.8 1.082806e-16
140693.5 1.004833e-16
141540.30000000002 1.010761e-16
142387.11000000002 1.017489e-16
143233.81 1.00174e-16
144080.59 9.89477e-17
144927.39 1.008863e-16
145774.09 1.000111e-16
146620.91 9.660275e-17
147467.7 9.757231e-17
148314.5 9.711385000000001e-17
149161.19999999998 9.417021000000001e-17
150008.0 9.087543000000001e-17
150854.80000000002 9.315146e-17
151701.5 9.462846e-17
152548.3 9.262586000000001e-17
153395.09 9.230979e-17
154241.8 9.205956e-17
155088.59 9.303307000000001e-17
155935.41 9.130045e-17
156782.11 9.063798000000001e-17
157628.91 9.032336e-17
158475.69999999998 8.992976000000001e-17
159322.38999999998 8.879497e-17
160169.19999999998 8.869387000000001e-17
161016.0 8.764244000000001e-17
161862.8 8.747561000000001e-17
162709.5 8.653471000000001e-17
163556.31 8.606877000000001e-17
164403.09 8.580503e-17
165249.81 8.723262000000001e-17
166096.59 8.445085e-17
166943.38999999998 8.378600000000001e-17
167790.11000000002 8.283548000000001e-17
168636.89 8.269567000000001e-17
169483.7 8.301728000000001e-17
170330.38999999998 8.165726e-17
171177.19999999998 7.877703000000001e-17
172024.0 7.892626e-17
172870.69 7.798760000000001e-17
173717.5 7.790066000000001e-17
174564.30000000002 7.772632e-17
175411.09 8.013789e-17
176257.8 8.116577e-17
177104.61 7.930424e-17
177951.38999999998 7.558739e-17
178798.11000000002 7.499741000000001e-17
179644.90999999997 7.701076e-17
180491.7 7.647003000000001e-17
181338.41 7.547412000000001e-17
182185.19 7.562370000000001e-17
183032.0 7.694665000000001e-17
183878.69999999998 7.396928e-17
184725.49999999997 7.245584000000001e-17
185572.30000000002 7.214355e-17
186418.98 7.401614000000001e-17
187265.8 7.318203e-17
188112.61 7.084093e-17
188959.41 7.162674e-17
189806.09000000003 6.930561e-17
190652.90999999997 7.032230000000001e-17
191499.68999999997 6.886551e-17
192346.41 6.462372000000001e-17
193193.2 6.843838e-17
194040.0 6.945265e-17
194886.69999999998 7.188536e-17
195733.52 6.798692000000001e-17
196580.3 6.790785000000001e-17
197427.0 6.674808e-17
198273.80000000002 6.83719e-17
199120.59 6.859352e-17
199967.31 6.659634e-17
200814.09 6.851600000000001e-17
201660.91 6.428009e-17
202507.69999999998 6.688030000000001e-17
203354.39 6.749107e-17
204201.2 6.796304000000001e-17
205048.02000000002 6.264952e-17
205894.69999999998 6.651327000000001e-17
207588.3 6.53101e-17
209281.81 6.365076000000001e-17
210975.3 6.149636e-17
212668.88999999998 6.243661e-17
214362.39 6.121935e-17
216056.0 6.005174e-17
217749.5 5.845634000000001e-17
219442.99999999997 5.870636000000001e-17
221136.61000000002 5.861432e-17
222830.11 5.728547e-17
224523.59000000003 5.708578e-17
226217.19 5.736489e-17
227910.7 5.833513e-17
229604.3 5.594393000000001e-17
231297.8 5.4872700000000005e-17
232991.30000000002 5.4971730000000005e-17
234684.91 5.5245610000000006e-17
236378.41 5.392113e-17
238071.91 5.4525500000000005e-17
239765.48 5.45034e-17
241459.0 5.2917220000000006e-17
243152.59 5.304524000000001e-17
244846.09 5.2518570000000006e-17
246539.59 5.1556970000000003e-17
248233.19999999998 5.133218e-17
249926.7 5.163085e-17
251620.19999999998 5.008049e-17
253313.81 4.9429550000000004e-17
255007.30999999997 4.981185e-17
256700.89 4.9669530000000006e-17
258394.38999999998 4.8479250000000006e-17
260087.89 4.8536450000000006e-17
261781.5 4.769535e-17
263475.0 4.707033e-17
265168.5 4.630579000000001e-17
266862.09 4.5743800000000005e-17
268555.58999999997 4.615219e-17
270249.19 4.573427e-17
271942.69 4.514638e-17
273636.22 4.5690750000000003e-17
275329.81 4.4600290000000003e-17
277023.28 4.4132310000000005e-17
278716.77999999997 4.3845790000000006e-17
280410.41 4.301308e-17
282103.91000000003 4.272389e-17
283797.5 4.24366e-17
285491.0 4.1733140000000004e-17
287184.5 4.1025820000000005e-17
288878.09 4.1641600000000005e-17
290571.58999999997 4.101389e-17
292265.09 4.0111140000000004e-17
293958.69 4.062099e-17
295652.19 4.0391520000000005e-17
297345.77999999997 4.02387e-17
299039.31 4.0727700000000006e-17
300732.81 4.0309100000000004e-17
302426.41 3.9427280000000003e-17
304119.91000000003 3.960235e-17
305813.41 3.866494e-17
307507.0 3.913308e-17
309200.5 3.7666290000000006e-17
310894.09 3.7743790000000006e-17
312587.59 3.754294e-17
314281.08999999997 3.6454290000000004e-17
315974.69 3.709542e-17
317668.22000000003 3.5814650000000004e-17
319361.72 3.5088710000000005e-17
321055.31 3.5178600000000005e-17
322748.78 3.532112e-17
324442.41 3.5044560000000003e-17
326135.91 3.560571e-17
327829.41000000003 3.554551e-17
329523.0 3.424575e-17
331216.5 3.3903630000000006e-17
332909.99999999994 3.613928e-17
334603.63 3.534988e-17
336297.13 3.457968e-17
337990.69 3.400908e-17
339684.18999999994 3.4686150000000006e-17
341377.72 3.2132390000000005e-17
343071.27999999997 3.477075e-17
344764.78 3.275034e-17
346458.28 3.1887370000000004e-17
348151.91 3.2224650000000004e-17
349845.38 3.2241040000000005e-17
351539.0 3.0952760000000005e-17
353232.5 3.077855e-17
354926.00000000006 3.0727280000000005e-17
356619.59 2.940144e-17
358313.08999999997 2.5415250000000003e-17
360006.58999999997 2.9098240000000003e-17
361700.22000000003 2.4447620000000002e-17
363393.72 3.0263760000000005e-17
365087.31 2.781446e-17
366780.81 2.791041e-17
368474.31 2.9635210000000005e-17
370167.87 3.069238e-17
371861.38 2.9248680000000004e-17
373554.91000000003 2.565264e-17
380000.0 3.0310450000000005e-17
390000.0 2.9388790000000004e-17
400000.0 2.8517440000000004e-17
410000.0 2.7692500000000003e-17
420000.0 2.6910460000000003e-17
430000.0 2.6168130000000003e-17
440000.0 2.5462650000000002e-17
450000.0 2.479142e-17
460000.0 2.4152050000000002e-17
470000.0 2.3542400000000002e-17
480000.0 2.29605e-17
490000.0 2.2404530000000002e-17
500000.0 2.187286e-17
510000.0 2.136397e-17
520000.0 2.087645e-17
530000.0 2.040903e-17
540000.0 1.9960530000000002e-17
550000.0 1.952984e-17
560000.0 1.911596e-17
570000.0 1.871794e-17
580000.0 1.8334920000000002e-17
590000.0 1.796609e-17
600000.0 1.761069e-17
610000.0 1.726802e-17
620000.0 1.693743e-17
630000.0 1.6618310000000002e-17
640000.0 1.6310090000000003e-17
650000.0 1.6012230000000003e-17
660000.0 1.5724230000000002e-17
670000.0 1.544563e-17
680000.0 1.517598e-17
690000.0 1.491488e-17
700000.0 1.466193e-17
710000.0 1.441677e-17
720000.0 1.4179050000000002e-17
730000.0 1.394844e-17
740000.0 1.3724660000000002e-17
750000.0 1.3507390000000001e-17
760000.0 1.329637e-17
770000.0 1.3091340000000001e-17
780000.0 1.289206e-17
790000.0 1.2698300000000001e-17
