0.2653 6.47649e-11
0.291 6.800385e-11
0.30729999999999996 7.590031e-11
0.3222 6.990587e-11
0.3369 6.704528e-11
0.34900000000000003 6.676749e-11
0.3609 5.621159e-11
0.374 4.814661e-11
0.3881 5.006584e-11
0.3997 6.225357e-11
0.40930000000000005 5.017431e-11
0.4204 4.505567e-11
0.4327 4.498632e-11
0.44480000000000003 4.058358e-11
0.4545 4.642922e-11
0.4627 4.492968e-11
0.4711 4.055986e-11
0.4791 4.708067e-11
0.4866 3.766746e-11
0.49360000000000004 4.912819e-11
0.5004000000000001 3.640608e-11
0.5073 4.009344e-11
0.5136000000000001 4.188598e-11
0.5196 4.697229e-11
0.5254 3.896986e-11
0.5312 3.88874e-11
0.5372 4.360036e-11
0.5428999999999999 3.445143e-11
0.5491 3.32401e-11
0.556 3.095882e-11
0.5615 4.042867e-11
0.5656 4.27866e-11
0.5708 2.68933e-11
0.5772 2.865522e-11
0.5826 3.424509e-11
0.5871 3.861071e-11
0.591 4.377388e-11
0.5944 4.268733e-11
0.5984 3.112333e-11
0.6036 3.182832e-11
0.609 3.735904e-11
0.6132000000000001 3.879734e-11
0.6174999999999999 3.517784e-11
0.6218 3.280049e-11
0.6262 2.716629e-11
0.6313 2.807492e-11
0.6365000000000001 3.369901e-11
0.6418 2.709434e-11
0.6471 2.410568e-11
0.6526 2.685998e-11
0.6574000000000001 2.756307e-11
0.6616000000000001 2.980412e-11
0.6658999999999999 2.950911e-11
0.6695 3.480338e-11
0.6738 2.349215e-11
0.6813 1.962398e-11
0.6880000000000001 2.588291e-11
0.6919000000000001 3.725727e-11
0.6965999999999999 2.629989e-11
0.7021 2.339539e-11
0.7069 2.435405e-11
0.7117 2.290675e-11
0.7167 2.477154e-11
0.7216999999999999 2.516941e-11
0.7259 2.820211e-11
0.7293 2.868654e-11
0.7328 3.501603e-11
0.7371 2.605252e-11
0.7424 2.282979e-11
0.7478 2.247024e-11
0.7523 2.39918e-11
0.7559999999999999 2.528379e-11
0.7597 2.433974e-11
0.7635 2.306065e-11
0.7682 2.099342e-11
0.7729999999999999 2.439077e-11
0.7778 1.977128e-11
0.7827 2.585018e-11
0.7867000000000001 2.574731e-11
0.7917000000000001 1.846057e-11
0.7968 2.129833e-11
0.8009000000000001 1.98071e-11
0.8051 2.147095e-11
0.8093 2.137419e-11
0.8136 2.260614e-11
0.8178000000000001 2.499299e-11
0.8221999999999999 1.733139e-11
0.8266 2.249286e-11
0.831 2.140611e-11
0.8355 2.337877e-11
0.84 1.943795e-11
0.8433999999999999 2.96359e-11
0.8469 2.278246e-11
0.8514999999999999 2.010931e-11
0.8563000000000001 1.941113e-11
0.8610000000000001 2.034788e-11
0.8658 2.281428e-11
0.8707 1.982351e-11
0.8744000000000001 2.595025e-11
0.8781 1.72045e-11
0.8831 1.877259e-11
0.8881 2.09612e-11
0.8933 1.90749e-11
0.8984 2.001215e-11
0.9037000000000001 2.279077e-11
0.909 1.838752e-11
0.9143 1.607822e-11
0.9198 1.549072e-11
0.9253 1.706441e-11
0.9308 1.469467e-11
0.9349999999999999 2.189865e-11
0.9393 1.759297e-11
0.9436 1.960686e-11
0.9464 1.903317e-11
0.9493 2.021499e-11
0.9537 1.861328e-11
0.9581000000000001 1.976837e-11
0.9626 1.580734e-11
0.9686 1.442898e-11
0.9732 1.808511e-11
0.9763 2.077967e-11
0.9793000000000001 1.704449e-11
0.9823999999999999 1.715407e-11
0.9856 1.669535e-11
0.9886999999999999 1.652173e-11
0.9919 1.632159e-11
0.9951 1.648921e-11
0.9983 1.750111e-11
1.0030999999999999 1.254618e-11
1.008 1.637413e-11
1.0113 1.448952e-11
1.0146 1.45962e-11
1.0179 1.916206e-11
1.0213 1.398958e-11
1.0264 1.591911e-11
1.0315 1.620081e-11
1.0349 1.675019e-11
1.0384 1.290713e-11
1.0419 1.883663e-11
1.0453999999999999 1.805469e-11
1.0489 1.628937e-11
1.0525 1.822441e-11
1.0561 1.524935e-11
1.0597 1.693342e-11
1.0633 1.540836e-11
1.067 1.515479e-11
1.0707 1.172181e-11
1.0744 1.449733e-11
1.0781 1.317411e-11
1.0819 1.501739e-11
1.0856999999999999 1.493313e-11
1.0895000000000001 1.385559e-11
1.0933 1.19979e-11
1.0972 1.349584e-11
1.1011 1.502429e-11
1.105 1.385198e-11
1.109 1.384478e-11
1.113 1.28672e-11
1.117 1.482716e-11
1.121 1.447381e-11
1.1251 1.494364e-11
1.1292 1.340567e-11
1.1333 1.235975e-11
1.1375 1.404932e-11
1.1417 1.468456e-11
1.1459 1.483646e-11
1.1501 1.124868e-11
1.1544 1.426837e-11
1.1587 1.191374e-11
1.1631 1.580954e-11
1.1675 1.101682e-11
1.1719 1.208936e-11
1.1763 1.32982e-11
1.1807999999999998 1.479574e-11
1.1853 1.346582e-11
1.1899 1.477122e-11
1.1945000000000001 1.223346e-11
1.1991 1.278094e-11
1.2037 1.3594e-11
1.2084 1.345841e-11
1.2132 1.146703e-11
1.2179 1.270739e-11
1.2227000000000001 1.063656e-11
1.2276 1.229691e-11
1.2325 1.22814e-11
1.2374 1.386169e-11
1.2423 1.180297e-11
1.2473 1.11334e-11
1.2524 1.25821e-11
1.2574999999999998 1.078396e-11
1.2626 9.807905e-12
1.2677 1.269328e-11
1.2729000000000001 9.317816e-12
1.2782 1.191604e-11
1.2835 1.15572e-11
1.2888 1.275002e-11
1.2942 1.049356e-11
1.2996 1.246702e-11
1.3051 1.17035e-11
1.3106 1.037047e-11
1.3161999999999998 1.074964e-11
1.3218 1.192635e-11
1.3275 1.152497e-11
1.3332 1.193125e-11
1.3389 1.086322e-11
1.3447 1.020046e-11
1.3506 1.102973e-11
1.3564999999999998 1.118674e-11
1.3625 1.061244e-11
1.3684999999999998 1.247843e-11
1.3746 1.04014e-11
1.3807 1.070521e-11
1.3868999999999998 1.036327e-11
1.3931 1.072842e-11
1.3994 1.044903e-11
1.4057 1.078156e-11
1.4121000000000001 1.126589e-11
1.4186 9.633194e-12
1.4250999999999998 1.188812e-11
1.4317 8.958638e-12
1.4383000000000001 9.524079e-12
1.4449999999999998 1.113971e-11
1.4518 9.967946e-12
1.4586 1.077976e-11
1.4655 9.710028e-12
1.4725 9.600362e-12
1.4794999999999998 1.042261e-11
1.4866 9.00577e-12
1.4938 1.018134e-11
1.501 1.028502e-11
1.5083 9.458293e-12
1.5156999999999998 9.752567e-12
1.5232 8.831319e-12
1.5307 1.021747e-11
1.5383 8.985567e-12
1.5459 7.630759e-12
1.5537 9.947151e-12
1.5615 9.578857e-12
1.5694 8.120308e-12
1.5774 8.155302e-12
1.5855000000000001 8.501962e-12
1.5936 8.289775e-12
1.6018999999999999 9.828209e-12
1.6102 8.577103e-12
1.6186 1.003254e-11
1.6271 8.997925e-12
1.6357000000000002 9.567909e-12
1.6443999999999999 8.380258e-12
1.6531 9.322089e-12
1.662 8.843358e-12
1.671 9.339502e-12
1.68 8.419254e-12
1.6892 8.650044e-12
1.6984 7.439987e-12
1.7078 9.181041e-12
1.7171999999999998 8.41193e-12
1.7268000000000001 7.884905e-12
1.7365 8.091648e-12
1.7463 6.691359e-12
1.7562 8.474473e-12
1.7662 9.041474e-12
1.7763 7.607563e-12
1.7865 7.945427e-12
1.7969000000000002 7.990198e-12
1.8074000000000001 7.802358e-12
1.818 7.327449e-12
1.8287 7.266357e-12
1.8395 8.814028e-12
1.8505 8.324429e-12
1.8616 8.266959e-12
1.8729 7.6753e-12
1.8843 8.493675e-12
1.8958000000000002 8.12316e-12
1.9075 7.894102e-12
1.9192999999999998 8.39804e-12
1.9312 8.554808e-12
1.9432999999999998 8.315292e-12
1.9556 9.043346e-12
1.9680000000000002 8.433494e-12
1.9806000000000001 7.880842e-12
1.9933 7.188213e-12
2.0061999999999998 7.38744e-12
2.0193000000000003 7.173893e-12
2.0325 7.613657e-12
2.0460000000000003 1.95154e-11
2.0596 9.83064e-12
2.0733 7.476063e-12
2.0873 7.097019e-12
2.1015 6.89514e-12
2.1158 6.441076e-12
2.1303 7.088724e-12
2.1451000000000002 7.508704e-12
2.1599999999999997 7.447793e-12
2.1752 7.009109e-12
2.1906 6.408173e-12
2.2062 7.179827e-12
2.222 6.520821e-12
2.238 7.431742e-12
2.2542999999999997 6.752682e-12
2.2708 6.806439e-12
2.2876 5.7395e-12
2.3046 6.419562e-12
2.3218 6.252776e-12
2.3394 6.190113e-12
2.3571 6.496995e-12
2.3752 5.553302e-12
2.3936 6.433801e-12
2.4122 5.703485e-12
2.4311 6.096928e-12
2.4503 5.975283e-12
2.4697999999999998 6.098279e-12
2.4897 5.120252e-12
2.5098 5.628374e-12
2.5303 5.557224e-12
2.5512 5.687635e-12
2.5723 5.63718e-12
2.5939 5.267274e-12
2.6157 5.901173e-12
2.6380000000000003 5.607029e-12
2.6607 5.708709e-12
2.6837 4.697259e-12
2.7071 4.790935e-12
2.7310000000000003 5.380572e-12
2.7553 4.636207e-12
2.78 5.324864e-12
2.8051 4.66887e-12
2.8307 4.739349e-12
2.8568000000000002 4.777065e-12
2.8834 4.713631e-12
2.9105 4.506167e-12
2.9381 4.269494e-12
2.9661999999999997 4.362388e-12
2.9949000000000003 4.265651e-12
3.0241000000000002 4.304718e-12
3.0539 4.4239e-12
3.0843 4.110464e-12
3.1153000000000004 4.554431e-12
3.1469 4.251661e-12
3.1792000000000002 4.680288e-12
3.2121 4.534937e-12
3.2457 4.492778e-12
3.2801 4.187057e-12
3.3152000000000004 4.478999e-12
3.351 3.91762e-12
3.3876 4.357444e-12
3.4251000000000005 4.036182e-12
3.4634 3.659431e-12
3.5025 3.75862e-12
3.5425 4.070816e-12
3.5835 3.836714e-12
3.6254 3.897316e-12
3.6683 3.258264e-12
3.7122 3.828509e-12
3.7572 3.516553e-12
3.8033 3.648574e-12
3.8506 3.083843e-12
3.899 3.027304e-12
3.9487 3.455381e-12
3.9997 3.286484e-12
4.0519 3.199033e-12
4.1056 3.755548e-12
4.232 2.635483e-12
4.5543 3.379068e-12
4.858 2.754966e-12
5.1934 2.664033e-12
5.527299999999999 2.509306e-12
5.781700000000001 2.926985e-12
6.0069 2.490633e-12
6.2809 2.37006e-12
6.5449 1.941353e-12
6.7769 1.875197e-12
6.986400000000001 1.949058e-12
7.1677 2.258152e-12
7.359699999999999 1.518771e-12
7.5849 1.824322e-12
7.799 1.758637e-12
8.0003 1.64771e-12
8.2123 1.540216e-12
8.4359 1.675049e-12
8.641 1.510045e-12
8.8578 1.627346e-12
9.1185 1.735611e-12
9.3949 1.403401e-12
9.6499 1.57595e-12
9.921299999999999 1.297438e-12
10.206 1.390882e-12
10.42 1.771466e-12
10.644 1.356448e-12
10.877 1.50301e-12
11.071 1.755975e-12
11.325000000000001 1.129541e-12
11.643999999999998 9.768688e-13
11.982 1.279955e-12
12.277 1.22801e-12
12.524999999999999 1.168328e-12
12.783 1.504621e-12
13.123 9.820314e-13
13.478 1.215981e-12
13.778 1.016123e-12
14.091 1.140289e-12
14.419 1.07007e-12
14.762 1.183599e-12
15.122 1.00007e-12
15.5 1.237486e-12
15.898 1.211228e-12
16.316 1.135445e-12
16.876 7.330171e-13
17.466 9.698359e-13
17.972 1.208076e-12
18.654 8.318545e-13
19.377000000000002 1.017744e-12
20.171999999999997 8.274264e-13
21.020000000000003 9.356083e-13
21.758 1.028932e-12
22.55 1.047084e-12
23.402 8.652686e-13
24.32 8.350707e-13
25.313000000000002 7.923952e-13
26.105 1.074203e-12
26.966 8.862751e-13
28.192999999999998 8.155912e-13
29.537 7.066068e-13
31.015 6.286929e-13
32.65 7.326018e-13
34.467 5.81166e-13
36.498 5.63716e-13
39.449999999999996 4.252772e-13
920.8 6.388041e-14
925.93 7.315866e-14
931.0699999999999 7.432605e-14
936.2099999999999 6.81322e-14
941.3499999999999 8.646401e-14
946.49 6.788574e-14
951.63 7.657701e-14
956.77 7.461395e-14
961.91 7.135407e-14
967.05 6.944103e-14
972.2 8.07669e-14
977.34 8.23433e-14
982.49 1.034077e-13
997.9300000000001 7.771953e-14
1003.0799999999999 6.727777e-14
1008.2299999999999 6.461758e-14
1013.38 7.511002e-14
1018.53 9.125964e-14
1033.98 8.00935e-14
1039.14 9.86707e-14
1044.29 9.115402e-14
1049.45 7.181613e-14
1054.61 8.01763e-14
1059.76 8.411231e-14
1064.92 9.216945e-14
1070.0800000000002 1.183539e-13
1075.24 1.603912e-13
1080.3999999999999 1.812857e-13
1085.56 1.5596e-13
1090.72 1.045161e-13
1095.88 8.433527e-14
1101.05 8.261684e-14
1106.21 7.829386e-14
1111.37 8.029775e-14
1116.54 7.906208e-14
1121.71 7.472634e-14
1126.87 7.730812e-14
1132.04 1.00678e-13
1137.21 1.02299e-13
1142.38 7.091537e-14
1147.54 6.708487e-14
1152.71 7.035511e-14
1157.89 6.828689e-14
1163.0600000000002 7.270264e-14
1168.23 8.31148e-14
1173.4 7.685042e-14
1178.57 7.951035e-14
1183.75 7.547341e-14
1188.92 7.231054e-14
1194.1 9.581546e-14
1220.0 8.243365e-14
1240.7 1.089263e-13
1245.88 1.189e-13
1251.07 1.333352e-13
1256.2499999999998 1.549807e-13
1261.43 1.96862e-13
1266.62 3.876947e-13
1271.8 5.365652e-13
1276.98 2.964986e-13
1282.17 2.140498e-13
1287.36 1.652349e-13
1293.0700000000002 1.641701e-13
1298.1000000000001 1.655309e-13
1303.13 1.158588e-13
1308.1599999999999 1.032572e-13
1313.1899999999998 9.477422e-14
1318.21 8.413778e-14
1323.67 8.125872e-14
1328.8600000000001 7.918992e-14
1334.05 5.750565e-14
1339.2499999999998 6.591848e-14
1344.44 6.535659e-14
1349.63 6.933362e-14
1354.82 1.021321e-13
1360.0200000000002 8.189291e-14
1365.21 6.844648e-14
1370.3999999999999 6.630118e-14
1375.6 6.188304e-14
1380.79 6.352331e-14
1385.99 5.840748e-14
1391.1899999999998 5.705651e-14
1396.38 5.958517e-14
1401.5800000000002 5.965489e-14
1406.78 5.919086e-14
1411.9799999999998 5.614399e-14
1417.18 5.443985e-14
1422.3700000000001 5.982469e-14
1427.57 5.810846e-14
1432.77 5.58758e-14
1437.97 6.315667e-14
1443.18 6.221293e-14
1448.3799999999999 6.955692e-14
1453.58 7.326958e-14
1458.78 8.067664e-14
1463.98 8.724793e-14
1469.1899999999998 8.099436e-14
1474.3899999999999 7.052343e-14
1479.5900000000001 6.425228e-14
1484.8 6.037367e-14
1490.0 5.413101e-14
1495.2099999999998 5.707265e-14
1500.41 5.760928e-14
1505.6200000000001 5.07981e-14
1510.82 5.018725e-14
1516.03 5.587178e-14
1521.24 4.981939e-14
1526.45 4.273284e-14
1531.6499999999999 4.78286e-14
1536.86 5.316827e-14
1542.0700000000002 5.459202e-14
1547.28 4.818283e-14
1552.49 5.921912e-14
1557.6999999999998 5.759382e-14
1562.91 5.419111e-14
1568.1200000000001 5.673506e-14
1573.33 5.740514e-14
1578.54 6.235632e-14
1583.7499999999998 6.478828e-14
1588.96 7.134827e-14
1594.17 8.192921e-14
1599.3799999999999 1.007554e-13
1604.6 1.117966e-13
1609.8100000000002 1.410859e-13
1615.02 2.112295e-13
1620.23 2.644458e-13
1625.45 1.736489e-13
1630.6599999999999 1.239356e-13
1635.8700000000001 1.100988e-13
1641.0900000000001 8.68295e-14
1646.3 7.939905e-14
1651.52 6.901052e-14
1656.7299999999998 6.763056e-14
1661.95 7.558105e-14
1667.16 1.292487e-13
1672.3799999999999 7.825459e-14
1677.6 6.070027e-14
1682.81 5.933303e-14
1688.03 6.116103e-14
1693.25 6.257013e-14
1698.46 6.31465e-14
1703.6799999999998 6.093005e-14
1708.8999999999999 6.54657e-14
1714.1200000000001 7.914016e-14
1719.33 6.542993e-14
1724.55 5.928628e-14
1729.77 5.826421e-14
1734.9899999999998 5.328399e-14
1740.21 5.492986e-14
1745.43 5.459219e-14
1750.6399999999999 5.109233e-14
1755.86 4.854733e-14
1761.08 4.504094e-14
1766.3000000000002 4.343033e-14
1771.52 4.279383e-14
1776.74 4.248364e-14
1781.96 4.173343e-14
1787.1799999999998 4.197724e-14
1792.4 4.287655e-14
1797.6200000000001 4.268427e-14
1802.84 4.357656e-14
1808.06 3.679898e-14
1813.29 4.004686e-14
1818.5100000000002 4.277082e-14
1823.73 3.666395e-14
1828.95 4.752795e-14
1834.17 4.72916e-14
1839.3899999999999 4.140707e-14
1841.23 4.289593e-14
1846.2600000000002 4.261646e-14
1851.29 4.087732e-14
1856.32 4.099136e-14
1861.35 4.157181e-14
1866.3799999999999 4.120626e-14
1871.41 4.215914e-14
1876.43 4.169334e-14
1881.46 4.155806e-14
1886.49 4.189939e-14
1891.52 4.104192e-14
1896.55 4.153706e-14
1901.58 4.163806e-14
1906.61 4.053698e-14
1911.64 4.085001e-14
1916.67 4.05165e-14
1921.7 4.134811e-14
1926.72 4.226445e-14
1931.7500000000002 4.274855e-14
1936.78 4.262615e-14
1941.81 4.365004e-14
1946.84 4.402273e-14
1953.94 5.565757e-14
1959.27 4.912115e-14
1964.6 5.436341e-14
1969.93 6.469801e-14
1975.26 7.317353e-14
1980.5900000000001 5.91882e-14
1985.9299999999998 6.997341e-14
1991.26 7.489533e-14
1996.59 7.844654e-14
2001.92 6.095666e-14
2007.2499999999998 5.544163e-14
2012.58 5.589927e-14
2017.92 4.577238e-14
2023.24 5.009448e-14
2028.5800000000002 4.166219e-14
2033.9099999999999 4.522421e-14
2039.24 4.529701e-14
2044.57 4.138051e-14
2049.91 3.534999e-14
2055.23 3.968237e-14
2060.5699999999997 3.697022e-14
2065.9 3.833807e-14
2071.23 3.925087e-14
2076.56 4.083381e-14
2081.8999999999996 4.041816e-14
2087.23 4.165847e-14
2092.56 4.295118e-14
2097.89 3.485694e-14
2103.2200000000003 3.733069e-14
2108.5499999999997 3.958668e-14
2113.89 3.54333e-14
2119.21 4.348217e-14
2124.55 3.683072e-14
2129.88 3.983016e-14
2135.21 3.429625e-14
2140.54 3.727087e-14
2145.88 3.432732e-14
2151.21 4.025083e-14
2156.54 4.0205e-14
2161.87 3.7975e-14
2167.2 4.294011e-14
2172.54 3.80747e-14
2177.86 3.698475e-14
2183.2 3.524585e-14
2188.52 4.44822e-14
2193.86 3.154835e-14
2199.19 3.379132e-14
2204.52 3.912846e-14
2209.85 3.399949e-14
2215.19 3.546994e-14
2220.52 3.321159e-14
2225.85 3.531165e-14
2231.1800000000003 3.670285e-14
2236.52 3.898442e-14
2241.84 2.821692e-14
2247.18 2.900309e-14
2252.5 3.389371e-14
2257.84 3.447081e-14
2263.17 3.294173e-14
2268.5 3.243923e-14
2273.83 3.104553e-14
2279.17 3.234427e-14
2284.5 3.129752e-14
2289.83 2.662735e-14
2295.16 2.793491e-14
2300.4900000000002 3.194902e-14
2305.82 2.995182e-14
2311.16 3.562678e-14
2316.48 3.104939e-14
2321.82 2.982866e-14
2327.15 2.756447e-14
2332.48 3.194605e-14
2337.81 2.859929e-14
2343.15 3.314614e-14
2348.48 2.977033e-14
2353.81 2.984979e-14
2359.1400000000003 3.087038e-14
2364.47 2.90289e-14
2369.8 3.135487e-14
2375.14 2.8772e-14
2380.46 2.65928e-14
2385.7999999999997 2.635073e-14
2391.13 3.179687e-14
2396.46 3.077746e-14
2401.79 3.341395e-14
2407.13 3.100976e-14
2412.46 3.332587e-14
2417.79 3.173835e-14
2423.12 3.29612e-14
2428.4500000000003 3.510699e-14
2433.79 3.34851e-14
2439.1099999999997 3.615987e-14
2444.45 3.402269e-14
2449.78 3.490718e-14
2455.11 3.542932e-14
2460.44 3.327571e-14
2465.77 3.337205e-14
2471.1 2.991881e-14
2476.44 3.033329e-14
2481.77 3.448766e-14
2487.1 2.967513e-14
2492.43 3.505721e-14
2497.77 3.408196e-14
2503.09 3.010886e-14
2508.43 3.241846e-14
2513.75 3.374637e-14
2519.09 3.236079e-14
2524.42 3.250042e-14
2529.75 3.391764e-14
2535.08 3.517135e-14
2540.42 3.244415e-14
2545.75 3.330156e-14
2551.08 2.992245e-14
2556.41 3.309382e-14
2561.75 3.213949e-14
2567.07 3.104431e-14
2572.41 3.099378e-14
2577.7299999999996 3.019277e-14
2583.07 2.919873e-14
2588.4 2.887988e-14
2593.73 3.238396e-14
2599.0600000000004 2.611904e-14
2604.4 3.004114e-14
2609.73 3.175966e-14
2615.06 3.044529e-14
2620.3900000000003 3.249743e-14
2625.73 3.076861e-14
2631.0499999999997 3.264788e-14
2636.3900000000003 3.074849e-14
2641.71 2.996847e-14
2647.05 3.534017e-14
2652.3799999999997 3.053823e-14
2657.7099999999996 3.045337e-14
2663.04 2.829336e-14
2668.38 3.088212e-14
2673.71 2.887427e-14
2679.04 2.867399e-14
2684.37 2.793424e-14
2689.7 2.926237e-14
2695.0400000000004 2.656735e-14
2700.36 2.892636e-14
2705.7 2.703593e-14
2711.0299999999997 2.838193e-14
2716.3599999999997 2.98422e-14
2721.69 2.817356e-14
2727.02 2.827151e-14
2732.35 2.856378e-14
2737.69 2.766133e-14
2743.02 3.00982e-14
2748.35 2.841272e-14
2753.68 2.66922e-14
2759.02 2.73298e-14
2764.34 2.751974e-14
2769.68 2.752199e-14
2775.0099999999998 2.706251e-14
2780.34 2.413517e-14
2785.67 2.707975e-14
2791.0 2.136059e-14
2796.3300000000004 2.11318e-14
2801.67 1.973062e-14
2807.0 2.592444e-14
2812.33 2.638295e-14
2817.6600000000003 2.684364e-14
2823.0 2.671429e-14
2828.3199999999997 2.591453e-14
2833.66 2.897354e-14
2838.9900000000002 2.854717e-14
2844.32 2.742761e-14
2849.65 2.737363e-14
2854.9799999999996 2.907708e-14
2860.31 2.849944e-14
2865.65 2.743748e-14
2870.98 2.872762e-14
2876.3100000000004 3.0931e-14
2881.64 2.930588e-14
2886.98 2.8798e-14
2892.2999999999997 3.199843e-14
2897.6400000000003 3.129174e-14
2902.96 3.570344e-14
2908.2999999999997 3.749016e-14
2913.6299999999997 3.893513e-14
2918.96 4.695045e-14
2924.29 4.566723e-14
2929.6299999999997 4.763175e-14
2934.9599999999996 4.218141e-14
2940.29 4.076915e-14
2945.62 3.683744e-14
2950.96 3.45639e-14
2956.29 3.414285e-14
2961.61 3.11786e-14
2966.95 2.920909e-14
2972.2799999999997 2.880373e-14
2977.61 2.684264e-14
2982.95 2.605814e-14
2988.27 2.796998e-14
2993.6000000000004 2.807597e-14
2998.94 2.403437e-14
3004.27 2.674142e-14
3009.6 2.317618e-14
3014.94 2.433674e-14
3020.27 2.422641e-14
3025.59 2.366565e-14
3030.93 2.308938e-14
3036.26 2.199857e-14
3041.59 2.630288e-14
3046.92 2.420476e-14
3052.2500000000005 2.443741e-14
3057.58 2.53013e-14
3062.92 2.346144e-14
3068.25 2.292203e-14
3073.5800000000004 2.572256e-14
3078.9100000000003 2.983425e-14
3084.25 2.677547e-14
3089.5699999999997 3.322891e-14
3094.9100000000003 2.761398e-14
3100.8 2.566261e-14
3106.0 2.594546e-14
3111.2000000000003 2.527149e-14
3116.3999999999996 2.535638e-14
3121.6 2.536118e-14
3126.8 2.504764e-14
3132.0 2.338841e-14
3137.2 2.276663e-14
3142.4 2.320324e-14
3147.6 2.277419e-14
3152.8 2.145729e-14
3158.0000000000005 2.125666e-14
3163.2 2.178554e-14
3168.4 2.153252e-14
3173.6 2.078742e-14
3178.8 2.103674e-14
3184.0 2.203442e-14
3189.2 2.250401e-14
3194.4 2.118657e-14
3199.6000000000004 2.057777e-14
3204.7999999999997 2.111503e-14
3210.0 2.179551e-14
3215.2 2.155705e-14
3220.4 2.054353e-14
3225.6 2.07927e-14
3230.7999999999997 2.10509e-14
3236.0 2.161782e-14
3241.2000000000003 2.161572e-14
3246.3999999999996 2.154217e-14
3251.6 2.160297e-14
3256.8 2.202792e-14
3262.0 2.343376e-14
3267.2000000000003 2.437261e-14
3272.3999999999996 2.52614e-14
3277.6 2.570664e-14
3282.8 2.379155e-14
3288.0 2.366506e-14
3293.2 2.334612e-14
3298.4 2.339162e-14
3303.6 2.313383e-14
3308.8 2.322813e-14
3313.9999999999995 2.323246e-14
3319.2 2.378436e-14
3324.4 2.393901e-14
3329.6 2.412305e-14
3334.8 2.449567e-14
3340.0 2.432716e-14
3345.2 2.465323e-14
3350.4 2.479575e-14
3355.6000000000004 2.388853e-14
3360.7999999999997 2.354091e-14
3366.0 2.343257e-14
3371.2 2.319348e-14
3376.4 2.289167e-14
3381.6000000000004 2.295257e-14
3386.7999999999997 2.278861e-14
3392.0 2.298182e-14
3397.2000000000003 2.258939e-14
3402.4 2.247993e-14
3407.6 2.250874e-14
3412.7999999999997 2.238034e-14
3418.0 2.231611e-14
3423.2000000000003 2.22147e-14
3428.3999999999996 2.199383e-14
3433.6 2.212437e-14
3438.8 2.154848e-14
3444.0 2.127314e-14
3449.2 2.12885e-14
3454.4 2.126317e-14
3459.6 2.082524e-14
3464.8 2.070055e-14
3469.9999999999995 2.046581e-14
3475.2 2.013011e-14
3480.4 2.00066e-14
3485.6 2.02247e-14
3490.8 2.08773e-14
3496.0 2.234624e-14
3501.2 2.208753e-14
3506.4 2.022656e-14
3511.6000000000004 1.993156e-14
3516.7999999999997 1.971946e-14
3522.0 1.974768e-14
3527.2 1.951339e-14
3532.4 1.957988e-14
3537.6000000000004 1.96615e-14
3542.7999999999997 1.961153e-14
3548.0 1.958551e-14
3553.2000000000003 1.953772e-14
3558.4 1.975476e-14
3563.6 1.986204e-14
3568.7999999999997 1.991785e-14
3574.0 2.079641e-14
3579.2000000000003 2.444405e-14
3584.3999999999996 2.598499e-14
3589.6 2.126358e-14
3594.8 2.034927e-14
3600.0 2.075327e-14
3605.2000000000003 2.043235e-14
3610.4 1.987447e-14
3615.6 1.963718e-14
3620.8 1.947099e-14
3626.0 1.938229e-14
3631.2 1.931279e-14
3636.4 1.897077e-14
3641.6 1.889427e-14
3646.8 1.87286e-14
3652.0000000000005 1.851334e-14
3657.2 1.833156e-14
3662.4 1.817756e-14
3667.6 1.792736e-14
3672.7999999999997 1.780685e-14
3678.0 1.742325e-14
3683.2 1.728166e-14
3688.4 1.702357e-14
3693.6000000000004 1.688296e-14
3698.7999999999997 1.67214e-14
3704.0 1.665688e-14
3709.2000000000003 1.665456e-14
3714.4 1.663925e-14
3719.6 1.667362e-14
3724.7999999999997 1.660517e-14
3730.0 1.650155e-14
3735.2000000000003 1.660037e-14
3740.3999999999996 1.682922e-14
3745.6 1.736304e-14
3750.8 1.858223e-14
3756.0 1.724716e-14
3761.2000000000003 1.692004e-14
3766.3999999999996 1.682435e-14
3771.6 1.673707e-14
3776.8 1.674391e-14
3782.0 1.666358e-14
3787.2 1.664547e-14
3792.4 1.66058e-14
3797.6 1.668077e-14
3802.8 1.649388e-14
3808.0000000000005 1.642218e-14
3813.2 1.63892e-14
3818.4 1.633911e-14
3823.6 1.643129e-14
3828.8 1.661243e-14
3834.0 1.64142e-14
3839.2 1.619659e-14
3844.4 1.607587e-14
3849.6000000000004 1.583497e-14
3854.7999999999997 1.572588e-14
3860.0 1.575858e-14
3865.2 1.566116e-14
3870.4 1.564449e-14
3875.6000000000004 1.555552e-14
3880.7999999999997 1.547163e-14
3886.0 1.558567e-14
3891.2000000000003 1.582407e-14
3896.3999999999996 1.675426e-14
3901.6 1.692758e-14
3906.8 1.52435e-14
3912.0 1.532412e-14
3917.2000000000003 1.518521e-14
3922.3999999999996 1.530548e-14
3927.6 1.674199e-14
3932.8 1.71028e-14
3938.0 1.496965e-14
3943.2 1.478251e-14
3948.4 1.461733e-14
3953.6 1.455415e-14
3958.8 1.458233e-14
3963.9999999999995 1.434348e-14
3969.2 1.391518e-14
3974.4 1.4027e-14
3979.6 1.392227e-14
3984.8 1.401786e-14
3990.0 1.391824e-14
3995.2 1.400607e-14
4000.4 1.369555e-14
4005.6000000000004 1.360607e-14
4010.7999999999997 1.36126e-14
4016.0 1.383109e-14
4021.2 1.356644e-14
4026.4 1.345706e-14
4031.6000000000004 1.368099e-14
4036.7999999999997 1.402576e-14
4042.0 1.62519e-14
4047.2000000000003 2.015156e-14
4052.4 1.556526e-14
4057.6 1.40384e-14
4062.7999999999997 1.404878e-14
4068.0 1.515356e-14
4073.2000000000003 1.470897e-14
4078.3999999999996 1.365507e-14
4083.6 1.315231e-14
4088.8 1.301571e-14
4094.0 1.297256e-14
4099.2 1.280081e-14
4104.400000000001 1.271828e-14
4109.6 1.266482e-14
4114.8 1.247607e-14
4120.0 1.270419e-14
4125.2 1.286913e-14
4130.400000000001 1.287483e-14
4135.599999999999 1.27702e-14
4140.8 1.284795e-14
4146.0 1.3641e-14
4151.2 1.449318e-14
4156.400000000001 1.277096e-14
4161.599999999999 1.212388e-14
4166.8 1.186338e-14
4172.0 1.168812e-14
4177.2 1.151257e-14
4182.4 1.132274e-14
4187.6 1.115725e-14
4192.8 1.10737e-14
4198.0 1.100008e-14
4203.2 1.081698e-14
4208.4 1.079443e-14
4213.6 1.075485e-14
4218.8 1.055335e-14
4224.0 1.064967e-14
4229.2 1.049206e-14
4234.4 1.052141e-14
4239.6 1.066452e-14
4244.8 1.074471e-14
4250.0 1.106482e-14
4255.2 1.173971e-14
4260.4 1.186607e-14
4265.6 1.155468e-14
4270.8 1.160476e-14
4276.0 1.177742e-14
4281.2 1.212861e-14
4286.400000000001 1.247883e-14
4291.599999999999 1.241125e-14
4296.8 1.172959e-14
4302.0 1.128446e-14
4307.2 1.111414e-14
4312.400000000001 1.085309e-14
4317.599999999999 1.065684e-14
4322.8 1.06215e-14
4328.0 1.065899e-14
4333.2 1.067056e-14
4338.4 1.064169e-14
4343.6 1.04296e-14
4348.8 1.022337e-14
4354.0 1.025765e-14
4359.2 1.016656e-14
4364.4 1.00365e-14
4369.6 1.005025e-14
4374.8 1.007908e-14
4380.0 9.95836e-15
4385.2 9.958353e-15
4390.4 9.945582e-15
4395.6 9.952664e-15
4400.8 9.953302e-15
4406.0 9.85245e-15
4411.2 9.759281e-15
4416.4 9.759438e-15
4421.6 9.693102e-15
4426.8 9.688887e-15
4432.0 9.62283e-15
4437.2 9.677914e-15
4442.400000000001 9.809617e-15
4447.599999999999 9.562179e-15
4452.8 9.563545e-15
4458.0 9.58863e-15
4463.2 9.760349e-15
4468.400000000001 9.697033e-15
4473.599999999999 9.816746e-15
4478.8 9.956281e-15
4484.0 1.022233e-14
4489.2 1.027433e-14
4494.4 1.051871e-14
4499.6 1.074708e-14
4504.8 1.11036e-14
4510.0 1.142893e-14
4515.2 1.185217e-14
4520.4 1.216159e-14
4525.6 1.236565e-14
4530.8 1.298369e-14
4536.0 1.3884e-14
4541.2 1.423372e-14
4546.4 1.327587e-14
4551.6 1.282536e-14
4556.8 1.317742e-14
4562.0 1.463325e-14
4567.2 1.373553e-14
4572.4 1.210293e-14
4577.6 1.156285e-14
4582.8 1.117193e-14
4588.0 1.081771e-14
4593.2 1.060852e-14
4598.400000000001 1.048497e-14
4603.6 1.031581e-14
4608.8 1.012411e-14
4614.0 1.017377e-14
4619.2 1.007103e-14
4624.400000000001 9.950428e-15
4629.599999999999 9.773587e-15
4634.8 9.652539e-15
4640.0 9.563645e-15
4645.2 9.500436e-15
4650.4 9.57993e-15
4655.599999999999 9.553217e-15
4660.8 9.501335e-15
4666.0 9.480429e-15
4671.2 9.564274e-15
4676.4 9.74525e-15
4681.6 9.804125e-15
4686.8 9.688995e-15
4692.0 9.790116e-15
4697.2 9.793423e-15
4702.4 9.787332e-15
4707.6 9.868628e-15
4712.8 9.997775e-15
4718.0 1.009334e-14
4723.2 1.017486e-14
4728.4 1.027217e-14
4733.6 1.025532e-14
4738.8 1.014919e-14
4744.0 1.025503e-14
4749.2 1.035671e-14
4754.4 1.042653e-14
4759.6 1.03229e-14
4764.8 1.029321e-14
4770.0 1.033053e-14
4775.2 1.018446e-14
4780.400000000001 1.018349e-14
4785.599999999999 1.004988e-14
4790.8 1.005353e-14
4796.0 9.954935e-15
4801.2 9.921492e-15
4806.400000000001 9.858659e-15
4811.599999999999 9.740711e-15
4816.8 9.635465e-15
4822.0 9.649674e-15
4827.2 9.539874e-15
4832.4 9.44554e-15
4837.6 9.493395e-15
4842.8 9.531122e-15
4848.0 9.569626e-15
4853.2 9.493319e-15
4858.4 9.302269e-15
4863.6 9.151369e-15
4868.8 9.132497e-15
4874.0 9.209825e-15
4879.2 8.996388e-15
4884.4 8.875627e-15
4889.6 9.204629e-15
4894.8 9.643553e-15
4900.0 1.020483e-14
4905.2 9.407663e-15
4910.4 8.922586e-15
4915.6 8.614997e-15
4920.8 8.504829e-15
4926.0 8.468394e-15
4931.2 8.58068e-15
4936.400000000001 8.321422e-15
4941.599999999999 8.492372e-15
4946.8 8.344546e-15
4952.0 8.295268e-15
4957.2 8.425943e-15
4962.400000000001 8.333195e-15
4967.599999999999 8.241959e-15
4972.8 8.194428e-15
4978.0 8.213296e-15
4983.2 8.149902e-15
4988.4 8.207759e-15
4993.6 8.314403e-15
4998.8 8.416402e-15
5004.0 8.435623e-15
5009.200000000001 8.591256e-15
5014.4 8.923757e-15
5019.599999999999 9.170589e-15
5024.8 9.526435e-15
5030.0 9.971114e-15
5035.2 1.078174e-14
5040.400000000001 1.116907e-14
5045.6 1.157594e-14
5050.8 1.224557e-14
5056.000000000001 1.276031e-14
5061.2 1.338713e-14
5066.4 1.406492e-14
5071.6 1.497246e-14
5076.8 1.638172e-14
5082.0 1.845666e-14
5087.2 1.872634e-14
5092.400000000001 1.650175e-14
5097.6 1.513542e-14
5102.799999999999 1.445182e-14
5108.0 1.396677e-14
5113.2 1.364399e-14
5118.4 1.337989e-14
5123.6 1.300327e-14
5128.8 1.263285e-14
5134.0 1.213109e-14
5139.200000000001 1.165047e-14
5144.4 1.128272e-14
5149.599999999999 1.097986e-14
5154.8 1.079548e-14
5160.0 1.067263e-14
5165.2 1.05391e-14
5170.400000000001 1.064699e-14
5175.6 1.059903e-14
5180.8 1.273254e-14
5185.999999999999 1.737847e-14
5191.2 1.43809e-14
5196.4 1.04775e-14
5201.599999999999 9.623375e-15
5206.8 9.21496e-15
5212.0 9.135036e-15
5217.2 9.556004e-15
5222.400000000001 1.004078e-14
5227.6 1.255526e-14
5232.799999999999 2.37992e-14
5238.0 3.383551e-14
5243.2 1.749141e-14
5248.4 1.025817e-14
5253.6 9.047951e-15
5258.8 8.702402e-15
5264.0 8.568511e-15
5269.200000000001 8.422773e-15
5274.400000000001 8.303579e-15
5279.599999999999 8.202102e-15
5284.799999999999 7.937724e-15
5290.0 7.862288e-15
5295.2 7.747614e-15
5300.4 7.556688e-15
5305.6 7.421905e-15
5310.8 7.363291e-15
5316.0 7.263778e-15
5321.200000000001 7.208805e-15
5326.4 7.234657e-15
5331.599999999999 7.176738e-15
5336.8 7.128463e-15
5342.0 7.166242e-15
5347.2 7.219583e-15
5352.400000000001 7.340117e-15
5357.6 7.374469e-15
5362.8 7.417559e-15
5368.000000000001 7.566319e-15
5373.2 7.793344e-15
5378.4 8.048939e-15
5383.599999999999 8.145877e-15
5388.8 8.159583e-15
5394.0 8.36649e-15
5399.2 8.322601e-15
5401.9 1.331947e-14
5407.1 7.498976e-15
5412.3 7.199542e-15
5417.3099999999995 9.102174e-15
5422.31 8.489975e-15
5427.51 6.851742e-15
5432.709999999999 6.265606e-15
5437.71 8.653081e-15
5442.91 7.740887e-15
5448.01 6.416139e-15
5453.12 8.064077e-15
5458.12 7.364348e-15
5463.12 7.714879e-15
5468.32 7.919724e-15
5473.42 7.62541e-15
5478.62 7.603704e-15
5483.719999999999 7.677202e-15
5488.72 7.485564e-15
5493.73 7.528478e-15
5498.929999999999 7.49727e-15
5504.03 7.42246e-15
5509.2300000000005 7.561302e-15
5514.33 7.467817e-15
5519.530000000001 7.811232e-15
5524.63 7.857476e-15
5529.74 7.692926e-15
5534.74 7.760896e-15
5539.94 7.728089e-15
5544.9400000000005 7.623937e-15
5550.14 7.969183e-15
5555.24 8.033126e-15
5560.34 7.797193e-15
5565.35 7.695923e-15
5570.349999999999 7.517794e-15
5575.55 7.347911e-15
5580.650000000001 7.322617e-15
5585.75 7.310982e-15
5590.95 7.070036e-15
5596.05 6.978509e-15
5601.150000000001 6.933123e-15
5606.16 6.933955e-15
5611.26 6.818201e-15
5616.360000000001 6.717791e-15
5621.46 6.595781e-15
5626.66 6.63561e-15
5631.76 6.559312e-15
5636.96 6.479459e-15
5642.17 6.436194e-15
5647.2699999999995 6.403512e-15
5652.47 6.401391e-15
5657.57 6.446173e-15
5662.77 6.50545e-15
5667.97 6.588043e-15
5673.07 6.597819e-15
5678.18 6.593911e-15
5683.18 6.420225e-15
5688.18 6.332308e-15
5693.38 6.378976e-15
5698.58 6.295468e-15
5703.68 6.368884e-15
5708.78 6.266713e-15
5713.780000000001 6.249477e-15
5718.79 6.211182e-15
5723.99 6.133949e-15
5729.09 6.129626e-15
5734.29 6.170879e-15
5739.389999999999 6.222771e-15
5744.49 6.16776e-15
5749.59 6.13936e-15
5754.599999999999 6.160497e-15
5759.7 6.123982e-15
5764.8 6.163867e-15
5769.9 6.231806e-15
5775.099999999999 6.417391e-15
5780.3 6.389685e-15
5785.400000000001 6.44561e-15
5790.610000000001 6.399859e-15
5795.709999999999 6.351212e-15
5800.91 6.316739e-15
5806.01 6.279604e-15
5811.21 6.256067e-15
5816.41 6.246703e-15
5821.509999999999 6.189786e-15
5826.61 6.152434e-15
5831.62 6.127762e-15
5836.62 6.116696e-15
5841.82 6.032768e-15
5846.92 5.934595e-15
5852.12 5.886234e-15
5857.219999999999 5.939244e-15
5862.22 5.872355e-15
5867.23 5.952496e-15
5872.429999999999 6.025291e-15
5877.53 5.979108e-15
5882.7300000000005 5.973051e-15
5887.829999999999 5.973069e-15
5893.030000000001 5.917712e-15
5898.23 6.11168e-15
5903.24 5.819901e-15
5908.24 5.857563e-15
5913.44 5.858241e-15
5918.4400000000005 5.912517e-15
5923.64 5.886824e-15
5928.74 5.899145e-15
5933.84 6.046546e-15
5938.839999999999 6.192888e-15
5943.85 6.075429e-15
5949.05 6.027001e-15
5954.25 5.954322e-15
5959.25 6.009489e-15
5964.45 5.958853e-15
5969.55 6.068271e-15
5974.650000000001 6.1183e-15
5979.66 6.758161e-15
5984.76 7.445511e-15
5989.860000000001 6.745715e-15
5994.96 6.136011e-15
6000.16 5.916067e-15
6005.26 5.840969e-15
6010.46 5.879642e-15
6015.67 5.851102e-15
6020.67 5.996994e-15
6025.97 5.975274e-15
6031.07 5.878118e-15
6036.27 5.913038e-15
6041.47 5.931246e-15
6046.57 6.025909e-15
6051.68 5.960602e-15
6056.68 6.055171e-15
6061.68 6.120156e-15
6066.88 6.296083e-15
6072.08 6.327653e-15
6077.179999999999 6.279774e-15
6082.28 6.350872e-15
6087.280000000001 6.477971e-15
6092.29 6.468419e-15
6097.49 6.584412e-15
6102.59 6.630309e-15
6107.6900000000005 6.683752e-15
6112.79 6.719046e-15
6117.99 6.782943e-15
6123.09 6.760986e-15
6128.099999999999 6.833449e-15
6133.2 6.936251e-15
6138.3 7.243701e-15
6143.4 7.332017e-15
6148.599999999999 7.5103e-15
6153.8 7.262961e-15
6158.900000000001 7.023527e-15
6164.110000000001 6.924894e-15
6169.210000000001 6.66536e-15
6174.41 6.71351e-15
6179.51 6.851302e-15
6184.71 6.812374e-15
6189.91 6.725999e-15
6195.009999999999 6.74274e-15
6200.12 6.660586e-15
6205.12 6.600139e-15
6210.12 6.594383e-15
6215.32 6.606539e-15
6220.42 6.545892e-15
6225.62 6.480986e-15
6230.719999999999 6.40592e-15
6235.72 6.333454e-15
6240.73 6.337133e-15
6245.929999999999 6.294297e-15
6251.03 6.242057e-15
6256.13 6.106536e-15
6261.23 6.091467e-15
6266.429999999999 6.036719e-15
6271.53 6.008354e-15
6276.74 6.147707e-15
6281.74 5.881503e-15
6287.04 5.836973e-15
6292.24 5.790201e-15
6297.34 5.742625e-15
6302.54 5.779176e-15
6307.74 5.806942e-15
6312.75 5.824336e-15
6317.75 5.845163e-15
6322.950000000001 5.814481e-15
6328.049999999999 5.79802e-15
6333.15 5.81825e-15
6338.35 5.820601e-15
6343.450000000001 5.84295e-15
6348.549999999999 5.959607e-15
6353.56 6.169205e-15
6358.5599999999995 6.573496e-15
6363.76 7.645042e-15
6368.86 8.038525e-15
6374.06 6.790832e-15
6379.160000000001 6.141988e-15
6384.16 5.919497e-15
6389.169999999999 5.849357e-15
6394.37 5.776243e-15
6399.47 5.84212e-15
6404.570000000001 5.840428e-15
6409.669999999999 5.570124e-15
6414.87 5.662553e-15
6420.07 5.627193e-15
6425.18 5.636796e-15
6430.179999999999 5.629246e-15
6435.38 5.608656e-15
6440.38 5.600861e-15
6445.58 5.531601e-15
6450.679999999999 5.517684e-15
6455.78 5.519679e-15
6460.79 5.598868e-15
6465.79 5.648973e-15
6470.99 5.693986e-15
6476.09 5.735597e-15
6481.19 5.657047e-15
6486.389999999999 5.695394e-15
6491.49 5.724272e-15
6496.59 5.722302e-15
6501.599999999999 5.688435e-15
6506.7 5.640545e-15
6511.8 5.690589e-15
6516.9 5.669724e-15
6522.099999999999 5.694782e-15
6527.2 5.671866e-15
6532.400000000001 5.67995e-15
6537.610000000001 5.662867e-15
6542.71 5.661344e-15
6547.91 5.619818e-15
6553.01 5.720913e-15
6558.21 5.73606e-15
6563.41 5.750958e-15
6568.509999999999 5.748391e-15
6573.62 5.7405e-15
6578.62 5.78455e-15
6583.62 5.860829e-15
6588.82 6.207197e-15
6593.92 6.627593e-15
6599.120000000001 6.187796e-15
6604.219999999999 6.105732e-15
6609.22 6.005028e-15
6614.23 5.911158e-15
6619.429999999999 5.956687e-15
6624.53 6.00543e-15
6629.63 5.979524e-15
6634.73 5.989337e-15
6639.93 6.07692e-15
6645.03 6.139089e-15
6650.04 6.3293e-15
6655.14 6.55721e-15
6660.24 6.890205e-15
6665.339999999999 7.185204e-15
6670.54 6.94581e-15
6675.74 6.57037e-15
6680.84 6.404447e-15
6685.849999999999 6.355035e-15
6690.85 6.212613e-15
6696.05 6.185406e-15
6701.25 6.206704e-15
6706.25 6.253448e-15
6711.45 6.296439e-15
6716.55 6.306753e-15
6721.660000000001 6.392937e-15
6726.66 6.506216e-15
6731.76 6.599003e-15
6736.86 6.709802e-15
6741.96 6.836155e-15
6747.16 6.911204e-15
6752.26 7.073439e-15
6757.26 7.319097e-15
6762.27 7.572961e-15
6767.47 7.943909e-15
6772.57 8.44748e-15
6777.7699999999995 9.021632e-15
6782.87 9.613671e-15
6788.070000000001 1.041495e-14
6793.27 1.13091e-14
6798.38 1.235977e-14
6803.58 1.340075e-14
6808.68 1.455121e-14
6813.780000000001 1.566014e-14
6818.88 1.678569e-14
6824.179999999999 1.806914e-14
6829.28 1.956705e-14
6834.29 2.124765e-14
6839.29 2.331793e-14
6844.49 2.589383e-14
6849.59 2.955594e-14
6854.69 3.320671e-14
6859.889999999999 3.675406e-14
6864.99 4.197308e-14
6870.1 4.049116e-14
6875.099999999999 3.556942e-14
6880.2 3.227702e-14
6885.3 3.106952e-14
6890.4 3.096091e-14
6895.599999999999 2.524923e-14
6900.7 2.262873e-14
6905.900000000001 2.107185e-14
6910.91 1.951494e-14
6916.21 1.8202e-14
6921.41 1.712798e-14
6926.51 1.601971e-14
6931.610000000001 1.493252e-14
6936.71 1.380461e-14
6941.91 1.284578e-14
6946.92 1.210432e-14
6952.120000000001 1.144345e-14
6957.12 1.10213e-14
6962.32 1.05218e-14
6967.52 1.007368e-14
6972.620000000001 9.716391e-15
6977.719999999999 9.373477e-15
6982.7300000000005 9.044657e-15
6987.73 8.722199e-15
6992.93 8.347602e-15
6998.03 7.914532e-15
7003.129999999999 7.628498e-15
7008.23 7.349852e-15
7013.43 7.123278e-15
7018.54 6.984762e-15
7023.54 6.980515e-15
7028.64 7.56094e-15
7033.740000000001 6.80091e-15
7038.839999999999 6.670791e-15
7044.04 7.124528e-15
7049.14 6.307913e-15
7054.34 5.972767e-15
7059.349999999999 5.861313e-15
7064.35 5.793096e-15
7069.55 5.712673e-15
7074.75 5.692357e-15
7079.75 5.617667e-15
7084.95 5.543944e-15
7090.05 5.549247e-15
7095.26 5.495124e-15
7100.36 5.4391e-15
7105.5599999999995 5.373502e-15
7110.76 5.389396e-15
7115.860000000001 5.373504e-15
7121.06 5.364434e-15
7126.16 5.352588e-15
7131.17 5.307378e-15
7136.169999999999 5.294942e-15
7141.37 5.251474e-15
7146.47 5.242573e-15
7151.570000000001 5.246051e-15
7156.670000000001 5.191455e-15
7161.87 5.17408e-15
7166.97 5.164914e-15
7171.9800000000005 5.193336e-15
7177.179999999999 5.092536e-15
7182.48 5.194719e-15
7187.679999999999 5.17297e-15
7192.78 5.10777e-15
7197.9800000000005 5.125173e-15
7203.18 5.144409e-15
7208.19 5.15948e-15
7213.49 5.174315e-15
7218.59 5.141053e-15
7223.79 5.101889e-15
7228.99 5.127026e-15
7234.089999999999 5.107027e-15
7239.19 5.111754e-15
7244.2 5.071666e-15
7249.299999999999 5.050236e-15
7254.4 5.056866e-15
7259.6 5.059872e-15
7264.7 5.076305e-15
7269.799999999999 5.02079e-15
7274.9 5.021291e-15
7280.01 5.037756e-15
7285.009999999999 5.094464e-15
7290.11 5.076788e-15
7295.31 5.09466e-15
7300.410000000001 5.075469e-15
7305.509999999999 5.09532e-15
7310.61 5.136629e-15
7315.82 5.230003e-15
7320.82 5.31653e-15
7326.0199999999995 5.31078e-15
7331.02 5.343165e-15
7336.22 5.279567e-15
7341.32 5.22684e-15
7346.42 5.21529e-15
7351.62 5.236432e-15
7356.7300000000005 5.262048e-15
7361.93 5.300665e-15
7367.03 5.291427e-15
7372.23 5.370639e-15
7377.43 5.427367e-15
7382.530000000001 5.404113e-15
7387.629999999999 5.523178e-15
7392.64 5.581592e-15
7397.740000000001 5.478765e-15
7402.84 5.381859e-15
7407.94 5.288122e-15
7413.14 5.108043e-15
7418.240000000001 5.10673e-15
7423.34 5.060187e-15
7428.45 5.047489e-15
7433.450000000001 5.060854e-15
7438.55 5.03173e-15
7443.75 4.975674e-15
7448.85 5.00945e-15
7454.05 5.019681e-15
7459.249999999999 5.167198e-15
7464.26 5.392561e-15
7469.26 5.470209e-15
7474.460000000001 5.149921e-15
7479.46 4.986126e-15
7484.66 4.989521e-15
7489.759999999999 5.00244e-15
7494.86 4.941652e-15
7499.860000000001 4.990149e-15
7504.87 5.0046e-15
7510.07 4.970422e-15
7515.2699999999995 4.946418e-15
7520.37 4.895982e-15
7525.469999999999 4.900846e-15
7530.57 4.875012e-15
7535.67 4.847985e-15
7540.679999999999 4.81761e-15
7545.78 4.787326e-15
7550.88 4.849595e-15
7555.98 4.858963e-15
7561.179999999999 4.855727e-15
7566.28 4.87976e-15
7571.4800000000005 4.87773e-15
7576.6900000000005 4.862644e-15
7581.69 4.830134e-15
7586.99 4.855837e-15
7592.09 4.681873e-15
7597.29 4.788866e-15
7602.49 4.620062e-15
7607.589999999999 4.836713e-15
7612.7 4.806413e-15
7617.7 4.825457e-15
7622.7 4.749772e-15
7627.9 4.651003e-15
7633.1 4.763706e-15
7638.200000000001 4.766743e-15
7643.299999999999 4.7181e-15
7648.3 4.848127e-15
7653.3099999999995 4.890908e-15
7658.509999999999 5.021291e-15
7663.61 5.061028e-15
7668.81 4.987028e-15
7673.910000000001 4.959325e-15
7679.009999999999 4.882449e-15
7684.11 4.817888e-15
7689.120000000001 4.821946e-15
7694.22 4.767038e-15
7699.32 4.741884e-15
7704.419999999999 4.764622e-15
7709.620000000001 4.799935e-15
7714.82 4.834774e-15
7719.92 4.837223e-15
7725.13 4.829175e-15
7730.2300000000005 4.76569e-15
7735.429999999999 4.769296e-15
7740.53 4.785285e-15
7745.73 4.776363e-15
7750.93 4.76509e-15
7756.030000000001 4.740777e-15
7761.139999999999 4.679581e-15
7766.14 4.682153e-15
7771.139999999999 4.716315e-15
7776.34 4.715843e-15
7781.44 4.720266e-15
7786.64 4.699337e-15
7791.740000000001 4.701141e-15
7796.74 4.706988e-15
7801.749999999999 4.731808e-15
7806.950000000001 4.675109e-15
7812.05 4.665645e-15
7817.25 4.684072e-15
7822.35 4.663449e-15
7827.55 4.679026e-15
7832.750000000001 4.703679e-15
7837.86 4.686521e-15
7843.0599999999995 4.67621e-15
7848.16 4.705134e-15
7853.259999999999 4.72162e-15
7858.36 4.727295e-15
7863.56 4.741026e-15
7868.76 4.765304e-15
7873.7699999999995 4.725232e-15
7878.77 4.763465e-15
7883.97 4.735284e-15
7889.070000000001 4.737444e-15
7894.17 4.755323e-15
7899.37 4.729517e-15
7904.47 4.775694e-15
7909.580000000001 4.742489e-15
7914.58 4.733511e-15
7919.580000000001 4.704049e-15
7924.78 4.750192e-15
7929.88 4.7632e-15
7935.08 4.748931e-15
7940.18 4.711285e-15
7945.179999999999 4.741349e-15
7950.1900000000005 4.735566e-15
7955.39 4.736488e-15
7960.49 4.775195e-15
7965.59 4.722429e-15
7970.79 4.6422e-15
7975.99 4.608362e-15
7980.99 4.605775e-15
7986.0 4.582153e-15
7991.200000000001 4.579388e-15
7996.400000000001 4.601752e-15
8001.4 4.57648e-15
8006.6 4.520082e-15
8011.700000000001 4.501561e-15
8016.799999999999 4.471438e-15
8021.81 4.442254e-15
8026.8099999999995 4.491657e-15
8032.01 4.52028e-15
8037.11 4.532533e-15
8042.21 4.566638e-15
8047.410000000001 4.518804e-15
8052.51 4.533205e-15
8057.62 4.530193e-15
8062.62 4.558186e-15
8067.72 4.562317e-15
8072.820000000001 4.567144e-15
8077.919999999999 4.649885e-15
8083.12 4.6085e-15
8088.32 4.65286e-15
8093.42 4.652656e-15
8098.429999999999 4.680697e-15
8103.7300000000005 4.706693e-15
8108.929999999999 4.729096e-15
8114.03 4.758589e-15
8119.23 4.731644e-15
8124.43 4.687939e-15
8129.429999999999 4.662789e-15
8134.44 4.659452e-15
8139.64 4.638916e-15
8144.639999999999 4.625381e-15
8149.84 4.647534e-15
8154.9400000000005 4.648583e-15
8160.14 4.686476e-15
8165.240000000001 4.646813e-15
8170.25 4.664621e-15
8175.249999999999 4.655238e-15
8180.45 4.694749e-15
8185.55 4.646341e-15
8190.650000000001 4.673316e-15
8195.85 4.591707e-15
8201.05 4.560072e-15
8206.06 4.585808e-15
8211.06 4.609473e-15
8216.26 4.567491e-15
8221.26 4.581973e-15
8226.46 4.622649e-15
8231.56 4.640695e-15
8236.66 4.741516e-15
8241.87 4.742935e-15
8246.869999999999 4.83345e-15
8252.07 5.037101e-15
8257.27 4.922654e-15
8262.57 4.677457e-15
8267.67 4.539112e-15
8272.77 4.49568e-15
8277.87 4.432343e-15
8282.880000000001 4.399218e-15
8287.98 4.328304e-15
8293.08 4.383725e-15
8298.18 4.313379e-15
8303.279999999999 4.33944e-15
8308.48 4.300821e-15
8313.68 4.288322e-15
8318.69 4.285899e-15
8323.890000000001 4.314791e-15
8329.19 4.317233e-15
8334.289999999999 4.332733e-15
8339.49 4.33462e-15
8344.69 4.326016e-15
8349.89 4.303037e-15
8355.1 4.335581e-15
8360.1 4.33399e-15
8365.3 4.35437e-15
8370.5 4.32864e-15
8375.6 4.340905e-15
8380.699999999999 4.394847e-15
8385.9 4.353787e-15
8391.11 4.413917e-15
8396.11 4.353447e-15
8401.31 4.365075e-15
8406.61 4.401997e-15
8411.71 4.450787e-15
8416.81 4.409293e-15
8421.91 4.387439e-15
8427.12 4.382042e-15
8432.119999999999 4.36788e-15
8437.32 4.369439e-15
8442.52 4.346134e-15
8447.82 4.35735e-15
8452.92 4.366532e-15
8458.12 4.365427e-15
8463.32 4.339083e-15
8468.43 4.30641e-15
8473.53 4.308982e-15
8478.73 4.337265e-15
8483.93 4.354784e-15
8489.130000000001 4.330761e-15
8494.23 4.289734e-15
8499.33 4.331621e-15
8504.34 4.369223e-15
8509.34 4.366798e-15
8514.54 4.346584e-15
8519.640000000001 4.324134e-15
8524.74 4.346025e-15
8529.94 4.264811e-15
8535.14 4.344443e-15
8540.15 4.345156e-15
8545.35 4.313e-15
8550.55 4.330616e-15
8555.75 4.321149e-15
8560.85 4.302853e-15
8565.95 4.259279e-15
8571.15 4.281515e-15
8576.359999999999 4.285408e-15
8581.36 4.30885e-15
8586.56 4.284426e-15
8591.86 4.312161e-15
8596.960000000001 4.34097e-15
8602.06 4.35979e-15
8607.16 4.399639e-15
8612.37 4.456439e-15
8617.369999999999 4.425677e-15
8622.57 4.393277e-15
8627.77 4.361226e-15
8633.07 4.373077e-15
8638.27 4.380145e-15
8643.37 4.408317e-15
8648.369999999999 4.425183e-15
8653.380000000001 4.418917e-15
8658.58 4.410617e-15
8663.78 4.438631e-15
8668.98 4.413878e-15
8674.18 4.411068e-15
8679.480000000001 4.380321e-15
8684.58 4.400457e-15
8689.59 4.370978e-15
8694.59 4.336712e-15
8699.789999999999 4.357049e-15
8704.89 4.385746e-15
8709.99 4.361972e-15
8715.19 4.341449e-15
8720.39 4.343327e-15
8725.4 4.356941e-15
8730.6 4.376592e-15
8735.9 4.386336e-15
8741.0 4.387234e-15
8746.1 4.404554e-15
8751.2 4.401586e-15
8756.4 4.454012e-15
8761.61 4.46573e-15
8766.61 4.451842e-15
8771.81 4.453394e-15
8777.11 4.479243e-15
8782.31 4.511012e-15
8787.41 4.543909e-15
8792.609999999999 4.563254e-15
8797.82 4.587865e-15
8802.82 4.661827e-15
8808.02 4.657878e-15
8813.220000000001 4.704499e-15
8818.42 4.739305e-15
8823.52 4.827141e-15
8828.62 4.850713e-15
8833.63 4.870483e-15
8838.63 4.868129e-15
8843.83 4.879723e-15
8848.93 4.878647e-15
8854.03 4.878865e-15
8859.23 4.817829e-15
8864.43 4.821118e-15
8869.63 4.792004e-15
8874.64 4.738887e-15
8879.939999999999 4.717125e-15
8885.039999999999 4.674571e-15
8890.14 4.57171e-15
8895.24 4.543634e-15
8900.439999999999 4.602198e-15
8905.64 4.59045e-15
8910.65 4.527201e-15
8915.85 4.542356e-15
8921.15 4.491012e-15
8926.25 4.446743e-15
8931.35 4.403921e-15
8936.45 4.23945e-15
8941.65 4.207855e-15
8946.86 4.335264e-15
8952.06 4.411908e-15
8957.26 4.427565e-15
8962.46 4.417719e-15
8967.56 4.433166e-15
8972.66 4.40989e-15
8977.76 4.464809e-15
8982.869999999999 4.432387e-15
8987.87 4.416921e-15
8993.07 4.446517e-15
8998.27 4.522343e-15
9003.47 4.49983e-15
9008.77 4.423519e-15
9013.87 4.390518e-15
9019.08 4.441439e-15
9024.08 4.366417e-15
9029.279999999999 4.349939e-15
9034.48 4.368991e-15
9039.779999999999 4.342928e-15
9044.88 4.306697e-15
9050.08 4.254493e-15
9055.29 4.23033e-15
9060.390000000001 4.16852e-15
9065.49 4.041464e-15
9070.69 4.081202e-15
9075.89 4.168299e-15
9081.09 4.199218e-15
9086.09 4.20478e-15
9091.289999999999 4.166005e-15
9096.300000000001 4.181095e-15
9101.3 4.204806e-15
9106.5 4.186457e-15
9111.6 4.191993e-15
9116.699999999999 4.117053e-15
9121.9 4.16748e-15
9127.1 4.108509e-15
9132.11 4.082034e-15
9137.31 4.072663e-15
9142.51 4.03462e-15
9147.71 4.03518e-15
9152.81 4.04653e-15
9157.91 3.993906e-15
9163.11 3.996328e-15
9168.32 3.98007e-15
9173.32 3.96682e-15
9178.52 3.98719e-15
9183.82 3.937578e-15
9188.92 3.989157e-15
9194.02 3.993819e-15
9199.119999999999 4.000297e-15
9204.33 3.954493e-15
9209.33 3.991345e-15
9214.529999999999 3.911852e-15
9219.73 3.955393e-15
9225.029999999999 3.981072e-15
9230.13 3.973948e-15
9235.33 3.943692e-15
9240.34 3.967673e-15
9245.34 4.001307e-15
9250.54 4.02748e-15
9255.74 4.01341e-15
9260.94 4.030773e-15
9266.140000000001 4.044548e-15
9271.44 3.988862e-15
9276.539999999999 3.960562e-15
9281.55 3.954493e-15
9286.55 3.941922e-15
9291.75 3.989775e-15
9296.85 4.044011e-15
9301.95 4.008736e-15
9307.15 4.026471e-15
9312.35 4.126489e-15
9317.36 4.147919e-15
9322.56 4.071964e-15
9327.76 4.298111e-15
9332.960000000001 4.082334e-15
9338.06 4.164995e-15
9343.16 4.190799e-15
9348.36 4.305227e-15
9353.369999999999 4.07132e-15
9358.57 4.422685e-15
9363.77 4.188761e-15
9369.07 4.280997e-15
9374.17 4.346984e-15
9379.37 4.210454e-15
9384.57 4.241502e-15
9389.78 4.239235e-15
9394.78 4.154279e-15
9399.98 4.176233e-15
9405.18 4.215734e-15
9410.380000000001 4.231527e-15
9415.480000000001 4.185767e-15
9420.58 4.24147e-15
9425.59 4.220443e-15
9430.59 4.315502e-15
9435.789999999999 4.136127e-15
9440.99 4.277521e-15
9446.19 4.284491e-15
9451.39 4.208829e-15
9456.69 4.236477e-15
9461.789999999999 4.376775e-15
9466.8 4.249508e-15
9471.800000000001 4.347246e-15
9477.0 4.480961e-15
9482.1 4.713818e-15
9487.2 4.932158e-15
9492.4 5.010348e-15
9497.6 4.715887e-15
9502.61 4.40909e-15
9507.81 4.180406e-15
9513.11 4.13406e-15
9518.210000000001 4.218569e-15
9523.31 4.237354e-15
9528.41 4.213562e-15
9533.61 4.240375e-15
9538.619999999999 4.231145e-15
9543.82 4.123978e-15
9549.02 4.348763e-15
9554.32 4.319601e-15
9559.52 4.400754e-15
9564.62 4.284433e-15
9569.82 4.314333e-15
9575.03 4.390951e-15
9580.23 4.367671e-15
9585.43 4.421653e-15
9590.43 4.387159e-15
9595.630000000001 4.397219e-15
9600.73 4.411608e-15
9605.83 4.468998e-15
9610.84 4.486825e-15
9615.84 4.418373e-15
9621.039999999999 4.41853e-15
9626.14 4.478161e-15
9631.24 4.423892e-15
9636.439999999999 4.363724e-15
9641.64 4.421431e-15
9646.85 4.341306e-15
9651.85 4.32871e-15
9657.15 4.360562e-15
9662.25 4.324116e-15
9667.35 4.304853e-15
9672.45 4.210218e-15
9677.65 4.151389e-15
9682.85 4.146564e-15
9687.86 4.078526e-15
9693.06 4.061143e-15
9698.36 4.07012e-15
9703.460000000001 4.088259e-15
9708.560000000001 3.979006e-15
9713.66 3.961725e-15
9718.86 3.95076e-15
9723.87 3.924094e-15
9729.07 3.869099e-15
9734.27 3.863831e-15
9739.47 3.995641e-15
9744.77 3.809103e-15
9749.87 3.773444e-15
9754.87 3.796297e-15
9759.88 3.819567e-15
9765.08 3.830453e-15
9770.28 3.680543e-15
9775.48 3.766308e-15
9780.68 3.663735e-15
9785.98 3.680209e-15
9791.08 3.627382e-15
9796.289999999999 3.676882e-15
9801.29 3.630063e-15
9806.49 3.630771e-15
9811.689999999999 3.604484e-15
9816.99 3.57159e-15
9822.09 3.561762e-15
9827.289999999999 3.632723e-15
9832.5 3.534502e-15
9837.6 3.569718e-15
9842.699999999999 3.49389e-15
9847.9 3.505442e-15
9853.1 3.516548e-15
9858.3 3.542607e-15
9863.300000000001 3.547671e-15
9868.51 3.509296e-15
9873.51 3.50715e-15
9878.51 3.586537e-15
9883.71 3.565684e-15
9888.81 3.563619e-15
9893.91 3.651906e-15
9899.11 3.642594e-15
9904.31 3.684955e-15
9909.32 3.666869e-15
9914.52 3.776228e-15
9919.72 3.727916e-15
9924.92 3.789242e-15
9930.02 3.785899e-15
9935.119999999999 3.821977e-15
9940.32 3.800348e-15
9945.33 3.766534e-15
9950.529999999999 4.026482e-15
9955.73 4.108812e-15
9961.029999999999 4.49437e-15
9966.13 5.008767e-15
9971.23 5.559456e-15
9976.33 5.825036e-15
9981.34 4.818742e-15
9986.44 4.34441e-15
9991.539999999999 4.083235e-15
9996.64 4.019167e-15
10014.6 3.47769e-15
10035.06 3.523178e-15
10055.5 3.469702e-15
10075.9 3.353984e-15
10096.300000000001 3.377776e-15
10116.7 3.322056e-15
10137.1 3.234035e-15
10157.5 3.258251e-15
10177.9 3.200215e-15
10198.3 3.170352e-15
10218.7 3.135762e-15
10239.1 3.119895e-15
10259.5 3.179845e-15
10279.9 3.149371e-15
10300.3 3.216653e-15
10320.7 3.21065e-15
10341.1 3.275057e-15
10361.499999999998 3.466586e-15
10381.9 3.437153e-15
10402.35 3.366506e-15
10422.800000000001 3.41424e-15
10443.199999999999 3.559379e-15
10463.6 3.617848e-15
10484.0 3.695786e-15
10504.4 3.763169e-15
10524.800000000001 3.711428e-15
10545.199999999999 3.621239e-15
10565.599999999999 3.60372e-15
10586.0 3.617281e-15
10606.4 3.4521e-15
10626.800000000001 3.295453e-15
10647.2 3.217757e-15
10667.599999999999 3.192394e-15
10688.0 3.140397e-15
10708.4 3.12102e-15
10728.800000000001 3.093866e-15
10749.2 3.107008e-15
10769.64 3.099256e-15
10790.1 3.095125e-15
10810.5 3.076596e-15
10830.900000000001 3.036166e-15
10851.3 3.052337e-15
10871.699999999999 3.078109e-15
10892.1 3.108929e-15
10912.5 3.058958e-15
10932.900000000001 3.084917e-15
10953.3 3.078064e-15
10973.699999999999 3.101877e-15
10994.1 3.129481e-15
11014.5 3.104696e-15
11034.900000000001 3.114142e-15
11055.3 3.094326e-15
11075.699999999999 3.07951e-15
11096.1 3.107499e-15
11116.5 3.14171e-15
11136.93 3.199906e-15
11157.4 3.276395e-15
11177.8 3.340462e-15
11198.2 3.670986e-15
11218.6 3.973254e-15
11238.999999999998 4.215406e-15
11259.4 4.639065e-15
11279.8 5.009443e-15
11300.2 5.849904e-15
11320.6 8.236999e-15
11341.000000000002 9.440652e-15
11361.4 6.277747e-15
11381.8 5.442674e-15
11402.2 5.074749e-15
11422.6 4.886235e-15
11443.000000000002 4.843985e-15
11463.4 4.486246e-15
11483.8 4.14935e-15
11504.23 4.013347e-15
11524.7 3.722987e-15
11545.099999999999 3.588238e-15
11565.5 3.420852e-15
11585.9 3.435014e-15
11606.300000000001 3.24328e-15
11626.7 3.188554e-15
11647.099999999999 3.133913e-15
11667.5 3.090024e-15
11687.9 3.037219e-15
11708.300000000001 3.051652e-15
11728.7 3.081479e-15
11749.099999999999 3.099122e-15
11769.5 3.097994e-15
11789.9 3.143359e-15
11810.300000000001 3.212171e-15
11830.7 3.162719e-15
11851.1 3.124462e-15
11871.52 3.045943e-15
11892.0 2.99707e-15
11912.400000000001 2.965356e-15
11932.8 2.919688e-15
11953.199999999999 2.927357e-15
11973.6 2.92351e-15
11994.0 2.932356e-15
12014.400000000001 2.896327e-15
12034.800000000001 2.897751e-15
12055.199999999999 2.904471e-15
12075.6 2.904763e-15
12096.0 2.903553e-15
12116.4 2.906969e-15
12136.800000000001 2.871487e-15
12157.199999999999 2.91622e-15
12177.6 2.8907e-15
12198.0 2.899314e-15
12218.4 2.887077e-15
12238.82 2.875481e-15
12259.3 2.903401e-15
12279.7 2.910111e-15
12300.1 2.897868e-15
12320.5 2.848788e-15
12340.9 2.87967e-15
12361.3 2.886432e-15
12381.7 2.839997e-15
12402.1 2.883771e-15
12422.5 2.906791e-15
12442.9 2.872581e-15
12463.3 2.895796e-15
12483.699999999999 2.894154e-15
12504.1 2.835695e-15
12524.5 2.848842e-15
12544.900000000001 2.841527e-15
12565.3 2.874749e-15
12585.699999999999 2.852656e-15
12606.109999999999 2.863741e-15
12626.599999999999 2.866989e-15
12647.0 2.842255e-15
12667.4 2.840518e-15
12687.800000000001 2.838179e-15
12708.2 2.878618e-15
12728.6 2.866173e-15
12749.0 2.865007e-15
12769.4 2.867318e-15
12789.8 2.884559e-15
12810.2 2.874039e-15
12830.6 2.867492e-15
12851.0 2.876772e-15
12871.4 2.881332e-15
12891.8 2.900871e-15
12912.2 2.899172e-15
12932.6 2.91697e-15
12952.999999999998 2.924546e-15
12973.410000000002 2.899953e-15
12993.9 2.906881e-15
13014.300000000001 2.905056e-15
13034.699999999999 2.941207e-15
13055.1 2.955085e-15
13075.5 3.037046e-15
13095.9 3.125008e-15
13116.300000000001 3.014881e-15
13136.699999999999 3.049979e-15
13157.099999999999 3.078e-15
13177.5 3.030722e-15
13197.9 3.042474e-15
13218.300000000001 3.051187e-15
13238.7 3.130982e-15
13259.099999999999 3.182774e-15
13279.5 3.291577e-15
13299.9 3.462993e-15
13320.300000000001 3.622173e-15
13340.7 3.74071e-15
13361.199999999999 3.88044e-15
13381.6 4.105274e-15
13402.0 4.361969e-15
13422.400000000001 4.305515e-15
13442.8 4.152314e-15
13463.199999999999 4.02595e-15
13483.6 4.133642e-15
13496.8 3.929526e-15
13550.0 3.25887e-15
13600.000000000002 3.264443e-15
13650.0 3.269365e-15
13700.000000000002 3.273642e-15
13750.0 3.277278e-15
13799.999999999998 3.280277e-15
13850.0 3.282646e-15
13899.999999999998 3.284389e-15
13950.0 3.285512e-15
14000.0 3.286021e-15
14050.0 3.285922e-15
14110.199999999999 3.420862e-15
14130.6 3.387009e-15
14151.0 3.148887e-15
14171.400000000001 3.269612e-15
14191.800000000001 3.286504e-15
14212.199999999999 3.315338e-15
14232.6 3.197434e-15
14253.0 3.257482e-15
14273.4 3.360196e-15
14293.800000000001 3.242351e-15
14314.199999999999 3.408173e-15
14334.6 3.252176e-15
14355.0 3.2514e-15
14375.4 3.411944e-15
14395.800000000001 3.286074e-15
14416.199999999999 3.263289e-15
14436.599999999999 3.24805e-15
14457.06 3.200022e-15
14477.500000000002 3.182367e-15
14497.9 3.370121e-15
14518.3 3.216193e-15
14538.7 3.127258e-15
14559.1 3.17101e-15
14579.5 3.121289e-15
14599.9 3.107138e-15
14620.3 3.137512e-15
14640.7 3.114408e-15
14661.1 3.174861e-15
14681.5 3.105976e-15
14701.900000000001 3.196983e-15
14722.3 3.100478e-15
14742.699999999999 3.030138e-15
14763.1 3.085567e-15
14783.5 3.046908e-15
14803.900000000001 3.019891e-15
14824.36 3.049823e-15
14844.800000000001 3.010285e-15
14865.2 3.066124e-15
14885.6 3.032091e-15
14906.0 3.03645e-15
14926.4 3.137039e-15
14946.8 3.288038e-15
14967.2 3.234755e-15
14987.6 3.110699e-15
15008.0 3.044164e-15
15028.4 3.049517e-15
15048.8 3.055163e-15
15069.2 2.997581e-15
15089.6 3.035445e-15
15109.999999999998 3.00253e-15
15130.4 3.038079e-15
15150.8 3.049491e-15
15171.2 3.040705e-15
15191.66 3.03017e-15
15212.1 3.019215e-15
15232.5 3.004923e-15
15252.9 3.029713e-15
15273.300000000001 3.008237e-15
15293.699999999999 3.000137e-15
15314.099999999999 3.033863e-15
15334.5 2.992897e-15
15354.9 3.036777e-15
15375.300000000001 3.053744e-15
15395.7 3.023936e-15
15416.099999999999 3.050686e-15
15436.5 3.035204e-15
15456.9 3.028344e-15
15477.300000000001 3.033682e-15
15497.7 3.043665e-15
15518.099999999999 3.044796e-15
15538.5 3.056161e-15
15558.96 3.030869e-15
15579.400000000001 3.030123e-15
15599.8 3.043621e-15
15620.199999999999 3.069162e-15
15640.6 3.068434e-15
15661.0 3.067895e-15
15681.400000000001 3.065446e-15
15701.8 3.052158e-15
15722.199999999999 2.994368e-15
15742.6 3.00666e-15
15763.0 3.054094e-15
15783.400000000001 3.072805e-15
15803.8 3.072907e-15
15824.199999999999 3.070766e-15
15844.6 3.07013e-15
15865.0 3.078273e-15
15885.400000000001 3.083045e-15
15905.800000000001 3.093084e-15
15926.25 3.09163e-15
15946.7 3.101718e-15
15967.1 3.0965e-15
15987.499999999998 3.09904e-15
16007.9 3.091057e-15
16028.3 3.120094e-15
16048.7 3.128079e-15
16069.1 3.127821e-15
16089.500000000002 3.123977e-15
16109.9 3.116313e-15
16130.3 3.130249e-15
16150.7 3.141252e-15
16171.1 3.178788e-15
16191.5 3.160674e-15
16211.9 3.16088e-15
16232.3 3.15497e-15
16252.7 3.158631e-15
16273.1 3.143011e-15
16293.550000000001 3.101741e-15
16314.0 3.09028e-15
16334.4 3.123576e-15
16354.800000000001 3.126716e-15
16375.2 3.146511e-15
16395.6 3.145921e-15
16416.0 3.152891e-15
16436.4 3.163753e-15
16456.8 3.179903e-15
16477.2 3.141391e-15
16497.6 3.123105e-15
16518.0 3.120179e-15
16538.4 3.152584e-15
16558.8 3.150866e-15
16579.2 3.161424e-15
16599.600000000002 3.180476e-15
16620.0 3.135975e-15
16640.4 3.138998e-15
16660.850000000002 3.158037e-15
16681.3 3.195255e-15
16701.7 3.146847e-15
16722.1 3.155767e-15
16742.5 3.161982e-15
16762.9 3.174072e-15
16783.3 3.194515e-15
16803.7 3.197116e-15
16824.1 3.185995e-15
16844.5 3.183195e-15
16864.9 3.211009e-15
16885.3 3.211442e-15
16905.7 3.230597e-15
16926.1 3.217972e-15
16946.5 3.145078e-15
16966.9 3.181651e-15
16987.3 3.217898e-15
17007.7 3.21739e-15
17028.15 3.260802e-15
17048.600000000002 3.263975e-15
17069.0 3.268294e-15
17089.399999999998 3.273695e-15
17109.8 3.286019e-15
17130.2 3.25825e-15
17150.6 3.254945e-15
17171.0 3.248124e-15
17191.399999999998 3.305048e-15
17211.8 3.311274e-15
17232.2 3.274221e-15
17252.6 3.27924e-15
17273.0 3.292794e-15
17293.4 3.254256e-15
17313.8 3.274723e-15
17334.2 3.272933e-15
17354.6 3.287427e-15
17375.0 3.243967e-15
17395.44 3.181621e-15
17415.9 3.221029e-15
17436.3 3.207555e-15
17456.7 3.208818e-15
17477.100000000002 3.242782e-15
17497.5 3.2041e-15
17517.899999999998 3.217355e-15
17538.3 3.202165e-15
17558.7 3.267022e-15
17579.100000000002 3.242465e-15
17599.5 3.241605e-15
17619.899999999998 3.225066e-15
17640.3 3.222689e-15
17660.7 3.236339e-15
17681.100000000002 3.220723e-15
17701.5 3.26142e-15
17721.899999999998 3.234618e-15
17742.3 3.260773e-15
17762.739999999998 3.283273e-15
17783.2 3.315043e-15
17803.6 3.311121e-15
17824.0 3.318931e-15
17844.4 3.370598e-15
17864.8 3.316874e-15
17885.2 3.274814e-15
17905.6 3.350874e-15
17926.0 3.478591e-15
17946.4 3.53731e-15
17966.8 3.47602e-15
17987.2 3.552509e-15
18050.0 3.354334e-15
18100.0 3.360914e-15
18150.0 3.367489e-15
18200.0 3.374058e-15
18250.0 3.380622e-15
18300.0 3.387181e-15
18350.0 3.393734e-15
18400.0 3.400282e-15
18450.0 3.406826e-15
18500.0 3.413363e-15
18550.0 3.419896e-15
18600.0 3.426424e-15
18650.0 3.432946e-15
18700.0 3.439464e-15
18750.0 3.445976e-15
18800.0 3.452483e-15
18850.0 3.458986e-15
18900.0 3.465483e-15
18950.0 3.471975e-15
19000.0 3.478462e-15
19050.0 3.484945e-15
19100.0 3.491422e-15
19150.0 3.497894e-15
19200.0 3.504362e-15
19250.0 3.510824e-15
19300.0 3.517282e-15
19350.0 3.523734e-15
19400.0 3.530182e-15
19450.0 3.536625e-15
19500.0 3.543063e-15
19550.0 3.549497e-15
19600.0 3.555926e-15
19650.0 3.562349e-15
19700.0 3.568768e-15
19750.0 3.575183e-15
19800.0 3.581592e-15
19850.0 3.587997e-15
19900.0 3.594397e-15
19950.0 3.600793e-15
20200.0 3.520261e-15
20400.0 3.512638e-15
20600.0 3.50423e-15
20800.0 3.495067e-15
21000.0 3.485178e-15
21200.0 3.474591e-15
21400.0 3.463334e-15
21600.0 3.451435e-15
21800.0 3.438919e-15
22000.0 3.425812e-15
22200.000000000004 3.412141e-15
22400.000000000004 3.397929e-15
22599.999999999996 3.383201e-15
22799.999999999996 3.36798e-15
23000.0 3.352289e-15
23200.0 3.33615e-15
23400.0 3.319585e-15
23600.0 3.302615e-15
23800.0 3.28526e-15
24000.0 3.26754e-15
24200.0 3.249475e-15
24400.0 3.231084e-15
24600.0 3.212384e-15
24800.0 3.193394e-15
25000.0 3.174131e-15
25200.0 3.15461e-15
25566.8 3.152027e-15
25660.6 3.130491e-15
25754.399999999998 3.093991e-15
25848.300000000003 3.113358e-15
25942.2 3.082845e-15
26036.199999999997 3.053373e-15
26130.2 3.037045e-15
26224.3 3.036087e-15
26318.399999999998 3.031427e-15
26412.6 2.985403e-15
26506.9 2.930952e-15
26601.2 2.920173e-15
26695.5 3.018248e-15
26789.9 2.951221e-15
26884.3 2.932374e-15
26978.8 2.910959e-15
27073.3 2.944731e-15
27167.8 3.004744e-15
27262.5 2.990722e-15
27357.100000000002 2.985009e-15
27451.8 2.956116e-15
27546.5 2.881735e-15
27641.300000000003 2.954855e-15
27736.100000000002 2.936938e-15
27831.0 2.925217e-15
27925.9 2.882696e-15
28020.800000000003 2.854772e-15
28115.800000000003 2.820849e-15
28210.899999999998 2.824848e-15
28305.899999999998 2.874979e-15
28401.0 2.845799e-15
28496.100000000002 2.781313e-15
28591.3 2.795172e-15
28686.5 2.782104e-15
28781.8 2.817486e-15
28877.100000000002 2.817443e-15
28972.4 2.792325e-15
29067.699999999997 2.78677e-15
29163.100000000002 2.755201e-15
29258.5 2.732382e-15
29354.0 2.717708e-15
29449.5 2.720559e-15
29545.0 2.720486e-15
29640.5 2.732344e-15
29736.1 2.731579e-15
29831.699999999997 2.706027e-15
29927.399999999998 2.710271e-15
30023.1 2.696236e-15
30118.800000000003 2.68457e-15
30214.500000000004 2.697868e-15
30310.3 2.654876e-15
30406.0 2.643331e-15
30501.9 2.637627e-15
30597.699999999997 2.639134e-15
30693.600000000002 2.641282e-15
30789.5 2.635951e-15
30885.4 2.61572e-15
30981.399999999998 2.627055e-15
31077.4 2.603634e-15
31173.4 2.573974e-15
31269.399999999998 2.576193e-15
31365.5 2.60601e-15
31461.5 2.63131e-15
31557.6 2.627537e-15
31653.8 2.613537e-15
31749.9 2.573589e-15
31846.100000000002 2.52441e-15
31942.300000000003 2.528311e-15
32038.5 2.50098e-15
32134.800000000003 2.441418e-15
32231.0 2.466823e-15
32327.3 2.489406e-15
32423.600000000002 2.526098e-15
32519.9 2.535961e-15
32616.3 2.525258e-15
32712.7 2.517115e-15
32809.1 2.495869e-15
32905.5 2.515457e-15
33001.9 2.490803e-15
33098.299999999996 2.481707e-15
33194.8 2.491578e-15
33291.3 2.483486e-15
33387.799999999996 2.486589e-15
33484.3 2.480794e-15
33580.9 2.453212e-15
33677.4 2.456139e-15
33774.0 2.447174e-15
33870.6 2.501585e-15
33967.200000000004 2.491124e-15
34063.8 2.415702e-15
34160.4 2.398691e-15
34257.1 2.379451e-15
34353.799999999996 2.466192e-15
34450.5 2.483468e-15
34547.2 2.463923e-15
34643.9 2.418115e-15
34740.6 2.412016e-15
34837.3 2.41221e-15
34934.1 2.414351e-15
35030.9 2.399627e-15
35127.700000000004 2.383737e-15
35224.5 2.354443e-15
35321.3 2.345805e-15
35418.1 2.344395e-15
35514.9 2.400247e-15
35611.799999999996 2.359159e-15
35708.6 2.323067e-15
35805.5 2.388595e-15
35902.4 2.374162e-15
35999.3 2.372447e-15
36096.2 2.355477e-15
36193.1 2.325906e-15
36290.1 2.30604e-15
36387.0 2.259094e-15
36484.0 2.320579e-15
36580.9 2.354595e-15
36677.9 2.33357e-15
36774.9 2.292548e-15
36871.9 2.264341e-15
36968.9 2.238804e-15
37065.9 2.231274e-15
37162.9 2.215922e-15
37260.0 2.16861e-15
37357.0 2.126808e-15
37454.0 2.158567e-15
37551.1 2.24319e-15
37648.2 2.158188e-15
37745.2 2.167481e-15
37842.3 2.231089e-15
37939.4 2.204623e-15
38036.5 2.285192e-15
38133.6 2.168733e-15
38230.7 2.217748e-15
38327.9 2.213778e-15
38425.0 2.193237e-15
38522.1 2.140992e-15
38619.3 2.116158e-15
38716.4 2.190874e-15
38813.6 2.174269e-15
38910.7 2.174449e-15
39007.9 2.102702e-15
39105.1 2.09776e-15
39202.3 2.077769e-15
39299.5 2.052733e-15
39396.7 2.028981e-15
39493.8 2.040172e-15
39591.1 2.130412e-15
39688.3 2.118732e-15
39785.5 2.093595e-15
39882.7 2.066445e-15
39979.9 2.033429e-15
40077.2 1.98337e-15
40174.399999999994 1.996624e-15
40271.600000000006 2.070542e-15
40368.899999999994 2.106791e-15
40466.100000000006 2.033364e-15
40563.399999999994 2.035338e-15
40660.600000000006 2.039043e-15
40757.899999999994 2.015551e-15
40855.1 2.018089e-15
40952.4 1.999903e-15
41049.7 1.987191e-15
41147.0 1.978276e-15
41244.2 1.985976e-15
41341.5 1.983523e-15
41438.8 1.905424e-15
41536.1 1.979776e-15
41633.4 1.91689e-15
41730.600000000006 1.913135e-15
41827.9 1.920229e-15
41925.2 1.927333e-15
42022.5 1.95921e-15
42119.799999999996 1.985269e-15
42217.1 1.899636e-15
42314.4 1.877846e-15
42411.700000000004 1.868002e-15
42509.1 1.859273e-15
42606.4 1.873988e-15
42703.7 1.911933e-15
42801.0 1.898984e-15
42898.3 1.91005e-15
42995.6 1.899563e-15
43092.9 1.87252e-15
43190.200000000004 1.849708e-15
43287.6 1.845831e-15
43384.9 1.823661e-15
43482.200000000004 1.834938e-15
43579.5 1.860211e-15
43676.8 1.919941e-15
43774.100000000006 1.887228e-15
43871.5 1.863072e-15
43968.8 1.841586e-15
44066.1 1.818089e-15
44163.4 1.807891e-15
44260.700000000004 1.802647e-15
44358.1 1.760957e-15
44455.4 1.791093e-15
44552.7 1.734257e-15
44650.0 1.733198e-15
44747.3 1.759035e-15
44844.600000000006 1.771677e-15
44941.899999999994 1.754639e-15
45039.2 1.785211e-15
45136.6 1.786324e-15
45233.9 1.763131e-15
45331.200000000004 1.748001e-15
45428.49999999999 1.679396e-15
45525.799999999996 1.680524e-15
45623.1 1.749049e-15
45720.4 1.737879e-15
45817.7 1.696734e-15
45915.0 1.647308e-15
46012.2 1.624576e-15
46109.5 1.671748e-15
46206.8 1.665671e-15
46304.100000000006 1.598784e-15
46401.399999999994 1.579463e-15
46498.600000000006 1.654588e-15
46595.899999999994 1.656701e-15
46693.2 1.691947e-15
46790.399999999994 1.689087e-15
46887.7 1.642357e-15
46985.0 1.622465e-15
47082.2 1.615921e-15
47179.5 1.601948e-15
47276.7 1.598092e-15
47373.9 1.589664e-15
47471.2 1.602945e-15
47568.4 1.610959e-15
47665.6 1.672683e-15
47762.799999999996 1.628467e-15
47860.1 1.621644e-15
47957.299999999996 1.589069e-15
48054.50000000001 1.545831e-15
48151.700000000004 1.572034e-15
48248.9 1.621118e-15
48346.0 1.612648e-15
48443.2 1.551748e-15
48540.4 1.585111e-15
48637.49999999999 1.597331e-15
48734.700000000004 1.589121e-15
48831.9 1.573821e-15
48929.0 1.526735e-15
50000.0 1.519589e-15
51000.0 1.483562e-15
52000.0 1.449203e-15
53000.0 1.416402e-15
54000.0 1.38506e-15
55196.7 1.343187e-15
55499.1 1.338402e-15
55801.5 1.33811e-15
56103.899999999994 1.307481e-15
56406.299999999996 1.302262e-15
56708.8 1.31027e-15
57011.200000000004 1.309811e-15
57313.6 1.290791e-15
57615.99999999999 1.289712e-15
57918.399999999994 1.276241e-15
58220.9 1.266992e-15
58523.3 1.277427e-15
58825.700000000004 1.264785e-15
59128.100000000006 1.241643e-15
59430.50000000001 1.241042e-15
59733.0 1.242558e-15
60035.4 1.227986e-15
60337.8 1.217233e-15
60640.200000000004 1.204566e-15
60942.600000000006 1.208279e-15
61245.1 1.211159e-15
61547.5 1.189751e-15
61849.9 1.17999e-15
62152.3 1.17338e-15
62454.700000000004 1.161943e-15
62757.2 1.141506e-15
63059.6 1.145295e-15
63362.0 1.154722e-15
63664.4 1.135905e-15
63966.799999999996 1.133201e-15
64269.299999999996 1.139739e-15
64571.7 1.1239e-15
64874.1 1.093471e-15
65176.5 1.0852e-15
65478.899999999994 1.094365e-15
65781.40000000001 1.096925e-15
66083.8 1.092701e-15
66386.2 1.08165e-15
66688.59999999999 1.082597e-15
66991.0 1.063606e-15
67293.5 1.04958e-15
67595.90000000001 1.035318e-15
67898.3 1.038648e-15
68200.7 1.030976e-15
68503.1 1.026266e-15
68805.6 1.018169e-15
69108.0 1.006649e-15
69410.4 1.014428e-15
69712.8 1.002172e-15
70015.2 9.867252e-16
70317.7 9.812736e-16
70620.1 9.898751e-16
70922.5 9.916531e-16
71224.9 9.855422e-16
71527.3 9.707092e-16
71829.8 9.557384e-16
72132.2 9.618586e-16
72434.59999999999 9.651296e-16
72737.0 9.511256e-16
73039.4 9.459639e-16
73341.90000000001 9.404501e-16
73644.3 9.344767e-16
73946.7 9.16258e-16
74249.09999999999 9.115293e-16
74551.5 9.268612e-16
74854.0 9.172946e-16
75156.40000000001 9.146295e-16
75761.2 9.104327e-16
76366.0 9.176261e-16
76970.90000000001 9.122808e-16
77575.7 9.048708e-16
78180.5 8.949853e-16
78785.4 8.839699e-16
79390.2 8.961075e-16
79995.1 9.066729e-16
80599.90000000001 8.729524e-16
81204.7 8.522942e-16
81809.59 8.43789e-16
82414.40000000001 8.319644e-16
83019.20000000001 8.142711e-16
83624.09 7.990113e-16
84228.90000000001 7.94889e-16
84833.70000000001 7.181508e-16
85438.6 7.760731e-16
86043.40000000001 7.732236e-16
86648.3 7.641673e-16
87253.1 7.586698e-16
87857.91 7.498656e-16
88462.8 7.462372e-16
89067.6 7.401561e-16
89672.40999999999 7.321909e-16
90277.3 7.38731e-16
90882.1 7.329187e-16
91486.90000000001 7.263984e-16
92091.8 7.200692e-16
92696.6 7.179683e-16
93301.5 7.204929e-16
93906.3 7.283161e-16
94511.1 7.111391e-16
95115.99 7.1281e-16
95720.8 7.087458e-16
96325.59999999999 7.127571e-16
96930.5 7.130097e-16
97535.3 7.064851e-16
98140.09000000001 7.1536e-16
98745.0 7.153185e-16
99349.79999999999 7.222268e-16
99954.7 7.170242e-16
100559.5 7.115422e-16
101164.29999999999 7.144403e-16
101769.20000000001 7.10709e-16
102373.99999999999 7.089483e-16
102978.79999999999 7.059903e-16
103583.70000000001 6.99836e-16
104188.50000000001 6.969287e-16
104793.29999999999 6.981651e-16
105398.20000000001 6.965525e-16
106003.0 6.919635e-16
106607.91 6.899157e-16
107212.70000000001 6.855727e-16
107817.5 6.816783e-16
108422.40999999999 6.762916e-16
109027.2 6.757526e-16
109632.0 6.808828e-16
110236.90000000001 6.848851e-16
110841.7 6.663349e-16
111446.51 6.584688e-16
112051.4 6.549724e-16
112656.2 6.504493e-16
113261.1 6.413262e-16
113865.9 6.331577e-16
114470.7 6.294722e-16
115075.59999999999 6.273767e-16
115680.4 6.303556e-16
116285.2 6.303943e-16
116890.09000000001 6.386183e-16
117494.9 6.483655e-16
118099.7 6.420298e-16
118704.59 6.183858e-16
119309.4 6.070168e-16
119914.29999999999 5.970908e-16
120519.09999999999 5.908254e-16
121123.9 5.78311e-16
121728.79999999999 5.734467e-16
122333.59999999999 5.642955e-16
122938.41 5.643886e-16
123543.29999999999 5.540479e-16
124148.09999999999 5.534547e-16
124752.91 5.494689e-16
125357.8 5.422893e-16
125962.59999999999 5.376883e-16
126567.5 5.301208e-16
127172.3 5.240287e-16
127777.1 5.250504e-16
128382.0 5.209649e-16
128986.8 5.143297e-16
129591.6 5.086731e-16
130196.51 5.052963e-16
130801.3 5.00036e-16
131406.09 4.941051e-16
132011.0 4.911326e-16
132615.80000000002 4.881296e-16
133220.59 4.862942e-16
133825.5 4.94985e-16
134430.3 4.833812e-16
135035.2 4.701695e-16
135640.0 4.637278e-16
136244.8 4.619813e-16
136849.7 4.574174e-16
137454.5 4.617163e-16
138059.3 4.590723e-16
138664.2 4.512006e-16
139269.0 4.526026e-16
139873.8 4.506046e-16
140693.5 4.50025e-16
141540.30000000002 4.569228e-16
142387.11000000002 4.5594e-16
143233.81 4.5071e-16
144080.59 4.555489e-16
144927.39 4.625081e-16
145774.09 4.568383e-16
146620.91 4.516209e-16
147467.7 4.476787e-16
148314.5 4.469017e-16
149161.19999999998 4.566354e-16
150008.0 4.483698e-16
150854.80000000002 4.381685e-16
151701.5 4.363483e-16
152548.3 4.340301e-16
153395.09 4.298685e-16
154241.8 4.272374e-16
155088.59 4.223947e-16
155935.41 4.218945e-16
156782.11 4.217914e-16
157628.91 4.237544e-16
158475.69999999998 4.279142e-16
159322.38999999998 4.308342e-16
160169.19999999998 4.238612e-16
161016.0 4.250185e-16
161862.8 4.357365e-16
162709.5 4.494308e-16
163556.31 4.30018e-16
164403.09 4.253507e-16
165249.81 4.228276e-16
166096.59 4.218131e-16
166943.38999999998 4.212184e-16
167790.11000000002 4.221297e-16
168636.89 4.186925e-16
169483.7 4.132638e-16
170330.38999999998 4.178087e-16
171177.19999999998 4.141337e-16
172024.0 4.192615e-16
172870.69 4.143549e-16
173717.5 4.096804e-16
174564.30000000002 4.130371e-16
175411.09 4.085202e-16
176257.8 4.088085e-16
177104.61 4.054453e-16
177951.38999999998 4.042763e-16
178798.11000000002 4.031069e-16
179644.90999999997 4.046561e-16
180491.7 3.973049e-16
181338.41 3.983909e-16
182185.19 3.973801e-16
183032.0 3.884844e-16
183878.69999999998 3.889e-16
184725.49999999997 3.880738e-16
185572.30000000002 3.779255e-16
186418.98 3.743889e-16
187265.8 3.702428e-16
188112.61 3.680866e-16
188959.41 3.656742e-16
189806.09000000003 3.500951e-16
190652.90999999997 3.509582e-16
191499.68999999997 3.584377e-16
192346.41 3.56974e-16
193193.2 3.50083e-16
194040.0 3.478266e-16
194886.69999999998 3.450029e-16
195733.52 3.643296e-16
196580.3 3.560512e-16
197427.0 3.411557e-16
198273.80000000002 3.298739e-16
199120.59 3.398204e-16
199967.31 3.323951e-16
200814.09 3.387334e-16
201660.91 3.191245e-16
202507.69999999998 3.253267e-16
203354.39 3.034213e-16
204201.2 3.152309e-16
205048.02000000002 3.106635e-16
205894.69999999998 3.13541e-16
207588.3 3.096514e-16
209281.81 3.04963e-16
210975.3 2.920978e-16
212668.88999999998 2.911759e-16
214362.39 2.854484e-16
216056.0 2.789413e-16
217749.5 2.768561e-16
219442.99999999997 2.719116e-16
221136.61000000002 2.638895e-16
222830.11 2.640599e-16
224523.59000000003 2.599698e-16
226217.19 2.575848e-16
227910.7 2.527642e-16
229604.3 2.485075e-16
231297.8 2.459015e-16
232991.30000000002 2.418901e-16
234684.91 2.383868e-16
236378.41 2.354585e-16
238071.91 2.325149e-16
239765.48 2.291179e-16
241459.0 2.261241e-16
243152.59 2.221327e-16
244846.09 2.189302e-16
246539.59 2.158967e-16
248233.19999999998 2.138413e-16
249926.7 2.094425e-16
251620.19999999998 2.041416e-16
253313.81 2.045485e-16
255007.30999999997 2.053726e-16
256700.89 1.977702e-16
258394.38999999998 1.907813e-16
260087.89 1.880405e-16
261781.5 1.860366e-16
263475.0 1.816282e-16
265168.5 1.766686e-16
266862.09 1.732782e-16
268555.58999999997 1.767302e-16
270249.19 1.858028e-16
271942.69 1.751326e-16
273636.22 1.668072e-16
275329.81 1.616616e-16
277023.28 1.587374e-16
278716.77999999997 1.605582e-16
280410.41 1.604516e-16
282103.91000000003 1.576905e-16
283797.5 1.541284e-16
285491.0 1.536732e-16
287184.5 1.516075e-16
288878.09 1.481118e-16
290571.58999999997 1.476601e-16
292265.09 1.462814e-16
293958.69 1.443031e-16
295652.19 1.391423e-16
297345.77999999997 1.390383e-16
299039.31 1.398081e-16
300732.81 1.363719e-16
302426.41 1.358945e-16
304119.91000000003 1.328617e-16
305813.41 1.29041e-16
307507.0 1.313449e-16
309200.5 1.29068e-16
310894.09 1.257948e-16
312587.59 1.219215e-16
314281.08999999997 1.195268e-16
315974.69 1.239158e-16
317668.22000000003 1.204196e-16
319361.72 1.189862e-16
321055.31 1.161161e-16
322748.78 1.149827e-16
324442.41 1.149353e-16
326135.91 1.131354e-16
327829.41000000003 1.119479e-16
329523.0 1.088754e-16
331216.5 1.107795e-16
332909.99999999994 1.125599e-16
334603.63 1.096072e-16
336297.13 1.094959e-16
337990.69 1.082388e-16
339684.18999999994 1.071957e-16
341377.72 1.060332e-16
343071.27999999997 1.053592e-16
344764.78 1.044106e-16
346458.28 1.024365e-16
348151.91 1.05918e-16
349845.38 1.069439e-16
351539.0 1.006647e-16
353232.5 9.575212e-17
354926.00000000006 9.960897e-17
356619.59 9.744582000000001e-17
358313.08999999997 9.694653000000001e-17
360006.58999999997 9.697118000000001e-17
361700.22000000003 9.501316000000001e-17
363393.72 1.03115e-16
365087.31 9.45502e-17
366780.81 9.125965e-17
368474.31 9.065336e-17
370167.87 8.996253000000001e-17
371861.38 9.224504000000001e-17
373554.91000000003 8.534105e-17
390000.0 8.190642000000001e-17
400000.0 7.801279000000001e-17
410000.0 7.446392e-17
420000.0 7.121997000000001e-17
430000.0 6.824669e-17
440000.0 6.551450000000001e-17
450000.0 6.299778e-17
460000.0 6.067423000000001e-17
470000.0 5.852437e-17
480000.0 5.653113000000001e-17
490000.0 5.4679500000000006e-17
500000.0 5.2956240000000007e-17
510000.0 5.1349620000000005e-17
520000.0 4.984926e-17
530000.0 4.8445890000000004e-17
540000.0 4.7131250000000004e-17
550000.0 4.589796e-17
560000.0 4.4739390000000006e-17
570000.0 4.3649580000000006e-17
580000.0 4.262316e-17
590000.0 4.1655290000000005e-17
600000.0 4.074159e-17
610000.0 3.987808e-17
620000.0 3.9061140000000004e-17
630000.0 3.8287490000000004e-17
640000.0 3.755414e-17
650000.0 3.6858340000000006e-17
660000.0 3.61976e-17
670000.0 3.5569620000000005e-17
680000.0 3.4972290000000005e-17
690000.0 3.4403680000000005e-17
700000.0 3.3862010000000005e-17
710000.0 3.334562e-17
720000.0 3.2853020000000005e-17
730000.0 3.2382790000000005e-17
740000.0 3.193364e-17
753770.31 3.0834330000000003e-17
761307.94 3.070475e-17
768921.0 3.055819e-17
776610.25 3.039508e-17
784376.3099999999 3.0215870000000005e-17
792220.0599999999 3.002101e-17
800142.3099999999 2.9811e-17
808143.75 2.958632e-17
816225.12 2.9347510000000003e-17
824387.38 2.90951e-17
832631.25 2.882961e-17
840957.5599999999 2.855161e-17
849367.12 2.8261670000000003e-17
857860.8099999999 2.796034e-17
866439.38 2.7648210000000002e-17
875103.8099999999 2.732586e-17
883854.8099999999 2.6993870000000002e-17
892693.38 2.6652820000000003e-17
901620.3099999999 2.6303290000000003e-17
910636.5 2.5945880000000004e-17
919742.88 2.5581160000000002e-17
928940.25 2.5209700000000002e-17
938229.6900000001 2.4832080000000003e-17
947612.0 2.4448850000000002e-17
957088.1300000001 2.4060580000000003e-17
966658.9999999999 2.3667820000000002e-17
976325.63 2.327109e-17
986088.8799999999 2.2870940000000003e-17
995949.75 2.2467870000000003e-17
1005909.19 2.20624e-17
1015968.3099999999 2.1655020000000003e-17
1026127.9999999999 2.1246200000000003e-17
1036389.3099999999 2.0836410000000002e-17
1046753.1900000001 2.042611e-17
1057220.75 2.001573e-17
1067792.88 1.9605690000000002e-17
1078470.88 1.9196410000000002e-17
1089255.5 1.8788270000000003e-17
1100148.1300000001 1.838165e-17
1111149.5 1.797691e-17
1122261.0 1.7574380000000002e-17
1133483.6300000001 1.7174420000000003e-17
1144818.5 1.6777310000000002e-17
1156266.63 1.6383360000000003e-17
1167829.3800000001 1.599285e-17
1179507.63 1.5606050000000002e-17
1191302.63 1.5223190000000003e-17
1203215.62 1.4844530000000002e-17
1215247.8800000001 1.447026e-17
1227400.37 1.4100590000000002e-17
1239674.25 1.3735720000000001e-17
1252071.1300000001 1.337581e-17
1264591.88 1.3021030000000001e-17
1277237.75 1.2671520000000002e-17
1290010.13 1.2327410000000001e-17
1302910.25 1.1988810000000002e-17
1315939.2500000002 1.1655840000000001e-17
1329098.75 1.132859e-17
1342389.75 1.1007140000000001e-17
1355813.6300000001 1.069156e-17
1369371.75 1.0381910000000001e-17
1383065.4999999998 1.0078230000000002e-17
1396896.25 9.780567000000001e-18
1410865.25 9.488947e-18
1424973.8800000001 9.20339e-18
1439223.5 8.923902e-18
1453615.8800000001 8.650484e-18
1468152.0 8.38313e-18
1482833.6300000001 8.121826e-18
1497662.0 7.866549e-18
1512638.7500000002 7.617268e-18
1527765.1199999999 7.373952e-18
1543042.75 7.136556e-18
1558473.1300000001 6.905033e-18
1574057.8800000001 6.67933e-18
1589798.3800000001 6.459392e-18
1605696.25 6.245152e-18
1621753.3800000001 6.036545e-18
1637970.8800000001 5.833501e-18
1654350.5 5.635947e-18
1670894.0000000002 5.443803e-18
1687602.8800000001 5.25699e-18
1704478.8800000001 5.075426e-18
1721523.75 4.899023e-18
1738739.0 4.727695e-18
1756126.25 4.561352e-18
1773687.5 4.399903e-18
1791424.5 4.243254e-18
1809338.75 4.091313e-18
1827432.12 3.943985e-18
1845706.3800000001 3.801174e-18
1864163.5 3.662785e-18
1882805.1300000001 3.52872e-18
1901633.13 3.398885e-18
1920649.3800000001 3.273182e-18
1939855.8800000001 3.1515140000000002e-18
1959254.5000000002 3.033785e-18
1978847.0 2.9199e-18
1998635.3800000001 2.809764e-18
2018621.75 2.703282e-18
2038808.0 2.60036e-18
2059196.12 2.500905e-18
2079788.1300000001 2.404826e-18
2100586.0 2.312032e-18
2121591.75 2.222432e-18
2142807.75 2.135938e-18
2164236.0 2.052462e-18
2185878.25 1.97192e-18
2207737.0 1.894225e-18
2229814.5 1.819295e-18
2252112.5 1.747047e-18
2274633.75 1.677402e-18
2297380.0 1.610281e-18
2320354.0 1.545606e-18
2343557.5 1.483301e-18
2366993.25 1.4232930000000001e-18
2390663.25 1.365509e-18
2414569.75 1.3098790000000001e-18
2438715.5 1.256331e-18
2463102.5 1.2048e-18
2487733.75 1.155219e-18
2512611.0 1.107523e-18
2537737.25 1.061649e-18
2563114.7499999995 1.017537e-18
2588745.75 9.751257999999999e-19
2614633.5 9.34358e-19
2640779.75 8.951773999999998e-19
2667187.25 8.575284999999999e-19
2693859.25 8.213575e-19
2720797.75 7.866128999999999e-19
2748005.75 7.532438999999999e-19
2775486.0 7.212012999999999e-19
2803240.75 6.904378e-19
2831273.25 6.609069999999999e-19
2859586.0 6.325641e-19
2888182.0 6.053656e-19
2917063.75 5.792697e-19
2946234.5 5.542351e-19
2975697.0 5.302228e-19
3005453.9999999995 5.071942e-19
3035508.5000000005 4.851122999999999e-19
3065863.5 4.639415e-19
3096522.0 4.436468999999999e-19
3127487.4999999995 4.2419499999999996e-19
3158762.5000000005 4.0555349999999996e-19
3190350.0000000005 3.8769129999999997e-19
3222253.5 3.7057779999999997e-19
3254476.25 3.5418409999999995e-19
3287020.9999999995 3.3848189999999997e-19
3319891.0 3.2344409999999997e-19
3353090.25 3.0904419999999996e-19
3386621.0 2.9525729999999997e-19
3420487.0 2.820586e-19
3454692.0 2.6942479999999996e-19
3489238.75 2.5733309999999997e-19
3524131.0 2.4576159999999997e-19
3559372.25 2.3468929999999996e-19
3594966.0 2.24096e-19
3630915.5 2.139619e-19
3667224.7499999995 2.042685e-19
3703897.0 1.9499739999999999e-19
3740936.0 1.861314e-19
3778345.5 1.7765359999999998e-19
3816129.0000000005 1.6954799999999998e-19
3854289.9999999995 1.617991e-19
3892833.0 1.543918e-19
3931761.25 1.473119e-19
3971078.75 1.4054569999999999e-19
4010789.5 1.3407979999999998e-19
4050897.5 1.2790159999999998e-19
4091406.5 1.2199879999999998e-19
4132320.75 1.1635979999999998e-19
4173643.75 1.109732e-19
4215380.0 1.0582819999999999e-19
4257534.0 1.009146e-19
4300109.5 9.622215e-20
4343110.5 9.174145999999999e-20
4386541.5 8.746338e-20
4430407.0 8.337908e-20
4474711.0 7.948009e-20
4519458.0 7.575837e-20
4564652.5 7.220614999999999e-20
4610299.0 6.8816e-20
4656402.0 6.558078e-20
4702966.5 6.249366e-20
4749996.0 5.954812e-20
4797496.0 5.673789e-20
4845471.0 5.405695e-20
4893926.0 5.1499559999999995e-20
4942865.5 4.9060219999999996e-20
4992294.0 4.673366e-20
5042217.0 4.451482e-20
5092639.5 4.2398869999999997e-20
5143566.0 4.0381199999999996e-20
5195001.5 3.8457369999999995e-20
5246951.5 3.662317e-20
5299421.0 3.487453e-20
5352415.0 3.320757e-20
5405939.499999999 3.161858e-20
5459998.5 3.0104029999999996e-20
5514598.5 2.866052e-20
5569744.500000001 2.7284819999999997e-20
5625441.499999999 2.597383e-20
5681695.999999999 2.472457e-20
5738513.0 2.353421e-20
5795898.0 2.2400059999999998e-20
5853857.0 2.131952e-20
5912395.5 2.0290129999999998e-20
5971519.500000001 1.930952e-20
6031234.500000001 1.8375439999999998e-20
6091547.000000001 1.748573e-20
6152462.5 1.663833e-20
6213987.0 1.5831279999999998e-20
6276126.5 1.5062709999999998e-20
6338887.5 1.43308e-20
6402276.5 1.363387e-20
6466299.0 1.297026e-20
6530962.0 1.2338429999999999e-20
6596271.5 1.1736879999999999e-20
6662234.0 1.116419e-20
6728856.0 1.0618999999999999e-20
6796145.0 1.010003e-20
6864106.5 9.606028e-21
6932747.000000001 9.135828e-21
7002075.0 8.688299e-21
7072096.0 8.262370999999999e-21
7142817.0 7.85702e-21
7214245.5 7.471272e-21
7286387.999999999 7.104196e-21
7359251.5 6.754906e-21
7432844.0 6.422552e-21
7507172.5 6.10633e-21
7582243.999999999 5.805469e-21
7658066.5 5.519235e-21
7734647.5 5.246929e-21
7811993.5 4.987887e-21
7890113.5 4.741472e-21
7969014.5 4.507077e-21
8048705.0 4.284126e-21
8129192.5 4.072069e-21
8210484.0 3.870383e-21
8292589.0 3.678567e-21
8375515.0 3.496146e-21
8459270.0 3.3226659999999998e-21
8543862.0 3.157697e-21
8629301.0 3.000826e-21
8715594.0 2.85166e-21
8802750.0 2.709828e-21
8890777.0 2.574974e-21
8979685.0 2.446759e-21
9069482.0 2.32486e-21
9160177.0 2.20897e-21
9251779.0 2.098798e-21
9344296.0 1.9940649999999998e-21
9437739.0 1.894505e-21
9532117.0 1.799868e-21
9627438.0 1.709911e-21
9723713.0 1.624406e-21
9820950.0 1.543136e-21
9919159.0 1.465894e-21
10018000.0 1.392469e-21
