971.9300000000001 1.000692e-16
981.9300000000001 1.000692e-16
991.9300000000001 1.000692e-16
1001.9300000000001 1.000692e-16
1011.9300000000001 1.000692e-16
1021.9300000000001 1.000692e-16
1031.9299999999998 1.000692e-16
1041.9299999999998 1.000692e-16
1051.9299999999998 1.000692e-16
1061.93 1.000692e-16
1071.93 1.000692e-16
1081.93 1.000692e-16
1091.93 1.000692e-16
1101.93 1.000692e-16
1111.93 1.000692e-16
1121.93 1.000692e-16
1131.93 1.000692e-16
1141.93 1.000692e-16
1151.93 1.000692e-16
1161.93 1.000692e-16
1171.93 1.000692e-16
1181.93 1.000692e-16
1191.9299999999998 1.000692e-16
1201.9299999999998 1.000692e-16
1211.93 1.000692e-16
1221.93 1.000692e-16
1231.93 1.000692e-16
1241.93 1.000692e-16
1251.93 1.000692e-16
1261.93 1.000692e-16
1271.93 4.002769e-16
1281.93 4.002769e-16
1291.93 4.002769e-16
1301.93 4.002769e-16
1311.93 4.002769e-16
1321.93 4.002769e-16
1331.93 4.002769e-16
1341.93 4.002769e-16
1351.93 4.002769e-16
1361.93 1.501038e-16
1371.93 1.501038e-16
1381.93 1.501038e-16
1391.93 1.501038e-16
1401.93 1.501038e-16
1411.93 1.501038e-16
1421.93 1.501038e-16
1431.9299999999998 1.501038e-16
1441.9299999999998 1.501038e-16
1451.9299999999998 1.501038e-16
1461.9299999999998 1.501038e-16
1471.9299999999998 1.501038e-16
1481.9299999999998 1.501038e-16
1491.9299999999998 1.501038e-16
1501.9299999999998 1.501038e-16
1511.9299999999998 1.501038e-16
1521.9299999999998 1.501038e-16
1531.93 1.501038e-16
1541.93 1.501038e-16
1551.93 1.501038e-16
1561.93 1.501038e-16
1571.93 1.501038e-16
1581.93 1.501038e-16
1591.93 1.501038e-16
1601.93 1.501038e-16
1611.93 1.501038e-16
1621.93 1.501038e-16
1631.93 1.501038e-16
1641.93 1.501038e-16
1651.93 1.501038e-16
1661.93 1.501038e-16
1671.93 1.501038e-16
1681.93 1.501038e-16
1691.93 1.501038e-16
1701.93 1.501038e-16
1711.93 1.501038e-16
1721.93 1.501038e-16
1731.93 1.501038e-16
1741.9299999999998 1.501038e-16
1751.9299999999998 1.501038e-16
1761.9299999999998 1.501038e-16
1771.9299999999998 1.501038e-16
1781.9299999999998 1.501038e-16
1791.9299999999998 1.501038e-16
1801.9299999999998 1.501038e-16
1811.9299999999998 1.501038e-16
1821.9299999999998 1.501038e-16
1831.9299999999998 1.501038e-16
1841.93 1.501038e-16
1851.93 1.501038e-16
1861.93 1.501038e-16
1871.93 1.501038e-16
1881.93 1.501038e-16
1891.93 1.501038e-16
1901.93 1.501038e-16
1911.93 1.501038e-16
1921.93 1.501038e-16
1931.93 1.501038e-16
1941.93 1.501038e-16
1951.93 1.501038e-16
1961.93 1.501038e-16
1971.93 1.501038e-16
1981.93 1.501038e-16
1991.93 1.501038e-16
2001.93 1.501038e-16
2007.7900000000002 2.119089e-16
2018.5700000000002 1.806295e-16
2029.57 2.343703e-16
2040.83 1.93896e-16
2052.33 1.803109e-16
2064.1 1.827611e-16
2076.14 1.799003e-16
2088.4700000000003 1.28206e-16
2101.0899999999997 1.437137e-16
2114.01 1.333618e-16
2127.25 1.484677e-16
2140.82 1.426357e-16
2154.73 1.488252e-16
2168.9900000000002 1.330435e-16
2183.63 1.54867e-16
2198.65 1.440414e-16
2214.08 1.482656e-16
2229.92 1.246487e-16
2246.2 1.173796e-16
2262.94 1.373029e-16
2280.16 1.225302e-16
2297.87 1.484304e-16
2316.11 1.27979e-16
2334.89 1.37827e-16
2354.24 1.305942e-16
2374.19 1.40551e-16
2394.7599999999998 1.465746e-16
2416.0 1.352038e-16
2437.92 1.449854e-16
2460.56 1.384147e-16
2483.96 1.428679e-16
2508.16 1.569673e-16
2533.2 1.528966e-16
2559.13 1.319418e-16
2585.98 1.314452e-16
2613.82 1.533611e-16
2642.6899999999996 1.260081e-16
2672.6499999999996 1.36303e-16
2703.76 1.309456e-16
2736.1000000000004 1.300778e-16
2769.72 1.280379e-16
2804.7 1.174681e-16
2841.13 1.211066e-16
2879.09 1.157752e-16
2918.6600000000003 9.882885e-17
2959.9700000000003 9.113872000000001e-17
3003.1000000000004 8.539388000000001e-17
3048.17 7.572319e-17
3095.31 6.820609e-17
3144.65 6.299834e-17
3196.3399999999997 7.95861e-17
3250.5299999999997 5.944026e-17
3307.39 8.271099000000001e-17
3367.0899999999997 7.769355e-17
3429.84 6.941653000000001e-17
3495.86 1.033849e-16
3815.4900000000002 2.920823e-16
3820.76 2.555282e-16
3826.04 3.30421e-16
3831.33 3.08085e-16
3836.6299999999997 3.117777e-16
3841.9399999999996 2.767688e-16
3847.25 2.412304e-16
3852.57 2.593818e-16
3857.89 3.017765e-16
3863.2300000000005 2.670948e-16
3868.57 2.119418e-16
3873.91 2.411978e-16
3879.2700000000004 3.082641e-16
3884.63 3.595155e-16
3890.0 2.929607e-16
3895.38 3.441322e-16
3900.77 2.621465e-16
3906.1600000000003 2.967933e-16
3911.56 3.203805e-16
3916.9700000000003 4.396593e-16
3922.3799999999997 3.692014e-16
3927.81 3.778484e-16
3933.2400000000002 4.025028e-16
3938.67 3.748871e-16
3944.12 3.400455e-16
3949.57 3.688758e-16
3955.0299999999997 3.728631e-16
3960.5 3.64559e-16
3965.98 4.285363e-16
3971.46 3.647502e-16
3976.9500000000003 3.575498e-16
3982.4500000000003 3.78519e-16
3987.9500000000003 3.75964e-16
3993.4700000000003 4.183067e-16
3998.9900000000002 4.17406e-16
4004.5199999999995 3.936543e-16
4010.05 3.774104e-16
4015.6 4.968933e-16
4021.15 1.422959e-15
4026.71 2.118073e-15
4032.27 7.998151e-16
4037.85 3.578321e-16
4043.4300000000003 2.789161e-16
4049.02 3.364666e-16
4054.62 3.420736e-16
4060.22 3.038906e-16
4065.84 3.435133e-16
4071.46 3.788505e-16
4077.0899999999997 3.74009e-16
4082.7200000000003 3.816912e-16
4088.37 4.198872e-16
4094.02 3.815136e-16
4099.68 3.485259e-16
4105.349999999999 3.168293e-16
4111.02 3.481667e-16
4116.71 3.432195e-16
4122.4 2.843923e-16
4128.1 2.589864e-16
4133.81 2.418769e-16
4139.5199999999995 2.502218e-16
4145.24 2.466929e-16
4150.97 2.676997e-16
4156.71 3.115772e-16
4162.46 3.112077e-16
4168.21 3.221745e-16
4173.98 5.267411e-16
4179.75 6.533931e-16
4185.53 4.015338e-16
4191.3099999999995 3.184666e-16
4197.11 3.690553e-16
4202.91 4.054108e-16
4208.72 3.724627e-16
4214.54 4.029732e-16
4220.37 3.850685e-16
4226.2 4.311466e-16
4232.04 3.932263e-16
4237.89 3.356954e-16
4243.75 2.646238e-16
4249.62 1.992477e-16
4255.49 2.677764e-16
4261.38 3.612402e-16
4267.27 4.108263e-16
4273.17 3.919214e-16
4279.08 3.350891e-16
4284.99 3.810804e-16
4290.92 3.909881e-16
4296.849999999999 4.205659e-16
4302.79 5.07376e-16
4308.74 5.317833e-16
4314.69 5.187307e-16
4320.66 5.308276e-16
4326.63 5.1584e-16
4332.61 5.594917e-16
4338.6 5.682994e-16
4344.1 5.591772e-16
4349.11 5.545237e-16
4354.12 5.476558e-16
4359.13 6.126011e-16
4364.15 5.383514e-16
4369.179999999999 5.170663e-16
4374.21 5.373308e-16
4379.25 5.664472e-16
4384.3 5.122178e-16
4389.35 5.401185e-16
4394.4 5.607083e-16
4399.469999999999 5.515018e-16
4404.53 5.509862e-16
4409.61 5.479429e-16
4414.69 6.004135e-16
4419.77 5.626539e-16
4424.87 5.630392e-16
4429.96 5.876663e-16
4435.07 5.860049e-16
4440.17 5.547549e-16
4445.29 5.2436e-16
4450.41 5.56373e-16
4455.54 5.245078e-16
4460.67 5.110696e-16
4465.81 5.081525e-16
4470.95 5.255932e-16
4476.1 5.020765e-16
4481.26 4.757099e-16
4486.42 5.429603e-16
4491.59 5.202125e-16
4496.76 5.302973e-16
4501.94 5.422067e-16
4507.13 4.84897e-16
4512.320000000001 4.736797e-16
4517.5199999999995 5.020729e-16
4522.72 5.229022e-16
4527.93 5.207516e-16
4533.150000000001 5.188473e-16
4538.37 4.790545e-16
4543.599999999999 5.512232e-16
4548.83 5.504358e-16
4554.07 5.792386e-16
4559.32 5.542925e-16
4564.57 4.834452e-16
4569.83 5.417508e-16
4575.09 5.476261e-16
4580.36 6.053014e-16
4585.64 6.264683e-16
4590.92 5.718486e-16
4596.21 5.810561e-16
4601.51 6.132552e-16
4606.81 5.948425e-16
4612.11 5.338206e-16
4617.43 5.090848e-16
4622.75 5.956518e-16
4628.070000000001 5.533876e-16
4633.4 5.405624e-16
4638.74 5.189767e-16
4644.08 4.464538e-16
4649.43 4.270329e-16
4654.79 4.990016e-16
4660.150000000001 6.350792e-16
4665.52 6.452119e-16
4670.889999999999 5.947618e-16
4676.27 6.563676e-16
4681.66 7.339279e-16
4687.05 7.610413e-16
4692.45 7.716862e-16
4697.86 7.110144e-16
4703.2699999999995 6.590584e-16
4708.69 7.255093e-16
4714.110000000001 7.787532e-16
4719.54 7.189721e-16
4724.98 6.665777e-16
4730.42 6.218171e-16
4735.87 5.925634e-16
4741.33 6.197068e-16
4746.79 6.736139e-16
4752.26 6.783255e-16
4757.73 6.621628e-16
4763.21 6.897108e-16
4768.7 6.943509e-16
4774.19 7.450977e-16
4779.69 6.964087e-16
4785.2 7.190703e-16
4790.71 7.417455e-16
4796.2300000000005 7.481851e-16
4801.76 7.784983e-16
4807.29 7.322489e-16
4812.82 6.757437e-16
4818.37 6.623653e-16
4823.92 7.495844e-16
4829.48 7.870637e-16
4835.04 8.069806e-16
4840.610000000001 7.910326e-16
4846.1900000000005 7.978886e-16
4851.77 7.328377e-16
4857.36 7.439143e-16
4862.95 8.29241e-16
4868.55 8.476563e-16
4874.16 8.175837e-16
4879.780000000001 8.205889e-16
4885.4 7.684356e-16
4891.03 7.470856e-16
4896.66 7.325986e-16
4902.3 7.631465e-16
4907.95 7.914712e-16
4913.6 7.387695e-16
4919.259999999999 8.231837e-16
4924.93 8.535613e-16
4930.6 8.715349e-16
4936.28 8.403566e-16
4941.97 8.005591e-16
4947.66 8.193097e-16
4953.36 7.888306e-16
4959.07 8.095649e-16
4964.78 8.217006e-16
4970.5 7.934501e-16
4976.23 8.805047e-16
4981.96 8.551357e-16
4987.7 8.828352e-16
4993.4400000000005 8.495538e-16
4999.19 8.447233e-16
5004.95 8.212211e-16
5010.719999999999 7.890901e-16
5016.49 7.791624e-16
5022.2699999999995 7.866159e-16
5028.049999999999 7.807745e-16
5033.849999999999 8.264535e-16
5039.65 7.586225e-16
5045.45 7.640606e-16
5051.259999999999 7.77109e-16
5057.080000000001 8.233994e-16
5062.910000000001 8.807395e-16
5068.740000000001 7.790117e-16
5074.58 7.737925e-16
5080.42 8.012219e-16
5086.28 8.198606e-16
5092.14 8.374165e-16
5098.0 8.707921e-16
5103.870000000001 8.425371e-16
5109.75 8.028229e-16
5115.64 8.707002e-16
5121.53 8.380587e-16
5127.429999999999 9.038117e-16
5133.339999999999 8.772733e-16
5139.25 8.209719e-16
5145.17 8.402753e-16
5151.099999999999 8.345802e-16
5157.030000000001 8.482697e-16
5162.97 8.290954e-16
5168.92 8.354918e-16
5174.879999999999 8.442115e-16
5180.84 8.698413e-16
5186.8099999999995 8.801071e-16
5192.78 8.599876e-16
5198.76 8.455967e-16
5204.75 8.99073e-16
5210.75 8.541476e-16
5216.75 8.722909e-16
5222.759999999999 8.320833e-16
5228.78 8.53324e-16
5234.799999999999 8.380112e-16
5240.83 8.968079e-16
5246.87 1.057803e-15
5252.91 1.096957e-15
5258.96 8.786701e-16
5265.02 8.378112e-16
5271.08 8.519479e-16
5277.16 8.588615e-16
5283.24 8.421104e-16
5289.32 8.780279e-16
5295.419999999999 8.943785e-16
5301.5199999999995 9.065024e-16
5307.62 8.524439e-16
5313.74 8.4791e-16
5319.86 8.47866e-16
5325.990000000001 9.003288e-16
5332.12 8.836758e-16
5338.26 9.143415e-16
5344.410000000001 1.000146e-15
5350.57 1.350547e-15
5356.73 1.635155e-15
5362.900000000001 1.42599e-15
5369.080000000001 8.715218e-16
5375.2699999999995 8.370105e-16
5381.46 8.13171e-16
5387.66 9.031116e-16
5393.860000000001 9.635984e-16
5400.080000000001 1.701597e-15
5406.3 2.820503e-15
5412.53 3.128878e-15
5418.76 9.460968e-16
5425.0 8.22261e-16
5430.629999999999 8.429385e-16
5435.63 8.439565e-16
5440.64 8.186207e-16
5445.65 8.026865e-16
5450.67 8.168439e-16
5455.69 8.499697e-16
5460.72 8.510432e-16
5465.75 8.614717e-16
5470.79 8.506926e-16
5475.830000000001 8.219605e-16
5480.88 8.219144e-16
5485.93 8.098223e-16
5490.98 8.211743e-16
5496.04 7.980244e-16
5501.110000000001 8.203867e-16
5506.17 8.062611e-16
5511.25 8.143806e-16
5516.330000000001 7.910654e-16
5521.41 7.962977e-16
5526.5 8.475995e-16
5531.589999999999 8.106554e-16
5536.69 7.806283e-16
5541.79 7.741544e-16
5546.900000000001 8.000214e-16
5552.009999999999 8.071119e-16
5557.12 7.79368e-16
5562.240000000001 7.811913e-16
5567.370000000001 7.935427e-16
5572.5 7.906072e-16
5577.63 7.7038e-16
5582.77 6.657733e-16
5587.919999999999 6.413628e-16
5593.07 6.755598e-16
5598.22 6.973416e-16
5603.38 7.471798e-16
5608.54 8.351232e-16
5613.709999999999 8.985466e-16
5618.88 8.862472e-16
5624.0599999999995 7.769429e-16
5629.24 7.982315e-16
5634.43 8.525441e-16
5639.62 8.397732e-16
5644.820000000001 8.286543e-16
5650.02 8.760191e-16
5655.23 8.820166e-16
5660.44 9.152038e-16
5665.65 8.958607e-16
5670.87 8.476594e-16
5676.099999999999 8.974961e-16
5681.33 8.534643e-16
5686.57 7.848187e-16
5691.8 8.040267e-16
5697.05 8.719702e-16
5702.3 8.869208e-16
5707.55 9.45009e-16
5712.81 9.41146e-16
5718.08 9.493726e-16
5723.35 9.056651e-16
5728.62 9.221888e-16
5733.9 9.819014e-16
5739.18 9.838227e-16
5744.47 9.232967e-16
5749.76 9.060916e-16
5755.0599999999995 8.981886e-16
5760.37 9.099124e-16
5765.67 9.307249e-16
5770.990000000001 9.020428e-16
5776.3 9.658287e-16
5781.63 9.777093e-16
5786.95 9.758424e-16
5792.29 9.265358e-16
5797.62 9.536602e-16
5802.969999999999 9.22287e-16
5808.3099999999995 9.48259e-16
5813.67 9.477803e-16
5819.02 9.279054e-16
5824.38 9.126149e-16
5829.75 8.691247e-16
5835.12 9.085075e-16
5840.5 8.811416e-16
5845.88 9.139368e-16
5851.2699999999995 9.610653e-16
5856.66 9.349676e-16
5862.06 8.92317e-16
5867.46 9.240756e-16
5872.86 9.212943e-16
5878.28 9.750009e-16
5883.6900000000005 9.464081e-16
5889.12 9.293723e-16
5894.54 9.325975e-16
5899.97 9.312769e-16
5905.41 9.40096e-16
5910.849999999999 8.720556e-16
5916.3 8.872594e-16
5921.75 9.077725e-16
5927.210000000001 8.925071e-16
5932.67 9.225511e-16
5938.13 9.442133e-16
5943.610000000001 9.371888e-16
5949.08 9.243336e-16
5954.5599999999995 9.200822e-16
5960.05 9.46667e-16
5965.54 9.378967e-16
5971.04 9.56859e-16
5976.54 9.534881e-16
5982.05 9.832962e-16
5987.5599999999995 1.003814e-15
5993.08 9.830292e-16
5998.599999999999 9.863796e-16
6004.13 9.536837e-16
6009.66 9.313859e-16
6015.200000000001 9.599965e-16
6020.74 9.496593e-16
6026.29 9.583234e-16
6031.84 9.335797e-16
6037.400000000001 9.077407e-16
6042.960000000001 9.241307e-16
6048.53 8.986713e-16
6054.110000000001 9.303239e-16
6059.679999999999 9.612083e-16
6065.27 9.598228e-16
6070.860000000001 9.186031e-16
6076.45 9.336818e-16
6082.05 9.671482e-16
6087.65 9.699316e-16
6093.26 9.486218e-16
6098.88 9.574333e-16
6104.500000000001 9.495989e-16
6110.12 9.546697e-16
6115.75 9.489578e-16
6121.39 9.408952e-16
6127.03 9.728981e-16
6132.68 9.6778e-16
6138.33 9.465374e-16
6143.98 9.617638e-16
6149.639999999999 9.997348e-16
6155.31 9.544492e-16
6160.9800000000005 9.341653e-16
6166.660000000001 9.460974e-16
6172.339999999999 9.752599e-16
6178.03 9.997758e-16
6183.72 1.014139e-15
6189.42 1.007312e-15
6195.12 1.006907e-15
6200.830000000001 9.953657e-16
6206.549999999999 1.023407e-15
6212.2699999999995 1.022201e-15
6217.99 1.042791e-15
6223.72 1.017607e-15
6229.46 1.00438e-15
6235.1900000000005 1.020306e-15
6240.9400000000005 9.958157e-16
6246.6900000000005 9.492505e-16
6252.450000000001 9.667412e-16
6258.21 1.01038e-15
6263.97 1.033304e-15
6269.749999999999 1.046838e-15
6275.52 1.015993e-15
6281.31 1.020444e-15
6287.089999999999 1.013599e-15
6292.889999999999 1.035955e-15
6298.6900000000005 1.027194e-15
6304.490000000001 1.03783e-15
6310.3 1.043167e-15
6316.110000000001 1.014261e-15
6321.9400000000005 9.869402e-16
6327.76 9.837031e-16
6333.59 9.788394e-16
6339.43 1.018033e-15
6345.2699999999995 1.018909e-15
6351.12 9.428753e-16
6356.969999999999 8.341165e-16
6362.830000000001 7.069721e-16
6368.6900000000005 7.659531e-16
6374.56 8.854712e-16
6380.43 9.671099e-16
6386.3099999999995 9.608952e-16
6392.19 9.533166e-16
6398.080000000001 9.746068e-16
6403.9800000000005 9.907257e-16
6409.88 9.953268e-16
6415.79 1.012107e-15
6421.7 1.022408e-15
6427.62 9.906168e-16
6433.54 1.001745e-15
6439.47 9.869194e-16
6445.4 1.016219e-15
6451.34 1.001636e-15
6457.29 1.005974e-15
6463.24 9.882888e-16
6469.1900000000005 1.01426e-15
6475.15 1.006276e-15
6481.12 9.896465e-16
6487.09 9.696717e-16
6493.07 9.697707e-16
6499.049999999999 1.003421e-15
6505.04 1.0093e-15
6511.04 1.024456e-15
6517.030000000001 1.008627e-15
6523.04 1.039856e-15
6529.049999999999 1.001705e-15
6535.07 1.037267e-15
6541.09 1.01736e-15
6547.12 1.009476e-15
6553.15 1.051228e-15
6559.1900000000005 1.046377e-15
6565.23 1.034699e-15
6571.280000000001 1.025996e-15
6577.34 1.035791e-15
6583.400000000001 1.004666e-15
6589.46 1.003406e-15
6595.53 1.012369e-15
6601.61 1.029392e-15
6607.7 1.02585e-15
6613.780000000001 1.017846e-15
6619.88 1.004753e-15
6625.9800000000005 1.011866e-15
6632.08 1.014778e-15
6638.1900000000005 1.004903e-15
6644.3099999999995 1.00771e-15
6650.43 9.567997e-16
6656.56 9.40514e-16
6662.700000000001 9.51881e-16
6668.83 9.721193e-16
6674.9800000000005 9.788323e-16
6681.129999999999 9.803648e-16
6687.29 9.780974e-16
6693.45 9.826725e-16
6699.62 9.889872e-16
6705.79 9.731095e-16
6711.97 9.740949e-16
6718.16 9.643378e-16
6724.35 9.2478e-16
6730.54 9.450539e-16
6736.74 9.367968e-16
6742.95 9.390884e-16
6749.16 9.500731e-16
6755.38 9.360092e-16
6761.61 9.392725e-16
6767.84 9.579133e-16
6774.08 9.796432e-16
6780.32 9.807398e-16
6786.57 9.918314e-16
6792.820000000001 1.029426e-15
6799.08 1.171704e-15
6805.34 1.239587e-15
6811.610000000001 1.164043e-15
6817.889999999999 1.051674e-15
6824.17 1.006214e-15
6830.46 1.010477e-15
6836.759999999999 1.03531e-15
6843.0599999999995 1.01302e-15
6849.36 1.016025e-15
6855.67 1.041687e-15
6861.99 1.02158e-15
6868.3099999999995 1.070614e-15
6874.639999999999 1.072449e-15
6880.98 1.074279e-15
6887.32 1.07038e-15
6893.660000000001 1.084794e-15
6900.02 1.068129e-15
6906.37 1.056054e-15
6912.740000000001 1.067096e-15
6919.110000000001 1.081434e-15
6925.4800000000005 1.071679e-15
6931.86 1.080859e-15
6938.25 1.080076e-15
6944.639999999999 1.085658e-15
6951.040000000001 1.093257e-15
6957.45 1.108983e-15
6963.86 1.100973e-15
6970.28 1.097695e-15
6976.7 1.117403e-15
6983.129999999999 1.124289e-15
6989.56 1.155863e-15
6996.0 1.124771e-15
7002.45 1.112292e-15
7008.900000000001 1.08975e-15
7015.360000000001 1.074314e-15
7021.82 1.078636e-15
7028.299999999999 1.099742e-15
7034.77 1.127982e-15
7041.25 1.124535e-15
7047.74 1.140023e-15
7054.240000000001 1.181825e-15
7060.74 1.277398e-15
7067.24 1.586888e-15
7073.76 1.789563e-15
7080.2699999999995 2.023695e-15
7086.8 2.168966e-15
7093.33 2.18288e-15
7099.86 1.774331e-15
7106.41 2.324269e-15
7112.95 2.56722e-15
7119.51 1.794826e-15
7126.07 1.228079e-15
7132.64 1.17092e-15
7139.21 1.153943e-15
7145.79 1.143014e-15
7152.37 1.145283e-15
7158.96 1.117692e-15
7165.5599999999995 1.104489e-15
7172.16 1.099182e-15
7178.7699999999995 1.119392e-15
7185.38 1.11418e-15
7192.01 1.110028e-15
7198.63 1.11749e-15
7205.27 1.119016e-15
7211.91 1.124284e-15
7218.55 1.136184e-15
7225.200000000001 1.125656e-15
7231.86 1.117462e-15
7237.69 1.118832e-15
7242.6900000000005 1.176542e-15
7247.7 1.410792e-15
7252.71 1.612094e-15
7257.719999999999 1.674511e-15
7262.73 1.614383e-15
7267.749999999999 1.568243e-15
7272.7699999999995 1.531701e-15
7277.8 1.365922e-15
7282.83 1.135038e-15
7287.860000000001 1.087135e-15
7292.9 1.101226e-15
7297.9400000000005 1.105445e-15
7302.9800000000005 1.100812e-15
7308.0199999999995 1.094593e-15
7313.08 1.098123e-15
7318.13 1.114687e-15
7323.1900000000005 1.084802e-15
7328.249999999999 1.091661e-15
7333.3099999999995 1.092644e-15
7338.38 1.11144e-15
7343.45 1.10091e-15
7348.5199999999995 1.086205e-15
7353.6 1.091386e-15
7358.679999999999 1.076796e-15
7363.7699999999995 1.123614e-15
7368.85 1.095081e-15
7373.95 1.103159e-15
7379.04 1.096782e-15
7384.14 1.074717e-15
7389.240000000001 1.073851e-15
7394.349999999999 1.089432e-15
7399.46 1.092288e-15
7404.570000000001 1.064972e-15
7409.69 1.086701e-15
7414.8099999999995 1.083529e-15
7419.93 1.06173e-15
7425.06 1.083691e-15
7430.19 1.07462e-15
7435.33 1.095602e-15
7440.46 1.087078e-15
7445.610000000001 1.105768e-15
7450.75 1.085562e-15
7455.9 1.109848e-15
7461.05 1.104806e-15
7466.21 1.061249e-15
7471.370000000001 1.086737e-15
7476.53 1.092163e-15
7481.69 1.077292e-15
7486.87 1.076879e-15
7492.04 1.075874e-15
7497.22 1.065279e-15
7502.400000000001 1.058606e-15
7507.58 1.065889e-15
7512.7699999999995 1.075687e-15
7517.96 1.080758e-15
7523.15 1.087255e-15
7528.35 1.096588e-15
7533.56 1.086988e-15
7538.76 1.072981e-15
7543.97 1.09674e-15
7549.179999999999 1.085433e-15
7554.4 1.10423e-15
7559.62 1.090783e-15
7564.84 1.096427e-15
7570.07 1.083639e-15
7575.3 1.058677e-15
7580.54 1.068735e-15
7585.78 1.074877e-15
7591.02 1.090622e-15
7596.26 1.100553e-15
7601.51 1.074385e-15
7606.77 1.12048e-15
7612.02 1.131175e-15
7617.28 1.062522e-15
7622.55 1.049886e-15
7627.81 1.059855e-15
7633.08 1.046299e-15
7638.36 1.038033e-15
7643.64 1.030972e-15
7648.92 9.951202e-16
7654.2 9.986693e-16
7659.49 9.706773e-16
7664.78 1.008646e-15
7670.08 9.732879e-16
7675.38 1.019339e-15
7680.69 1.034379e-15
7685.990000000001 1.018754e-15
7691.3 1.004467e-15
7696.62 1.009724e-15
7701.9400000000005 1.05115e-15
7707.26 1.042056e-15
7712.59 1.078225e-15
7717.91 1.026388e-15
7723.25 1.000473e-15
7728.580000000001 1.023831e-15
7733.93 1.009881e-15
7739.27 9.91192e-16
7744.62 1.014302e-15
7749.97 1.008989e-15
7755.32 1.01422e-15
7760.6900000000005 1.008953e-15
7766.05 1.022339e-15
7771.41 1.016498e-15
7776.78 9.919167e-16
7782.16 1.025863e-15
7787.539999999999 1.005476e-15
7792.92 1.024815e-15
7798.3 1.0288e-15
7803.69 1.055843e-15
7809.080000000001 1.034317e-15
7814.4800000000005 1.02453e-15
7819.88 1.051882e-15
7825.28 1.048543e-15
7830.6900000000005 1.059343e-15
7836.1 1.037742e-15
7841.51 1.050728e-15
7846.929999999999 1.05861e-15
7852.360000000001 1.067408e-15
7857.78 1.03653e-15
7863.21 1.0417e-15
7868.650000000001 1.051761e-15
7874.08 1.086546e-15
7879.5199999999995 1.086588e-15
7884.97 1.057522e-15
7890.42 1.087279e-15
7895.870000000001 1.097484e-15
7901.33 1.132496e-15
7906.79 1.146028e-15
7912.25 1.16062e-15
7917.72 1.186345e-15
7923.19 1.126305e-15
7928.66 1.093515e-15
7934.139999999999 1.107455e-15
7939.63 1.099163e-15
7945.11 1.076134e-15
7950.599999999999 1.10877e-15
7956.1 1.114305e-15
7961.589999999999 1.140854e-15
7967.1 1.11355e-15
7972.599999999999 1.121996e-15
7978.110000000001 1.10457e-15
7983.62 1.13975e-15
7989.14 1.11206e-15
7994.66 1.092481e-15
8000.18 1.1499e-15
8005.71 1.130947e-15
8011.25 1.123759e-15
8016.78 1.119879e-15
8022.32 1.142319e-15
8027.86 1.179363e-15
8033.41 1.138208e-15
8038.960000000001 1.137543e-15
8044.5199999999995 1.134735e-15
8050.079999999999 1.161295e-15
8055.639999999999 1.145723e-15
8061.21 1.170232e-15
8066.78 1.155822e-15
8072.35 1.132362e-15
8077.929999999999 1.146948e-15
8083.51 1.131321e-15
8089.1 1.141319e-15
8094.69 1.144915e-15
8100.28 1.1312e-15
8105.88 1.164244e-15
8111.48 1.156892e-15
8117.08 1.156887e-15
8122.6900000000005 1.156047e-15
8128.3099999999995 1.140538e-15
8133.92 1.179007e-15
8139.54 1.170917e-15
8145.17 1.197793e-15
8150.79 1.189988e-15
8156.43 1.169191e-15
8162.0599999999995 1.183893e-15
8167.7 1.162772e-15
8173.35 1.195821e-15
8179.0 1.176733e-15
8184.65 1.179006e-15
8190.3 1.141749e-15
8195.96 1.125213e-15
8201.63 1.133497e-15
8207.29 1.120487e-15
8212.970000000001 1.164154e-15
8218.640000000001 1.154436e-15
8224.32 1.114351e-15
8230.0 1.117156e-15
8235.69 1.121085e-15
8241.380000000001 1.146184e-15
8247.08 1.140843e-15
8252.77 1.144067e-15
8258.48 1.152085e-15
8264.18 1.107473e-15
8269.89 1.091941e-15
8275.61 1.042627e-15
8281.33 1.089739e-15
8287.050000000001 1.079001e-15
8292.779999999999 1.114914e-15
8298.51 1.099149e-15
8304.24 1.110883e-15
8309.98 1.105536e-15
8315.72 1.108427e-15
8321.47 1.099882e-15
8327.22 1.117993e-15
8332.97 1.090282e-15
8338.73 1.102894e-15
8344.49 1.10856e-15
8350.26 1.116089e-15
8356.03 1.144425e-15
8361.800000000001 1.124134e-15
8367.58 1.117213e-15
8373.37 1.123222e-15
8379.15 1.121218e-15
8384.94 1.090796e-15
8390.73 1.10506e-15
8396.53 1.114837e-15
8402.33 1.114879e-15
8408.14 1.101103e-15
8413.95 1.088371e-15
8419.77 1.108982e-15
8425.58 1.102292e-15
8431.41 1.108619e-15
8437.23 1.143789e-15
8443.06 1.115453e-15
8448.9 1.139498e-15
8454.74 1.142046e-15
8460.58 1.103189e-15
8466.42 1.153335e-15
8472.28 1.118756e-15
8478.130000000001 1.14135e-15
8483.99 1.120897e-15
8489.85 1.127698e-15
8495.72 1.130221e-15
8501.59 1.144189e-15
8507.46 1.159924e-15
8513.34 1.135414e-15
8519.22 1.113887e-15
8525.11 1.120055e-15
8531.0 1.123754e-15
8536.9 1.09885e-15
8542.800000000001 1.063291e-15
8548.7 1.087781e-15
8554.61 1.10895e-15
8560.52 1.07024e-15
8566.43 1.066262e-15
8572.35 1.063517e-15
8578.28 1.078114e-15
8584.199999999999 1.090816e-15
8590.140000000001 1.109426e-15
8596.07 1.081117e-15
8602.01 1.126488e-15
8607.960000000001 1.131499e-15
8613.91 1.127594e-15
8619.86 1.117014e-15
8625.810000000001 1.113493e-15
8631.77 1.102231e-15
8637.74 1.094285e-15
8643.71 1.112895e-15
8649.68 1.115056e-15
8655.66 1.117218e-15
8661.640000000001 1.119379e-15
8667.62 1.121541e-15
8673.61 1.123702e-15
8679.61 1.125864e-15
8685.6 1.128025e-15
8691.6 1.130186e-15
8697.61 1.132348e-15
8703.619999999999 1.13451e-15
8709.64 1.136672e-15
8715.65 1.138834e-15
8721.68 1.140996e-15
8727.7 1.143158e-15
8733.73 1.14532e-15
8739.77 1.147482e-15
8745.810000000001 1.149644e-15
8751.85 1.151806e-15
8757.9 1.153967e-15
8763.95 1.156129e-15
8770.01 1.158291e-15
8776.07 1.160453e-15
8782.130000000001 1.162615e-15
8788.2 1.164777e-15
8794.27 1.16694e-15
8800.35 1.169102e-15
8806.43 1.171264e-15
8812.52 1.173427e-15
8818.61 1.175589e-15
8824.699999999999 1.177752e-15
8830.8 1.179914e-15
8836.9 1.182076e-15
8843.01 1.184238e-15
8849.12 1.186401e-15
8855.23 1.188563e-15
8861.35 1.190725e-15
8867.48 1.192887e-15
8873.6 1.19505e-15
8879.73 1.174572e-15
8885.87 1.186698e-15
8892.01 1.179044e-15
8898.16 1.184615e-15
8904.31 1.161312e-15
8910.460000000001 1.159749e-15
8916.619999999999 1.187406e-15
8922.78 1.180794e-15
8928.94 1.224339e-15
8935.11 1.179359e-15
8941.289999999999 1.160306e-15
8947.47 1.098939e-15
8953.65 1.155037e-15
8959.83 1.115235e-15
8966.03 1.153197e-15
8972.22 1.135659e-15
8978.42 1.137343e-15
8984.630000000001 1.170132e-15
8990.84 1.168577e-15
8997.05 1.132926e-15
9050.0 1.148539e-15
9100.0 1.148901e-15
9150.0 1.149202e-15
9200.0 1.149443e-15
9250.0 1.149626e-15
9300.0 1.149751e-15
9350.0 1.149821e-15
9400.0 1.149834e-15
9450.0 1.149794e-15
9500.0 1.149701e-15
9550.0 1.149555e-15
9600.0 1.149359e-15
9650.0 1.149113e-15
9700.0 1.148818e-15
9750.0 1.148475e-15
9800.0 1.148085e-15
9850.0 1.147649e-15
9900.0 1.147168e-15
9950.0 1.146644e-15
10000.0 1.146076e-15
10049.999999999998 1.145467e-15
10100.0 1.144816e-15
10149.999999999998 1.144126e-15
10200.0 1.143396e-15
10250.0 1.142627e-15
10300.0 1.141821e-15
10350.0 1.140979e-15
10400.0 1.140101e-15
10450.0 1.139188e-15
10500.0 1.138241e-15
10550.0 1.137261e-15
10600.0 1.136248e-15
10650.0 1.135204e-15
10700.0 1.134129e-15
10750.0 1.133024e-15
10800.0 1.131889e-15
10850.0 1.130726e-15
10900.0 1.129536e-15
10950.0 1.128318e-15
11000.0 1.127074e-15
11050.0 1.125804e-15
11100.000000000002 1.124509e-15
11150.0 1.123191e-15
11200.000000000002 1.121848e-15
11250.0 1.120483e-15
11299.999999999998 1.119095e-15
11350.0 1.117686e-15
11399.999999999998 1.116256e-15
11450.0 1.114806e-15
11500.0 1.113336e-15
11550.0 1.111846e-15
11600.0 1.110338e-15
11650.0 1.108812e-15
11700.0 1.107269e-15
11750.0 1.105709e-15
11800.0 1.104133e-15
11850.0 1.102541e-15
11900.0 1.100934e-15
11950.0 1.099312e-15
12000.0 1.097676e-15
12050.0 1.096026e-15
12100.0 1.094363e-15
12150.0 1.092688e-15
12200.0 1.091e-15
12250.0 1.0893e-15
12300.0 1.08759e-15
12350.000000000002 1.085868e-15
12400.0 1.084136e-15
12450.000000000002 1.082394e-15
12500.0 1.080643e-15
12549.999999999998 1.078882e-15
12600.0 1.077113e-15
12649.999999999998 1.075336e-15
12700.0 1.07355e-15
12750.0 1.071758e-15
12800.0 1.069958e-15
12850.0 1.068151e-15
12900.0 1.066338e-15
12950.0 1.064519e-15
13000.0 1.062694e-15
13050.0 1.060864e-15
13100.0 1.05903e-15
13150.0 1.05719e-15
13200.0 1.055346e-15
13250.0 1.053498e-15
13300.0 1.051647e-15
13350.0 1.049792e-15
13400.0 1.047933e-15
13450.0 1.046073e-15
13500.0 1.044209e-15
13550.0 1.042344e-15
13600.000000000002 1.040476e-15
13650.0 1.038607e-15
13700.000000000002 1.036737e-15
13750.0 1.034865e-15
13799.999999999998 1.032992e-15
13850.0 1.031119e-15
13899.999999999998 1.029245e-15
13950.0 1.027372e-15
14000.0 1.025498e-15
14050.0 1.023624e-15
14100.0 1.021751e-15
14150.0 1.019879e-15
14200.0 1.018008e-15
14250.0 1.016138e-15
14300.0 1.014269e-15
14350.0 1.012402e-15
14400.0 1.010537e-15
14450.0 1.008673e-15
14500.0 1.006812e-15
14550.0 1.004953e-15
14600.0 1.003096e-15
14650.0 1.001242e-15
14700.0 9.993914e-16
14750.0 9.975433e-16
14800.0 9.956985e-16
14850.000000000002 9.938569e-16
14900.0 9.920188e-16
14950.000000000002 9.901843e-16
15000.0 9.883537e-16
15049.999999999998 9.865269e-16
15100.0 9.847042e-16
15149.999999999998 9.828857e-16
15200.0 9.810715e-16
15250.0 9.792618e-16
15300.0 9.774567e-16
15350.0 9.756562e-16
15400.0 9.738606e-16
15450.0 9.7207e-16
15500.0 9.702844e-16
15550.0 9.68504e-16
15600.0 9.667289e-16
15650.0 9.649591e-16
15700.0 9.631949e-16
15750.0 9.614362e-16
15800.0 9.596833e-16
15850.0 9.57936e-16
15900.0 9.561948e-16
15950.0 9.544595e-16
16000.0 9.527302e-16
16050.0 9.510072e-16
16100.000000000002 9.492902e-16
16150.0 9.475797e-16
16200.000000000002 9.458755e-16
16250.0 9.441778e-16
16299.999999999998 9.424866e-16
16350.0 9.40802e-16
16400.0 9.391242e-16
16450.0 9.374531e-16
16500.0 9.357888e-16
16550.0 9.341314e-16
16600.0 9.324808e-16
16650.0 9.308374e-16
16700.0 9.29201e-16
16750.0 9.275717e-16
16800.0 9.259497e-16
16850.0 9.243347e-16
16900.0 9.227272e-16
16950.0 9.211269e-16
17000.0 9.19534e-16
17050.0 9.179486e-16
17100.0 9.163706e-16
17150.0 9.148002e-16
17200.0 9.132372e-16
17250.0 9.11682e-16
17300.0 9.101343e-16
17350.0 9.085942e-16
17400.0 9.07062e-16
17450.0 9.055374e-16
17500.0 9.040207e-16
17550.0 9.025117e-16
17600.0 9.010107e-16
17650.0 8.995175e-16
17700.0 8.980322e-16
17750.0 8.965547e-16
17800.0 8.950854e-16
17850.0 8.936239e-16
17900.0 8.921705e-16
17950.0 8.907252e-16
18000.0 8.892878e-16
18050.0 8.878586e-16
18100.0 8.864374e-16
18150.0 8.850243e-16
18200.0 8.836195e-16
18250.0 8.822227e-16
18300.0 8.808341e-16
18350.0 8.794537e-16
18400.0 8.780815e-16
18450.0 8.767176e-16
18500.0 8.753618e-16
18550.0 8.740142e-16
18600.0 8.726749e-16
18650.0 8.713439e-16
18700.0 8.700212e-16
18750.0 8.687067e-16
18800.0 8.674006e-16
18850.0 8.661027e-16
18900.0 8.648131e-16
18950.0 8.635318e-16
19000.0 8.622588e-16
19050.0 8.609942e-16
19100.0 8.597379e-16
19150.0 8.584899e-16
19200.0 8.572502e-16
19250.0 8.560189e-16
19300.0 8.547959e-16
19350.0 8.535813e-16
19400.0 8.52375e-16
19450.0 8.51177e-16
19500.0 8.499874e-16
19550.0 8.488061e-16
19600.0 8.476331e-16
19650.0 8.464685e-16
19700.0 8.453123e-16
19750.0 8.441643e-16
19800.0 8.430247e-16
19850.0 8.418934e-16
19900.0 8.407704e-16
19950.0 8.396557e-16
20000.0 8.385494e-16
20050.0 8.374514e-16
20099.999999999996 8.363617e-16
20150.0 8.352803e-16
20200.0 8.342072e-16
20250.0 8.331423e-16
20299.999999999996 8.320858e-16
20350.0 8.310375e-16
20400.0 8.299975e-16
20450.0 8.289658e-16
20500.0 8.279423e-16
20550.0 8.26927e-16
20600.0 8.259201e-16
20650.0 8.249213e-16
20700.0 8.239308e-16
20750.0 8.229484e-16
20800.0 8.219743e-16
20850.0 8.210083e-16
20900.0 8.200506e-16
20950.000000000004 8.191011e-16
21000.0 8.181597e-16
21050.0 8.172264e-16
21100.0 8.163013e-16
21150.000000000004 8.153844e-16
21200.0 8.144755e-16
21250.0 8.135748e-16
21300.0 8.126822e-16
21349.999999999996 8.117976e-16
21400.0 8.109212e-16
21450.0 8.100528e-16
21500.0 8.091925e-16
21549.999999999996 8.083403e-16
21600.0 8.074961e-16
21650.0 8.066599e-16
21700.0 8.058317e-16
21750.0 8.050115e-16
21800.0 8.041993e-16
21850.0 8.033951e-16
21900.0 8.025988e-16
21950.0 8.018105e-16
22000.0 8.010302e-16
22050.0 8.002578e-16
22100.0 7.994932e-16
22150.0 7.987366e-16
22200.000000000004 7.979879e-16
22250.0 7.972471e-16
22300.0 7.965141e-16
22350.0 7.95789e-16
22400.000000000004 7.950717e-16
22450.0 7.943623e-16
22500.0 7.936606e-16
22550.0 7.929668e-16
22599.999999999996 7.922808e-16
22650.0 7.916025e-16
22700.0 7.90932e-16
22750.0 7.902692e-16
22799.999999999996 7.896142e-16
22850.0 7.889669e-16
22900.0 7.883273e-16
22950.0 7.876954e-16
23000.0 7.870712e-16
23050.0 7.864547e-16
23100.0 7.858458e-16
23150.0 7.852446e-16
23200.0 7.84651e-16
23250.0 7.840651e-16
23300.0 7.834867e-16
23350.0 7.82916e-16
23400.0 7.823528e-16
23450.000000000004 7.817972e-16
23500.0 7.812492e-16
23550.0 7.807086e-16
23600.0 7.801757e-16
23650.000000000004 7.796502e-16
23700.0 7.791323e-16
23750.0 7.786219e-16
23800.0 7.781189e-16
23849.999999999996 7.776234e-16
23900.0 7.771354e-16
23950.0 7.766548e-16
24000.0 7.761817e-16
24049.999999999996 7.757159e-16
24100.0 7.752576e-16
24150.0 7.748067e-16
24200.0 7.743632e-16
24250.0 7.739271e-16
24300.0 7.734982e-16
24350.0 7.730768e-16
24400.0 7.726627e-16
24450.0 7.722559e-16
24500.0 7.718565e-16
24550.0 7.714643e-16
24600.0 7.710794e-16
24650.0 7.707018e-16
24700.000000000004 7.703316e-16
24750.0 7.699685e-16
24800.0 7.696127e-16
24850.0 7.692641e-16
24900.000000000004 7.689228e-16
24950.0 7.685887e-16
25000.0 7.682617e-16
25050.0 7.679421e-16
25099.999999999996 7.676295e-16
25150.0 7.673242e-16
25200.0 7.67026e-16
25250.0 7.667349e-16
25299.999999999996 7.66451e-16
25350.0 7.661743e-16
25400.0 7.659046e-16
25450.0 7.65642e-16
25543.5 7.846007e-16
25637.2 7.690381e-16
25731.0 7.613752e-16
25824.899999999998 7.642525e-16
25918.800000000003 7.771785e-16
26012.8 7.862677e-16
26106.8 7.815138e-16
26200.899999999998 7.786997e-16
26295.0 7.702577e-16
26389.2 7.60317e-16
26483.4 7.487655e-16
26577.7 7.469258e-16
26671.999999999996 7.513694e-16
26766.399999999998 7.564648e-16
26860.8 7.626241e-16
26955.300000000003 7.775772e-16
27049.8 7.661997e-16
27144.300000000003 7.545208e-16
27238.899999999998 7.659824e-16
27333.6 7.641247e-16
27428.2 7.559321e-16
27523.0 7.636838e-16
27617.699999999997 7.681816e-16
27712.6 7.841307e-16
27807.4 7.855172e-16
27902.300000000003 7.826374e-16
27997.2 7.824968e-16
28092.199999999997 7.491679e-16
28187.2 7.683113e-16
28282.3 7.685489e-16
28377.4 7.559401e-16
28472.5 7.602876e-16
28567.7 7.57396e-16
28662.899999999998 7.588003e-16
28758.1 7.678855e-16
28853.399999999998 7.742144e-16
28948.7 7.76367e-16
29044.0 7.69483e-16
29139.4 7.627584e-16
29234.8 7.648441e-16
29330.2 7.609267e-16
29425.7 7.564786e-16
29521.199999999997 7.531415e-16
29616.8 7.564459e-16
29712.399999999998 7.619426e-16
29808.0 7.448883e-16
29903.6 7.464608e-16
29999.3 7.579533e-16
30095.0 7.496311e-16
30190.7 7.704751e-16
30286.4 7.677908e-16
30382.2 7.732938e-16
30478.0 7.491362e-16
30573.899999999998 7.35996e-16
30669.7 7.282284e-16
30765.600000000002 7.340404e-16
30861.6 7.301933e-16
30957.499999999996 7.218294e-16
31053.5 7.35304e-16
31149.5 7.556883e-16
31245.5 7.385899e-16
31341.600000000002 7.520332e-16
31437.6 7.535065e-16
31533.699999999997 7.595888e-16
31629.9 7.570923e-16
31726.0 7.508803e-16
31822.2 7.459419e-16
31918.4 7.532376e-16
32014.6 7.510086e-16
32110.8 7.379475e-16
32207.1 7.389225e-16
32303.4 7.606425e-16
32399.7 7.61815e-16
32496.0 7.684953e-16
32592.3 7.682224e-16
32688.7 7.62481e-16
32785.1 7.284246e-16
32881.5 7.25456e-16
32977.9 7.344941e-16
33074.4 7.380595e-16
33170.799999999996 7.388316e-16
33267.3 7.558852e-16
33363.8 7.58771e-16
33460.299999999996 7.712014e-16
33556.9 7.37904e-16
33653.4 7.380023e-16
33750.0 7.353829e-16
33846.6 7.189746e-16
33943.2 7.192192e-16
34039.799999999996 7.082485e-16
34136.4 7.322785e-16
34233.1 7.26206e-16
34329.700000000004 7.312464e-16
34426.4 7.355283e-16
34523.1 7.423359e-16
34619.8 7.413464e-16
34716.5 7.332804e-16
34813.299999999996 7.429252e-16
34910.0 7.56682e-16
35006.8 7.319445e-16
35103.6 7.280623e-16
35200.4 7.346055e-16
35297.200000000004 7.511262e-16
35394.0 7.430424e-16
35490.9 7.316018e-16
35587.7 7.20828e-16
35684.6 7.1973e-16
35781.4 7.294105e-16
35878.299999999996 7.292407e-16
35975.2 7.460643e-16
36072.1 7.511154e-16
36169.0 7.481466e-16
36266.0 7.353823e-16
36362.9 7.500013e-16
36459.9 7.40558e-16
36556.799999999996 7.393384e-16
36653.799999999996 7.393152e-16
36750.799999999996 7.38377e-16
36847.8 7.361755e-16
36944.8 7.504081e-16
37041.8 7.389901e-16
37138.8 7.306215e-16
37235.8 7.223192e-16
37332.9 7.229005e-16
37429.9 7.2031e-16
37527.0 7.188698e-16
37624.0 7.113146e-16
37721.1 7.048004e-16
37818.200000000004 7.059259e-16
37915.299999999996 7.145338e-16
38012.4 7.12677e-16
38109.5 7.209791e-16
38206.6 7.339237e-16
38303.7 7.386781e-16
38400.8 7.428729e-16
38498.0 7.304942e-16
38595.100000000006 7.18073e-16
38692.3 7.167395e-16
38789.4 7.17673e-16
38886.6 7.181404e-16
38983.7 7.105985e-16
39080.9 7.061315e-16
39178.1 7.018038e-16
39275.3 7.007841e-16
39372.5 7.223264e-16
39469.7 7.143737e-16
39566.9 7.073376e-16
39664.1 6.940845e-16
39761.3 6.943202e-16
39858.5 7.068294e-16
39955.7 6.837682e-16
40053.0 6.907855e-16
40150.2 6.860915e-16
40247.4 6.823441e-16
40344.7 6.815038e-16
40441.9 7.075339e-16
40539.2 7.073198e-16
40636.4 7.109146e-16
40733.7 7.008831e-16
40830.9 6.942027e-16
40928.2 6.854537e-16
41025.5 6.857937e-16
41122.8 6.801229e-16
41220.0 6.862804e-16
41317.3 6.683882e-16
41414.600000000006 6.70028e-16
41511.899999999994 6.626561e-16
41609.2 6.813709e-16
41706.5 6.736981e-16
41803.7 6.712702e-16
41901.0 6.607548e-16
41998.3 6.603587e-16
42095.6 6.634635e-16
42192.9 6.699051e-16
42290.200000000004 6.735489e-16
42387.49999999999 6.796725e-16
42484.9 6.75685e-16
42582.2 6.664521e-16
42679.5 6.710834e-16
42776.8 6.760292e-16
42874.100000000006 6.72298e-16
42971.399999999994 6.624095e-16
43068.7 6.534197e-16
43166.0 6.337999e-16
43263.4 6.402684e-16
43360.700000000004 6.540924e-16
43458.0 6.712417e-16
43555.299999999996 6.661822e-16
43652.6 6.686319e-16
43749.9 6.722422e-16
43847.3 6.80598e-16
43944.6 6.776506e-16
44041.9 6.694798e-16
44139.2 6.534101e-16
44236.5 6.418388e-16
44333.799999999996 6.320581e-16
44431.200000000004 6.116335e-16
44528.5 6.389612e-16
44625.8 6.121991e-16
44723.100000000006 6.205988e-16
44820.399999999994 6.362012e-16
44917.7 6.204456e-16
45015.0 6.236977e-16
45112.4 6.12407e-16
45209.700000000004 6.507594e-16
45307.00000000001 6.257208e-16
45404.299999999996 6.251121e-16
45501.6 6.50723e-16
45598.9 6.52517e-16
45696.2 6.470839e-16
45793.5 6.400766e-16
45890.8 6.468545e-16
45988.0 6.446819e-16
46085.3 6.143605e-16
46182.600000000006 5.872462e-16
46279.899999999994 5.87865e-16
46377.2 6.017171e-16
46474.5 6.11398e-16
46571.7 6.032346e-16
46669.0 6.072958e-16
46766.3 6.15535e-16
46863.5 6.307677e-16
46960.8 6.394507e-16
47058.0 6.32514e-16
47155.3 6.214302e-16
47252.5 6.120966e-16
47349.8 5.990607e-16
47447.0 5.986514e-16
47544.2 6.046588e-16
47641.4 5.868035e-16
47738.7 5.86207e-16
47835.9 5.934242e-16
47933.1 6.067324e-16
48030.299999999996 6.057984e-16
48127.5 5.91452e-16
48224.7 5.850337e-16
48321.899999999994 5.825951e-16
48419.0 5.881136e-16
48516.2 6.027345e-16
48613.4 5.949412e-16
48710.5 5.665211e-16
48807.7 5.802568e-16
48904.8 5.799704e-16
50000.0 5.648295e-16
51000.0 5.524607e-16
52000.0 5.409844e-16
53000.0 5.303255e-16
54000.0 5.204168e-16
55196.7 4.794075e-16
55499.1 4.811429e-16
55801.5 4.718022e-16
56103.899999999994 4.833766e-16
56406.299999999996 4.361215e-16
56708.8 4.920342e-16
57011.200000000004 5.08028e-16
57313.6 4.989947e-16
57615.99999999999 5.032215e-16
57918.399999999994 5.050112e-16
58220.9 5.0583e-16
58523.3 5.038673e-16
58825.700000000004 5.267876e-16
59128.100000000006 4.951572e-16
59430.50000000001 4.987152e-16
59733.0 4.891035e-16
60035.4 4.891802e-16
60337.8 4.717382e-16
60640.200000000004 4.555677e-16
60942.600000000006 4.652688e-16
61245.1 4.658733e-16
61547.5 4.649844e-16
61849.9 4.584394e-16
62152.3 4.619077e-16
62454.700000000004 4.642853e-16
62757.2 4.598078e-16
63059.6 4.695648e-16
63362.0 4.415219e-16
63664.4 4.370512e-16
63966.799999999996 4.537913e-16
64269.299999999996 4.534336e-16
64571.7 4.318655e-16
64874.1 4.450096e-16
65176.5 4.541409e-16
65478.899999999994 4.387536e-16
65781.40000000001 4.548986e-16
66083.8 4.672274e-16
66386.2 4.437267e-16
66688.59999999999 4.167322e-16
66991.0 4.262778e-16
67293.5 4.298651e-16
67595.90000000001 3.941418e-16
67898.3 3.947627e-16
68200.7 4.318522e-16
68503.1 4.251615e-16
68805.6 4.002902e-16
69108.0 4.121989e-16
69410.4 4.064403e-16
69712.8 3.968817e-16
70015.2 3.925131e-16
70317.7 4.332741e-16
70620.1 4.07792e-16
70922.5 4.002133e-16
71224.9 4.028803e-16
71527.3 4.219966e-16
71829.8 4.198795e-16
72132.2 3.93741e-16
72434.59999999999 3.844536e-16
72737.0 3.809993e-16
73039.4 3.726928e-16
73341.90000000001 3.722928e-16
73644.3 3.808933e-16
73946.7 3.679536e-16
74249.09999999999 3.851043e-16
74551.5 3.548021e-16
74854.0 3.754881e-16
75156.40000000001 3.931095e-16
75761.2 3.911121e-16
76366.0 3.720421e-16
76970.90000000001 3.799264e-16
77575.7 3.69793e-16
78180.5 3.60642e-16
78785.4 3.517219e-16
79390.2 3.528013e-16
79995.1 3.377182e-16
80599.90000000001 3.384076e-16
81204.7 3.401076e-16
81809.59 3.628472e-16
82414.40000000001 3.496306e-16
83019.20000000001 3.40762e-16
83624.09 3.440749e-16
84228.90000000001 3.494588e-16
84833.70000000001 3.188953e-16
85438.6 3.286347e-16
86043.40000000001 3.102361e-16
86648.3 3.236015e-16
87253.1 3.266578e-16
87857.91 3.246248e-16
88462.8 3.00466e-16
89067.6 2.983961e-16
89672.40999999999 3.041487e-16
90277.3 3.089054e-16
90882.1 2.917055e-16
91486.90000000001 2.816772e-16
92091.8 2.838918e-16
92696.6 3.014729e-16
93301.5 2.972665e-16
93906.3 2.793389e-16
94511.1 2.662843e-16
95115.99 2.728548e-16
95720.8 2.739795e-16
96325.59999999999 2.554817e-16
96930.5 2.6872e-16
97535.3 2.664692e-16
98140.09000000001 2.510468e-16
98745.0 2.399492e-16
99349.79999999999 2.485151e-16
99954.7 2.496787e-16
100559.5 2.479866e-16
101164.29999999999 2.454451e-16
101769.20000000001 2.434274e-16
102373.99999999999 2.420253e-16
102978.79999999999 2.456362e-16
103583.70000000001 2.41052e-16
104188.50000000001 2.409329e-16
104793.29999999999 2.318147e-16
105398.20000000001 2.298304e-16
106003.0 2.407298e-16
106607.91 2.478888e-16
107212.70000000001 2.405093e-16
107817.5 2.344809e-16
108422.40999999999 2.275774e-16
109027.2 2.309735e-16
109632.0 2.335863e-16
110236.90000000001 2.362561e-16
110841.7 2.315147e-16
111446.51 2.413916e-16
112051.4 2.435611e-16
112656.2 2.438269e-16
113261.1 2.507107e-16
113865.9 2.545372e-16
114470.7 2.424916e-16
115075.59999999999 2.442638e-16
115680.4 2.41019e-16
116285.2 2.501582e-16
116890.09000000001 2.383263e-16
117494.9 2.327687e-16
118099.7 2.256863e-16
118704.59 2.325349e-16
119309.4 2.337604e-16
119914.29999999999 2.35206e-16
120519.09999999999 2.31969e-16
121123.9 2.276467e-16
121728.79999999999 2.331555e-16
122333.59999999999 2.305033e-16
122938.41 2.333287e-16
123543.29999999999 2.428271e-16
124148.09999999999 2.372563e-16
124752.91 2.271833e-16
125357.8 2.141225e-16
125962.59999999999 2.147427e-16
126567.5 2.251948e-16
127172.3 2.118742e-16
127777.1 2.074423e-16
128382.0 2.137052e-16
128986.8 2.17499e-16
129591.6 2.163058e-16
130196.51 2.158515e-16
130801.3 2.098903e-16
131406.09 2.144088e-16
132011.0 2.071138e-16
132615.80000000002 2.055457e-16
133220.59 2.064678e-16
133825.5 2.005752e-16
134430.3 2.017814e-16
135035.2 1.987432e-16
135640.0 2.038766e-16
136244.8 1.972811e-16
136849.7 1.957212e-16
137454.5 1.934742e-16
138059.3 1.929888e-16
138664.2 1.99084e-16
139269.0 1.891041e-16
139873.8 1.909802e-16
140693.5 1.698625e-16
141540.30000000002 1.748891e-16
142387.11000000002 1.78358e-16
143233.81 1.800323e-16
144080.59 1.786794e-16
144927.39 1.75417e-16
145774.09 1.747125e-16
146620.91 1.816221e-16
147467.7 1.83355e-16
148314.5 1.749597e-16
149161.19999999998 1.672841e-16
150008.0 1.719426e-16
150854.80000000002 1.699126e-16
151701.5 1.726235e-16
152548.3 1.71567e-16
153395.09 1.698597e-16
154241.8 1.691413e-16
155088.59 1.66899e-16
155935.41 1.660425e-16
156782.11 1.633358e-16
157628.91 1.665636e-16
158475.69999999998 1.692864e-16
159322.38999999998 1.6824e-16
160169.19999999998 1.625043e-16
161016.0 1.634752e-16
161862.8 1.623369e-16
162709.5 1.615913e-16
163556.31 1.600103e-16
164403.09 1.54993e-16
165249.81 1.565307e-16
166096.59 1.56699e-16
166943.38999999998 1.58434e-16
167790.11000000002 1.600356e-16
168636.89 1.625958e-16
169483.7 1.55905e-16
170330.38999999998 1.552234e-16
171177.19999999998 1.546437e-16
172024.0 1.477978e-16
172870.69 1.531868e-16
173717.5 1.521938e-16
174564.30000000002 1.505212e-16
175411.09 1.504711e-16
176257.8 1.489037e-16
177104.61 1.514167e-16
177951.38999999998 1.485971e-16
178798.11000000002 1.462571e-16
179644.90999999997 1.445387e-16
180491.7 1.413963e-16
181338.41 1.423007e-16
182185.19 1.420379e-16
183032.0 1.440725e-16
183878.69999999998 1.454449e-16
184725.49999999997 1.396955e-16
185572.30000000002 1.383377e-16
186418.98 1.335e-16
187265.8 1.346218e-16
188112.61 1.356145e-16
188959.41 1.352421e-16
189806.09000000003 1.323586e-16
190652.90999999997 1.321208e-16
191499.68999999997 1.375348e-16
192346.41 1.309885e-16
193193.2 1.286342e-16
194040.0 1.259611e-16
194886.69999999998 1.218049e-16
195733.52 1.221398e-16
196580.3 1.293933e-16
197427.0 1.282601e-16
198273.80000000002 1.176164e-16
199120.59 1.197532e-16
199967.31 1.17924e-16
200814.09 1.242249e-16
201660.91 1.236083e-16
202507.69999999998 1.242124e-16
203354.39 1.181055e-16
204201.2 1.193663e-16
205048.02000000002 1.150481e-16
205894.69999999998 1.172791e-16
207588.3 1.144535e-16
209281.81 1.131814e-16
210975.3 1.103453e-16
212668.88999999998 1.122922e-16
214362.39 1.076905e-16
216056.0 1.044186e-16
217749.5 1.037315e-16
219442.99999999997 1.028112e-16
221136.61000000002 9.850601000000001e-17
222830.11 9.861666000000001e-17
224523.59000000003 9.662565000000001e-17
226217.19 9.640862000000001e-17
227910.7 9.251025e-17
229604.3 9.149919e-17
231297.8 9.321899000000001e-17
232991.30000000002 8.948567e-17
234684.91 9.156111000000001e-17
236378.41 8.766191e-17
238071.91 8.650357000000001e-17
239765.48 8.501817000000001e-17
241459.0 8.278119000000001e-17
243152.59 8.300658e-17
244846.09 8.098025e-17
246539.59 8.050979e-17
248233.19999999998 8.206706000000001e-17
249926.7 7.951383000000001e-17
251620.19999999998 7.618444e-17
253313.81 7.604687000000001e-17
255007.30999999997 7.377794e-17
256700.89 7.275775000000001e-17
258394.38999999998 7.154124000000001e-17
260087.89 7.068559e-17
261781.5 6.900327e-17
263475.0 6.920283e-17
265168.5 6.686030000000001e-17
266862.09 6.468355e-17
268555.58999999997 6.436996e-17
270249.19 6.262683000000001e-17
271942.69 6.229957e-17
273636.22 6.132539000000001e-17
275329.81 5.983068e-17
277023.28 5.919355000000001e-17
278716.77999999997 5.842098e-17
280410.41 5.701411e-17
282103.91000000003 5.612291000000001e-17
283797.5 5.579999e-17
285491.0 5.405272e-17
287184.5 5.280267e-17
288878.09 5.269413e-17
290571.58999999997 5.201259e-17
292265.09 5.168199e-17
293958.69 4.9002650000000005e-17
295652.19 4.8118610000000003e-17
297345.77999999997 4.85017e-17
299039.31 4.7269090000000006e-17
300732.81 4.5941300000000007e-17
302426.41 4.548256e-17
304119.91000000003 4.6239e-17
305813.41 4.4519590000000006e-17
307507.0 4.4723330000000007e-17
309200.5 4.437184e-17
310894.09 4.269538e-17
312587.59 4.364317e-17
314281.08999999997 4.2218660000000006e-17
315974.69 4.2541870000000005e-17
317668.22000000003 3.9704720000000004e-17
319361.72 4.1009660000000006e-17
321055.31 3.8119990000000005e-17
322748.78 3.7908490000000003e-17
324442.41 3.8953240000000005e-17
326135.91 3.7015530000000005e-17
327829.41000000003 3.4433730000000006e-17
329523.0 3.5929140000000006e-17
331216.5 3.7663110000000005e-17
332909.99999999994 3.6363910000000005e-17
334603.63 3.2075680000000003e-17
336297.13 3.696153e-17
337990.69 3.443639e-17
339684.18999999994 3.721608e-17
341377.72 3.6279570000000005e-17
343071.27999999997 3.506466e-17
344764.78 3.253691e-17
346458.28 3.3193650000000005e-17
348151.91 3.523479e-17
349845.38 3.287512e-17
351539.0 3.276305e-17
353232.5 2.96212e-17
354926.00000000006 3.174299e-17
356619.59 3.10516e-17
358313.08999999997 3.1043200000000004e-17
360006.58999999997 3.1603460000000004e-17
361700.22000000003 3.59181e-17
363393.72 3.3004600000000004e-17
365087.31 2.7177680000000003e-17
366780.81 2.7011340000000003e-17
368474.31 2.9192580000000003e-17
370167.87 3.4468100000000005e-17
371861.38 3.275021e-17
373554.91000000003 2.275354e-17
380000.0 2.6473020000000003e-17
390000.0 2.479577e-17
400000.0 2.3263310000000003e-17
410000.0 2.1859970000000002e-17
420000.0 2.0572110000000003e-17
430000.0 1.93878e-17
440000.0 1.8296600000000002e-17
450000.0 1.728931e-17
460000.0 1.635782e-17
470000.0 1.549496e-17
480000.0 1.469437e-17
490000.0 1.3950400000000002e-17
500000.0 1.3258000000000001e-17
510000.0 1.2612680000000001e-17
520000.0 1.20104e-17
530000.0 1.144755e-17
540000.0 1.0920870000000001e-17
550000.0 1.0427420000000001e-17
560000.0 9.964575e-18
570000.0 9.529927e-18
580000.0 9.121309e-18
590000.0 8.736756e-18
600000.0 8.374475e-18
610000.0 8.032839e-18
620000.0 7.71036e-18
630000.0 7.405679e-18
640000.0 7.117557e-18
650000.0 6.844855e-18
660000.0 6.586528e-18
670000.0 6.341618e-18
680000.0 6.1092430000000004e-18
690000.0 5.8885920000000004e-18
