0.151312 1.0006920000000001e-17
0.152312 1.0006920000000001e-17
0.153312 1.0006920000000001e-17
0.154312 1.0006920000000001e-17
0.155312 1.0006920000000001e-17
0.156312 1.0006920000000001e-17
0.157312 1.0006920000000001e-17
0.158312 1.0006920000000001e-17
0.159312 1.0006920000000001e-17
0.160312 1.0006920000000001e-17
0.161312 1.0006920000000001e-17
0.162312 1.0006920000000001e-17
0.163312 1.0006920000000001e-17
0.164312 1.0006920000000001e-17
0.165312 1.0006920000000001e-17
0.166312 1.0006920000000001e-17
0.167312 1.0006920000000001e-17
0.168312 1.0006920000000001e-17
0.169312 1.0006920000000001e-17
0.170312 1.0006920000000001e-17
0.171312 1.0006920000000001e-17
0.172312 1.0006920000000001e-17
0.173312 1.0006920000000001e-17
0.174312 1.0006920000000001e-17
0.175312 1.0006920000000001e-17
0.176312 1.0006920000000001e-17
0.177312 1.0006920000000001e-17
0.178312 1.0006920000000001e-17
0.179312 1.0006920000000001e-17
0.180312 1.0006920000000001e-17
0.181312 1.0006920000000001e-17
0.182312 1.0006920000000001e-17
0.183312 1.0006920000000001e-17
0.184312 1.0006920000000001e-17
0.185312 1.0006920000000001e-17
0.186312 1.0006920000000001e-17
0.187312 1.0006920000000001e-17
0.188312 1.0006920000000001e-17
0.189312 1.0006920000000001e-17
0.190312 1.0006920000000001e-17
0.191312 1.0006920000000001e-17
0.192312 1.0006920000000001e-17
0.193312 1.0006920000000001e-17
0.194312 1.0006920000000001e-17
0.195312 1.0006920000000001e-17
0.196312 1.0006920000000001e-17
0.197312 1.0006920000000001e-17
0.198312 4.0027690000000003e-17
0.199312 4.0027690000000003e-17
0.200312 4.0027690000000003e-17
0.201312 4.0027690000000003e-17
0.202312 4.0027690000000003e-17
0.203312 4.0027690000000003e-17
0.204312 4.0027690000000003e-17
0.205312 4.0027690000000003e-17
0.206312 4.0027690000000003e-17
0.207312 4.0027690000000003e-17
0.208312 4.0027690000000003e-17
0.209312 4.0027690000000003e-17
0.210312 4.0027690000000003e-17
0.211312 1.5010380000000002e-17
0.212312 1.5010380000000002e-17
0.213312 1.5010380000000002e-17
0.214312 1.5010380000000002e-17
0.215312 1.5010380000000002e-17
0.216312 1.5010380000000002e-17
0.217312 1.5010380000000002e-17
0.218312 1.5010380000000002e-17
0.219312 1.5010380000000002e-17
0.220312 1.5010380000000002e-17
0.221312 1.5010380000000002e-17
0.222312 1.5010380000000002e-17
0.223312 1.5010380000000002e-17
0.224312 1.5010380000000002e-17
0.225312 1.5010380000000002e-17
0.226312 1.5010380000000002e-17
0.227312 1.5010380000000002e-17
0.228312 1.5010380000000002e-17
0.229312 1.5010380000000002e-17
0.230312 1.5010380000000002e-17
0.231312 1.5010380000000002e-17
0.232312 1.5010380000000002e-17
0.233312 1.5010380000000002e-17
0.234312 1.5010380000000002e-17
0.235312 1.5010380000000002e-17
0.236312 1.5010380000000002e-17
0.237312 1.5010380000000002e-17
0.238312 1.5010380000000002e-17
0.239312 1.5010380000000002e-17
0.240312 1.5010380000000002e-17
0.241312 1.5010380000000002e-17
0.242312 1.5010380000000002e-17
0.243312 1.5010380000000002e-17
0.244312 1.5010380000000002e-17
0.245312 1.5010380000000002e-17
0.246312 1.5010380000000002e-17
0.247312 1.5010380000000002e-17
0.248312 1.5010380000000002e-17
0.249312 1.5010380000000002e-17
0.250312 1.5010380000000002e-17
0.251312 1.5010380000000002e-17
0.252312 1.5010380000000002e-17
0.253312 1.5010380000000002e-17
0.254312 1.5010380000000002e-17
0.255312 1.5010380000000002e-17
0.256312 1.5010380000000002e-17
0.257312 1.5010380000000002e-17
0.258312 1.5010380000000002e-17
0.259312 1.5010380000000002e-17
0.260312 1.5010380000000002e-17
0.261312 1.5010380000000002e-17
0.262312 1.5010380000000002e-17
0.263312 1.5010380000000002e-17
0.264312 1.5010380000000002e-17
0.265312 1.5010380000000002e-17
0.266312 1.5010380000000002e-17
0.267312 1.5010380000000002e-17
0.268312 1.5010380000000002e-17
0.269312 1.5010380000000002e-17
0.270312 1.5010380000000002e-17
0.271312 1.5010380000000002e-17
0.272312 1.5010380000000002e-17
0.273312 1.5010380000000002e-17
0.274312 1.5010380000000002e-17
0.275312 1.5010380000000002e-17
0.276312 1.5010380000000002e-17
0.277312 1.5010380000000002e-17
0.278312 1.5010380000000002e-17
0.279312 1.5010380000000002e-17
0.280312 1.5010380000000002e-17
0.281312 1.5010380000000002e-17
0.282312 1.5010380000000002e-17
0.283312 1.5010380000000002e-17
0.284312 1.5010380000000002e-17
0.285312 1.5010380000000002e-17
0.286312 1.5010380000000002e-17
0.287312 1.5010380000000002e-17
0.288312 1.5010380000000002e-17
0.289312 1.5010380000000002e-17
0.290312 1.5010380000000002e-17
0.291312 1.5010380000000002e-17
0.292312 1.5010380000000002e-17
0.293312 1.5010380000000002e-17
0.294312 1.5010380000000002e-17
0.295312 1.5010380000000002e-17
0.296312 1.5010380000000002e-17
0.297312 1.5010380000000002e-17
0.298312 1.5010380000000002e-17
0.299312 1.5010380000000002e-17
0.300312 1.5010380000000002e-17
0.301312 1.5010380000000002e-17
0.302312 1.5010380000000002e-17
0.303312 1.5010380000000002e-17
0.304312 1.5010380000000002e-17
0.305312 1.5010380000000002e-17
0.306312 1.5010380000000002e-17
0.307312 1.5010380000000002e-17
0.308312 1.5010380000000002e-17
0.309312 1.5010380000000002e-17
0.310312 1.5010380000000002e-17
0.311312 1.5010380000000002e-17
0.312312 1.5010380000000002e-17
0.313312 1.5010380000000002e-17
0.314312 1.5010380000000002e-17
0.315312 1.5010380000000002e-17
0.316312 1.5010380000000002e-17
0.317312 1.5010380000000002e-17
0.318312 1.5010380000000002e-17
0.319312 1.5010380000000002e-17
0.320312 1.5010380000000002e-17
0.321312 1.5010380000000002e-17
0.322312 1.5010380000000002e-17
0.323312 1.501039e-17
0.324312 1.5010380000000002e-17
0.325312 1.5010380000000002e-17
0.326312 1.5010380000000002e-17
0.327312 1.5010380000000002e-17
0.328312 1.5010380000000002e-17
0.329312 1.5010380000000002e-17
0.330312 1.5010380000000002e-17
0.331312 1.5010380000000002e-17
0.332312 1.5010380000000002e-17
0.333312 1.5010380000000002e-17
0.334312 1.5010380000000002e-17
0.335312 1.5010380000000002e-17
0.336312 1.5010380000000002e-17
0.337312 1.5010380000000002e-17
0.338312 1.5010380000000002e-17
0.339312 1.5010380000000002e-17
0.340312 1.5010380000000002e-17
0.341312 1.5010380000000002e-17
0.342312 1.5010380000000002e-17
0.343312 1.5010380000000002e-17
0.344312 1.5010380000000002e-17
0.345312 1.5010380000000002e-17
0.346312 1.5010380000000002e-17
0.347312 1.5010380000000002e-17
0.348312 1.5010380000000002e-17
0.349312 1.5010380000000002e-17
0.350312 1.5010380000000002e-17
0.351312 1.5010380000000002e-17
0.352312 1.5010380000000002e-17
0.353312 1.5010380000000002e-17
0.354312 1.5010380000000002e-17
0.355312 1.5010380000000002e-17
0.356312 1.5010380000000002e-17
0.357312 1.5010380000000002e-17
0.358312 1.5010380000000002e-17
0.359312 1.5010380000000002e-17
0.360312 1.5010380000000002e-17
0.361312 1.5010380000000002e-17
0.362312 1.5010380000000002e-17
0.363312 1.5010380000000002e-17
0.364312 1.5010380000000002e-17
0.365312 1.5010380000000002e-17
0.366312 1.5010380000000002e-17
0.367312 1.5010380000000002e-17
0.368312 1.5010380000000002e-17
0.369312 1.5010380000000002e-17
0.370312 1.5010380000000002e-17
0.371312 1.5010380000000002e-17
0.372312 1.5010380000000002e-17
0.373312 1.5010380000000002e-17
0.374312 1.5010380000000002e-17
0.375312 1.5010380000000002e-17
0.376312 1.5010380000000002e-17
0.377312 1.5010380000000002e-17
0.378312 1.5010380000000002e-17
0.379312 1.5010380000000002e-17
0.380312 1.5010380000000002e-17
0.381312 1.5010380000000002e-17
0.382312 1.5010380000000002e-17
0.383312 1.5010380000000002e-17
0.384312 1.5010380000000002e-17
0.385312 1.5010380000000002e-17
0.386312 1.5010380000000002e-17
0.387312 1.5010380000000002e-17
0.388312 1.5010380000000002e-17
0.389312 1.5010380000000002e-17
0.390312 1.5010380000000002e-17
0.391312 1.5010380000000002e-17
0.392312 1.5010380000000002e-17
0.393312 1.5010380000000002e-17
0.394312 1.5010380000000002e-17
0.395312 1.5010380000000002e-17
0.396312 1.5010380000000002e-17
0.397312 1.5010380000000002e-17
0.398312 1.5010380000000002e-17
0.399312 1.5010380000000002e-17
0.400267 2.138868e-17
0.400821 1.434249e-17
0.401375 7.564931e-18
0.40193 1.7830900000000003e-17
0.402485 1.158978e-17
0.403042 1.61596e-17
0.403599 1.1696840000000001e-17
0.404157 8.21336e-19
0.404716 2.006186e-17
0.405275 1.646315e-17
0.405835 1.409211e-17
0.406397 2.2673170000000003e-17
0.406958 1.4973800000000003e-17
0.407521 2.0450830000000003e-17
0.408084 6.003084e-18
0.408649 1.486754e-17
0.409214 2.557868e-17
0.409779 1.132645e-17
0.410346 1.5820810000000003e-17
0.410913 1.2104280000000002e-17
0.411481 1.857711e-17
0.41205 9.351024e-18
0.41262 1.652197e-17
0.41319 1.5573920000000003e-17
0.413761 1.945989e-17
0.414333 2.2325730000000002e-17
0.414906 1.7332110000000002e-17
0.41548 1.741336e-17
0.416054 3.291654e-18
0.416629 1.2067330000000001e-17
0.417206 1.1175650000000001e-17
0.417782 9.163522e-18
0.41836 1.397774e-17
0.418938 1.4427870000000002e-17
0.419517 1.482922e-17
0.420097 9.980544e-18
0.420678 1.3182340000000002e-17
0.42126 1.4776070000000002e-17
0.421842 1.5768420000000003e-17
0.422425 1.345746e-17
0.423009 1.3231000000000001e-17
0.423594 1.1486440000000001e-17
0.42418 2.0832540000000003e-17
0.424766 1.404451e-17
0.425354 2.194973e-17
0.425942 1.757195e-17
0.42653 1.7153780000000002e-17
0.42712 1.626017e-17
0.427711 1.394384e-17
0.428302 1.029745e-17
0.428894 1.7922320000000002e-17
0.429487 1.5055870000000002e-17
0.430081 1.1467050000000001e-17
0.430675 1.6760060000000002e-17
0.431271 1.2352970000000001e-17
0.431867 1.845961e-17
0.432464 1.0858090000000001e-17
0.433062 1.1106810000000001e-17
0.433661 1.011875e-17
0.43426 6.9017670000000004e-18
0.43481 1.4085270000000002e-17
0.435311 1.0998710000000001e-17
0.435813 2.3520750000000002e-17
0.436315 2.078577e-17
0.436817 7.742976e-18
0.437321 1.8871130000000002e-17
0.437824 1.0283440000000001e-17
0.438329 7.695146e-18
0.438834 1.7862530000000003e-17
0.439339 1.2632730000000001e-17
0.439845 1.619964e-17
0.440352 1.12785e-17
0.440859 1.904746e-17
0.441367 1.3095850000000001e-17
0.441876 1.1407110000000001e-17
0.442385 1.5153700000000003e-17
0.442894 1.4690200000000002e-17
0.443404 1.162562e-17
0.443915 1.5389780000000002e-17
0.444427 1.481856e-17
0.444939 1.630899e-17
0.445451 1.598913e-17
0.445964 2.710371e-18
0.446478 1.54152e-17
0.446992 1.1506980000000001e-17
0.447507 8.893912e-18
0.448023 2.196999e-17
0.448539 1.164667e-17
0.449055 2.2495580000000003e-17
0.449573 1.487309e-17
0.450091 2.4963390000000003e-17
0.450609 1.525331e-17
0.451128 5.825893e-18
0.451648 1.030945e-17
0.452168 1.039091e-17
0.452689 1.5411630000000003e-17
0.453211 2.1423570000000003e-17
0.453733 1.109925e-17
0.454255 1.599182e-17
0.454779 1.2344320000000001e-17
0.455302 2.0967620000000002e-17
0.455827 2.651541e-17
0.456352 1.422285e-17
0.456878 1.4992410000000002e-17
0.457404 1.8434390000000003e-17
0.457931 1.144451e-17
0.458458 1.233093e-17
0.458987 1.7501820000000003e-17
0.459515 1.489327e-17
0.460045 1.487336e-17
0.460575 1.838218e-17
0.461105 1.59942e-17
0.461636 1.9767410000000003e-17
0.462168 1.19993e-17
0.462701 1.6214380000000003e-17
0.463234 1.167172e-17
0.463767 1.1380930000000002e-17
0.464301 1.887463e-17
0.464836 1.2818910000000002e-17
0.465372 2.002354e-17
0.465908 1.411626e-17
0.466445 1.585202e-17
0.466982 1.6285260000000002e-17
0.46752 1.869101e-17
0.468058 1.1099630000000001e-17
0.468598 1.9379950000000003e-17
0.469137 2.23804e-17
0.469678 1.1686870000000001e-17
0.470219 1.9022630000000003e-17
0.47076 1.2825970000000002e-17
0.471303 1.173662e-17
0.471846 1.801586e-17
0.472389 2.108199e-17
0.472933 1.6982920000000002e-17
0.473478 1.536909e-17
0.474024 1.6818080000000002e-17
0.47457 1.9696300000000002e-17
0.475116 1.4180450000000002e-17
0.475664 2.1620670000000003e-17
0.476212 2.2291290000000003e-17
0.47676 1.217825e-17
0.477309 9.842805e-18
0.477859 1.5162910000000002e-17
0.47841 1.709418e-17
0.478961 1.0640850000000001e-17
0.479513 1.4990130000000002e-17
0.480065 1.163653e-17
0.480618 1.5814500000000002e-17
0.481172 1.528204e-17
0.481726 1.0230250000000001e-17
0.482281 1.2262530000000002e-17
0.482836 1.8735800000000002e-17
0.483393 8.336344e-18
0.483949 1.0846750000000001e-17
0.484507 1.126688e-17
0.485065 1.8952190000000002e-17
0.485624 1.7407960000000003e-17
0.486183 1.4230360000000002e-17
0.486743 2.4297850000000004e-17
0.487304 1.419494e-17
0.487865 2.1798950000000002e-17
0.488427 1.8622410000000002e-17
0.48899 1.228369e-17
0.489553 1.419812e-17
0.490117 2.4145440000000003e-17
0.490682 1.3385810000000001e-17
0.491247 1.45482e-17
0.491813 1.368779e-17
0.49238 1.349276e-17
0.492947 2.1401480000000002e-17
0.493515 1.9484190000000002e-17
0.494083 1.6385330000000002e-17
0.494652 2.2652020000000002e-17
0.495222 2.094491e-17
0.495793 1.7583310000000002e-17
0.496364 2.288262e-17
0.496935 1.5535720000000002e-17
0.497508 1.39569e-17
0.498081 2.6076840000000002e-17
0.498655 2.3231360000000002e-17
0.499229 2.4251100000000002e-17
0.499804 1.9950870000000003e-17
0.50038 1.77957e-17
0.500957 1.626916e-17
0.501534 1.550569e-17
0.502111 2.069624e-17
0.50269 1.525998e-17
0.503269 1.3876670000000002e-17
0.503849 1.8736810000000002e-17
0.504429 1.7905700000000002e-17
0.50501 2.293313e-17
0.505592 1.189944e-17
0.506174 1.2549370000000001e-17
0.506757 1.350166e-17
0.507341 1.5136260000000003e-17
0.507926 1.346624e-17
0.508511 1.502081e-17
0.509096 1.3205260000000001e-17
0.509683 1.91381e-17
0.51027 1.056909e-17
0.510858 2.106905e-17
0.511446 1.365647e-17
0.512035 1.260564e-17
0.512625 2.3087330000000003e-17
0.513216 1.4583160000000002e-17
0.513807 1.4749370000000002e-17
0.514399 1.5881730000000002e-17
0.514991 1.4155340000000003e-17
0.515585 1.699705e-17
0.516179 1.8384090000000002e-17
0.516773 1.992182e-17
0.517369 1.305374e-17
0.517965 1.391378e-17
0.518561 1.0448150000000001e-17
0.519159 2.1235540000000003e-17
0.519757 2.117852e-17
0.520355 1.3642720000000002e-17
0.520955 1.8400090000000003e-17
0.521555 1.8358710000000002e-17
0.522156 1.856662e-17
0.522757 1.890821e-17
0.523359 1.496109e-17
0.523962 2.1616620000000002e-17
0.524566 1.778073e-17
0.52517 1.760156e-17
0.525775 1.587398e-17
0.526381 1.416899e-17
0.526987 1.6150320000000002e-17
0.527594 2.6467480000000002e-17
0.528202 2.0659690000000003e-17
0.52881 2.072926e-17
0.52942 1.5698280000000003e-17
0.530029 1.639698e-17
0.53064 9.431056e-18
0.531251 2.262329e-17
0.531863 2.0582540000000002e-17
0.532476 1.3174860000000002e-17
0.533089 2.262851e-17
0.533703 1.76602e-17
0.534318 1.4626290000000002e-17
0.534934 1.6884280000000002e-17
0.53555 1.8183670000000002e-17
0.536167 1.539158e-17
0.536785 1.596753e-17
0.537403 1.3447740000000002e-17
0.538022 1.9084420000000002e-17
0.538642 2.133631e-17
0.539262 2.1520620000000002e-17
0.539883 1.7662380000000003e-17
0.540505 2.043936e-17
0.541128 1.925627e-17
0.541751 2.6369960000000002e-17
0.542375 1.3841390000000001e-17
0.543 2.559917e-17
0.543563 2.0117200000000003e-17
0.544064 2.0850190000000002e-17
0.544565 1.976383e-17
0.545067 1.728419e-17
0.545569 2.617406e-17
0.546072 1.5554790000000002e-17
0.546575 1.969052e-17
0.547079 2.226794e-17
0.547583 2.2540890000000002e-17
0.548088 1.447609e-17
0.548593 1.671307e-17
0.549098 2.15679e-17
0.549604 2.5939170000000004e-17
0.550111 1.9773560000000002e-17
0.550617 2.4583320000000003e-17
0.551125 2.206529e-17
0.551633 1.6373610000000002e-17
0.552141 1.815152e-17
0.55265 2.400387e-17
0.553159 2.242663e-17
0.553669 1.8873560000000002e-17
0.554179 1.577771e-17
0.55469 2.0903060000000002e-17
0.555201 2.7526150000000004e-17
0.555712 2.1402090000000003e-17
0.556224 1.6439590000000002e-17
0.556737 2.7912340000000004e-17
0.55725 3.142141e-17
0.557763 5.74168e-17
0.558277 7.946538e-18
0.558792 1.8006490000000002e-17
0.559307 2.1658040000000002e-17
0.559822 1.6813510000000002e-17
0.560338 1.929016e-17
0.560854 2.5421300000000002e-17
0.561371 1.876795e-17
0.561888 1.801822e-17
0.562406 2.3508300000000003e-17
0.562924 2.0888150000000002e-17
0.563443 1.7201000000000003e-17
0.563962 2.4109670000000003e-17
0.564482 2.4946940000000003e-17
0.565002 2.6113480000000003e-17
0.565523 1.6755980000000003e-17
0.566044 2.1806960000000002e-17
0.566565 1.933601e-17
0.567087 1.817611e-17
0.56761 2.38118e-17
0.568133 1.3559980000000001e-17
0.568657 1.5713930000000002e-17
0.56918 2.0074720000000003e-17
0.569705 2.5653490000000002e-17
0.57023 2.4327480000000003e-17
0.570755 2.042308e-17
0.571281 1.941267e-17
0.571808 2.5171770000000003e-17
0.572335 2.0407740000000002e-17
0.572862 2.8682300000000003e-17
0.57339 1.8910680000000003e-17
0.573918 2.6233190000000002e-17
0.574447 1.9930350000000003e-17
0.574976 2.24692e-17
0.575506 1.48762e-17
0.576037 2.1709950000000002e-17
0.576567 3.2557980000000006e-17
0.577099 1.6449910000000002e-17
0.57763 2.2460650000000002e-17
0.578163 2.0768990000000003e-17
0.578695 2.677976e-17
0.579229 2.8842320000000005e-17
0.579762 2.1491970000000002e-17
0.580297 2.0940930000000003e-17
0.580831 2.0675230000000003e-17
0.581367 1.789384e-17
0.581902 2.8833900000000005e-17
0.582438 2.2997560000000003e-17
0.582975 1.575176e-17
0.583512 2.6153430000000002e-17
0.58405 2.0728140000000002e-17
0.584588 2.403187e-17
0.585127 2.2922850000000003e-17
0.585666 1.4749080000000002e-17
0.586206 2.0092350000000002e-17
0.586746 2.5550160000000002e-17
0.587286 2.6048170000000002e-17
0.587828 2.4174790000000004e-17
0.588369 2.3087310000000003e-17
0.588912 3.341316e-17
0.589454 2.1821030000000002e-17
0.589997 3.025844e-17
0.590541 3.031362e-17
0.591085 2.1890480000000003e-17
0.59163 2.4008260000000003e-17
0.592175 2.845436e-17
0.592721 2.792903e-17
0.593267 2.3274870000000002e-17
0.593813 2.2518280000000002e-17
0.594361 2.9385980000000004e-17
0.594908 2.582646e-17
0.595456 1.854824e-17
0.596005 2.3390860000000002e-17
0.596554 2.439604e-17
0.597104 2.5415380000000002e-17
0.597654 2.6593740000000003e-17
0.598205 2.912016e-17
0.598756 2.3033020000000003e-17
0.599308 2.630626e-17
0.59986 2.3764660000000002e-17
0.600413 2.6861550000000002e-17
0.600966 3.0965560000000005e-17
0.60152 2.2871090000000003e-17
0.602074 2.3174960000000003e-17
0.602629 2.6871540000000003e-17
0.603184 2.688211e-17
0.60374 3.2129350000000004e-17
0.604296 2.6528410000000003e-17
0.604853 3.0956940000000004e-17
0.605411 3.025444e-17
0.605968 1.912857e-17
0.606527 2.0993310000000002e-17
0.607086 2.6913370000000003e-17
0.607645 2.6118270000000003e-17
0.608205 2.7306780000000004e-17
0.608765 2.4546490000000003e-17
0.609326 2.210248e-17
0.609888 3.098358e-17
0.61045 2.4372310000000002e-17
0.611012 2.7886250000000005e-17
0.611575 2.981087e-17
0.612139 1.836344e-17
0.612703 3.364501e-17
0.613268 2.324076e-17
0.613833 3.0383640000000004e-17
0.614398 2.8750650000000005e-17
0.614964 3.4506070000000004e-17
0.615531 2.9377080000000004e-17
0.616098 3.2744640000000006e-17
0.616666 3.094036e-17
0.617234 3.162575e-17
0.617803 2.812785e-17
0.618372 3.104771e-17
0.618942 2.3241560000000002e-17
0.619512 2.4432310000000003e-17
0.620083 3.312668e-17
0.620655 2.481602e-17
0.621227 2.5942190000000002e-17
0.621799 2.6427550000000002e-17
0.622372 2.7732050000000003e-17
0.622946 3.0542200000000004e-17
0.623519 3.0033930000000005e-17
0.624094 3.820706e-17
0.624669 3.1593190000000004e-17
0.625245 5.1984020000000006e-17
0.625821 8.618725e-17
0.626397 1.510677e-16
0.626975 1.787251e-16
0.627552 1.060179e-16
0.628131 4.539172e-17
0.628709 3.2651670000000006e-17
0.629289 3.092776e-17
0.629869 2.809081e-17
0.630449 3.1879260000000004e-17
0.63103 3.252689e-17
0.631611 2.7312950000000002e-17
0.632194 3.340016e-17
0.632776 2.996436e-17
0.633359 3.149199e-17
0.633943 2.6913370000000003e-17
0.634527 2.9184740000000004e-17
0.635112 2.981234e-17
0.635697 2.8111220000000004e-17
0.636283 3.490498e-17
0.636869 3.8464840000000004e-17
0.637456 3.348101e-17
0.638043 2.8654700000000005e-17
0.638631 2.5376900000000002e-17
0.639219 2.310163e-17
0.639808 3.181308e-17
0.640398 3.1756880000000004e-17
0.640988 3.5999220000000004e-17
0.641579 3.950023e-17
0.64217 3.303324e-17
0.642762 3.191334e-17
0.643354 3.528836e-17
0.643947 2.987988e-17
0.64454 3.6772010000000006e-17
0.645134 2.824666e-17
0.645729 3.343131e-17
0.646324 3.323673e-17
0.646919 3.460775e-17
0.647515 3.694414e-17
0.648112 3.6181780000000003e-17
0.648709 3.47344e-17
0.649307 3.9593710000000003e-17
0.649905 4.531107e-17
0.650504 4.688015e-17
0.651104 4.721705e-17
0.651703 3.679987e-17
0.652304 3.7579960000000006e-17
0.652905 3.460658e-17
0.653507 3.068622e-17
0.654109 3.541676e-17
0.654712 3.4234060000000006e-17
0.655315 3.9204780000000003e-17
0.655919 3.609994e-17
0.656523 3.576749e-17
0.657128 3.5509340000000005e-17
0.657734 4.435603e-17
0.65834 3.282435e-17
0.658946 4.044748e-17
0.659553 3.7401040000000005e-17
0.660161 3.549676e-17
0.66077 3.9081060000000005e-17
0.661378 2.924524e-17
0.661988 2.8564440000000004e-17
0.662598 3.6405640000000005e-17
0.663208 3.310129e-17
0.663819 3.911066e-17
0.664431 4.376325e-17
0.665043 3.5785340000000005e-17
0.665656 3.7691530000000004e-17
0.66627 4.006504e-17
0.666883 4.2916640000000004e-17
0.667498 3.614547e-17
0.668113 3.6321850000000004e-17
0.668729 4.018588e-17
0.669345 3.8678130000000005e-17
0.669962 4.0226120000000005e-17
0.670579 3.9258750000000005e-17
0.671197 3.492558e-17
0.671816 3.8415790000000003e-17
0.672435 3.625806e-17
0.673054 4.0196310000000004e-17
0.673674 3.9975790000000004e-17
0.674295 3.964408e-17
0.674916 4.0305260000000005e-17
0.675538 4.336969e-17
0.676161 3.8754800000000006e-17
0.676784 3.8129140000000004e-17
0.677408 4.1580600000000005e-17
0.678032 3.9457150000000006e-17
0.678657 3.9603350000000006e-17
0.679282 4.275563e-17
0.679908 4.047267e-17
0.680534 4.4374150000000005e-17
0.681161 4.245454e-17
0.681789 4.166647e-17
0.682417 4.6100680000000007e-17
0.683046 4.1456130000000006e-17
0.683676 5.101158000000001e-17
0.684306 4.5414500000000004e-17
0.684936 3.753816e-17
0.685567 4.4635260000000006e-17
0.686199 4.0450770000000006e-17
0.686831 4.6450490000000006e-17
0.687464 4.239758e-17
0.688098 4.6838340000000003e-17
0.688732 4.586506e-17
0.689366 4.468427e-17
0.690002 4.9100350000000004e-17
0.690637 3.965127e-17
0.691274 4.612511e-17
0.691911 3.5012110000000003e-17
0.692548 3.9853000000000005e-17
0.693186 4.115721e-17
0.693825 4.3855110000000005e-17
0.694464 4.135914e-17
0.695104 4.5417300000000006e-17
0.695745 4.407681e-17
0.696386 4.202004e-17
0.697028 4.214807e-17
0.69767 4.5010710000000005e-17
0.698313 3.5286390000000005e-17
0.698956 4.245631e-17
0.6996 3.7377660000000005e-17
0.700245 4.2542e-17
0.70089 4.8759770000000007e-17
0.701536 4.5742080000000006e-17
0.702182 4.5156490000000006e-17
0.70283 4.218206e-17
0.703477 4.161266e-17
0.704125 4.5304410000000005e-17
0.704774 4.6501850000000003e-17
0.705424 4.9485540000000006e-17
0.706074 4.311474e-17
0.706724 4.7145170000000006e-17
0.707376 4.4046810000000003e-17
0.708027 4.7107870000000004e-17
0.70868 4.5093040000000004e-17
0.709333 4.1132340000000006e-17
0.709986 4.2385000000000004e-17
0.710641 4.838309e-17
0.711295 4.679666e-17
0.711951 5.0878640000000005e-17
0.712607 4.495517e-17
0.713264 4.893256e-17
0.713921 4.589673e-17
0.714579 4.7186740000000004e-17
0.715237 4.475971e-17
0.715896 5.093329e-17
0.716556 4.355584e-17
0.717216 4.9285160000000004e-17
0.717877 4.5293350000000006e-17
0.718538 4.6421780000000004e-17
0.719201 5.1638870000000006e-17
0.719863 5.1675390000000006e-17
0.720527 5.130949e-17
0.721191 4.9214130000000005e-17
0.721855 4.9173e-17
0.72252 5.3489940000000006e-17
0.723186 5.287312e-17
0.723769 4.9552560000000007e-17
0.724269 5.607061e-17
0.72477 5.1246680000000007e-17
0.725271 5.3879500000000004e-17
0.725772 5.0039230000000005e-17
0.726273 5.355585e-17
0.726775 4.859532e-17
0.727277 4.7539200000000007e-17
0.72778 5.310945e-17
0.728283 4.4804090000000005e-17
0.728786 5.3244140000000004e-17
0.72929 6.770377000000001e-17
0.729794 6.905265000000001e-17
0.730298 6.523250000000001e-17
0.730802 5.743167000000001e-17
0.731308 4.7873710000000006e-17
0.731813 6.541085000000001e-17
0.732319 5.81392e-17
0.732825 5.971781e-17
0.733331 5.4981520000000005e-17
0.733838 5.5376660000000003e-17
0.734345 6.946133e-17
0.734852 5.779317000000001e-17
0.73536 4.596943e-17
0.735868 5.458183000000001e-17
0.736377 4.834608e-17
0.736885 5.687174000000001e-17
0.737395 4.4623600000000003e-17
0.737904 4.528334e-17
0.738414 4.863547e-17
0.738924 5.1473910000000006e-17
0.739435 5.3106840000000004e-17
0.739946 5.41208e-17
0.740457 5.4101710000000007e-17
0.740969 5.0899630000000004e-17
0.741481 4.944099e-17
0.741993 5.3641800000000004e-17
0.742506 5.1584410000000005e-17
0.743019 5.2086520000000003e-17
0.743533 5.0223940000000005e-17
0.744046 5.052444000000001e-17
0.744561 4.768899e-17
0.745075 4.8293210000000006e-17
0.74559 4.8007430000000003e-17
0.746105 5.4600060000000004e-17
0.746621 5.164896000000001e-17
0.747137 5.0254680000000005e-17
0.747653 4.920121e-17
0.748169 4.5840090000000005e-17
0.748687 4.421979e-17
0.749204 5.3338580000000004e-17
0.749722 5.0439070000000007e-17
0.75024 4.8891030000000004e-17
0.750758 5.656169e-17
0.751277 5.091566e-17
0.751796 5.670024000000001e-17
0.752315 6.015021e-17
0.752835 4.6491530000000006e-17
0.753356 6.073401000000001e-17
0.753876 5.5487890000000007e-17
0.754397 5.1084460000000007e-17
0.754918 5.830424000000001e-17
0.75544 5.627557000000001e-17
0.755962 6.173760000000001e-17
0.756484 5.622907000000001e-17
0.757007 6.159768e-17
0.75753 6.551510000000001e-17
0.758054 5.734114e-17
0.758578 5.3478880000000006e-17
0.759102 6.097933e-17
0.759626 6.507635e-17
0.760151 5.4193740000000004e-17
0.760677 6.174841000000001e-17
0.761202 6.064741000000001e-17
0.761728 6.552818000000001e-17
0.762255 5.591387e-17
0.762781 6.287014000000001e-17
0.763308 6.129176000000001e-17
0.763836 6.688197e-17
0.764364 6.573112e-17
0.764892 6.503029e-17
0.76542 5.89222e-17
0.765949 5.5134640000000004e-17
0.766478 5.587742e-17
0.767008 5.501173e-17
0.767538 5.713652e-17
0.768069 5.1267570000000005e-17
0.768599 6.288206000000001e-17
0.76913 6.27862e-17
0.769662 6.221566000000001e-17
0.770194 5.944109e-17
0.770726 6.742519000000001e-17
0.771259 6.196175e-17
0.771791 4.874922e-17
0.772325 6.159825e-17
0.772858 6.004551e-17
0.773393 5.584775000000001e-17
0.773927 5.570086e-17
0.774462 6.009930000000001e-17
0.774997 6.816245000000001e-17
0.775532 5.673426000000001e-17
0.776069 6.142573000000001e-17
0.776605 5.673955e-17
0.777141 6.342733e-17
0.777678 5.928386000000001e-17
0.778216 6.309495e-17
0.778754 5.2841400000000006e-17
0.779292 6.931937e-17
0.77983 6.489288e-17
0.780369 6.152189e-17
0.780908 5.824929e-17
0.781448 5.3598380000000006e-17
0.781988 5.903854000000001e-17
0.782528 6.990974000000001e-17
0.783069 5.738557e-17
0.78361 5.658781000000001e-17
0.784151 6.032026e-17
0.784693 5.773425e-17
0.785236 5.098768e-17
0.785778 5.887539e-17
0.786321 6.749621e-17
0.786865 5.394000000000001e-17
0.787408 5.647585e-17
0.787952 6.73621e-17
0.788497 5.819362e-17
0.789042 6.166741000000001e-17
0.789587 6.01051e-17
0.790133 5.0658290000000006e-17
0.790679 5.5103480000000006e-17
0.791225 5.76454e-17
0.791772 6.537264000000001e-17
0.792319 6.355725e-17
0.792866 5.641484e-17
0.793414 5.64901e-17
0.793963 5.600912000000001e-17
0.794511 5.753408e-17
0.79506 5.865561e-17
0.79561 5.866981000000001e-17
0.796159 5.731474000000001e-17
0.79671 6.741772000000001e-17
0.79726 5.4321250000000004e-17
0.797811 5.975301000000001e-17
0.798362 6.683301e-17
0.798914 5.669058000000001e-17
0.799466 7.041048000000001e-17
0.800018 6.176978e-17
0.800571 6.423724e-17
0.801125 5.998157e-17
0.801678 6.372207e-17
0.802232 6.159625e-17
0.802786 6.145471000000001e-17
0.803341 5.728038000000001e-17
0.803896 6.062584000000001e-17
0.804452 6.408478e-17
0.805008 6.454076000000001e-17
0.805564 6.384286000000001e-17
0.806121 6.246682e-17
0.806678 6.404038000000001e-17
0.807235 6.690529000000001e-17
0.807793 6.194899000000001e-17
0.808351 6.951080000000001e-17
0.80891 7.06133e-17
0.809469 7.048994000000001e-17
0.810028 7.098608000000001e-17
0.810588 7.141593e-17
0.811148 7.175145e-17
0.811708 7.06684e-17
0.812269 6.474835e-17
0.812831 7.392866000000001e-17
0.813392 7.306097000000001e-17
0.813954 8.346185e-17
0.814517 8.676401000000001e-17
0.815079 8.452061e-17
0.815643 9.696749000000001e-17
0.816206 1.090074e-16
0.81677 1.16783e-16
0.817335 1.362298e-16
0.8179 1.254654e-16
0.818465 1.079071e-16
0.81903 1.040751e-16
0.819596 9.191070000000001e-17
0.820163 7.863990000000001e-17
0.820729 8.019434000000001e-17
0.821297 7.969307000000001e-17
0.821864 7.639455e-17
0.822432 7.261879e-17
0.823 6.389826e-17
0.823569 7.118786000000001e-17
0.824138 7.78859e-17
0.824708 7.798219000000001e-17
0.825277 7.081275000000001e-17
0.825848 7.551606000000001e-17
0.826418 7.442325e-17
0.826989 7.85841e-17
0.827561 7.119411e-17
0.828133 7.306934e-17
0.828705 7.702943000000001e-17
0.829278 7.622854000000001e-17
0.829851 8.147298e-17
0.830424 7.174632e-17
0.830998 7.776189000000001e-17
0.831572 7.559135e-17
0.832147 7.822053000000001e-17
0.832722 8.282626e-17
0.833297 9.774904000000001e-17
0.833873 1.006661e-16
0.834449 8.869968000000001e-17
0.835026 6.812249e-17
0.835603 7.004027e-17
0.83618 6.529438000000001e-17
0.836758 6.943855e-17
0.837337 6.908328000000001e-17
0.837915 6.940263000000001e-17
0.838494 6.460026000000001e-17
0.839073 7.383825e-17
0.839653 7.59659e-17
0.840233 9.35653e-17
0.840814 1.061572e-16
0.841395 1.375372e-16
0.841977 1.660231e-16
0.842558 1.423427e-16
0.843141 8.976328e-17
0.843723 7.095366e-17
0.844306 8.506336000000001e-17
0.84489 7.301705e-17
0.845474 7.872235000000001e-17
0.846058 6.905618e-17
0.846642 8.531714000000001e-17
0.847228 7.493892e-17
0.847813 8.143981000000001e-17
0.848399 7.248776e-17
0.848985 7.308944000000001e-17
0.849572 7.017356e-17
0.850159 6.981336e-17
0.850746 6.715053000000001e-17
0.851334 6.830232000000001e-17
0.851922 6.578575e-17
0.852511 7.20876e-17
0.8531 7.005625000000001e-17
0.85369 6.378164000000001e-17
0.85428 6.145837e-17
0.85487 6.703275e-17
0.855461 6.929776000000001e-17
0.856052 7.160904000000001e-17
0.856643 7.060924e-17
0.857235 7.174261000000001e-17
0.857828 7.062675000000001e-17
0.85842 7.219703000000001e-17
0.859014 6.275800000000001e-17
0.859607 7.896487e-17
0.860201 7.280251000000001e-17
0.860796 7.699820000000001e-17
0.861391 7.992946000000001e-17
0.861986 6.724286000000001e-17
0.862581 7.827248000000001e-17
0.863177 7.05876e-17
0.863774 7.626473e-17
0.864371 7.523854000000001e-17
0.864968 8.539964000000001e-17
0.865566 9.397774000000001e-17
0.866164 9.591702000000001e-17
0.866762 8.55908e-17
0.867361 8.643849e-17
0.867961 9.209915000000001e-17
0.86856 8.431069000000001e-17
0.86916 8.329481e-17
0.869761 9.311368000000001e-17
0.870362 8.787536000000001e-17
0.870964 9.203914000000001e-17
0.871565 8.380675e-17
0.872168 8.995641e-17
0.87277 9.718548000000001e-17
0.873373 9.319003000000001e-17
0.873977 9.268011e-17
0.874581 1.022708e-16
0.875185 9.421561000000001e-17
0.87579 9.011115e-17
0.876395 8.589549000000001e-17
0.877001 1.002249e-16
0.877607 8.486042000000001e-17
0.878213 8.334871000000001e-17
0.87882 8.860958000000001e-17
0.879427 9.643449000000001e-17
0.880035 8.620960000000001e-17
0.880643 9.061787000000001e-17
0.881252 8.792477000000001e-17
0.881861 1.003439e-16
0.88247 9.084035000000001e-17
0.88308 1.174437e-16
0.88369 8.418686e-17
0.884301 8.951596000000001e-17
0.884912 9.608751e-17
0.885523 9.030101000000001e-17
0.886135 8.806676000000001e-17
0.886748 1.003259e-16
0.88736 9.072999000000001e-17
0.887973 9.330863000000001e-17
0.888587 1.115092e-16
0.889201 9.761584e-17
0.889816 8.854966e-17
0.890431 9.454316e-17
0.891046 8.358264000000001e-17
0.891662 1.000332e-16
0.892278 8.488577000000001e-17
0.892894 9.755229000000001e-17
0.893511 9.421934000000001e-17
0.894129 9.993432e-17
0.894747 9.168232000000001e-17
0.895365 9.783287e-17
0.895983 1.007594e-16
0.896603 9.362453e-17
0.897222 8.811198e-17
0.897842 1.010438e-16
0.898463 9.429480000000001e-17
0.899084 1.041907e-16
0.899705 8.230253e-17
0.900326 9.149725000000001e-17
0.900949 8.120963000000001e-17
0.901571 8.104414000000001e-17
0.902194 9.664867000000001e-17
0.902817 9.227352000000001e-17
0.903442 9.196027000000001e-17
0.904066 8.326177000000001e-17
0.90469 8.642071e-17
0.905316 8.555189000000001e-17
0.905941 8.482269000000001e-17
0.906567 7.823204e-17
0.907194 8.321541000000001e-17
0.907821 8.615215000000001e-17
0.908448 7.884744000000001e-17
0.909076 8.373122000000001e-17
0.909704 7.957855e-17
0.910332 9.905452000000001e-17
0.910961 7.900602e-17
0.911591 9.512376000000001e-17
0.912221 7.354983e-17
0.912851 9.759641e-17
0.913482 1.0336e-16
0.914113 8.52185e-17
0.914745 9.41343e-17
0.915377 8.509476000000001e-17
0.91601 8.242106000000001e-17
0.916643 8.059925e-17
0.917276 7.937170000000001e-17
0.91791 6.973724e-17
0.918544 7.201153000000001e-17
0.919179 9.147285e-17
0.919602 6.910146000000001e-17
0.950046 8.255564000000001e-17
0.950715 8.305434000000001e-17
0.951305 7.343234e-17
0.951901 6.814401e-17
0.952503 5.796432000000001e-17
0.953087 6.594514e-17
0.953756 5.821774e-17
0.954346 3.25553e-17
0.954942 4.412058e-17
0.955544 5.5337040000000006e-17
0.956128 8.618302000000001e-17
0.956797 9.182161000000001e-17
0.957388 6.807305000000001e-17
0.957983 5.2725500000000005e-17
0.958585 2.917319e-17
0.959169 4.5577220000000007e-17
0.959838 6.320143000000001e-17
0.960429 7.818062000000001e-17
0.961024 7.540142e-17
0.961627 4.9706580000000004e-17
0.96221 6.496938e-17
0.962879 8.913652e-17
0.963471 1.00866e-16
0.964065 1.026722e-16
0.964668 1.056419e-16
0.965189 9.854208e-17
0.965714 9.405657000000001e-17
0.966315 9.913903000000001e-17
0.966912 1.195862e-16
0.967501 1.186352e-16
0.96817 1.057808e-16
0.968755 9.161793000000001e-17
0.969356 8.597507000000001e-17
0.969953 7.985272000000001e-17
0.970542 8.475376000000001e-17
0.971212 1.013911e-16
0.971797 1.316377e-16
0.972397 1.283871e-16
0.972994 1.275379e-16
0.973583 9.774938000000001e-17
0.974252 7.565394000000001e-17
0.974838 8.526929000000001e-17
0.975439 1.188093e-16
0.976036 1.495138e-16
0.976624 1.364895e-16
0.977293 1.166857e-16
0.97788 1.040178e-16
0.978479 1.05936e-16
0.979077 1.015045e-16
0.979666 9.903583000000001e-17
0.980334 1.21432e-16
0.980921 1.197016e-16
0.98152 6.205472e-17
0.982119 3.3989970000000004e-17
0.982706 7.898069e-17
0.983375 1.051017e-16
0.983963 1.123951e-16
0.984561 9.885867000000001e-17
0.98516 9.091394000000001e-17
0.985747 1.12586e-16
0.986416 1.315875e-16
0.987004 1.417721e-16
0.987603 1.368802e-16
0.988202 1.459574e-16
0.988788 1.412738e-16
0.989457 1.656992e-16
0.990045 1.888391e-16
0.990644 1.369833e-16
0.991243 1.380228e-16
0.99183 1.129458e-16
0.992499 1.060356e-16
0.993087 1.283783e-16
0.993684 1.600251e-16
0.994285 2.087109e-16
0.994871 1.952134e-16
0.995539 1.740992e-16
0.996129 1.606144e-16
0.996726 1.089547e-16
0.997326 4.8188770000000006e-17
0.997911 5.1537490000000004e-17
0.99858 8.824635000000001e-17
0.99917 9.665745e-17
0.999767 7.168530000000001e-17
1.0025 9.983892000000001e-17
1.005 1.011903e-16
1.0075 1.025566e-16
1.01 1.039378e-16
1.0125 1.053342e-16
1.015 1.067458e-16
1.0175 1.081728e-16
1.02 1.096153e-16
1.0225 1.110734e-16
1.025158 3.0826070000000005e-17
1.025745 7.710887e-17
1.026344 1.086663e-16
1.026942 1.101177e-16
1.02753 1.119483e-16
1.0282 1.097264e-16
1.028785 1.02977e-16
1.029386 1.003103e-16
1.029983 1.025868e-16
1.030572 9.752186e-17
1.031242 9.834801000000001e-17
1.031828 1.007998e-16
1.032428 1.041647e-16
1.033025 1.065321e-16
1.033612 1.05645e-16
1.034282 9.662834000000001e-17
1.03487 9.835649000000001e-17
1.035468 9.738658e-17
1.036067 9.682986000000001e-17
1.036654 9.944501e-17
1.037324 1.020967e-16
1.03791 9.943223000000001e-17
1.03851 1.069193e-16
1.03911 1.267063e-16
1.039696 1.233619e-16
1.040333 1.092993e-16
1.040943 8.978199000000001e-17
1.04155 8.138653000000001e-17
1.04216 8.11625e-17
1.04277 8.32872e-17
1.043377 8.855209000000001e-17
1.043987 9.715467000000001e-17
1.044593 1.022295e-16
1.045203 1.085401e-16
1.04581 1.242657e-16
1.04642 1.34036e-16
1.047027 1.265027e-16
1.047637 1.117874e-16
1.048243 1.018981e-16
1.048853 1.027815e-16
1.04946 1.067519e-16
1.05007 1.088051e-16
1.05068 1.128923e-16
1.051287 1.203923e-16
1.051897 1.21574e-16
1.052503 1.159246e-16
1.053113 1.125609e-16
1.05372 1.1071e-16
1.05433 1.036122e-16
1.054937 9.987041000000001e-17
1.055547 1.033817e-16
1.056153 9.679236000000001e-17
1.056763 8.01624e-17
1.05737 7.644804000000001e-17
1.05798 9.584305000000001e-17
1.05859 1.207051e-16
1.059197 1.315108e-16
1.059803 1.319026e-16
1.060413 1.319707e-16
1.06102 1.29143e-16
1.06163 1.25318e-16
1.06224 1.191634e-16
1.062847 1.157767e-16
1.063457 1.224381e-16
1.064063 1.296912e-16
1.064673 1.268327e-16
1.06528 1.23894e-16
1.06589 1.191427e-16
1.0665 1.058154e-16
1.067107 9.214407000000001e-17
1.067713 9.729117000000001e-17
1.068323 1.163907e-16
1.06893 1.34868e-16
1.06954 1.393694e-16
1.07015 1.301829e-16
1.070757 1.213981e-16
1.071367 1.232045e-16
1.071973 1.234058e-16
1.07258 1.159989e-16
1.07319 1.150883e-16
1.0738 1.26906e-16
1.074407 1.445246e-16
1.075017 1.54187e-16
1.075623 1.503621e-16
1.076233 1.427331e-16
1.07684 1.42495e-16
1.07745 1.409159e-16
1.07806 1.236789e-16
1.078667 1.0748e-16
1.079277 1.107398e-16
1.079883 1.155947e-16
1.08049 1.228535e-16
1.0811 1.433013e-16
1.08171 1.584842e-16
1.082317 1.63387e-16
1.082927 1.647158e-16
1.083533 1.564584e-16
1.084143 1.48718e-16
1.08475 1.560222e-16
1.08536 1.68502e-16
1.08597 1.707103e-16
1.086577 1.659305e-16
1.087183 1.635701e-16
1.087793 1.658889e-16
1.0884 1.670473e-16
1.08901 1.605207e-16
1.08962 1.586678e-16
1.090227 1.666725e-16
1.090837 1.825744e-16
1.091443 2.041112e-16
1.092053 2.240016e-16
1.09266 2.350876e-16
1.09327 2.566681e-16
1.093877 2.75911e-16
1.094487 2.683863e-16
1.095093 2.50391e-16
1.095703 2.408959e-16
1.09631 2.368182e-16
1.09692 2.489456e-16
1.09753 2.779189e-16
1.098137 3.125865e-16
1.098747 3.392658e-16
1.099353 3.628085e-16
1.09996 4.044535e-16
1.10057 4.63834e-16
1.10118 5.248315e-16
1.101787 5.789926e-16
1.102397 6.238542e-16
1.103003 6.643675e-16
1.103613 6.873961e-16
1.10422 6.727323e-16
1.10483 6.283327e-16
1.10544 5.754644e-16
1.106047 5.36692e-16
1.106653 5.02945e-16
1.107263 4.382626e-16
1.10787 3.582146e-16
1.10848 3.065493e-16
1.10909 2.841922e-16
1.109697 2.682765e-16
1.110307 2.481619e-16
1.110913 2.229479e-16
1.111523 2.009112e-16
1.11213 1.872351e-16
1.11274 1.933154e-16
1.113347 2.048478e-16
1.113957 2.043107e-16
1.114563 1.935616e-16
1.115173 1.805198e-16
1.11578 1.628718e-16
1.11639 1.495729e-16
1.117 1.355415e-16
1.1174 1.134432e-16
1.164253 1.017093e-16
1.16486 1.043775e-16
1.16547 1.203121e-16
1.16608 1.101313e-16
1.166687 1.107444e-16
1.167297 1.283882e-16
1.167903 1.266844e-16
1.168513 1.094974e-16
1.16912 1.000555e-16
1.16973 9.923796000000001e-17
1.17034 1.020771e-16
1.170947 1.108576e-16
1.171553 1.181876e-16
1.172163 1.149557e-16
1.17277 1.028367e-16
1.17338 8.372580000000001e-17
1.17399 6.571876e-17
1.174597 6.566216000000001e-17
1.175207 8.399891000000001e-17
1.175813 1.017503e-16
1.176423 1.169759e-16
1.17703 1.312559e-16
1.17764 1.318052e-16
1.17825 1.147544e-16
1.178857 1.021228e-16
1.179463 1.146979e-16
1.180073 1.2676e-16
1.18068 1.173647e-16
1.18129 1.099424e-16
1.1819 1.145154e-16
1.182507 1.272545e-16
1.183117 1.409269e-16
1.183723 1.367986e-16
1.18433 1.152417e-16
1.18494 1.013164e-16
1.18555 1.02872e-16
1.186157 1.107056e-16
1.186767 1.172344e-16
1.187373 1.323069e-16
1.187983 1.435239e-16
1.18859 1.282615e-16
1.1892 9.995168000000001e-17
1.18981 7.759667e-17
1.190417 5.907983000000001e-17
1.191023 5.699587e-17
1.191633 7.901696e-17
1.19224 1.036901e-16
1.19285 1.081551e-16
1.19346 1.047814e-16
1.194067 1.193846e-16
1.194677 1.395691e-16
1.195283 1.385646e-16
1.195893 1.162132e-16
1.1965 1.003505e-16
1.19711 1.030891e-16
1.19772 1.149112e-16
1.198327 1.160559e-16
1.198933 1.155443e-16
1.199543 1.216274e-16
1.20015 1.195323e-16
1.20076 1.136507e-16
1.20137 1.106814e-16
1.201977 1.155081e-16
1.202587 1.125683e-16
1.203193 1.050761e-16
1.203803 1.090797e-16
1.20441 1.040175e-16
1.20502 8.026815000000001e-17
1.205627 7.771637000000001e-17
1.206237 8.541839000000001e-17
1.206843 8.858973000000001e-17
1.207453 1.094778e-16
1.20806 1.295961e-16
1.20867 1.294466e-16
1.20928 1.279089e-16
1.209887 1.317916e-16
1.210497 1.356661e-16
1.211103 1.328953e-16
1.21171 1.271097e-16
1.21232 1.28984e-16
1.21293 1.355966e-16
1.213537 1.40598e-16
1.214147 1.421694e-16
1.214753 1.369429e-16
1.215363 1.308889e-16
1.21597 1.298588e-16
1.21658 1.310816e-16
1.21719 1.300522e-16
1.217797 1.230609e-16
1.218403 1.184036e-16
1.219013 1.235341e-16
1.21962 1.28371e-16
1.22023 1.275321e-16
1.22084 1.274926e-16
1.221447 1.308878e-16
1.222057 1.337278e-16
1.222663 1.268412e-16
1.223273 1.175891e-16
1.22388 1.227192e-16
1.22449 1.334422e-16
1.225097 1.348487e-16
1.225707 1.387137e-16
1.226313 1.460576e-16
1.226923 1.46982e-16
1.22753 1.482877e-16
1.22814 1.503254e-16
1.22875 1.443751e-16
1.229357 1.399897e-16
1.229967 1.400629e-16
1.230573 1.410029e-16
1.23118 1.455664e-16
1.23179 1.526938e-16
1.2324 1.519769e-16
1.233007 1.416197e-16
1.233617 1.308459e-16
1.234223 1.287162e-16
1.234833 1.349396e-16
1.23544 1.414974e-16
1.23605 1.441494e-16
1.23666 1.419155e-16
1.237267 1.344854e-16
1.237873 1.286128e-16
1.238483 1.287208e-16
1.23909 1.311046e-16
1.2397 1.341092e-16
1.24031 1.343879e-16
1.240917 1.310757e-16
1.241527 1.317502e-16
1.242133 1.371824e-16
1.242743 1.38136e-16
1.24335 1.338346e-16
1.24396 1.34752e-16
1.244567 1.406314e-16
1.245177 1.400817e-16
1.245783 1.325106e-16
1.246393 1.300163e-16
1.247 1.336012e-16
1.24761 1.328446e-16
1.24822 1.283322e-16
1.248827 1.283058e-16
1.249437 1.315988e-16
1.250043 1.315894e-16
1.25065 1.293703e-16
1.25126 1.309006e-16
1.25187 1.389625e-16
1.252477 1.437949e-16
1.253087 1.402688e-16
1.253693 1.325722e-16
1.254303 1.268861e-16
1.25491 1.30087e-16
1.25552 1.388658e-16
1.25613 1.395669e-16
1.256737 1.32597e-16
1.257343 1.310927e-16
1.257953 1.356013e-16
1.25856 1.374362e-16
1.25917 1.35273e-16
1.25978 1.327815e-16
1.260387 1.3082e-16
1.260997 1.286177e-16
1.261603 1.294403e-16
1.262213 1.32453e-16
1.26282 1.340292e-16
1.26343 1.380759e-16
1.264037 1.467386e-16
1.264647 1.486894e-16
1.265253 1.44835e-16
1.265863 1.427746e-16
1.26647 1.396573e-16
1.26708 1.332372e-16
1.26769 1.290824e-16
1.268297 1.297028e-16
1.268907 1.329232e-16
1.269513 1.345643e-16
1.27012 1.36588e-16
1.27073 1.400321e-16
1.27134 1.387116e-16
1.271947 1.276886e-16
1.272557 1.189459e-16
1.273163 1.216712e-16
1.273773 1.300651e-16
1.27438 1.308431e-16
1.27499 1.226122e-16
1.2756 1.111892e-16
1.276207 1.133516e-16
1.276813 1.287209e-16
1.277423 1.491393e-16
1.27803 1.612748e-16
1.27864 1.504232e-16
1.27925 1.319466e-16
1.279857 1.335794e-16
1.280467 1.448766e-16
1.281073 1.517527e-16
1.281683 1.553603e-16
1.28229 1.574221e-16
1.2829 1.562623e-16
1.283507 1.512742e-16
1.284117 1.404263e-16
1.284723 1.340725e-16
1.285333 1.359897e-16
1.28594 1.369004e-16
1.28655 1.32491e-16
1.28716 1.277388e-16
1.287767 1.257444e-16
1.288377 1.286295e-16
1.288983 1.252387e-16
1.289593 1.116118e-16
1.2902 1.022216e-16
1.29081 1.017895e-16
1.291417 1.065214e-16
1.292027 1.16561e-16
1.292633 1.250629e-16
1.293243 1.294424e-16
1.29385 1.307229e-16
1.29446 1.308138e-16
1.29507 1.263703e-16
1.295677 1.204696e-16
1.296283 1.199629e-16
1.296893 1.264999e-16
1.2975 1.285655e-16
1.29811 1.226608e-16
1.29872 1.202131e-16
1.299327 1.270371e-16
1.299937 1.360471e-16
1.300543 1.437539e-16
1.301153 1.48524e-16
1.30176 1.397547e-16
1.30237 1.18831e-16
1.30298 1.089739e-16
1.303587 1.170229e-16
1.304193 1.281466e-16
1.304803 1.361278e-16
1.30541 1.399963e-16
1.30602 1.408415e-16
1.30663 1.422009e-16
1.307237 1.433201e-16
1.307847 1.426908e-16
1.308453 1.421044e-16
1.309063 1.387225e-16
1.30967 1.354651e-16
1.31028 1.332814e-16
1.310887 1.315746e-16
1.311497 1.293973e-16
1.312103 1.324654e-16
1.312713 1.394388e-16
1.31332 1.39845e-16
1.31393 1.333532e-16
1.31454 1.337108e-16
1.315147 1.322047e-16
1.315753 1.198087e-16
1.316363 1.148985e-16
1.31697 1.213981e-16
1.31758 1.246832e-16
1.31819 1.237674e-16
1.318797 1.211881e-16
1.319407 1.184428e-16
1.320013 1.223484e-16
1.320623 1.340434e-16
1.32123 1.467824e-16
1.32184 1.554901e-16
1.32245 1.538637e-16
1.323057 1.439663e-16
1.323663 1.305792e-16
1.324273 1.217751e-16
1.32488 1.163421e-16
1.32549 1.166079e-16
1.3261 1.207669e-16
1.326707 1.263887e-16
1.327317 1.350362e-16
1.327923 1.431246e-16
1.328533 1.384715e-16
1.32914 1.315569e-16
1.32975 1.334698e-16
1.330357 1.272623e-16
1.330967 1.148741e-16
1.331573 1.154356e-16
1.332183 1.227734e-16
1.33279 1.255482e-16
1.3334 1.281851e-16
1.33401 1.315372e-16
1.334617 1.313373e-16
1.335227 1.238807e-16
1.335833 1.177245e-16
1.33644 1.226535e-16
1.33705 1.301571e-16
1.33766 1.314129e-16
1.338267 1.285127e-16
1.338877 1.258067e-16
1.339483 1.22706e-16
1.340093 1.215694e-16
1.3407 1.258585e-16
1.34131 1.308835e-16
1.34192 1.28971e-16
1.342527 1.238904e-16
1.343133 1.23781e-16
1.343743 1.33699e-16
1.34435 1.431918e-16
1.34496 1.394356e-16
1.34557 1.280989e-16
1.346177 1.27083e-16
1.346787 1.356264e-16
1.347393 1.381777e-16
1.348003 1.346125e-16
1.34861 1.35131e-16
1.34922 1.383499e-16
1.349725 1.42602e-16
1.355 1.284999e-16
1.36 1.281571e-16
1.365 1.278165e-16
1.37 1.274781e-16
1.375 1.271417e-16
1.38 1.268075e-16
1.385 1.264753e-16
1.39 1.261452e-16
1.395 1.258172e-16
1.4 1.254912e-16
1.405 1.251671e-16
1.41 1.248451e-16
1.415 1.24525e-16
1.42 1.242069e-16
1.425 1.238907e-16
1.43 1.235764e-16
1.435 1.23264e-16
1.44 1.229534e-16
1.445 1.226447e-16
1.46523 1.47257e-16
1.465837 1.443221e-16
1.466447 1.35228e-16
1.467053 1.331886e-16
1.46766 1.370842e-16
1.46827 1.361287e-16
1.46888 1.259716e-16
1.469487 1.214639e-16
1.470097 1.331045e-16
1.470703 1.3911e-16
1.471313 1.316528e-16
1.47192 1.252775e-16
1.47253 1.237876e-16
1.47314 1.230205e-16
1.473747 1.232487e-16
1.474353 1.223949e-16
1.474963 1.204403e-16
1.47557 1.202078e-16
1.47618 1.238133e-16
1.47679 1.26347e-16
1.477397 1.233813e-16
1.478007 1.178831e-16
1.478613 1.155109e-16
1.479223 1.173214e-16
1.47983 1.198263e-16
1.48044 1.206214e-16
1.481047 1.204163e-16
1.481657 1.20437e-16
1.482263 1.221553e-16
1.482873 1.237542e-16
1.48348 1.200107e-16
1.48409 1.174199e-16
1.4847 1.213467e-16
1.485307 1.269824e-16
1.485917 1.353669e-16
1.486523 1.460335e-16
1.48713 1.483842e-16
1.48774 1.434261e-16
1.48835 1.393217e-16
1.488957 1.366772e-16
1.489567 1.334593e-16
1.490173 1.291584e-16
1.490783 1.25471e-16
1.49139 1.243448e-16
1.492 1.267156e-16
1.49261 1.271606e-16
1.493217 1.213807e-16
1.493823 1.157767e-16
1.494433 1.17343e-16
1.49504 1.221805e-16
1.49565 1.267131e-16
1.49626 1.279781e-16
1.496867 1.254729e-16
1.497477 1.238469e-16
1.498083 1.249897e-16
1.498693 1.252946e-16
1.4993 1.246341e-16
1.49991 1.247574e-16
1.500517 1.244191e-16
1.501127 1.205085e-16
1.501733 1.163091e-16
1.502343 1.171116e-16
1.50295 1.192795e-16
1.50356 1.183143e-16
1.50417 1.192469e-16
1.504777 1.221609e-16
1.505387 1.156679e-16
1.505993 1.052893e-16
1.5066 1.052762e-16
1.50721 1.089983e-16
1.50782 1.110867e-16
1.508427 1.157705e-16
1.509037 1.21689e-16
1.509643 1.263607e-16
1.510253 1.268385e-16
1.51086 1.234444e-16
1.51147 1.247182e-16
1.51208 1.2845e-16
1.512687 1.286102e-16
1.513293 1.277009e-16
1.513903 1.276556e-16
1.51451 1.275e-16
1.51512 1.289381e-16
1.51573 1.302707e-16
1.516337 1.287068e-16
1.516947 1.282614e-16
1.517553 1.300034e-16
1.518163 1.287949e-16
1.51877 1.242821e-16
1.51938 1.224818e-16
1.519987 1.229686e-16
1.520597 1.232023e-16
1.521203 1.24415e-16
1.521813 1.269251e-16
1.52242 1.303508e-16
1.52303 1.364148e-16
1.52364 1.40973e-16
1.524247 1.385599e-16
1.524857 1.336065e-16
1.525463 1.323796e-16
1.526073 1.33041e-16
1.52668 1.32819e-16
1.52729 1.338706e-16
1.527897 1.407269e-16
1.528507 1.46262e-16
1.529113 1.409321e-16
1.529723 1.310006e-16
1.53033 1.257074e-16
1.53094 1.227966e-16
1.53155 1.231294e-16
1.532157 1.240741e-16
1.532767 1.227258e-16
1.533373 1.222506e-16
1.53398 1.22258e-16
1.53459 1.234029e-16
1.5352 1.272193e-16
1.535807 1.269047e-16
1.536417 1.230027e-16
1.537023 1.245155e-16
1.537633 1.27381e-16
1.53824 1.251041e-16
1.53885 1.207922e-16
1.539457 1.221276e-16
1.540067 1.272628e-16
1.540673 1.292832e-16
1.541283 1.293757e-16
1.54189 1.301686e-16
1.5425 1.28e-16
1.54311 1.259283e-16
1.543717 1.292817e-16
1.544327 1.346092e-16
1.544933 1.383862e-16
1.545543 1.417656e-16
1.54615 1.442963e-16
1.54676 1.459683e-16
1.547367 1.464315e-16
1.547977 1.450056e-16
1.548583 1.444003e-16
1.549193 1.481718e-16
1.5498 1.534681e-16
1.55041 1.556187e-16
1.55102 1.547946e-16
1.551627 1.55538e-16
1.552233 1.580137e-16
1.552843 1.583325e-16
1.55345 1.566349e-16
1.55406 1.521903e-16
1.55467 1.441423e-16
1.555277 1.386115e-16
1.555887 1.401744e-16
1.556493 1.429569e-16
1.557103 1.407757e-16
1.55771 1.36094e-16
1.55832 1.341472e-16
1.558927 1.357526e-16
1.559537 1.37167e-16
1.560143 1.353407e-16
1.560753 1.305146e-16
1.56136 1.254923e-16
1.56197 1.217071e-16
1.56258 1.197635e-16
1.563187 1.169411e-16
1.563797 1.147439e-16
1.564403 1.157926e-16
1.565013 1.168517e-16
1.56562 1.151447e-16
1.56623 1.149893e-16
1.566837 1.188145e-16
1.567447 1.229863e-16
1.568053 1.246915e-16
1.568663 1.236986e-16
1.56927 1.209206e-16
1.56988 1.175856e-16
1.57049 1.157876e-16
1.571097 1.163398e-16
1.571707 1.231753e-16
1.572313 1.248747e-16
1.57292 1.161529e-16
1.57353 1.100781e-16
1.57414 1.137519e-16
1.574747 1.185659e-16
1.575357 1.205871e-16
1.575963 1.199628e-16
1.576573 1.209621e-16
1.57718 1.194161e-16
1.57779 1.136651e-16
1.5784 1.118232e-16
1.579007 1.130004e-16
1.579613 1.122007e-16
1.580223 1.146018e-16
1.58083 1.180324e-16
1.58144 1.168329e-16
1.58205 1.181278e-16
1.582657 1.210442e-16
1.583267 1.183649e-16
1.583873 1.151625e-16
1.584483 1.120677e-16
1.58509 1.066951e-16
1.5857 1.062978e-16
1.586307 1.092708e-16
1.586917 1.110979e-16
1.587523 1.13866e-16
1.588133 1.168709e-16
1.58874 1.182215e-16
1.58935 1.182069e-16
1.58996 1.180385e-16
1.590567 1.175134e-16
1.591177 1.160091e-16
1.591783 1.13889e-16
1.59239 1.14133e-16
1.593 1.163676e-16
1.59361 1.183598e-16
1.594217 1.177773e-16
1.594827 1.178172e-16
1.595433 1.190303e-16
1.596043 1.198216e-16
1.59665 1.219997e-16
1.59726 1.263891e-16
1.59787 1.285408e-16
1.598477 1.273922e-16
1.599083 1.23981e-16
1.599693 1.183022e-16
1.6003 1.169819e-16
1.60091 1.219674e-16
1.60152 1.266802e-16
1.602127 1.283699e-16
1.602737 1.218628e-16
1.603343 1.048192e-16
1.603953 9.406954e-17
1.60456 1.044232e-16
1.60517 1.259296e-16
1.605777 1.394555e-16
1.606387 1.37913e-16
1.606993 1.311518e-16
1.607603 1.251047e-16
1.60821 1.26575e-16
1.60882 1.306628e-16
1.60943 1.26702e-16
1.610037 1.216666e-16
1.610647 1.241201e-16
1.611253 1.237484e-16
1.61186 1.182542e-16
1.61247 1.108349e-16
1.61308 1.063915e-16
1.613687 1.102787e-16
1.614297 1.188694e-16
1.614903 1.231294e-16
1.615513 1.226702e-16
1.61612 1.232019e-16
1.61673 1.260352e-16
1.61734 1.291585e-16
1.617947 1.291165e-16
1.618553 1.263387e-16
1.619163 1.255284e-16
1.61977 1.256117e-16
1.62038 1.227815e-16
1.62099 1.206254e-16
1.621597 1.203598e-16
1.622207 1.186824e-16
1.622813 1.207403e-16
1.623423 1.277022e-16
1.62403 1.280262e-16
1.62464 1.18893e-16
1.625247 1.115571e-16
1.625857 1.119753e-16
1.626463 1.128311e-16
1.627073 1.111823e-16
1.62768 1.059939e-16
1.62829 9.726795000000001e-17
1.6289 9.682044000000001e-17
1.629507 1.099477e-16
1.630117 1.208914e-16
1.630723 1.166878e-16
1.63133 1.080047e-16
1.63194 1.095179e-16
1.63255 1.14589e-16
1.633157 1.152153e-16
1.633767 1.160193e-16
1.634373 1.152022e-16
1.634983 1.123343e-16
1.63559 1.122429e-16
1.6362 1.123242e-16
1.63681 1.112129e-16
1.637417 1.108317e-16
1.638023 1.112162e-16
1.638633 1.120482e-16
1.63924 1.121137e-16
1.63985 1.122611e-16
1.64046 1.157458e-16
1.641067 1.199158e-16
1.641677 1.179653e-16
1.642283 1.11118e-16
1.642893 1.048817e-16
1.6435 1.047455e-16
1.64411 1.103928e-16
1.64472 1.128827e-16
1.645327 1.09523e-16
1.645933 1.066773e-16
1.646543 1.063527e-16
1.64715 1.107464e-16
1.64776 1.171405e-16
1.64837 1.161601e-16
1.648977 1.131648e-16
1.649587 1.158018e-16
1.650193 1.151174e-16
1.650803 1.108422e-16
1.65141 1.117484e-16
1.65202 1.124993e-16
1.652627 1.115497e-16
1.653237 1.152231e-16
1.653843 1.209453e-16
1.654453 1.25526e-16
1.65506 1.266058e-16
1.65567 1.22513e-16
1.65628 1.200984e-16
1.656887 1.219979e-16
1.657493 1.237063e-16
1.658103 1.228798e-16
1.65871 1.211715e-16
1.65932 1.188294e-16
1.65993 1.165044e-16
1.660537 1.163741e-16
1.661147 1.166251e-16
1.661753 1.174064e-16
1.662363 1.168593e-16
1.66297 1.142027e-16
1.66358 1.149982e-16
1.664187 1.168873e-16
1.664797 1.139942e-16
1.665403 1.117098e-16
1.666013 1.127924e-16
1.66662 1.160847e-16
1.66723 1.190063e-16
1.66784 1.193306e-16
1.668447 1.138996e-16
1.669057 1.022971e-16
1.669663 1.015156e-16
1.670273 1.150978e-16
1.67088 1.257645e-16
1.67149 1.291511e-16
1.672097 1.283235e-16
1.672707 1.262647e-16
1.673313 1.28645e-16
1.673923 1.34135e-16
1.67453 1.370875e-16
1.67514 1.358989e-16
1.67575 1.311122e-16
1.676357 1.282998e-16
1.676967 1.295773e-16
1.677573 1.342126e-16
1.67818 1.391793e-16
1.67879 1.441862e-16
1.6794 1.491854e-16
1.680007 1.521328e-16
1.680617 1.534713e-16
1.681223 1.558126e-16
1.681833 1.595153e-16
1.68244 1.631299e-16
1.68305 1.652259e-16
1.68366 1.618174e-16
1.684267 1.562889e-16
1.684873 1.543672e-16
1.685483 1.535297e-16
1.68609 1.492263e-16
1.6867 1.455072e-16
1.68731 1.435572e-16
1.687917 1.422559e-16
1.688527 1.469645e-16
1.689133 1.596987e-16
1.689743 1.664241e-16
1.69035 1.614433e-16
1.69096 1.57247e-16
1.691567 1.551926e-16
1.692177 1.486322e-16
1.692783 1.400205e-16
1.693393 1.361393e-16
1.694 1.388385e-16
1.69461 1.441274e-16
1.69522 1.45224e-16
1.695827 1.410223e-16
1.696437 1.351045e-16
1.697043 1.314881e-16
1.69765 1.302186e-16
1.69826 1.288455e-16
1.69887 1.270743e-16
1.699477 1.239115e-16
1.700087 1.192829e-16
1.700693 1.153212e-16
1.701303 1.143152e-16
1.70191 1.174524e-16
1.70252 1.225167e-16
1.70313 1.24751e-16
1.703737 1.250211e-16
1.704343 1.230575e-16
1.704953 1.180214e-16
1.70556 1.163849e-16
1.70617 1.212269e-16
1.70678 1.225852e-16
1.707387 1.121164e-16
1.707997 1.062805e-16
1.708603 1.180336e-16
1.709213 1.314312e-16
1.70982 1.319349e-16
1.71043 1.272896e-16
1.711037 1.232066e-16
1.711647 1.171989e-16
1.712253 1.130746e-16
1.712863 1.180562e-16
1.71347 1.239292e-16
1.71408 1.225443e-16
1.71469 1.213127e-16
1.715297 1.225875e-16
1.715907 1.190101e-16
1.716513 1.124815e-16
1.71712 1.108783e-16
1.71773 1.147719e-16
1.71834 1.167375e-16
1.718947 1.157142e-16
1.719557 1.184077e-16
1.720163 1.239338e-16
1.720773 1.246195e-16
1.72138 1.235718e-16
1.72199 1.266051e-16
1.7226 1.300028e-16
1.723207 1.310334e-16
1.723813 1.259379e-16
1.724423 1.112783e-16
1.72503 1.044291e-16
1.72564 1.150253e-16
1.72625 1.24297e-16
1.726857 1.247399e-16
1.727467 1.254371e-16
1.728073 1.25877e-16
1.728683 1.248025e-16
1.72929 1.270675e-16
1.7299 1.262043e-16
1.730507 1.192609e-16
1.731117 1.175746e-16
1.731723 1.238274e-16
1.732333 1.253133e-16
1.73294 1.225586e-16
1.73355 1.234072e-16
1.73416 1.26216e-16
1.734767 1.302134e-16
1.735377 1.44101e-16
1.735983 1.689269e-16
1.73659 1.780989e-16
1.7372 1.640916e-16
1.73781 1.518958e-16
1.738417 1.514669e-16
1.739027 1.482147e-16
1.739633 1.398925e-16
1.740243 1.325895e-16
1.74085 1.27551e-16
1.74146 1.190835e-16
1.74207 1.122946e-16
1.742677 1.174767e-16
1.743283 1.308544e-16
1.743893 1.430163e-16
1.7445 1.486354e-16
1.74511 1.497214e-16
1.74572 1.484084e-16
1.746327 1.450018e-16
1.746937 1.398728e-16
1.747543 1.363696e-16
1.748153 1.35847e-16
1.74876 1.362293e-16
1.74937 1.367373e-16
1.749977 1.367598e-16
1.750587 1.314237e-16
1.751193 1.230491e-16
1.751803 1.202537e-16
1.75241 1.226397e-16
1.75302 1.248844e-16
1.75363 1.232668e-16
1.754237 1.224304e-16
1.754847 1.2726e-16
1.755453 1.337258e-16
1.75606 1.328492e-16
1.75667 1.28743e-16
1.75728 1.289362e-16
1.757887 1.335003e-16
1.758497 1.367194e-16
1.759103 1.328053e-16
1.759713 1.261895e-16
1.76032 1.270682e-16
1.76093 1.293256e-16
1.76154 1.278276e-16
1.762147 1.322611e-16
1.762753 1.400854e-16
1.763363 1.405741e-16
1.76397 1.346809e-16
1.76458 1.215652e-16
1.76519 1.060313e-16
1.765797 1.112692e-16
1.766407 1.370411e-16
1.767013 1.497155e-16
1.767623 1.434646e-16
1.76823 1.366798e-16
1.76884 1.387515e-16
1.769447 1.462624e-16
1.770057 1.466057e-16
1.770663 1.405584e-16
1.771273 1.382279e-16
1.77188 1.336194e-16
1.77249 1.274516e-16
1.7731 1.411252e-16
1.773707 1.580927e-16
1.774317 1.490289e-16
1.774923 1.316504e-16
1.77553 1.308937e-16
1.77614 1.319341e-16
1.77675 1.322807e-16
1.777357 1.33439e-16
1.777967 1.291866e-16
1.778573 1.296916e-16
1.779183 1.370771e-16
1.77979 1.367871e-16
1.7804 1.31364e-16
1.78101 1.332933e-16
1.781617 1.371987e-16
1.782223 1.352194e-16
1.782833 1.305825e-16
1.78344 1.280878e-16
1.78405 1.306664e-16
1.78466 1.408882e-16
1.785267 1.466648e-16
1.785877 1.422488e-16
1.786483 1.364293e-16
1.787093 1.353262e-16
1.7877 1.384766e-16
1.78831 1.430617e-16
1.78892 1.393497e-16
1.789527 1.330144e-16
1.790133 1.323687e-16
1.790743 1.344114e-16
1.79135 1.358864e-16
1.79196 1.369423e-16
1.79257 1.332e-16
1.793177 1.246305e-16
1.793787 1.205867e-16
1.794393 1.255442e-16
1.795003 1.324362e-16
1.79561 1.293171e-16
1.79622 1.236943e-16
1.796827 1.296899e-16
1.797437 1.477305e-16
1.798043 1.615717e-16
1.798653 1.602565e-16
1.79926 1.465321e-16
1.79977 1.376966e-16
1.805 1.324046e-16
1.81 1.326631e-16
1.815 1.329214e-16
1.82 1.331795e-16
1.825 1.334374e-16
1.83 1.336951e-16
1.835 1.339526e-16
1.84 1.342099e-16
1.845 1.34467e-16
1.85 1.347238e-16
1.855 1.349805e-16
1.86 1.352369e-16
1.865 1.354932e-16
1.87 1.357493e-16
1.875 1.360051e-16
1.88 1.362608e-16
1.885 1.365162e-16
1.89 1.367715e-16
1.895 1.370265e-16
1.9 1.372814e-16
1.905 1.37536e-16
1.91 1.377905e-16
1.915 1.380447e-16
1.92 1.382988e-16
1.925 1.385527e-16
1.93 1.388064e-16
1.935 1.390598e-16
1.94 1.393131e-16
1.945 1.395662e-16
1.95 1.398191e-16
1.955 1.400719e-16
1.960293 1.347937e-16
1.960903 1.369011e-16
1.96151 1.365709e-16
1.96212 1.375052e-16
1.96273 1.391147e-16
1.963337 1.379038e-16
1.963947 1.360067e-16
1.964553 1.361916e-16
1.965163 1.389985e-16
1.96577 1.423229e-16
1.96638 1.429002e-16
1.966987 1.419999e-16
1.967597 1.441936e-16
1.968203 1.458707e-16
1.968813 1.427471e-16
1.96942 1.373422e-16
1.97003 1.341603e-16
1.97064 1.34788e-16
1.971247 1.379619e-16
1.971857 1.39491e-16
1.972463 1.376836e-16
1.97307 1.341135e-16
1.97368 1.305347e-16
1.97429 1.310561e-16
1.974897 1.370233e-16
1.975507 1.428304e-16
1.976113 1.445225e-16
1.976723 1.42843e-16
1.97733 1.401778e-16
1.97794 1.407021e-16
1.97855 1.44714e-16
1.979157 1.478493e-16
1.979763 1.469576e-16
1.980373 1.430181e-16
1.98098 1.387878e-16
1.98159 1.369776e-16
1.9822 1.374813e-16
1.982807 1.381248e-16
1.983417 1.387236e-16
1.984023 1.405671e-16
1.984633 1.423727e-16
1.98524 1.435162e-16
1.98585 1.435794e-16
1.986457 1.421655e-16
1.987067 1.407631e-16
1.987673 1.399456e-16
1.988283 1.39162e-16
1.98889 1.386454e-16
1.9895 1.383634e-16
1.99011 1.38605e-16
1.990717 1.39553e-16
1.991327 1.40255e-16
1.991933 1.414254e-16
1.99254 1.440293e-16
1.99315 1.454843e-16
1.99376 1.444553e-16
1.994367 1.424215e-16
1.994977 1.394834e-16
1.995583 1.373622e-16
1.996193 1.381293e-16
1.9968 1.394666e-16
1.99741 1.414573e-16
1.99802 1.437803e-16
1.998627 1.429123e-16
1.999233 1.368767e-16
1.999843 1.322082e-16
2.00045 1.357443e-16
2.00106 1.395234e-16
2.00167 1.370292e-16
2.002277 1.354355e-16
2.002887 1.364706e-16
2.003493 1.378003e-16
2.004103 1.397437e-16
2.00471 1.39374e-16
2.00532 1.387733e-16
2.005927 1.392355e-16
2.006537 1.360835e-16
2.007143 1.341747e-16
2.007753 1.387196e-16
2.00836 1.432707e-16
2.00897 1.444718e-16
2.00958 1.456809e-16
2.010187 1.45231e-16
2.010797 1.420983e-16
2.011403 1.417531e-16
2.012013 1.450973e-16
2.01262 1.483966e-16
2.01323 1.50205e-16
2.013837 1.502355e-16
2.014447 1.494698e-16
2.015053 1.483611e-16
2.015663 1.462372e-16
2.01627 1.444175e-16
2.01688 1.433588e-16
2.01749 1.433803e-16
2.018097 1.449116e-16
2.018707 1.43984e-16
2.019313 1.398631e-16
2.01992 1.374442e-16
2.02053 1.404299e-16
2.02114 1.453651e-16
2.021747 1.457996e-16
2.022357 1.418289e-16
2.022963 1.396443e-16
2.023573 1.403265e-16
2.02418 1.407982e-16
2.02479 1.409467e-16
2.025397 1.426423e-16
2.026007 1.448525e-16
2.026613 1.452294e-16
2.027223 1.448032e-16
2.02783 1.461864e-16
2.02844 1.473684e-16
2.02905 1.453063e-16
2.029657 1.422375e-16
2.030267 1.406235e-16
2.030873 1.399914e-16
2.03148 1.38832e-16
2.03209 1.364117e-16
2.0327 1.347723e-16
2.033307 1.361321e-16
2.033917 1.394142e-16
2.034523 1.405367e-16
2.035133 1.386752e-16
2.03574 1.375034e-16
2.03635 1.385397e-16
2.03696 1.391957e-16
2.037567 1.386708e-16
2.038177 1.385298e-16
2.038783 1.401761e-16
2.03939 1.400897e-16
2.04 1.356905e-16
2.04061 1.328681e-16
2.041217 1.344844e-16
2.041827 1.337444e-16
2.042433 1.316237e-16
2.043043 1.345441e-16
2.04365 1.391583e-16
2.04426 1.402815e-16
2.04487 1.396923e-16
2.045477 1.396764e-16
2.046083 1.398743e-16
2.046693 1.397004e-16
2.0473 1.403668e-16
2.04791 1.421155e-16
2.04852 1.422636e-16
2.049127 1.413853e-16
2.049737 1.438678e-16
2.050343 1.473507e-16
2.050953 1.454304e-16
2.05156 1.404741e-16
2.05217 1.379014e-16
2.052777 1.380003e-16
2.053387 1.413478e-16
2.053993 1.46096e-16
2.054603 1.473532e-16
2.05521 1.442387e-16
2.05582 1.415007e-16
2.05643 1.432732e-16
2.057037 1.469555e-16
2.057647 1.473884e-16
2.058253 1.447403e-16
2.05886 1.420564e-16
2.05947 1.419236e-16
2.06008 1.430679e-16
2.060687 1.422873e-16
2.061297 1.40727e-16
2.061903 1.400023e-16
2.062513 1.391809e-16
2.06312 1.395074e-16
2.06373 1.416717e-16
2.06434 1.430078e-16
2.064947 1.415955e-16
2.065553 1.391786e-16
2.066163 1.398922e-16
2.06677 1.435997e-16
2.06738 1.433732e-16
2.06799 1.384855e-16
2.068597 1.36553e-16
2.069207 1.397755e-16
2.069813 1.430359e-16
2.070423 1.430409e-16
2.07103 1.422361e-16
2.07164 1.444693e-16
2.072247 1.50275e-16
2.072857 1.548078e-16
2.073463 1.528118e-16
2.074073 1.470062e-16
2.07468 1.437634e-16
2.07529 1.431811e-16
2.0759 1.435418e-16
2.076507 1.447645e-16
2.077117 1.455119e-16
2.077723 1.454663e-16
2.07833 1.46327e-16
2.07894 1.464031e-16
2.07955 1.436782e-16
2.080157 1.417547e-16
2.080767 1.424018e-16
2.081373 1.43418e-16
2.081983 1.438375e-16
2.08259 1.439402e-16
2.0832 1.447301e-16
2.08381 1.460433e-16
2.084417 1.46539e-16
2.085023 1.454622e-16
2.085633 1.430537e-16
2.08624 1.41788e-16
2.08685 1.436693e-16
2.08746 1.460602e-16
2.088067 1.460057e-16
2.088677 1.441652e-16
2.089283 1.433218e-16
2.089893 1.440192e-16
2.0905 1.451888e-16
2.09111 1.456751e-16
2.091717 1.458026e-16
2.092327 1.468993e-16
2.092933 1.480924e-16
2.093543 1.490781e-16
2.09415 1.514519e-16
2.09476 1.533204e-16
2.09537 1.512466e-16
2.095977 1.462643e-16
2.096587 1.427935e-16
2.097193 1.439327e-16
2.0978 1.487134e-16
2.09841 1.534305e-16
2.09902 1.546208e-16
2.099627 1.519893e-16
2.100237 1.486578e-16
2.100843 1.461789e-16
2.101453 1.449348e-16
2.10206 1.462633e-16
2.10267 1.48946e-16
2.10328 1.499422e-16
2.103887 1.493542e-16
2.104493 1.482461e-16
2.105103 1.475426e-16
2.10571 1.484126e-16
2.10632 1.495243e-16
2.10693 1.495707e-16
2.107537 1.494353e-16
2.108147 1.488725e-16
2.108753 1.471227e-16
2.109363 1.460734e-16
2.10997 1.477068e-16
2.11058 1.517308e-16
2.111187 1.556799e-16
2.111797 1.575044e-16
2.112403 1.568427e-16
2.113013 1.546199e-16
2.11362 1.528684e-16
2.11423 1.532714e-16
2.11484 1.532585e-16
2.115447 1.512774e-16
2.116057 1.507477e-16
2.116663 1.518918e-16
2.11727 1.528357e-16
2.11788 1.546533e-16
2.11849 1.551403e-16
2.119097 1.535676e-16
2.119707 1.53543e-16
2.120313 1.536035e-16
2.120923 1.518338e-16
2.12153 1.511129e-16
2.12214 1.519123e-16
2.12275 1.534765e-16
2.123357 1.539422e-16
2.123967 1.515622e-16
2.124573 1.487017e-16
2.12518 1.482608e-16
2.12579 1.495635e-16
2.1264 1.518903e-16
2.127007 1.542805e-16
2.127617 1.54391e-16
2.128223 1.528719e-16
2.128833 1.528285e-16
2.12944 1.531776e-16
2.13005 1.521399e-16
2.13066 1.516571e-16
2.131267 1.514341e-16
2.131873 1.513192e-16
2.132483 1.539336e-16
2.13309 1.563936e-16
2.1337 1.544732e-16
2.13431 1.524199e-16
2.134917 1.536866e-16
2.135527 1.554023e-16
2.136133 1.556111e-16
2.13674 1.552737e-16
2.13735 1.559107e-16
2.13796 1.568311e-16
2.138567 1.563865e-16
2.139177 1.559972e-16
2.139783 1.561434e-16
2.140393 1.557123e-16
2.141 1.565691e-16
2.14161 1.595217e-16
2.14222 1.628089e-16
2.142827 1.667735e-16
2.143433 1.704252e-16
2.144043 1.72075e-16
2.14465 1.713752e-16
2.14526 1.684829e-16
2.14587 1.661652e-16
2.146477 1.688301e-16
2.147087 1.738389e-16
2.147693 1.767004e-16
2.148303 1.788269e-16
2.14891 1.81658e-16
2.14952 1.847926e-16
2.150127 1.904685e-16
2.150737 1.973759e-16
2.151343 1.994569e-16
2.151953 1.985442e-16
2.15256 2.002421e-16
2.15317 2.04312e-16
2.15378 2.100473e-16
2.154387 2.155857e-16
2.154997 2.1659e-16
2.155603 2.155439e-16
2.156213 2.163875e-16
2.15682 2.174604e-16
2.15743 2.174282e-16
2.158037 2.154569e-16
2.158647 2.095585e-16
2.159253 2.01977e-16
2.159863 1.967475e-16
2.16047 1.924625e-16
2.16108 1.868982e-16
2.16169 1.818892e-16
2.162297 1.779737e-16
2.162907 1.744342e-16
2.163513 1.713939e-16
2.16412 1.691324e-16
2.16473 1.671279e-16
2.16534 1.652501e-16
2.165947 1.643173e-16
2.166557 1.646722e-16
2.167163 1.651191e-16
2.167773 1.646894e-16
2.16838 1.629162e-16
2.16899 1.611775e-16
2.1696 1.599717e-16
2.170207 1.591812e-16
2.170813 1.594654e-16
2.171423 1.602745e-16
2.17203 1.600554e-16
2.17264 1.591898e-16
2.17325 1.588286e-16
2.173857 1.597221e-16
2.174467 1.594506e-16
2.175073 1.576317e-16
2.175683 1.580527e-16
2.17629 1.60032e-16
2.1769 1.599326e-16
2.177507 1.57506e-16
2.178117 1.511123e-16
2.178723 1.464359e-16
2.179333 1.518774e-16
2.17994 1.603095e-16
2.18055 1.626303e-16
2.18116 1.626911e-16
2.181767 1.613582e-16
2.182377 1.567123e-16
2.182983 1.525883e-16
2.18359 1.524507e-16
2.1842 1.526111e-16
2.18481 1.521923e-16
2.185417 1.54183e-16
2.186027 1.538814e-16
2.186633 1.465254e-16
2.187243 1.432984e-16
2.18785 1.504611e-16
2.18846 1.595724e-16
2.18907 1.614902e-16
2.189677 1.577241e-16
2.190283 1.547579e-16
2.190893 1.545345e-16
2.1915 1.534316e-16
2.19211 1.52013e-16
2.19272 1.516664e-16
2.193327 1.513678e-16
2.193937 1.475296e-16
2.194543 1.36022e-16
2.195153 1.2838e-16
2.19576 1.327923e-16
2.19637 1.409916e-16
2.196977 1.463401e-16
2.197587 1.498628e-16
2.198193 1.500298e-16
2.198803 1.492345e-16
2.19941 1.498456e-16
2.20002 1.549187e-16
2.20063 1.588719e-16
2.201237 1.564112e-16
2.201847 1.540672e-16
2.202453 1.550048e-16
2.20306 1.539318e-16
2.20367 1.508053e-16
2.20428 1.485559e-16
2.204887 1.496046e-16
2.205497 1.503067e-16
2.206103 1.48229e-16
2.206713 1.499312e-16
2.20732 1.562905e-16
2.20793 1.59831e-16
2.20854 1.599587e-16
2.209147 1.597653e-16
2.209753 1.581823e-16
2.210363 1.557394e-16
2.21097 1.560058e-16
2.21158 1.574672e-16
2.21219 1.580675e-16
2.212797 1.5842e-16
2.213407 1.575624e-16
2.214013 1.563455e-16
2.214623 1.57846e-16
2.21523 1.598918e-16
2.21584 1.58215e-16
2.216447 1.538963e-16
2.217057 1.52544e-16
2.217663 1.543577e-16
2.218273 1.543953e-16
2.21888 1.5279e-16
2.21949 1.528416e-16
2.2201 1.543063e-16
2.220707 1.544409e-16
2.221317 1.518278e-16
2.221923 1.490782e-16
2.22253 1.503509e-16
2.22314 1.56008e-16
2.22375 1.594743e-16
2.224357 1.560872e-16
2.224967 1.522582e-16
2.225573 1.53457e-16
2.226183 1.544402e-16
2.22679 1.532441e-16
2.2274 1.530488e-16
2.22801 1.538519e-16
2.228617 1.54081e-16
2.229223 1.544021e-16
2.229833 1.55031e-16
2.23044 1.553729e-16
2.23105 1.552508e-16
2.23166 1.550387e-16
2.232267 1.546978e-16
2.232877 1.550152e-16
2.233483 1.552853e-16
2.234093 1.542559e-16
2.2347 1.523301e-16
2.23531 1.512847e-16
2.235917 1.511823e-16
2.236527 1.499976e-16
2.237133 1.485318e-16
2.237743 1.499401e-16
2.23835 1.554206e-16
2.23896 1.616606e-16
2.23957 1.623908e-16
2.240177 1.57636e-16
2.240787 1.529698e-16
2.241393 1.518804e-16
2.242 1.543804e-16
2.24261 1.555745e-16
2.24322 1.536689e-16
2.243827 1.532593e-16
2.244437 1.556609e-16
2.245043 1.582181e-16
2.245653 1.596349e-16
2.24626 1.590659e-16
2.24687 1.566778e-16
2.24748 1.540673e-16
2.248087 1.538187e-16
2.248693 1.549983e-16
2.249303 1.551891e-16
2.24991 1.552063e-16
2.25052 1.526777e-16
2.25113 1.470086e-16
2.251737 1.467264e-16
2.252347 1.530409e-16
2.252953 1.560938e-16
2.253563 1.551398e-16
2.25417 1.553704e-16
2.25478 1.567892e-16
2.255387 1.582159e-16
2.255997 1.602119e-16
2.256603 1.618262e-16
2.257213 1.606821e-16
2.25782 1.575075e-16
2.25843 1.560385e-16
2.25904 1.562362e-16
2.259647 1.560391e-16
2.260257 1.564324e-16
2.260863 1.583324e-16
2.261473 1.602295e-16
2.26208 1.607966e-16
2.26269 1.612334e-16
2.263297 1.627814e-16
2.263907 1.65756e-16
2.264513 1.686351e-16
2.265123 1.663571e-16
2.26573 1.601584e-16
2.26634 1.580205e-16
2.26695 1.591486e-16
2.267557 1.579016e-16
2.268167 1.563805e-16
2.268773 1.586882e-16
2.26938 1.615366e-16
2.26999 1.596735e-16
2.2706 1.556604e-16
2.271207 1.54965e-16
2.271817 1.572989e-16
2.272423 1.589188e-16
2.273033 1.582167e-16
2.27364 1.579315e-16
2.27425 1.603458e-16
2.27486 1.629333e-16
2.275467 1.641162e-16
2.276073 1.645259e-16
2.276683 1.638027e-16
2.27729 1.632942e-16
2.2779 1.641788e-16
2.27851 1.635574e-16
2.279117 1.605113e-16
2.279727 1.583946e-16
2.280333 1.571412e-16
2.28094 1.563788e-16
2.28155 1.581185e-16
2.28216 1.597677e-16
2.282767 1.580881e-16
2.283377 1.575804e-16
2.283983 1.610636e-16
2.284593 1.632168e-16
2.2852 1.615061e-16
2.28581 1.593289e-16
2.28642 1.59401e-16
2.287027 1.624967e-16
2.287637 1.656564e-16
2.288243 1.657405e-16
2.28885 1.654969e-16
2.28946 1.646593e-16
2.29007 1.607456e-16
2.290677 1.56753e-16
2.291287 1.573677e-16
2.291893 1.611537e-16
2.292503 1.622434e-16
2.29311 1.6037e-16
2.29372 1.608936e-16
2.29433 1.643645e-16
2.294937 1.662793e-16
2.295543 1.640769e-16
2.296153 1.591964e-16
2.29676 1.560458e-16
2.29737 1.569993e-16
2.29798 1.599923e-16
2.298587 1.606513e-16
2.299197 1.598e-16
2.299803 1.589864e-16
2.300413 1.576366e-16
2.30102 1.571204e-16
2.30163 1.581611e-16
2.302237 1.587741e-16
2.302847 1.577845e-16
2.303453 1.569934e-16
2.304063 1.60202e-16
2.30467 1.657349e-16
2.30528 1.674984e-16
2.30589 1.659717e-16
2.306497 1.641852e-16
2.307107 1.620384e-16
2.307713 1.600172e-16
2.30832 1.60328e-16
2.30893 1.607234e-16
2.30954 1.588109e-16
2.310147 1.586401e-16
2.310757 1.626893e-16
2.311363 1.668441e-16
2.311973 1.682246e-16
2.31258 1.654764e-16
2.31319 1.595679e-16
2.3138 1.549565e-16
2.314407 1.555275e-16
2.315013 1.598713e-16
2.315623 1.621513e-16
2.31623 1.603157e-16
2.31684 1.584588e-16
2.31745 1.629451e-16
2.318057 1.717785e-16
2.318667 1.748573e-16
2.319273 1.714456e-16
2.319883 1.701145e-16
2.32049 1.700705e-16
2.3211 1.668632e-16
2.321707 1.644233e-16
2.322317 1.665445e-16
2.322923 1.684962e-16
2.323533 1.667128e-16
2.32414 1.64823e-16
2.32475 1.641543e-16
2.32536 1.633269e-16
2.325967 1.630288e-16
2.326577 1.630051e-16
2.327183 1.632912e-16
2.32779 1.649802e-16
2.3284 1.665581e-16
2.32901 1.664624e-16
2.329617 1.66914e-16
2.330227 1.691716e-16
2.330833 1.716316e-16
2.331443 1.739296e-16
2.33205 1.749757e-16
2.33266 1.719331e-16
2.33327 1.67476e-16
2.333877 1.654988e-16
2.334483 1.650136e-16
2.335093 1.637911e-16
2.3357 1.622823e-16
2.33631 1.624686e-16
2.33692 1.647613e-16
2.337527 1.662654e-16
2.338137 1.662662e-16
2.338743 1.662792e-16
2.339353 1.63892e-16
2.33996 1.604412e-16
2.34057 1.628149e-16
2.341177 1.687706e-16
2.341787 1.70772e-16
2.342393 1.71526e-16
2.343003 1.746033e-16
2.34361 1.750063e-16
2.34422 1.716061e-16
2.34483 1.676794e-16
2.345437 1.649394e-16
2.346047 1.646514e-16
2.346653 1.671587e-16
2.34726 1.703939e-16
2.34787 1.720881e-16
2.34848 1.719096e-16
2.349087 1.729021e-16
2.349697 1.764357e-16
2.350303 1.79265e-16
2.350913 1.785011e-16
2.35152 1.737603e-16
2.35213 1.713165e-16
2.35274 1.741548e-16
2.353347 1.756091e-16
2.353953 1.730814e-16
2.354563 1.737653e-16
2.35517 1.789838e-16
2.35578 1.817517e-16
2.35639 1.780479e-16
2.356997 1.72862e-16
2.357607 1.716118e-16
2.358213 1.730863e-16
2.358823 1.717502e-16
2.35943 1.699189e-16
2.36004 1.731322e-16
2.360647 1.789965e-16
2.361257 1.813675e-16
2.361863 1.796934e-16
2.362473 1.754132e-16
2.36308 1.721099e-16
2.36369 1.731817e-16
2.3643 1.735932e-16
2.364907 1.714339e-16
2.365517 1.733511e-16
2.366123 1.79008e-16
2.36673 1.812824e-16
2.36734 1.800463e-16
2.36795 1.780675e-16
2.368557 1.746325e-16
2.369167 1.700727e-16
2.369773 1.695044e-16
2.370383 1.71407e-16
2.37099 1.68288e-16
2.3716 1.661535e-16
2.37221 1.739241e-16
2.372817 1.832886e-16
2.373423 1.841603e-16
2.374033 1.791855e-16
2.37464 1.75575e-16
2.37525 1.777411e-16
2.37586 1.795032e-16
2.376467 1.725015e-16
2.377077 1.636766e-16
2.377683 1.632739e-16
2.378293 1.69268e-16
2.3789 1.76463e-16
2.37951 1.793406e-16
2.38012 1.728755e-16
2.380727 1.669528e-16
2.381333 1.720319e-16
2.381943 1.795363e-16
2.38255 1.804825e-16
2.38316 1.774675e-16
2.38377 1.770867e-16
2.384377 1.810465e-16
2.384987 1.830003e-16
2.385593 1.819965e-16
2.386203 1.81971e-16
2.38681 1.804863e-16
2.38742 1.780282e-16
2.388027 1.824565e-16
2.388637 1.905524e-16
2.389243 1.891479e-16
2.389853 1.817156e-16
2.39046 1.822347e-16
2.39107 1.880538e-16
2.39168 1.906297e-16
2.392287 1.89253e-16
2.392893 1.855016e-16
2.393503 1.839673e-16
2.39411 1.86149e-16
2.39472 1.879922e-16
2.39533 1.882128e-16
2.395937 1.888586e-16
2.396547 1.886826e-16
2.397153 1.876252e-16
2.397763 1.902805e-16
2.39837 1.962864e-16
2.39898 1.971659e-16
2.399587 1.911271e-16
2.41 1.77572e-16
2.42 1.786024e-16
2.43 1.796344e-16
2.44 1.806681e-16
2.45 1.817035e-16
2.46 1.827406e-16
2.47 1.837794e-16
2.48 1.848199e-16
2.49 1.85862e-16
2.5 1.869057e-16
2.51 1.879512e-16
2.52 1.889983e-16
2.53 1.90047e-16
2.54 1.910974e-16
2.55603 1.756008e-16
2.5654 1.862995e-16
2.57478 1.866146e-16
2.58417 2.057567e-16
2.59356 2.231998e-16
2.60296 2.197261e-16
2.61237 2.088159e-16
2.62177 1.977839e-16
2.63119 2.020038e-16
2.64061 1.924914e-16
2.65003 1.935385e-16
2.65946 1.918041e-16
2.66889 1.975808e-16
2.67833 2.011517e-16
2.68777 2.015991e-16
2.69722 2.035432e-16
2.70667 1.990263e-16
2.71613 2.077928e-16
2.72559 2.172632e-16
2.73505 2.116233e-16
2.74452 2.165131e-16
2.75399 1.977837e-16
2.76347 2.092235e-16
2.77295 2.000927e-16
2.78244 2.09003e-16
2.79193 2.158383e-16
2.80142 2.197444e-16
2.81092 2.252458e-16
2.82042 2.30857e-16
2.82993 2.275574e-16
2.83944 2.247019e-16
2.84895 2.321996e-16
2.85847 2.290663e-16
2.86799 2.426573e-16
2.87751 2.357668e-16
2.88704 2.298718e-16
2.89657 2.21548e-16
2.90611 2.244813e-16
2.91565 2.211919e-16
2.92519 2.266773e-16
2.93473 2.322125e-16
2.94428 2.397647e-16
2.95383 2.397383e-16
2.96339 2.428249e-16
2.97295 2.390683e-16
2.98251 2.420028e-16
2.99207 2.39804e-16
3.00164 2.548303e-16
3.01121 2.60266e-16
3.02078 2.609699e-16
3.03036 2.515206e-16
3.03994 2.311165e-16
3.04952 2.282863e-16
3.0591 2.362204e-16
3.06869 2.520945e-16
3.07828 2.499438e-16
3.08787 2.523873e-16
3.09747 2.453216e-16
3.10707 2.476575e-16
3.11667 2.662761e-16
3.12627 2.827354e-16
3.13588 2.771616e-16
3.14548 2.691312e-16
3.15509 2.677261e-16
3.16471 2.607283e-16
3.17432 2.600324e-16
3.18394 2.543801e-16
3.19356 2.588581e-16
3.20318 2.559818e-16
3.21281 2.594166e-16
3.22243 2.653224e-16
3.23206 2.6554e-16
3.24169 2.624979e-16
3.25132 2.656997e-16
3.26096 2.613328e-16
3.2706 2.527552e-16
3.28023 2.695031e-16
3.28987 2.804998e-16
3.29952 2.727733e-16
3.30916 2.711629e-16
3.31881 2.65042e-16
3.32846 2.69864e-16
3.33811 2.697077e-16
3.34776 2.794377e-16
3.35741 2.849619e-16
3.36707 2.895639e-16
3.37673 2.872836e-16
3.38638 2.937318e-16
3.39605 2.778367e-16
3.40571 2.727966e-16
3.41537 2.584345e-16
3.42504 2.554363e-16
3.4347 2.587652e-16
3.44437 2.663536e-16
3.45404 2.604588e-16
3.46371 2.73782e-16
3.47339 2.808235e-16
3.48306 2.841492e-16
3.49274 2.77662e-16
3.50241 2.804625e-16
3.51209 2.74672e-16
3.52177 2.853279e-16
3.53145 2.866205e-16
3.54114 2.87601e-16
3.55082 2.807628e-16
3.5605 2.889079e-16
3.57019 2.915208e-16
3.57988 2.822339e-16
3.58957 2.879364e-16
3.59926 2.943919e-16
3.60895 2.903402e-16
3.61864 2.71723e-16
3.62833 2.805848e-16
3.63803 2.664532e-16
3.64772 2.737758e-16
3.65742 2.94037e-16
3.66711 2.97932e-16
3.67681 3.114369e-16
3.68651 3.048961e-16
3.69621 2.969286e-16
3.70591 2.923197e-16
3.71562 2.876102e-16
3.72532 2.814518e-16
3.73502 2.867791e-16
3.74473 2.882401e-16
3.75443 2.930288e-16
3.76414 2.973932e-16
3.77385 2.888962e-16
3.78356 2.788625e-16
3.79327 2.87518e-16
3.80298 2.998968e-16
3.81269 3.00143e-16
3.8224 2.891982e-16
3.83211 2.948205e-16
3.84182 3.058195e-16
3.85154 2.967678e-16
3.86125 2.90841e-16
3.87097 2.87549e-16
3.88068 2.873965e-16
3.8904 3.014955e-16
3.90011 2.995763e-16
3.90983 2.978164e-16
3.91955 2.934545e-16
3.92927 2.872622e-16
3.93899 2.931414e-16
3.94871 2.862649e-16
3.95843 2.932202e-16
3.96815 2.948624e-16
3.97787 2.992469e-16
3.98759 2.99746e-16
3.99731 2.892328e-16
4.00704 2.860236e-16
4.01676 2.839932e-16
4.02648 2.971768e-16
4.03621 2.973338e-16
4.04593 3.041761e-16
4.05566 3.024211e-16
4.06538 3.077779e-16
4.07511 3.03939e-16
4.08484 3.010477e-16
4.09456 3.008646e-16
4.10429 2.980011e-16
4.11402 2.911735e-16
4.12374 2.86989e-16
4.13347 2.85437e-16
4.1432 2.958732e-16
4.15293 3.053416e-16
4.16266 3.117197e-16
4.17239 3.081837e-16
4.18212 2.915553e-16
4.19185 2.938728e-16
4.20158 2.966922e-16
4.21131 2.922552e-16
4.22104 2.899549e-16
4.23077 2.93531e-16
4.2405 3.02009e-16
4.25023 2.972676e-16
4.25996 2.967089e-16
4.26969 2.946935e-16
4.27942 3.077296e-16
4.28915 3.129944e-16
4.29888 3.095125e-16
4.30861 3.055999e-16
4.31835 3.030187e-16
4.32808 3.034384e-16
4.33781 3.096359e-16
4.34754 3.066216e-16
4.35727 3.120658e-16
4.367 3.11268e-16
4.37674 3.142069e-16
4.38647 3.126058e-16
4.3962 3.125539e-16
4.40593 3.1742e-16
4.41566 3.059765e-16
4.4254 3.207101e-16
4.43513 3.175953e-16
4.44486 3.111263e-16
4.45459 3.114533e-16
4.46432 3.230407e-16
4.47405 3.105982e-16
4.48378 3.14014e-16
4.49352 3.116793e-16
4.50325 3.139974e-16
4.51298 3.09908e-16
4.52271 3.112946e-16
4.53244 3.119791e-16
4.54217 3.172323e-16
4.5519 2.995355e-16
4.56163 3.051983e-16
4.57136 3.032559e-16
4.58109 3.178647e-16
4.59082 3.08635e-16
4.60055 3.063301e-16
4.61027 3.045641e-16
4.62 3.147634e-16
4.62973 3.068174e-16
4.63946 3.179604e-16
4.64919 3.176275e-16
4.65891 3.156693e-16
4.66864 3.138375e-16
4.67837 3.091025e-16
4.68809 2.934856e-16
4.69782 2.752896e-16
4.70754 2.766595e-16
4.71727 2.860846e-16
4.72699 2.811871e-16
4.73672 2.75537e-16
4.74644 2.724375e-16
4.75616 2.797883e-16
4.76588 2.930888e-16
4.77561 2.997411e-16
4.78533 2.958108e-16
4.79505 3.002053e-16
4.80477 2.952881e-16
4.81449 2.939983e-16
4.82421 2.83702e-16
4.83393 2.797938e-16
4.84364 2.721019e-16
5.0 2.96453e-16
5.1 2.944861e-16
5.2 2.923147e-16
5.3 2.899585e-16
5.4 2.874362e-16
5.5 2.84765e-16
5.6 2.81961e-16
5.7 2.790393e-16
5.8 2.760139e-16
5.9 2.728978e-16
6.0 2.697031e-16
6.1 2.66441e-16
6.2 2.631219e-16
6.3 2.597553e-16
6.4 2.563501e-16
6.5 2.529144e-16
6.6 2.494556e-16
6.7 2.459807e-16
6.8 2.42496e-16
6.9 2.390072e-16
7.0 2.355196e-16
7.1 2.32038e-16
7.2 2.285668e-16
7.3 2.2511e-16
7.4 2.216712e-16
7.57612 2.22303e-16
7.6366 2.162582e-16
7.69709 2.201576e-16
7.75757 2.103949e-16
7.81805 1.950328e-16
7.87854 2.030881e-16
7.93902 2.13198e-16
7.99951 2.121104e-16
8.05999 2.072349e-16
8.12047 2.020068e-16
8.180959 1.935296e-16
8.24144 1.91967e-16
8.30192 1.857695e-16
8.362409 1.9026e-16
8.42289 1.821365e-16
8.48337 1.841847e-16
8.54386 1.786991e-16
8.60434 1.841432e-16
8.66483 1.788986e-16
8.72531 1.783589e-16
8.785791 1.782062e-16
8.84628 1.759562e-16
8.90676 1.728045e-16
8.967241 1.720787e-16
9.02773 1.69005e-16
9.08821 1.638739e-16
9.14869 1.659659e-16
9.20918 1.627961e-16
9.26966 1.629951e-16
9.33015 1.620707e-16
9.39063 1.647164e-16
9.45111 1.611576e-16
9.511599 1.556137e-16
9.57208 1.582484e-16
9.63256 1.52838e-16
9.69305 1.524122e-16
9.75353 1.468895e-16
9.814009 1.49646e-16
9.8745 1.450724e-16
9.93498 1.451301e-16
9.99547 1.430321e-16
10.05595 1.445711e-16
10.11643 1.45893e-16
10.17692 1.403116e-16
10.2374 1.388813e-16
10.29788 1.400152e-16
10.35837 1.384174e-16
10.41885 1.378406e-16
10.47933 1.367264e-16
10.53982 1.369315e-16
10.6003 1.31644e-16
10.660791 1.335993e-16
10.72127 1.330361e-16
10.78175 1.286275e-16
10.842241 1.321237e-16
10.90272 1.291199e-16
10.9632 1.279684e-16
11.02369 1.264979e-16
11.08417 1.291416e-16
11.144651 1.265315e-16
11.20514 1.199325e-16
11.26562 1.221402e-16
11.32611 1.232005e-16
11.38659 1.200068e-16
11.44707 1.187964e-16
11.50756 1.182191e-16
11.56804 1.179506e-16
11.62852 1.157735e-16
11.689009 1.158613e-16
11.74949 1.127089e-16
11.80997 1.120262e-16
11.870459 1.105267e-16
11.93094 1.115982e-16
11.99143 1.119844e-16
12.05191 1.101019e-16
12.11239 1.09414e-16
12.17288 1.090259e-16
12.23336 1.087466e-16
12.293841 1.070907e-16
12.35433 1.054342e-16
12.41481 1.061195e-16
12.475291 1.082144e-16
12.53578 1.058479e-16
12.59626 1.061128e-16
12.65675 1.051679e-16
12.71723 1.0437e-16
12.77771 1.035016e-16
12.8382 1.035338e-16
12.89868 1.019005e-16
12.95916 1.02024e-16
13.019651 1.007376e-16
13.08013 1.000517e-16
13.140609 1.008436e-16
13.2011 9.775183000000001e-17
13.26158 9.719650000000001e-17
13.322059 9.927635000000001e-17
13.38255 9.697050000000001e-17
13.44303 9.476700000000001e-17
13.50352 9.202747000000001e-17
13.564 9.500271000000001e-17
13.62448 9.195120000000001e-17
13.68497 9.142994000000001e-17
13.74545 8.894066000000001e-17
13.80593 8.703961e-17
13.86642 8.734342e-17
13.9269 8.882923000000001e-17
13.98738 8.693595e-17
14.06935 9.001334000000001e-17
14.15403 9.230522000000001e-17
14.238711 8.778022e-17
14.323381 8.969984000000001e-17
14.408059 8.703405e-17
14.492739 8.235297e-17
14.577409 8.205712000000001e-17
14.662091 8.673023e-17
14.74677 7.811008000000001e-17
14.83145 7.501877000000001e-17
14.91612 7.379808000000001e-17
15.0008 7.203161e-17
15.08548 7.231068000000001e-17
15.17015 7.029998000000001e-17
15.25483 7.174818e-17
15.339509 6.666564e-17
15.42418 6.748388e-17
15.508859 6.425973000000001e-17
15.593541 6.434129e-17
15.678211 6.301406000000001e-17
15.762891 6.11303e-17
15.84757 5.977919e-17
15.932239 5.909323e-17
16.01692 5.871088000000001e-17
16.1016 5.368515000000001e-17
16.18628 5.554024e-17
16.27095 5.251181e-17
16.355631 5.329467e-17
16.440309 5.4800640000000006e-17
16.524981 5.176448e-17
16.609659 5.1102910000000007e-17
16.694339 5.128148e-17
16.779011 5.1016700000000004e-17
16.863689 5.1070230000000005e-17
16.94837 5.1296760000000007e-17
17.033039 5.2138230000000006e-17
17.11772 5.082331000000001e-17
17.2024 5.0411260000000003e-17
17.287069 5.050314e-17
17.37175 5.1349790000000006e-17
17.45643 5.098662e-17
17.541109 4.8906020000000004e-17
17.62578 4.678957e-17
17.710461 4.7812170000000004e-17
17.795139 4.9048350000000004e-17
17.879811 4.7092630000000005e-17
17.964491 4.5994700000000007e-17
18.04917 4.6300260000000004e-17
18.133841 4.7205250000000005e-17
18.218519 4.427832e-17
18.3032 4.646089e-17
18.38787 4.570093e-17
18.47255 4.622318e-17
18.55723 4.572283e-17
18.641898 4.5471570000000003e-17
18.72658 4.673976e-17
18.811261 4.8879140000000006e-17
18.895941 4.878575000000001e-17
18.980609 4.7327290000000004e-17
19.065291 4.619909e-17
19.149969 4.4750080000000004e-17
19.234641 4.6678170000000004e-17
19.31932 4.724131e-17
19.404 4.8110170000000007e-17
19.48867 4.6339040000000005e-17
19.573352 4.705927e-17
19.65803 4.61831e-17
19.7427 4.5200080000000004e-17
19.82738 4.7198570000000006e-17
19.912059 4.64602e-17
19.996731 4.683767000000001e-17
20.081409 4.565659e-17
20.166091 4.419987e-17
20.25077 4.521796e-17
20.335439 3.80384e-17
20.42012 4.223816e-17
20.504802 4.5478510000000005e-17
20.58947 4.463463e-17
20.75883 4.6268360000000004e-17
20.928181 4.499227e-17
21.09753 4.681336e-17
21.266889 4.5663700000000005e-17
21.436239 4.6469150000000005e-17
21.6056 4.7818320000000006e-17
21.77495 4.3444740000000006e-17
21.9443 4.3166180000000004e-17
22.113661 4.223727e-17
22.283011 4.2048500000000005e-17
22.452359 4.173617e-17
22.621719 4.2487680000000006e-17
22.79107 4.0020870000000005e-17
22.96043 4.005936e-17
23.12978 3.8826180000000004e-17
23.29913 3.8917230000000005e-17
23.468491 3.7911090000000003e-17
23.637841 3.7889680000000006e-17
23.807191 3.7890450000000003e-17
23.976548 3.659988e-17
24.1459 3.656898e-17
24.315259 3.683693e-17
24.484609 3.6875220000000005e-17
24.653959 3.6187040000000005e-17
24.82332 3.5673880000000006e-17
24.99267 3.454374e-17
25.16202 3.4273160000000004e-17
25.331381 3.385371e-17
25.500731 3.28733e-17
25.670089 3.2437220000000004e-17
25.839439 3.140288e-17
26.008789 3.22628e-17
26.17815 3.1563680000000005e-17
26.3475 3.0452680000000005e-17
26.51685 3.090958e-17
26.686209 3.114047e-17
26.855559 2.997901e-17
27.024919 2.998859e-17
27.194269 2.956383e-17
27.363622 2.8885490000000004e-17
27.532981 2.8560840000000005e-17
27.702328 2.797017e-17
27.871678 2.901514e-17
28.041041 2.8075140000000005e-17
28.210391 2.853512e-17
28.37975 2.7458790000000002e-17
28.5491 2.7747760000000004e-17
28.71845 2.7532030000000002e-17
28.887809 2.5971850000000003e-17
29.057159 2.6566050000000002e-17
29.226509 2.637847e-17
29.395869 2.5682170000000003e-17
29.565219 2.5480070000000003e-17
29.734578 2.4708230000000003e-17
29.903931 2.5286270000000003e-17
30.073281 2.5010850000000003e-17
30.242641 2.4070600000000002e-17
30.411991 2.3966430000000003e-17
30.581341 2.4438800000000003e-17
30.7507 2.444737e-17
30.92005 2.42942e-17
31.089409 2.379638e-17
31.258759 2.3172770000000003e-17
31.428109 2.3572670000000003e-17
31.597469 2.361128e-17
31.766822 2.263332e-17
31.936172 2.253482e-17
32.105531 2.159277e-17
32.274878 2.2453750000000003e-17
32.444241 2.2202510000000003e-17
32.613591 2.225633e-17
32.782941 2.1892900000000002e-17
32.9523 2.1281190000000002e-17
33.12165 2.1424920000000003e-17
33.291 2.255948e-17
33.460363 2.246701e-17
33.629713 2.137992e-17
33.799069 2.088455e-17
33.968419 2.0518660000000003e-17
34.137772 2.086353e-17
34.307128 2.0800810000000002e-17
34.476478 2.066181e-17
34.645828 1.9958e-17
34.815191 2.123593e-17
34.984538 2.025157e-17
35.0 1.9866920000000003e-17
36.0 1.901008e-17
37.0 1.821219e-17
38.0 1.7467750000000002e-17
39.0 1.677191e-17
40.0 1.6120370000000002e-17
41.0 1.550932e-17
42.0 1.493532e-17
43.0 1.439534e-17
44.0 1.3886630000000002e-17
45.0 1.3406740000000002e-17
46.0 1.2953440000000001e-17
47.0 1.2524730000000002e-17
48.0 1.2118790000000001e-17
49.0 1.1733970000000002e-17
50.0 1.1368790000000001e-17
51.0 1.102187e-17
52.0 1.069197e-17
53.0 1.0377940000000001e-17
54.0 1.007876e-17
55.0 9.793457e-18
56.0 9.521155e-18
57.0 9.261045e-18
58.0 9.012382e-18
59.0 8.774477e-18
