906.6899999999999 1.05877
911.61 1.388729
916.53 1.287395
921.46 1.364544
926.38 1.463743
931.3000000000001 1.228324
936.23 1.405985
941.1500000000001 1.562865
946.0699999999999 1.522802
951.0 1.53052
955.92 2.687203
960.84 1.550418
965.77 1.714803
970.69 1.408504
975.6099999999999 2.382204
980.5400000000001 2.223793
985.4599999999999 1.742502
990.38 2.272112
995.31 1.828576
1019.92 1.741678
1024.8500000000001 1.940447
1029.77 4.352635
1034.7 5.069479
1039.62 5.329927
1044.54 2.369681
1049.47 2.099972
1054.39 1.727405
1059.31 1.658884
1064.24 1.305278
1069.16 1.350376
1074.08 1.669044
1079.01 1.582147
1083.93 1.793514
1088.85 1.552497
1093.78 1.441951
1098.7 1.446592
1103.6200000000001 1.334644
1108.55 1.334777
1113.47 1.264576
1118.3899999999999 1.472427
1123.32 1.424543
1128.24 1.359765
1133.16 1.514386
1138.09 1.533334
1143.01 1.609232
1147.93 1.668384
1152.86 1.57904
1157.78 1.543865
1164.45 1.81415
1169.54 1.646093
1174.6299999999999 1.816721
1179.73 1.74218
1184.82 2.29081
1210.29 4.51423
1215.3799999999999 8.891937
1220.48 7.014841
1225.58 5.36028
1230.6699999999998 3.702327
1235.77 2.250389
1240.8700000000001 2.118941
1245.97 2.637284
1251.07 2.265609
1256.17 2.07787
1261.27 1.745691
1266.37 1.671489
1271.47 1.7961
1276.58 1.659709
1281.68 1.112462
1286.78 1.277283
1291.8899999999999 1.497972
1296.99 1.512691
1302.1 1.458188
1307.2 1.527048
1312.31 1.298338
1317.42 1.559121
1322.52 1.392668
1327.6299999999999 1.395623
1332.74 1.421378
1337.85 1.509257
1342.96 1.39939
1348.0700000000002 1.558356
1353.1799999999998 1.481739
1358.29 1.484382
1363.3999999999999 1.440647
1368.51 1.437771
1373.6200000000001 1.524267
1378.74 1.423321
1383.8500000000001 1.491429
1388.9599999999998 1.537101
1394.0800000000002 1.77555
1399.1899999999998 1.794563
1404.3 1.833992
1409.42 1.650819
1414.54 1.442265
1419.65 1.43542
1424.77 1.462983
1429.89 1.323937
1435.0 1.351059
1440.1200000000001 1.364316
1445.2400000000002 1.291875
1450.36 1.36071
1455.48 1.294209
1460.6 1.370465
1465.72 1.38848
1470.84 1.2745
1475.96 1.491889
1481.08 1.645577
1486.2 1.580566
1491.32 1.711301
1496.44 1.607209
1501.5600000000002 1.569891
1506.69 1.739051
1511.8100000000002 1.661063
1516.9299999999998 2.19592
1522.0600000000002 1.900514
1527.1799999999998 2.286287
1532.3100000000002 2.835482
1537.4299999999998 3.154102
1542.56 3.355637
1547.6799999999998 4.512716
1552.81 5.12735
1557.9299999999998 4.181346
1563.06 3.880881
1568.1899999999998 3.034852
1573.31 2.415467
1578.44 2.173264
1583.57 2.179836
1588.7 1.947784
1593.82 1.828097
1598.95 1.682429
1604.08 1.626856
1609.21 1.608852
1614.34 1.510525
1619.47 1.451786
1624.6 1.437008
1629.73 1.684774
1634.86 1.367089
1639.99 1.690977
1645.12 1.387493
1650.25 1.437896
1655.3799999999999 1.418197
1660.51 1.456557
1665.6499999999999 1.521898
1670.78 1.413061
1675.9099999999999 1.403175
1681.04 1.27451
1686.1799999999998 1.197064
1691.31 1.098523
1696.4399999999998 1.070358
1701.57 1.114327
1706.7099999999998 1.047257
1711.84 0.9951822
1716.9799999999998 1.138944
1722.1100000000001 1.096294
1727.2399999999998 1.179779
1732.38 1.160078
1737.51 1.09897
1742.65 1.030171
1747.78 1.05967
1752.92 1.064246
1758.05 1.32958
1763.19 1.115671
1768.32 1.155078
1770.66 1.05897
1776.5600000000002 1.078247
1782.4599999999998 1.050782
1788.37 1.071923
1794.27 1.069932
1800.17 1.095712
1806.07 1.129739
1811.98 1.099509
1817.88 1.076812
1823.7800000000002 1.064354
1829.6799999999998 1.055796
1835.58 1.074436
1841.49 1.033595
1847.3899999999999 1.043286
1853.29 1.11497
1859.19 1.060476
1865.1000000000001 1.117447
1870.9999999999998 1.176222
1876.8999999999999 1.201083
1882.8 1.298334
1888.7 1.431945
1894.61 1.561341
1900.51 1.741171
1906.41 1.997894
1912.3100000000002 1.947655
1918.22 1.540209
1924.12 1.287091
1930.02 1.15231
1935.9199999999998 1.058045
1941.82 1.001777
1947.73 0.6914314
1977.24 0.9218969
1983.1399999999999 0.9155135
1989.04 0.9032068
1994.94 0.8891211
2000.8500000000001 0.8965014
2006.75 0.8855016
2012.65 0.8701731
2018.55 0.8512429
2024.45 0.8431813
2030.36 0.8316717
2036.26 0.8213852
2042.16 0.8111079
2048.06 0.8079711
2053.97 0.8220918
2059.87 0.8440871
2065.77 0.8762912
2071.67 0.8899463
2077.57 0.9380484
2083.48 0.9614976
2089.38 0.9227882
2095.2799999999997 0.8777173
2101.18 0.8343595
2107.09 0.8384285
2112.99 0.8536715
2118.89 0.8983998
2124.79 0.9347595
2130.69 0.9147306
2136.6 0.8504593
2142.5 0.7991762
2148.4 0.7470209
2154.3 0.7400686
2160.21 0.7731987
2166.11 0.8068648
2172.01 0.8356858
2177.9100000000003 0.8256518
2183.81 0.7934457
2189.72 0.8260134
2195.62 0.8126713
2201.52 0.8242713
2207.42 0.8576207
2213.33 0.8396968
2219.23 0.8373895
2225.13 0.9673445
2231.0299999999997 0.7563671
2236.93 0.9355156
2242.84 0.7944254
2248.74 0.7863192
2254.64 0.8244418
2260.54 0.8783177
2266.4500000000003 0.8616288
2272.35 0.9890831
2278.25 0.953823
2284.15 0.9314946
2290.0499999999997 0.9510236
2295.96 0.9885237
2301.86 0.8695612
2307.76 0.8352053
2313.66 0.9814138
2319.56 0.994371
2325.4700000000003 0.9287551
2331.37 1.014745
2337.27 0.939677
2343.17 0.8567811
2349.08 0.9222739
2354.98 1.046282
2360.88 0.8972891
2366.78 0.9168328
2372.6800000000003 0.9408664
2378.5899999999997 0.9328986
2384.49 0.8836095
2390.39 0.9443853
2396.29 0.8693349
2402.2 0.9164649
2408.1 0.9255828
2414.0 0.9518235
2419.9 1.027691
2425.7999999999997 1.030892
2431.71 0.9901428
2437.61 0.9996548
2443.51 0.9975535
2449.41 0.9989691
2455.32 1.075606
2461.2200000000003 1.043479
2467.12 0.994708
2473.02 1.026826
2478.92 1.020889
2484.83 1.034496
2490.73 0.9901074
2496.63 0.9663998
2502.53 1.011421
2508.44 1.028798
2514.3399999999997 0.9590198
2520.2400000000002 1.006768
2526.14 1.004596
2532.04 0.9716421
2537.95 0.9062781
2543.85 0.8654642
2549.75 0.8665734
2555.65 0.8871833
2561.55 0.8573519
2567.4599999999996 0.9335084
2573.36 0.9300303
2579.2599999999998 0.9321671
2585.1600000000003 0.9080771
2591.0699999999997 0.9227445
2596.9700000000003 0.913409
2602.87 0.9076588
2608.7700000000004 0.9079816
2614.67 0.8974014
2620.58 0.9194575
2626.48 0.9146596
2632.38 0.9227471
2638.28 0.8846772
2644.19 0.8891583
2650.09 0.8862901
2655.99 0.853663
2661.89 0.8365266
2667.79 0.8576834
2673.7 0.8422638
2679.6 0.869809
2685.5 0.8424629
2691.4 0.8619384
2697.31 0.8852395
2703.2099999999996 0.9224334
2709.11 0.9150647
2715.0099999999998 0.9355512
2720.9100000000003 0.9594401
2726.8199999999997 0.9489857
2732.7200000000003 0.9876858
2738.62 1.006451
2744.5199999999995 0.963673
2750.43 0.8805363
2756.3300000000004 0.9115472
2762.23 1.039735
2768.1299999999997 1.156042
2774.03 1.318543
2779.94 1.522123
2785.84 1.599687
2791.74 1.695102
2797.6400000000003 1.774156
2803.55 1.739726
2809.45 1.537434
2815.35 1.381186
2821.25 1.219822
2827.15 1.18466
2833.06 1.136532
2838.96 1.089343
2844.86 0.999199
2850.7599999999998 0.9684329
2856.67 0.9408498
2862.5699999999997 0.917557
2868.4700000000003 0.8845117
2874.37 0.9233213
2880.27 0.8564292
2886.18 0.8308806
2892.0800000000004 0.838844
2897.98 0.8196393
2903.8799999999997 0.8470338
2909.78 0.8663411
2915.69 0.8588816
2921.59 0.8827263
2927.49 0.8737422
2933.3900000000003 0.8546381
2939.3 0.8631699
2945.2 0.8649905
2951.1 0.8735171
2957.0 0.8433383
2962.9 0.8627848
2968.81 0.8817521
2974.71 0.8493532
2980.61 0.8795
2986.51 0.8142934
2992.42 0.8258817
2998.3199999999997 0.7865421
3004.2200000000003 0.3101725
3010.12 0.4121078
3016.02 0.7441662
3021.93 0.7951802
3027.8300000000004 0.7799718
3033.73 0.7813
3039.6299999999997 0.7953442
3045.54 0.7772906
3051.44 0.8149371
3057.34 0.8490203
3063.24 0.8627164
3069.1400000000003 0.7837945
3075.0499999999997 0.7936133
3080.9500000000003 0.7834228
3086.85 0.8057424
3092.75 0.8257117
3098.66 0.8214277
3104.56 0.8092586
3110.46 0.8505351
3116.36 0.8187364
3122.26 0.8109044
3128.17 0.8291884
3134.0699999999997 0.7757719
3139.9700000000003 0.860329
3145.87 0.765354
3167.51 0.7480618
3187.1899999999996 0.7318465
3206.86 0.7283922
3226.54 0.7119858
3248.18 0.6677675
3254.08 0.6833928
3259.98 0.6681269
3265.88 0.6466494
3271.79 0.6550311
3277.6899999999996 0.6572098
3283.59 0.6410039
3289.49 0.6415535
3295.4 0.6658386
3301.2999999999997 0.6498086
3307.2000000000003 0.6523545
3313.1 0.6374807
3318.9999999999995 0.6348765
3324.91 0.6395212
3330.81 0.6210426
3336.71 0.628048
3342.6099999999997 0.6446897
3348.52 0.6703762
3354.42 0.6453636
3360.32 0.6109281
3366.22 0.6095878
3372.12 0.6343659
3378.03 0.6329593
3383.93 0.6253723
3389.83 0.6047676
3395.73 0.6200228
3401.6400000000003 0.6405107
3407.54 0.6346085
3413.4399999999996 0.6402396
3419.34 0.6473264
3425.24 0.7343017
3431.15 0.7630425
3437.0499999999997 0.6776007
3442.9500000000003 0.64316
3448.85 0.6247267
3454.7499999999995 0.6306401
3460.66 0.6401543
3466.5600000000004 0.616584
3472.46 0.6362375
3478.3599999999997 0.6061062
3484.27 0.6114285
3490.17 0.6195254
3496.07 0.5935454
3501.97 0.618888
3507.8700000000003 0.6225084
3513.78 0.6162055
3519.68 0.6147727
3525.58 0.5856294
3531.48 0.5876997
3537.3900000000003 0.605274
3543.29 0.6014165
3549.19 0.609446
3555.09 0.6053369
3560.99 0.6042327
3566.9 0.581646
3572.7999999999997 0.5723901
3578.7000000000003 0.5837382
3584.6 0.5892881
3590.51 0.5933412
3596.41 0.5877907
3602.3100000000004 0.6038985
3608.21 0.5821886
3614.1099999999997 0.5757698
3620.02 0.5908428
3625.92 0.6071481
3631.82 0.6005291
3637.72 0.5813882
3643.63 0.592545
3649.53 0.5850823
3655.4300000000003 0.5894566
3661.33 0.5845087
3667.23 0.5975356
3673.14 0.5801339
3679.04 0.5829787
3684.94 0.5666023
3690.84 0.5803735
3696.7400000000002 0.5895087
3702.65 0.5640273
3708.5499999999997 0.5657778
3714.4500000000003 0.5824382
3720.35 0.5839288
3726.26 0.6772476
3732.16 0.6668364
3738.0600000000004 0.5777585
3742.58 0.6242405
3748.36 0.6138542
3754.15 0.6374643
3759.94 0.6891304
3765.7200000000003 0.594014
3771.51 0.6106392
3777.29 0.6344247
3783.08 0.6454583
3788.87 0.6180694
3794.65 0.5980337
3800.44 0.5789587
3806.2200000000003 0.6190174
3812.01 0.6354989
3817.8 0.6024274
3823.58 0.593086
3829.3700000000003 0.5725655
3835.15 0.5541629
3840.94 0.5555981
3846.73 0.5979405
3852.51 0.6150271
3858.3 0.6649686
3864.09 0.813312
3869.8700000000003 0.8901383
3875.6600000000003 0.6685444
3881.44 0.6086066
3887.23 0.6202589
3893.02 0.6402582
3898.8 0.6020823
3904.59 0.5991553
3910.3700000000003 0.6201334
3916.1600000000003 0.6037727
3921.9500000000003 0.5861172
3927.73 0.5530201
3933.52 0.5209641
3939.31 0.5220889
3945.09 0.5850615
3950.88 0.591042
3956.6600000000003 0.5869985
3962.4500000000003 0.5774783
3968.2400000000002 0.6136445
3974.02 0.5572484
3979.81 0.5951751
3985.59 0.6233306
3991.38 0.615597
3997.17 0.6379237
4002.9500000000003 0.6312276
4008.7400000000002 0.6339506
4014.52 0.6300317
4020.3100000000004 0.6435309
4026.1000000000004 0.6440002
4031.88 0.6453041
4037.67 0.6458577
4043.46 0.6524583
4049.2400000000002 0.6267187
4055.03 0.6388461
4060.8100000000004 0.6453355
4066.6000000000004 0.6914874
4072.3900000000003 0.7190749
4078.17 0.6675353
4083.96 0.6657319
4089.7400000000002 0.6583436
4095.53 0.6398919
4101.32 0.6595893
4107.1 0.6594074
4112.89 0.6197574
4118.67 0.6293375
4124.46 0.6280485
4130.25 0.623463
4136.03 0.598595
4141.82 0.6194302
4147.61 0.6239687
4153.39 0.5933501
4159.18 0.6117725
4164.96 0.6272629
4170.75 0.6090135
4176.54 0.6036029
4182.32 0.6098376
4188.11 0.6086679
4193.89 0.611828
4199.68 0.5805433
4205.47 0.6073763
4211.25 0.6071895
4217.04 0.5964304
4222.82 0.5913151
4228.61 0.5631677
4234.4 0.5985816
4240.18 0.6111439
4245.97 0.6075178
4251.76 0.5992757
4257.54 0.5822752
4263.33 0.5984632
4269.11 0.602906
4274.9 0.604691
4280.69 0.609375
4286.47 0.6014299
4292.26 0.5949613
4298.04 0.5917135
4303.83 0.5784982
4309.62 0.5841754
4315.4 0.6327015
4321.19 0.6546537
4326.9800000000005 0.6305998
4332.76 0.6623173
4338.55 0.6937413
4344.33 0.6994692
4350.12 0.6702577
4355.91 0.7094904
4361.69 0.7804491
4367.4800000000005 0.7118762
4373.26 0.6332184
4379.05 0.6284011
4384.84 0.5885982
4390.62 0.6007977
4396.41 0.5982092
4402.1900000000005 0.613401
4407.9800000000005 0.6201282
4413.77 0.649155
4419.55 0.6366069
4425.34 0.6393119
4431.13 0.6327172
4436.91 0.626434
4442.7 0.6323692
4448.4800000000005 0.6445185
4454.27 0.6341454
4460.06 0.6094292
4465.84 0.6279572
4471.63 0.6532174
4477.41 0.6566908
4483.2 0.6514891
4488.99 0.6632873
4494.77 0.6605809
4500.56 0.6547124
4506.34 0.67042
4512.13 0.6849507
4517.92 0.6859489
4523.7 0.6715418
4529.49 0.6387967
4535.28 0.6432934
4541.06 0.6628391
4546.85 0.6518364
4552.63 0.6544359
4558.42 0.6751042
4564.21 0.6694898
4569.99 0.6704674
4575.78 0.6633124
4581.56 0.6665012
4587.35 0.6612016
4593.14 0.6666513
4598.92 0.6770111
4604.71 0.6795877
4610.49 0.6849472
4616.28 0.7018893
4622.07 0.6935784
4627.85 0.6950808
4633.64 0.7048862
4639.43 0.681621
4645.21 0.6639156
4651.0 0.6697639
4656.78 0.6938416
4662.57 0.6893275
4668.36 0.6555699
4674.14 0.6697019
4679.93 0.6897533
4685.71 0.7168129
4691.5 0.68991
4697.29 0.6717811
4703.07 0.6620631
4708.860000000001 0.6618998
4714.650000000001 0.6669758
4720.43 0.6733377
4726.22 0.702165
4732.0 0.6642819
4737.79 0.6831128
4743.58 0.6976455
4749.360000000001 0.6917882
4755.150000000001 0.680431
4760.93 0.6728868
4766.72 0.6875415
4772.51 0.7013035
4778.29 0.721597
4784.08 0.7315327
4789.860000000001 0.7350975
4795.650000000001 0.7682216
4801.4400000000005 0.7676241
4807.22 0.7930695
4813.01 0.794923
4818.79 0.8273755
4824.58 0.8381418
4830.37 0.838235
4836.150000000001 0.8198883
4841.9400000000005 0.812264
4847.7300000000005 0.8187749
4853.51 0.8586951
4859.3 0.9698924
4865.08 0.9696622
4870.87 0.7947565
4876.66 0.7584484
4882.4400000000005 0.7777276
4888.2300000000005 0.7578443
4894.009999999999 0.7635045
4899.8 0.7728935
4905.59 0.7676431
4911.37 0.7434427
4917.16 0.7204518
4922.95 0.7023805
4928.7300000000005 0.7406234
4934.52 0.7486776
4940.3 0.7399056
4946.09 0.7997444
4951.88 0.9805793
4957.66 1.426104
4963.45 1.226635
4969.2300000000005 0.7797394
4975.02 0.7335547
4980.81 0.7044653
4986.59 0.7148391
4992.38 0.8169039
4998.16 1.141596
5003.950000000001 2.350525
5009.740000000001 2.655932
5015.5199999999995 1.071042
5021.3099999999995 0.6938091
5027.099999999999 0.662298
5032.879999999999 0.6673736
5038.669999999999 0.6396772
5044.450000000001 0.624892
5050.240000000001 0.6415174
5056.030000000001 0.6368144
5061.8099999999995 0.6571356
5067.599999999999 0.6350174
5073.379999999999 0.6263609
5079.169999999999 0.6226041
5084.959999999999 0.616825
5090.740000000001 0.6314027
5096.530000000001 0.625177
5102.3099999999995 0.6048038
5108.099999999999 0.6190398
5113.889999999999 0.6258858
5119.669999999999 0.6358319
5125.459999999999 0.6084118
5131.250000000001 0.6021205
5137.030000000001 0.6134549
5142.820000000001 0.6175342
5148.599999999999 0.6192015
5154.389999999999 0.6315356
5160.179999999999 0.6439832
5165.960000000001 0.6015098
5171.750000000001 0.5502183
5177.53 0.5702556
5183.32 0.5601841
5189.11 0.568849
5194.889999999999 0.5992859
5200.679999999999 0.6204199
5206.469999999999 0.5902303
5212.250000000001 0.5894464
5218.040000000001 0.6169177
5223.82 0.6138626
5229.61 0.6051722
5235.4 0.6163842
5241.179999999999 0.6331469
5246.969999999999 0.6320929
5252.750000000001 0.6375024
5258.540000000001 0.6246376
5264.330000000001 0.6096134
5270.11 0.578926
5275.9 0.6211266
5281.679999999999 0.6459509
5287.469999999999 0.6511498
5293.259999999999 0.6643366
5299.04 0.6413542
5304.83 0.6507702
5310.62 0.6745175
5316.4 0.6556277
5322.19 0.6502862
5327.969999999999 0.6224364
5333.759999999999 0.6370775
5339.549999999999 0.643823
5345.33 0.6363542
5351.12 0.6396452
5356.9 0.6595132
5362.69 0.6585146
5368.48 0.6504823
5374.259999999999 0.6386498
5380.049999999999 0.6436152
5385.83 0.6493849
5391.62 0.6359247
5397.41 0.6201667
5403.19 0.6193239
5408.98 0.6171654
5414.7699999999995 0.6367789
5420.549999999999 0.6461822
5426.339999999999 0.6431066
5432.12 0.6359612
5437.91 0.6287203
5443.7 0.6423989
5449.48 0.623941
5455.2699999999995 0.6145364
5461.049999999999 0.6321026
5466.839999999999 0.6349412
5472.63 0.6328199
5478.41 0.6246691
5484.2 0.628735
5489.98 0.6480677
5495.7699999999995 0.642976
5501.5599999999995 0.64318
5507.339999999999 0.633483
5513.13 0.6340922
5518.92 0.631688
5524.7 0.64966
5530.49 0.645831
5536.2699999999995 0.6472044
5542.0599999999995 0.6479934
5547.849999999999 0.6463053
5553.63 0.6573161
5559.42 0.6446241
5565.2 0.6420228
5570.99 0.627171
5576.78 0.6327409
5582.5599999999995 0.640021
5588.349999999999 0.6102024
5594.139999999999 0.6190043
5599.92 0.6264396
5605.71 0.6331573
5611.49 0.6420522
5617.28 0.6317736
5623.07 0.623479
5628.849999999999 0.6306906
5634.639999999999 0.6394479
5640.42 0.623399
5646.21 0.6360738
5652.0 0.6459545
5657.78 0.6295114
5663.57 0.6255574
5669.349999999999 0.6385236
5675.139999999999 0.6553209
5680.929999999999 0.6490347
5686.71 0.6451793
5692.5 0.6439447
5698.29 0.6401309
5704.07 0.6319121
5709.86 0.628175
5715.639999999999 0.6606983
5721.429999999999 0.6813995
5727.219999999999 0.6678221
5733.0 0.6583438
5738.79 0.6580963
5744.57 0.6589237
5750.36 0.6649761
5756.15 0.6638626
5761.929999999999 0.6543721
5767.719999999999 0.6608114
5773.5 0.6595259
5779.29 0.6535975
5785.08 0.6270431
5790.86 0.6510927
5796.65 0.6519112
5802.44 0.6542678
5808.219999999999 0.6575912
5814.009999999999 0.6626123
5819.79 0.6571722
5825.58 0.6830444
5831.37 0.6801109
5837.15 0.6785746
5842.94 0.6743966
5848.719999999999 0.6735648
5854.51 0.6456242
5860.3 0.6399912
5866.08 0.6650716
5871.87 0.6754146
5877.66 0.6877758
5883.44 0.6448202
5889.23 0.5927865
5895.01 0.5736501
5900.8 0.6007479
5906.59 0.6349575
5912.37 0.6359018
5918.16 0.6369539
5923.94 0.6436113
5929.73 0.6533378
5935.5199999999995 0.6416097
5941.3 0.6493483
5947.09 0.6416454
5952.87 0.6346048
5958.66 0.6421527
5964.45 0.6437105
5970.23 0.6415655
5976.0199999999995 0.6426177
5981.8099999999995 0.6355116
5987.59 0.6466685
5993.38 0.6350273
5999.16 0.6375418
6004.95 0.6323769
6010.74 0.6284903
6016.5199999999995 0.6257313
6022.3099999999995 0.6239644
6028.09 0.6391353
6033.88 0.6458904
6039.67 0.647113
6045.45 0.6268697
6051.24 0.6435839
6057.0199999999995 0.6294057
6062.8099999999995 0.6404548
6068.599999999999 0.6445164
6074.38 0.6503259
6080.17 0.6676482
6085.96 0.6866529
6091.74 0.6506081
6097.53 0.634496
6103.3099999999995 0.630091
6109.099999999999 0.6224335
6114.889999999999 0.6249373
6120.67 0.6175589
6126.46 0.6187187
6132.24 0.6216352
6138.03 0.6013513
6143.82 0.6171994
6149.599999999999 0.6159791
6155.389999999999 0.6161402
6161.17 0.5905762
6166.96 0.5764553
6172.75 0.5764151
6178.53 0.5958128
6184.32 0.5977832
6190.11 0.586343
6195.889999999999 0.5872294
6201.68 0.6070023
6207.46 0.602832
6213.25 0.5976664
6219.04 0.5832089
6224.82 0.5857741
6230.61 0.5800741
6236.39 0.5965602
6242.18 0.5899734
6247.97 0.5778628
6253.75 0.5843935
6259.54 0.5775454
6265.33 0.5827699
6271.11 0.6002637
6276.9 0.6022744
6282.68 0.5992623
6288.47 0.611007
6294.26 0.6604918
6300.04 0.7217275
6305.83 0.693672
6311.61 0.6379459
6317.4 0.6184415
6323.19 0.613304
6328.97 0.6186845
6334.76 0.6083064
6340.54 0.6184058
6346.33 0.6110685
6352.12 0.6302123
6357.9 0.619576
6363.69 0.6317557
6369.48 0.6434311
6375.26 0.6441488
6381.05 0.6324155
6386.83 0.6315915
6392.62 0.6321436
6398.41 0.6210927
6404.19 0.6178076
6409.98 0.6187967
6415.76 0.6238089
6421.55 0.6200277
6427.34 0.6442124
6433.12 0.6497192
6438.91 0.6697108
6444.69 0.6738373
6450.48 0.7006085
6456.2699999999995 0.7279309
6462.05 0.7466362
6467.84 0.7720766
6473.63 0.7938713
6479.41 0.8118753
6485.2 0.8380618
6490.98 0.8622573
6496.7699999999995 0.8896739
6502.5599999999995 0.9613246
6508.34 1.010557
6514.13 1.067923
6519.91 1.100859
6525.7 1.112135
6531.49 1.123171
6537.2699999999995 1.11818
6543.06 1.170236
6548.85 1.275242
6554.63 1.378323
6560.42 1.627193
6566.2 1.889829
6571.99 1.3478
6577.78 1.161093
6583.56 1.432314
6589.35 1.348581
6595.13 1.017859
6600.92 0.9153348
6606.71 0.9036972
6612.49 0.8757743
6618.28 0.846757
6624.06 0.8269458
6629.85 0.805138
6635.64 0.7788454
6641.42 0.7618624
6647.21 0.7534274
6653.0 0.7409101
6658.78 0.7283534
6664.57 0.726574
6670.35 0.7214885
6676.14 0.7125676
6681.93 0.7119159
6687.71 0.7021776
6693.5 0.6815363
6699.28 0.6630787
6705.07 0.6674455
6710.86 0.6947128
6716.64 0.7714955
6722.43 0.772111
6728.21 0.7296373
6734.0 0.7694076
6739.79 0.6861421
6745.57 0.609328
6751.36 0.5871873
6757.15 0.5115419
6762.93 0.5175482
6768.72 0.5613093
6774.5 0.5625126
6780.29 0.5514534
6786.08 0.5637358
6791.86 0.553858
6797.65 0.565052
6803.43 0.5769165
6809.22 0.5789932
6815.01 0.5862152
6820.79 0.5914267
6826.58 0.5717975
6832.36 0.5748753
6838.15 0.5791239
6843.94 0.5781398
6849.72 0.5915773
6855.51 0.5827144
6861.3 0.5864852
6867.08 0.588851
6872.87 0.5736638
6878.65 0.5810945
6884.44 0.5713677
6890.2300000000005 0.5807169
6896.01 0.5903467
6901.8 0.5901783
6907.58 0.5806288
6913.37 0.5910889
6919.16 0.5805222
6924.9400000000005 0.5819707
6930.7300000000005 0.5836291
6936.52 0.582614
6942.3 0.6010762
6948.09 0.6002868
6953.87 0.5857407
6959.66 0.5854894
6965.45 0.584795
6971.2300000000005 0.6070272
6977.02 0.5993561
6982.8 0.5924287
6988.59 0.6035165
6994.38 0.6122507
7000.16 0.6127173
7005.95 0.6075284
7011.7300000000005 0.6041273
7017.52 0.6076487
7023.31 0.6040862
7029.09 0.5996999
7034.88 0.6085434
7040.67 0.6134001
7046.45 0.607639
7052.24 0.6115011
7058.02 0.5954462
7063.81 0.582495
7069.6 0.5720562
7075.38 0.5497757
7081.17 0.5680236
7086.95 0.5644741
7092.74 0.5564529
7098.53 0.5686396
7104.31 0.5691791
7110.1 0.574087
7115.88 0.5582211
7121.67 0.5711366
7127.46 0.5789417
7133.24 0.5838035
7139.03 0.594243
7144.82 0.5767799
7150.6 0.5714833
7156.39 0.5666616
7162.17 0.5628788
7167.96 0.5616058
7173.75 0.544069
7179.53 0.5649709
7185.32 0.5589463
7191.1 0.5525949
7196.89 0.5507488
7202.68 0.5585588
7208.46 0.5542803
7214.25 0.5574066
7220.04 0.577651
7225.82 0.5764766
7231.610000000001 0.5819524
7237.39 0.5906157
7243.18 0.5703496
7248.97 0.5885909
7254.75 0.5836721
7260.54 0.5879048
7266.32 0.5810639
7272.110000000001 0.5868818
7277.900000000001 0.5837039
7283.68 0.5758394
7289.47 0.568198
7295.25 0.574525
7298.87 0.5838756
7308.89 0.5632752
7318.73 0.5637572
7328.57 0.5624013
7338.400000000001 0.564732
7348.240000000001 0.5633764
7358.08 0.5648234
7367.91 0.5653629
7381.8099999999995 0.5713879
7386.91 0.5651425
7392.01 0.5552858
7397.120000000001 0.5494835
7402.23 0.5562822
7407.35 0.5568209
7412.47 0.5540401
7417.589999999999 0.5501775
7422.71 0.5462491
7427.84 0.5479964
7432.9800000000005 0.5491551
7438.11 0.5564211
7443.25 0.5560516
7448.4 0.5636143
7453.54 0.5580796
7458.69 0.5624759
7463.849999999999 0.5569623
7469.0 0.5532423
7474.17 0.5501154
7479.33 0.5496869
7484.499999999999 0.5607316
7489.67 0.5675634
7494.849999999999 0.5605126
7500.0199999999995 0.558187
7505.21 0.5608874
7510.39 0.5609815
7515.58 0.5597353
7520.780000000001 0.5577463
7525.969999999999 0.5615862
7531.17 0.5596684
7536.38 0.5590324
7541.59 0.5607737
7546.8 0.5658935
7552.01 0.5681465
7557.2300000000005 0.5580675
7562.45 0.5573451
7567.68 0.5591935
7572.910000000001 0.5606678
7578.14 0.5646872
7583.379999999999 0.5584598
7588.620000000001 0.5595711
7593.86 0.5498797
7599.11 0.5509891
7604.36 0.5425074
7609.62 0.5442568
7614.87 0.5451715
7620.139999999999 0.5406832
7625.4 0.5436268
7630.67 0.5420611
7635.94 0.5482022
7641.219999999999 0.5471907
7646.500000000001 0.5401134
7651.780000000001 0.5408182
7657.070000000001 0.536553
7662.360000000001 0.5271093
7667.66 0.5264511
7672.96 0.5236215
7678.26 0.5301341
7683.56 0.5345368
7688.87 0.5314575
7694.19 0.5335529
7699.5 0.5332405
7704.82 0.5278076
7710.15 0.5332609
7715.4800000000005 0.5244913
7720.81 0.5209245
7726.14 0.5328552
7731.48 0.5296025
7736.83 0.532314
7742.17 0.5371058
7747.5199999999995 0.5378342
7752.87 0.5320449
7758.2300000000005 0.5324101
7763.59 0.518915
7768.96 0.5292014
7774.330000000001 0.5283796
7779.700000000001 0.5286442
7785.07 0.531386
7790.45 0.5291767
7795.84 0.5250132
7801.22 0.5276278
7806.610000000001 0.5318314
7812.01 0.5332192
7817.41 0.5315379
7822.81 0.542437
7828.21 0.5358816
7833.62 0.5351706
7839.040000000001 0.528898
7844.45 0.5296308
7849.88 0.5324845
7855.299999999999 0.5309479
7860.7300000000005 0.5333693
7866.16 0.5319831
7871.59 0.5326774
7877.030000000001 0.5259671
7882.48 0.5297702
7887.92 0.5345927
7893.38 0.5364614
7898.83 0.5316327
7904.290000000001 0.5235538
7909.75 0.5206508
7915.21 0.5130614
7920.68 0.511817
7926.16 0.5118537
7931.639999999999 0.5114307
7937.110000000001 0.5120725
7942.599999999999 0.5108816
7948.09 0.5101445
7953.58 0.5066393
7959.08 0.5107833
7964.58 0.5134282
7968.52 0.5471271
7974.47 0.5240088
7980.429999999999 0.4919325
7986.39 0.5215855
7992.34 0.5343928
7998.29 0.5333142
8003.61 0.5198033
8010.509999999999 0.4963647
8017.410000000001 0.522934
8024.31 0.5111129
8031.21 0.5103517
8038.110000000001 0.5290753
8045.01 0.5359067
8051.9 0.5305015
8058.8 0.5342428
8065.7 0.5457759
8072.589999999999 0.548255
8079.48 0.5186032
8086.370000000001 0.5316207
8093.26 0.5351663
8100.150000000001 0.5231896
8107.04 0.5124755
8113.93 0.5136156
8120.82 0.4979366
8127.71 0.5225805
8134.59 0.5273552
8141.48 0.5153111
8148.36 0.5124793
8155.240000000001 0.5065172
8162.120000000001 0.5315043
8169.01 0.5084668
8175.89 0.5280628
8182.77 0.5100761
8189.650000000001 0.5059231
8196.52 0.503208
8203.4 0.5334086
8210.28 0.5241255
8217.15 0.5131725
8224.03 0.5256199
8230.9 0.5144868
8237.77 0.5173902
8244.65 0.5109034
8251.52 0.5293065
8258.39 0.5233959
8265.25 0.518022
8272.13 0.5241011
8278.99 0.5232132
8285.86 0.5293993
8292.73 0.5225641
8299.59 0.5138623
8306.46 0.5275525
8313.32 0.5176283
8320.189999999999 0.4999166
8327.050000000001 0.5146867
8333.91 0.5154488
8340.77 0.5223785
8347.630000000001 0.5148265
8354.49 0.5184176
8361.35 0.5281362
8368.210000000001 0.5302605
8375.07 0.5420054
8381.92 0.5259775
8388.78 0.5468695
8395.64 0.5550645
8402.49 0.5591689
8409.35 0.5552163
8416.2 0.5464368
8423.05 0.5379772
8429.91 0.5408858
8436.75 0.5370642
8443.61 0.535878
8450.46 0.531528
8457.3 0.5355166
8464.15 0.5289745
8471.01 0.5285356
8477.85 0.5318304
8484.699999999999 0.5250436
8491.539999999999 0.5259059
8498.39 0.4817455
8505.23 0.4573527
8512.08 0.4545194
8518.92 0.503356
8525.77 0.4876158
8532.6 0.4907892
8539.449999999999 0.4982827
8546.289999999999 0.4819344
8553.13 0.4903226
8559.97 0.4903261
8566.81 0.4948447
8573.65 0.4961844
8580.48 0.5050497
8587.33 0.4987397
8594.16 0.5081837
8601.0 0.5062609
8607.83 0.4971287
8614.67 0.523276
8621.5 0.5173099
8628.33 0.503082
8635.17 0.5069092
8642.0 0.498597
8648.83 0.5001453
8655.67 0.4928844
8662.5 0.4767531
8669.33 0.4733809
8676.16 0.4615022
8683.0 0.4659082
8689.82 0.4846052
8696.65 0.4757947
8703.48 0.4921494
8710.31 0.4758765
8717.14 0.4918469
8723.96 0.4937624
8730.79 0.4958981
8737.62 0.4958593
8744.44 0.4786788
8751.27 0.4771552
8758.09 0.4886875
8764.92 0.4918834
8771.74 0.4797311
8778.57 0.4780711
8785.39 0.4843138
8792.210000000001 0.4775433
8799.03 0.4767095
8805.86 0.4911411
8812.67 0.4700261
8819.5 0.487974
8826.32 0.49107
8833.140000000001 0.4887843
8839.960000000001 0.4791424
8846.779999999999 0.4712385
8853.6 0.4833342
8860.41 0.4940971
8867.23 0.4869458
8874.06 0.4747862
8880.869999999999 0.4611452
8887.69 0.4821985
8894.51 0.4703651
8901.33 0.4767851
8908.14 0.4849038
8914.95 0.4732502
8921.77 0.4601686
8928.58 0.4828453
8935.4 0.4804616
8942.22 0.472762
8949.02 0.4788222
8955.84 0.4716122
8962.66 0.4885571
8969.470000000001 0.4684059
8976.28 0.4693269
8983.09 0.4589846
8989.91 0.4727819
8996.720000000001 0.4605659
9003.529999999999 0.4631258
9010.34 0.4506718
9017.16 0.4490628
9023.96 0.4596409
9030.78 0.4572052
9037.59 0.4503155
9044.39 0.4963851
9051.21 0.5112904
9058.02 0.5141175
9064.83 0.536908
9071.630000000001 0.6120629
9078.44 0.6362147
9085.25 0.5458904
9092.06 0.5056957
9098.87 0.502941
9105.68 0.4872976
9112.49 0.4951118
9119.289999999999 0.513367
9126.1 0.4987241
9132.91 0.5217217
9139.71 0.5318634
9146.52 0.4892447
9153.33 0.4892688
9160.14 0.495895
9166.94 0.4867144
9173.75 0.4933216
9180.55 0.4942226
9187.36 0.4896444
9194.17 0.4900807
9200.970000000001 0.4871919
9207.78 0.4757093
9214.58 0.4773427
9221.390000000001 0.4621779
9228.199999999999 0.4750236
9235.0 0.4599603
9241.81 0.4605847
9246.56 0.455286
9251.9 0.4727154
9257.24 0.4483455
9262.58 0.4301681
9267.92 0.4617858
9273.26 0.4606235
9278.6 0.4558401
9283.93 0.4624202
9289.269999999999 0.4638279
9294.61 0.4385675
9299.95 0.4542223
9305.29 0.4384831
9310.619999999999 0.4530189
9315.96 0.480303
9321.289999999999 0.4666881
9326.630000000001 0.4533812
9331.960000000001 0.4576843
9337.3 0.466131
9342.64 0.4558414
9347.97 0.4753333
9353.3 0.4767637
9358.64 0.4676823
9363.970000000001 0.4569255
9369.31 0.454867
9374.64 0.4501391
9379.97 0.4446744
9385.3 0.4502983
9390.64 0.4554337
9395.97 0.4584163
9401.310000000001 0.4685775
9406.64 0.4618802
9411.97 0.458895
9417.3 0.4528649
9422.63 0.4500245
9427.96 0.454904
9433.289999999999 0.455537
9438.619999999999 0.4572772
9443.95 0.4580408
9449.28 0.4474353
9454.61 0.4573349
9459.94 0.4573684
9465.27 0.4565738
9470.6 0.4756804
9475.93 0.4675059
9481.25 0.4669853
9486.58 0.4666943
9491.91 0.4653721
9497.24 0.4710966
9502.57 0.4683245
9507.89 0.4679649
9513.22 0.482825
9518.55 0.5055187
9523.880000000001 0.5548746
9529.2 0.677187
9534.53 0.8298364
9539.85 0.8492449
9545.18 0.6970672
9550.5 0.5441653
9555.83 0.4827657
9561.16 0.473661
9566.480000000001 0.4567342
9571.81 0.4593935
9577.130000000001 0.4571962
9582.45 0.4631225
9587.78 0.4585545
9593.1 0.4612265
9598.42 0.4646079
9603.75 0.449773
9609.07 0.4498003
9614.390000000001 0.4527718
9619.710000000001 0.4578339
9625.04 0.457054
9630.35 0.4532088
9635.68 0.4611716
9641.0 0.4521392
9646.32 0.4571044
9651.64 0.4521222
9656.96 0.456985
9662.29 0.4517428
9667.6 0.4483745
9672.92 0.451792
9678.25 0.4538586
9683.56 0.4526513
9688.88 0.4544162
9694.21 0.4551361
9699.52 0.4537301
9704.84 0.4487746
9710.16 0.4436587
9715.48 0.4482878
9720.800000000001 0.4429042
9726.12 0.4484425
9731.43 0.4538333
9736.75 0.4491007
9742.07 0.4415578
9747.39 0.4450206
9752.699999999999 0.4367317
9758.019999999999 0.4393863
9763.34 0.438464
9768.65 0.4350571
9773.960000000001 0.4395206
9779.29 0.4407068
9784.6 0.4425593
9789.92 0.4388313
9795.23 0.4364889
9800.539999999999 0.4327499
9805.859999999999 0.4447795
9811.18 0.446422
9816.49 0.4498828
9821.800000000001 0.4412169
9827.11 0.4465153
9832.44 0.4625722
9837.74 0.4474805
9843.05 0.4470753
9848.36 0.4521255
9853.67 0.457033
9858.99 0.4657745
9864.300000000001 0.4639667
9869.61 0.460495
9874.92 0.4545922
9880.23 0.4590027
9885.55 0.4613269
9890.86 0.4588651
9896.17 0.4626876
9901.48 0.4650474
9906.8 0.4773654
9912.109999999999 0.4861137
9917.42 0.489856
9922.73 0.4848142
9928.04 0.4775813
9933.35 0.4744057
9938.67 0.4686566
9943.98 0.4790403
9949.289999999999 0.471075
9954.6 0.4689161
9959.91 0.4786739
9965.230000000001 0.4764773
9970.539999999999 0.4856361
9975.85 0.4824412
9981.16 0.4742923
9986.47 0.4787964
9991.79 0.4841953
9997.1 0.4747296
10002.41 0.4773767
10007.72 0.4821895
10013.039999999999 0.4747878
10018.35 0.47425
10023.61 0.4822573
10028.87 0.472689
10034.179999999998 0.4754403
10039.499999999998 0.4752141
10044.81 0.4782876
10050.12 0.4884261
10055.43 0.4946755
10060.74 0.4869559
10066.05 0.4766488
10071.369999999999 0.468601
10076.68 0.4691802
10081.99 0.4691223
10087.3 0.4683664
10092.62 0.4635801
10097.93 0.4657066
10103.24 0.4779596
10108.5 0.4720058
10113.76 0.4793457
10119.08 0.4757504
10124.390000000001 0.4901442
10129.699999999999 0.476536
10135.01 0.4833934
10140.32 0.4654182
10145.64 0.4637247
10150.95 0.4626218
10156.259999999998 0.460083
10161.57 0.4673466
10166.880000000001 0.45094
10172.15 0.4563224
10177.41 0.454071
10182.720000000001 0.4521631
10188.029999999999 0.4569987
10193.35 0.4648867
10198.66 0.4604688
10203.97 0.458433
10209.28 0.4613671
10214.589999999998 0.4518778
10219.910000000002 0.4580773
10225.12 0.4595547
10230.429999999998 0.4544352
10235.74 0.4484192
10241.06 0.4544895
10246.37 0.4563913
10251.68 0.4597939
10256.99 0.4565011
10262.3 0.455969
10267.619999999999 0.4520401
10272.83 0.4552731
10278.14 0.4554315
10283.45 0.4601531
10288.77 0.4709082
10294.080000000002 0.466623
10299.39 0.4602569
10304.7 0.4514323
10309.960000000001 0.4604444
10315.23 0.4593335
10320.54 0.4701348
10325.85 0.47306
10331.16 0.4823561
10336.47 0.4697309
10341.789999999999 0.4546965
10347.1 0.4584829
10352.31 0.4458944
10357.62 0.4454141
10362.94 0.4354257
10368.250000000002 0.43912
10373.56 0.4439168
10378.87 0.4390551
10384.130000000001 0.4477065
10389.4 0.4468066
10394.710000000001 0.4549333
10400.02 0.4532188
10405.33 0.4618415
10410.65 0.4527539
10415.96 0.4566466
10421.17 0.4450235
10426.48 0.4419862
10431.8 0.4457079
10437.11 0.4382505
10442.419999999998 0.4487022
10447.73 0.4484307
10452.95 0.4406058
10458.259999999998 0.4276459
10463.57 0.4420011
10468.880000000001 0.4404896
10474.19 0.4485018
10479.5 0.4435025
10484.720000000001 0.4398356
10490.029999999999 0.4404498
10495.34 0.4266288
10500.65 0.4290825
10505.97 0.4375261
10511.23 0.4325563
10516.49 0.4358887
10521.8 0.4367411
10527.109999999999 0.434331
10532.429999999998 0.4319836
10537.74 0.4367642
10542.95 0.4345625
10548.27 0.4366359
10553.58 0.4319691
10558.890000000001 0.4378877
10564.199999999999 0.438225
10569.46 0.439827
10574.730000000001 0.4362276
10580.039999999999 0.4298905
10585.35 0.4334437
10590.66 0.4347117
10595.93 0.4345189
10601.19 0.4360439
10606.500000000002 0.4352429
10611.81 0.4358336
10617.13 0.4511209
10622.39 0.4509027
10627.65 0.4532453
10632.960000000001 0.4695357
10638.27 0.4554708
10643.58 0.4710668
10648.85 0.4739074
10654.11 0.4658039
10659.42 0.4668623
10664.73 0.473263
10670.05 0.480477
10675.26 0.4762519
10680.57 0.4898974
10685.880000000001 0.4775994
10691.2 0.4910889
10696.509999999998 0.486516
10701.72 0.4804305
10707.029999999999 0.4925547
10712.349999999999 0.4958868
10717.66 0.5026725
10722.92 0.5075632
10728.18 0.5130618
10733.5 0.5144606
10738.810000000001 0.538263
10744.119999999999 0.52604
10749.33 0.5266607
10754.65 0.5618789
10759.96 0.5430794
10765.27 0.5393411
10770.53 0.5487143
10775.79 0.5495419
10781.11 0.5572387
10786.420000000002 0.5557402
10791.73 0.5562735
10796.939999999999 0.556963
10802.259999999998 0.5802531
10807.57 0.6038204
10812.880000000001 0.6429447
10818.09 0.6935216
10823.41 0.7905561
10828.720000000001 0.9102501
10834.029999999999 1.079204
10839.289999999999 1.134499
10844.560000000001 0.9894092
10849.869999999999 0.781838
10855.18 0.6504705
10860.44 0.6044675
10865.71 0.5885096
10871.02 0.5839297
10876.33 0.5643581
10881.59 0.5501618
10886.849999999999 0.5490373
10892.170000000002 0.5432167
10897.48 0.5304276
10902.79 0.5158738
10908.0 0.5133965
10913.32 0.5158572
10918.630000000001 0.5113467
10923.94 0.5112188
10929.150000000001 0.5051241
10934.470000000001 0.5046762
10939.779999999999 0.5259331
10945.09 0.5156589
10950.3 0.5155549
10955.619999999999 0.4876345
10960.93 0.4924281
10966.24 0.4920246
10971.45 0.4828167
10976.77 0.4803493
10982.08 0.4551071
10987.39 0.4771469
10992.599999999999 0.4838463
10997.920000000002 0.4733337
11003.23 0.4685118
11008.54 0.4659499
11013.75 0.462584
11019.060000000001 0.4742559
11024.369999999999 0.4576019
11029.640000000001 0.4689221
11034.900000000001 0.4452502
11040.21 0.4508078
11045.529999999999 0.4263913
11050.789999999999 0.449043
11056.05 0.4398439
11061.36 0.4436555
11066.67 0.4505979
11071.94 0.4367718
11077.2 0.432938
11082.51 0.4385015
11087.83 0.4213687
11093.09 0.4221398
11099.42 0.4407466
11106.37 0.4349205
11112.759999999998 0.4421043
11119.16 0.4353827
11125.55 0.4366172
11131.94 0.4338703
11138.39 0.4327111
11144.78 0.4327611
11151.169999999998 0.4252563
11157.570000000002 0.4299792
11163.96 0.4293986
11170.359999999999 0.4378651
11176.75 0.4296809
11183.14 0.4307654
11189.54 0.4264893
11195.93 0.4268568
11202.33 0.4281959
11208.720000000001 0.4301634
11215.12 0.4248913
11221.509999999998 0.4305513
11227.9 0.4279028
11234.3 0.4271031
11240.69 0.4214405
11247.08 0.4136558
11253.48 0.4113709
11259.87 0.4154842
11266.27 0.4105944
11272.660000000002 0.4099012
11279.060000000001 0.4138628
11285.449999999999 0.4189087
11291.84 0.4172829
11298.24 0.4198626
11304.63 0.4146841
11311.029999999999 0.4182964
11317.42 0.4222325
11323.810000000001 0.4170883
11330.210000000001 0.4169633
11336.599999999999 0.4183415
11343.0 0.4124366
11349.39 0.4129546
11355.740000000002 0.4088542
11362.13 0.4118077
11368.52 0.4086377
11374.92 0.4097846
11381.31 0.4039486
11387.71 0.3989383
11394.1 0.402989
11400.490000000002 0.4055148
11406.84 0.4082645
11413.230000000001 0.4058137
11419.630000000001 0.4064115
11426.019999999999 0.4033673
11432.41 0.4111352
11438.81 0.4055764
11445.15 0.4068624
11451.55 0.4087308
11457.94 0.4071958
11464.34 0.4110035
11470.73 0.4146935
11477.08 0.4099975
11483.47 0.4068625
11489.86 0.4036289
11496.26 0.4071966
11502.650000000001 0.4071532
11509.0 0.4055079
11515.390000000001 0.4042514
11521.779999999999 0.4020023
11528.179999999998 0.4025905
11534.519999999999 0.4042223
11540.919999999998 0.4007105
11547.31 0.4067885
11553.659999999998 0.4084862
11560.05 0.4037997
11566.44 0.4011789
11572.84 0.4034225
11579.18 0.4017077
11585.58 0.4081971
11591.970000000001 0.3989836
11598.32 0.403427
11604.710000000001 0.4004511
11611.1 0.4030457
11617.5 0.4011301
11623.84 0.4032178
11630.24 0.405144
11636.58 0.406086
11642.980000000001 0.3967831
11649.369999999999 0.4009929
11655.76 0.4046955
11662.11 0.4044253
11668.5 0.4048232
11674.85 0.4016202
11681.24 0.404514
11687.64 0.399787
11693.98 0.3993702
11700.38 0.4051003
11706.72 0.4036902
11713.11 0.4008895
11719.51 0.401274
11725.85 0.3997213
11732.25 0.399462
11738.59 0.3993868
11744.99 0.3971384
11751.380000000001 0.4005557
11757.73 0.4035013
11764.12 0.4008837
11770.460000000001 0.3950668
11776.86 0.3983896
11783.25 0.3944634
11789.6 0.395702
11795.94 0.3958294
11802.34 0.3935878
11808.730000000001 0.3938668
11815.070000000002 0.3976112
11821.42 0.3936063
11827.810000000001 0.3961076
11834.210000000001 0.388862
11840.550000000001 0.388993
11846.95 0.3928035
11853.29 0.3942062
11859.69 0.3961563
11866.03 0.3966524
11872.37 0.395949
11878.77 0.4035198
11885.16 0.4039302
11891.51 0.4052756
11897.85 0.3992557
11904.25 0.3997833
11910.64 0.3948855
11916.98 0.3957651
11923.330000000002 0.3946464
11929.72 0.394574
11936.070000000002 0.392124
11942.42 0.3952097
11948.810000000001 0.3943443
11955.199999999999 0.3972723
11961.550000000001 0.3921624
11967.890000000001 0.3907796
11974.29 0.3921383
11980.630000000001 0.3849951
11986.98 0.3879555
11993.37 0.3884438
11999.71 0.3911565
12006.11 0.3909135
12012.449999999999 0.3878785
12018.85 0.392825
12025.189999999999 0.3900602
12031.54 0.3893212
12037.929999999998 0.3938465
12044.28 0.388782
12050.62 0.3902595
12057.009999999998 0.3898769
12063.36 0.392005
12069.710000000001 0.3957438
12076.1 0.3931523
12082.44 0.3905546
12088.79 0.3863909
12095.18 0.3922113
12101.53 0.3896771
12107.87 0.3886779
12114.27 0.3887178
12120.61 0.3892823
12126.96 0.3882879
12133.35 0.3903199
12139.7 0.3875542
12146.04 0.3891034
12152.43 0.3918783
12158.78 0.3870718
12165.12 0.3932405
12171.52 0.3944387
12177.86 0.391894
12184.21 0.393311
12190.55 0.3907708
12196.9 0.3909346
12203.29 0.3893497
12209.64 0.3911875
12215.98 0.3882707
12222.38 0.3906093
12228.72 0.3894662
12235.07 0.3891703
12241.46 0.3933305
12247.75 0.3880283
12254.15 0.3921794
12260.49 0.3910864
12266.840000000002 0.3917818
12273.23 0.3880365
12279.580000000002 0.3863377
12285.919999999998 0.3931744
12292.27 0.3902108
12298.61 0.3903538
12305.01 0.3876086
12311.35 0.3905602
12317.7 0.3931758
12324.04 0.3911809
12330.39 0.3876408
12336.78 0.388271
12343.13 0.3861229
12349.47 0.3864901
12355.810000000001 0.3865231
12362.16 0.3841701
12368.550000000001 0.3867436
12374.85 0.385254
12381.24 0.3828797
12387.59 0.3901059
12393.93 0.390185
12400.279999999999 0.3864585
12406.619999999999 0.3867325
12413.019999999999 0.3838765
12419.359999999999 0.3845265
12425.710000000001 0.3906085
12432.05 0.3883692
12438.400000000001 0.3836326
12444.789999999999 0.3831392
12451.09 0.3798241
12457.480000000001 0.3810565
12463.78 0.3850447
12470.17 0.3882231
12476.51 0.3808145
12482.86 0.3836571
12489.2 0.3850861
12495.55 0.3886081
12501.94 0.3927994
12508.24 0.3899235
12514.63 0.3943777
12520.929999999998 0.4006108
12527.32 0.4011562
12533.669999999998 0.3955654
12540.009999999998 0.3924182
12546.36 0.3857407
12552.7 0.3871632
12559.050000000001 0.3924277
12565.390000000001 0.4067818
12571.79 0.4230638
12578.08 0.42473
12584.48 0.4058472
12590.77 0.4012906
12597.17 0.3921431
12603.46 0.3998868
12609.859999999999 0.3981234
12616.15 0.4028886
12622.539999999999 0.401659
12628.89 0.4098371
12635.23 0.4052441
12641.579999999998 0.4067612
12647.919999999998 0.4131959
12654.27 0.4118003
12660.61 0.4093199
12666.960000000001 0.4148832
12673.300000000001 0.4166102
12679.65 0.4155735
12685.99 0.4199251
12692.34 0.418448
12698.68 0.4211693
12705.029999999999 0.4258876
12711.369999999999 0.4266163
12717.72 0.4287838
12724.06 0.4343406
12730.410000000002 0.4350138
12736.749999999998 0.4375357
12743.1 0.4327779
12749.44 0.438237
12755.79 0.4349681
12762.130000000001 0.4366884
12768.48 0.4341477
12774.82 0.43295
12781.17 0.4324925
12787.51 0.4392156
12793.859999999999 0.4369601
12800.199999999999 0.4397642
12806.550000000001 0.4340369
12812.89 0.4401992
12819.24 0.4624326
12825.580000000002 0.4788974
12831.93 0.4747753
12838.27 0.4554296
12844.57 0.4330298
12850.960000000001 0.4282518
12857.25 0.4262786
12863.65 0.4204718
12869.94 0.4231024
12876.34 0.4297397
12882.63 0.4240218
12889.029999999999 0.4161346
12895.32 0.4155002
12901.720000000001 0.4049058
12908.01 0.4052692
12914.36 0.3959058
12920.71 0.3961994
12927.05 0.3999894
12933.39 0.3975333
12939.74 0.4007259
12946.08 0.3966232
12952.38 0.4016794
12958.769999999999 0.3958371
12965.070000000002 0.3966688
12971.46 0.394483
12977.76 0.3985714
12984.150000000001 0.3897805
12990.45 0.3899558
12996.79 0.3903498
13003.14 0.3887316
13009.48 0.3905856
13015.83 0.3844067
13022.119999999999 0.3862648
13028.519999999999 0.3906398
13034.81 0.3871174
13041.210000000001 0.3832307
13047.5 0.3864674
13053.85 0.3875728
13060.19 0.3859362
13066.539999999999 0.3854981
13072.88 0.3853213
13079.179999999998 0.3866801
13085.57 0.3859867
13091.87 0.3837607
13098.26 0.3799515
13104.560000000001 0.3749805
13110.900000000001 0.3732651
13117.25 0.3732455
13123.54 0.37668
13129.94 0.3685158
13136.23 0.3680147
13142.63 0.3663657
13148.92 0.3693224
13155.269999999999 0.3671184
13161.609999999999 0.3701274
13167.960000000001 0.3671923
13174.300000000001 0.3737887
13180.6 0.3731863
13186.99 0.3691156
13193.289999999999 0.366071
13199.63 0.3669653
13205.98 0.3716497
13212.269999999999 0.3650745
13218.669999999998 0.3737636
13224.96 0.3670555
13231.36 0.3615712
13237.650000000001 0.3667447
13244.0 0.3629287
13250.34 0.3583953
13256.64 0.3595211
13263.03 0.3601851
13269.33 0.3582427
13275.67 0.3662931
13282.02 0.3587354
13286.74 0.366765
13378.32 0.3533858
13427.51 0.351515
13476.69 0.3485784
13525.88 0.3460777
13575.060000000001 0.3440006
13624.25 0.3430737
13673.43 0.341806
13722.62 0.3409339
13771.800000000001 0.3404537
13820.99 0.3396417
13889.849999999999 0.3525984
13897.859999999999 0.3591568
13905.83 0.3549499
13913.85 0.3533147
13921.859999999999 0.3516731
13929.83 0.348823
13937.85 0.3491121
13945.82 0.353312
13953.83 0.3481837
13961.8 0.3523758
13969.82 0.3461518
13977.839999999998 0.3484336
13985.8 0.3491218
13993.77 0.3494881
14001.79 0.3477651
14009.81 0.3441132
14017.779999999999 0.348996
14025.74 0.3500045
14033.76 0.355239
14041.779999999999 0.3514653
14049.75 0.3478918
14057.710000000001 0.3492254
14065.730000000001 0.3489059
14073.7 0.3464899
14081.72 0.3458958
14089.68 0.3435036
14097.699999999999 0.348897
14105.669999999998 0.3433256
14113.69 0.3431247
14121.65 0.3454437
14129.62 0.3448766
14137.64 0.3441978
14145.609999999999 0.3435979
14153.579999999998 0.3433725
14161.59 0.3447285
14169.560000000001 0.3453603
14177.53 0.3501183
14185.54 0.3466419
14193.51 0.3429447
14201.48 0.3429267
14209.5 0.3454254
14217.470000000001 0.3429738
14225.429999999998 0.3439396
14233.4 0.3424653
14241.42 0.3433884
14249.39 0.3371005
14257.359999999999 0.3444799
14265.369999999999 0.3454336
14273.34 0.3446518
14281.31 0.3409348
14289.28 0.3530769
14297.24 0.3538576
14305.26 0.3589522
14313.23 0.3561768
14321.2 0.3496511
14329.17 0.3450551
14337.18 0.3452004
14345.15 0.3430906
14353.119999999999 0.3404412
14361.09 0.3374209
14369.050000000001 0.3403697
14377.02 0.3414667
14384.99 0.3414744
14393.01 0.3447468
14400.980000000001 0.3404901
14408.939999999999 0.3394836
14416.91 0.34055
14424.88 0.3476922
14432.849999999999 0.3439921
14440.820000000002 0.3461299
14448.78 0.3453112
14456.75 0.3410799
14464.77 0.3394271
14472.74 0.3367694
14480.710000000001 0.3461055
14488.669999999998 0.3476346
14496.640000000001 0.3460889
14504.61 0.3487031
14512.58 0.3474909
14520.539999999999 0.3416844
14528.509999999998 0.3421053
14536.480000000001 0.3451141
14544.45 0.3412804
14552.42 0.342586
14560.38 0.3425925
14568.35 0.3421729
14576.32 0.339659
14584.289999999999 0.3417112
14592.259999999998 0.3439984
14600.22 0.339704
14608.19 0.3402347
14616.16 0.3384668
14624.08 0.33677
14632.050000000001 0.3369635
14640.01 0.3382732
14647.98 0.3370121
14655.949999999999 0.3357574
14663.92 0.3378741
14671.890000000001 0.3368871
14679.85 0.3389156
14687.82 0.3391734
14695.789999999999 0.338448
14703.710000000001 0.3382884
14711.68 0.3374449
14719.65 0.33871
14727.61 0.3399964
14735.58 0.3380423
14743.550000000001 0.3403069
14751.47 0.3389632
14759.439999999999 0.3371939
14767.4 0.3379844
14775.37 0.340087
14783.34 0.338511
14791.31 0.3374532
14799.230000000001 0.3385456
14807.189999999999 0.3443686
14815.16 0.3377311
14823.13 0.3368261
14831.05 0.3392
14839.02 0.3425745
14846.99 0.3393344
14854.95 0.3402939
14862.92 0.3423069
14870.84 0.3425164
14878.81 0.3368571
14886.779999999999 0.3359919
14894.7 0.3345067
14902.660000000002 0.3357499
14910.630000000001 0.3393139
14918.6 0.3385312
14926.52 0.3404189
14934.49 0.3418267
14942.4 0.3416009
14950.369999999999 0.3429851
14958.340000000002 0.3402814
14966.310000000001 0.3422114
14974.23 0.3417447
14982.2 0.3405533
14990.11 0.3424737
14998.08 0.3416182
15006.05 0.3430603
15014.019999999999 0.3459825
15021.94 0.3392692
15029.9 0.3352104
15037.82 0.3327663
15045.79 0.3273923
15053.76 0.3309471
15061.68 0.3310235
15069.650000000001 0.3347378
15077.57 0.3319373
15085.53 0.3325605
15093.5 0.3341843
15101.42 0.3372669
15109.34 0.3355583
15117.31 0.3360218
15125.27 0.3344588
15133.19 0.3365807
15141.16 0.334134
15149.08 0.3338347
15157.050000000001 0.3366723
15165.02 0.3354759
15172.93 0.33498
15180.849999999999 0.3343258
15188.820000000002 0.3374247
15196.79 0.3400224
15204.71 0.3369346
15212.630000000001 0.3366
15220.6 0.3365675
15228.56 0.339379
15236.48 0.3393563
15244.4 0.3368177
15252.369999999999 0.3378512
15260.29 0.3388705
15268.250000000002 0.3396205
15276.17 0.3368984
15284.14 0.3391263
15292.060000000001 0.3370219
15299.98 0.3359429
15307.949999999999 0.334514
15315.91 0.338683
15323.83 0.3400014
15331.75 0.3429594
15339.72 0.3455594
15347.64 0.3438173
15355.56 0.3442078
15363.53 0.34237
15371.490000000002 0.3410727
15379.41 0.3393638
15387.33 0.3377769
15395.300000000001 0.3372961
15403.22 0.3383611
15411.140000000001 0.3424901
15419.11 0.3419878
15427.02 0.3429342
15434.939999999999 0.341843
15442.910000000002 0.3437784
15450.83 0.3456402
15458.750000000002 0.3506878
15466.720000000001 0.3499809
15474.64 0.3449579
15482.55 0.3481455
15490.52 0.3471542
15498.44 0.3478895
15506.359999999999 0.3449002
15514.33 0.3461999
15522.25 0.3429219
15530.17 0.342063
15538.130000000001 0.3451081
15546.05 0.3428431
15553.97 0.3426466
15561.94 0.3393643
15569.86 0.3421865
15577.78 0.3372746
15585.74 0.3395943
15593.66 0.3393887
15601.58 0.3383048
15609.5 0.3390803
15617.42 0.340045
15625.39 0.3393572
15633.31 0.3431816
15641.23 0.3460449
15649.189999999999 0.3445116
15657.11 0.3433271
15665.03 0.3417738
15673.0 0.3404281
15680.87 0.340109
15688.84 0.3412177
15696.75 0.3374741
15704.67 0.3382227
15712.64 0.3386579
15720.51 0.3400643
15728.48 0.3409028
15736.4 0.3405097
15744.32 0.3381073
15752.28 0.3402797
15760.15 0.3362364
15768.12 0.3330311
15776.04 0.3348605
15783.96 0.3293468
15791.93 0.3287313
15799.8 0.333607
15807.77 0.3351744
15815.68 0.3358736
15823.6 0.3348625
15831.519999999999 0.3369254
15839.44 0.3328225
15847.41 0.3375616
15855.33 0.3389883
15863.25 0.3338075
15871.170000000002 0.337037
15879.080000000002 0.3406203
15887.050000000001 0.3392072
15894.919999999998 0.3327187
15902.890000000001 0.3306465
15910.81 0.3313449
15918.730000000001 0.3311796
15926.65 0.3304085
15934.56 0.3303459
15942.480000000001 0.3348601
15950.4 0.3362854
15958.369999999999 0.3364456
15966.24 0.3295261
15974.21 0.3293187
15982.130000000001 0.3346145
15990.04 0.3284202
15997.96 0.3302709
16005.88 0.3327094
16013.800000000001 0.3328987
16021.72 0.3328275
16029.69 0.3316553
16037.56 0.3302452
16045.529999999999 0.3329053
16053.4 0.3302833
16061.36 0.3328059
16069.230000000001 0.3331313
16077.2 0.3344351
16085.119999999999 0.3330358
16093.04 0.3375458
16100.96 0.3359191
16108.880000000001 0.3384646
16116.79 0.3348684
16124.71 0.3373298
16132.63 0.3334623
16140.55 0.3324167
16148.52 0.3343129
16156.390000000001 0.3354063
16164.36 0.3336345
16172.230000000001 0.3379499
16180.2 0.3340828
16188.06 0.3352938
16196.029999999999 0.3323824
16203.9 0.324244
16211.869999999999 0.3239321
16219.74 0.3237904
16227.71 0.3231877
16235.58 0.3306861
16243.54 0.3268262
16251.41 0.3286372
16259.380000000001 0.3291472
16267.25 0.3292529
16275.22 0.3291109
16283.09 0.3330052
16291.06 0.3337489
16298.93 0.3365017
16306.890000000001 0.3313972
16314.759999999998 0.3349659
16322.730000000001 0.3328825
16330.6 0.3311331
16338.57 0.3317528
16346.44 0.3342748
16354.41 0.3310536
16362.28 0.331174
16370.25 0.3294411
16378.109999999999 0.3301371
16386.08 0.3295595
16393.95 0.3269446
16401.920000000002 0.3269905
16409.79 0.3278725
16417.76 0.3275297
16425.63 0.3239081
16433.6 0.3321342
16441.460000000003 0.3423858
16449.38 0.3439611
16457.3 0.34172
16465.22 0.3335477
16473.14 0.3292692
16481.06 0.3268528
16488.98 0.3303836
16496.9 0.3335345
16504.82 0.3295913
16512.73 0.3333532
16520.649999999998 0.3302113
16528.52 0.3291478
16536.489999999998 0.3304136
16544.36 0.3269525
16552.329999999998 0.3282174
16560.2 0.3249805
16568.16 0.3284222
16576.04 0.3312485
16584.0 0.332057
16591.87 0.3324761
16599.79 0.3309412
16607.71 0.3309245
16615.629999999997 0.3292295
16623.55 0.3265741
16631.469999999998 0.3262975
16639.379999999997 0.3251417
16647.25 0.3276726
16655.22 0.3227882
16663.09 0.3269074
16671.06 0.3255563
16678.93 0.3216091
16686.9 0.3245257
16694.77 0.3241365
16702.69 0.3238174
16710.61 0.3234644
16718.53 0.3250228
16726.44 0.3273011
16734.36 0.3275578
16742.28 0.3238025
16750.149999999998 0.3226126
16758.12 0.323994
16765.989999999998 0.3237855
16773.960000000003 0.3242959
16781.829999999998 0.3251356
16789.739999999998 0.3293531
16797.66 0.3270793
16805.58 0.3258594
16813.5 0.3272376
16821.37 0.3266
16829.34 0.3237177
16837.21 0.3214451
16845.18 0.317703
16853.04 0.3211903
16861.010000000002 0.322806
16868.88 0.3240463
16876.8 0.322012
16884.72 0.3191979
16892.64 0.3188487
16900.56 0.31961
16908.43 0.3202025
16916.39 0.3186309
16924.26 0.3198726
16932.23 0.3170223
16940.1 0.3230031
16948.02 0.3209722
16955.94 0.3180891
16963.86 0.3160372
16971.780000000002 0.3216553
16979.649999999998 0.3206647
16987.620000000003 0.3219596
16995.48 0.3207049
17003.45 0.3196471
17011.32 0.3246189
17019.24 0.3225879
17027.16 0.3220152
17035.08 0.3206551
17043.0 0.3213898
17050.87 0.3244368
17058.84 0.3187046
17066.71 0.3204095
17074.670000000002 0.3155433
17082.54 0.3170303
17090.46 0.3184752
17098.38 0.3174468
17106.25 0.317993
17114.22 0.3176716
17122.09 0.3214171
17130.050000000003 0.3193341
17137.93 0.3208371
17145.84 0.3188889
17153.76 0.3192602
17161.68 0.3133002
17169.600000000002 0.31888
17177.469999999998 0.3207441
17185.440000000002 0.3198809
17193.309999999998 0.3142417
17201.280000000002 0.3127393
17209.14 0.3098928
17217.06 0.3149317
17224.98 0.3127786
17232.9 0.3124505
17240.82 0.3142123
17248.69 0.310371
17256.66 0.3152318
17264.53 0.3120946
17272.49 0.3079441
17280.36 0.3105142
17288.28 0.3102886
17296.2 0.3113257
17304.12 0.3067311
17312.04 0.3066685
17319.91 0.3057358
17327.88 0.3022172
17335.75 0.3055898
17343.710000000003 0.3045774
17351.579999999998 0.3016289
17359.5 0.2964909
17367.420000000002 0.3045401
17375.34 0.3049275
17383.260000000002 0.3081595
17391.18 0.3094648
17399.100000000002 0.3063507
17406.97 0.30988
17414.93 0.3106395
17422.8 0.3084387
17430.77 0.3056531
17438.64 0.3043679
17446.56 0.3069871
17454.48 0.307287
17462.4 0.3082235
17470.32 0.3082535
17478.19 0.3089831
17486.15 0.3058068
17494.02 0.3077975
17501.99 0.3077467
17509.86 0.3067609
17517.83 0.3038862
17525.7 0.303562
17533.620000000003 0.3004347
17541.54 0.3014486
17549.46 0.3038359
17557.38 0.2931607
17565.29 0.2943453
17573.21 0.2944628
17581.08 0.2955154
17589.05 0.2925041
17596.920000000002 0.2948907
17604.89 0.2953705
17612.760000000002 0.2945394
17620.68 0.2943695
17628.59 0.2883045
17636.510000000002 0.2961324
17644.43 0.290785
17652.350000000002 0.2936659
17660.27 0.2921922
17668.19 0.2904184
17676.11 0.2943463
17683.98 0.2964003
17691.94 0.3012127
17699.81 0.3001968
17707.78 0.297483
17715.65 0.2899889
17723.62 0.2957334
17731.49 0.2919932
17739.46 0.2914381
17747.329999999998 0.2894907
17755.24 0.2903287
17763.16 0.2831515
17771.079999999998 0.2894056
17779.0 0.2901549
17786.92 0.2921399
17794.84 0.2840697
17802.76 0.294532
17810.68 0.2884802
17818.6 0.2922248
17826.52 0.2936668
17834.43 0.2819356
17842.35 0.2970043
17850.27 0.2864106
17858.19 0.2961126
17866.11 0.2929658
17874.030000000002 0.2922003
17881.899999999998 0.2936358
17889.870000000003 0.291918
17895.77 0.2891223
17952.53 0.304485
18001.71 0.3023548
18050.9 0.3018472
18100.08 0.3013436
18149.27 0.300843
18198.45 0.3003462
18247.64 0.2995425
18296.82 0.2990541
18346.01 0.2985687
18395.19 0.2980868
18444.38 0.2967078
18522.48 0.3044397
18527.79 0.3092869
18533.11 0.311513
18538.42 0.3051519
18543.73 0.3077654
18549.04 0.3076933
18554.36 0.3106577
18559.67 0.3131066
18564.98 0.3066994
18570.29 0.3113418
18575.600000000002 0.3132186
18580.91 0.3200356
18586.23 0.3246961
18591.54 0.3233952
18596.85 0.3200338
18602.16 0.3224108
18607.469999999998 0.3302574
18612.690000000002 0.3251053
18618.0 0.3257885
18623.31 0.3349374
18628.63 0.3310196
18633.94 0.326976
18639.25 0.3272377
18644.559999999998 0.3322401
18649.87 0.3370385
18655.18 0.3363155
18660.5 0.3429916
18665.81 0.3455762
18671.120000000003 0.3423902
18676.43 0.3487423
18681.74 0.3487875
18687.05 0.3510002
18692.37 0.3387811
18697.68 0.3134099
18702.989999999998 0.3211015
18708.21 0.3378805
18713.52 0.3403714
18718.829999999998 0.336405
18724.14 0.3328962
18729.45 0.3459954
18734.77 0.349742
18740.079999999998 0.3550108
18745.39 0.3528148
18750.7 0.3858037
18756.010000000002 0.3852919
18761.32 0.4032193
18766.64 0.4190449
18771.95 0.4225867
18777.26 0.4040946
18782.57 0.3853814
18787.79 0.3692867
18793.1 0.3481666
18798.41 0.3387584
18803.719999999998 0.3360158
18809.04 0.3327218
18814.35 0.3305357
18819.66 0.3331455
18824.97 0.3280137
18830.28 0.3169878
18835.59 0.3121617
18840.91 0.3202414
18846.22 0.3281639
18851.530000000002 0.3171672
18856.74 0.309592
18862.05 0.3021646
18867.370000000003 0.3023254
18872.68 0.3086169
18877.99 0.3178403
18883.3 0.3185298
18888.62 0.3194065
18893.93 0.2982446
18899.239999999998 0.2863797
18904.55 0.2846357
18909.86 0.2895221
18915.18 0.2951554
18920.39 0.3016064
18925.7 0.3015721
18931.01 0.291999
18936.32 0.2936791
18941.64 0.2886963
18946.95 0.2892843
18952.260000000002 0.2960751
18957.57 0.2914646
18962.88 0.2903035
18968.2 0.2910511
18973.51 0.2811053
18978.72 0.285644
18984.03 0.2898855
18989.350000000002 0.2865363
18994.66 0.2877395
18999.97 0.2866354
19005.28 0.2836156
19010.59 0.281189
19015.91 0.2844377
19021.22 0.2848512
19026.53 0.2828138
19031.739999999998 0.2786783
19037.059999999998 0.2811962
19042.37 0.2829869
19047.68 0.2826003
19052.99 0.281909
19058.3 0.2803547
19063.62 0.282713
19068.93 0.2843139
19074.24 0.2835126
19079.55 0.2786657
19084.77 0.2802184
19090.08 0.2815148
19095.39 0.277604
19100.7 0.2763869
19106.01 0.2784352
19111.329999999998 0.2768173
19116.64 0.2754569
19121.95 0.2783298
19127.26 0.2743715
19132.469999999998 0.279644
19137.789999999997 0.2793142
19143.1 0.2820124
19148.41 0.2832476
19153.72 0.286284
19159.04 0.2844764
19164.350000000002 0.2836051
19169.66 0.2822821
19174.87 0.2819801
19180.18 0.2804532
19185.5 0.2825803
19190.81 0.2787498
19196.120000000003 0.2822043
19201.43 0.2807572
19206.74 0.2840166
19212.06 0.2819119
19217.37 0.2845541
19222.58 0.2821018
19227.89 0.2794407
19233.21 0.2802479
19238.52 0.2768711
19243.829999999998 0.274869
19249.14 0.2769923
19254.45 0.2768722
19259.77 0.2744508
19264.98 0.2745167
19270.29 0.272765
19275.6 0.271327
19280.92 0.2717374
19286.23 0.2701572
19291.54 0.2699654
19296.850000000002 0.26968
19302.06 0.2735426
19307.38 0.270606
19312.69 0.2713617
19318.0 0.2680988
19323.31 0.2651847
19328.63 0.2662959
19333.940000000002 0.2698116
19339.25 0.2652795
19344.460000000003 0.267361
19349.780000000002 0.2671486
19355.09 0.2683748
19360.4 0.267557
19365.71 0.2687982
19371.02 0.2669903
19376.329999999998 0.2691477
19381.55 0.2666593
19386.86 0.2710506
19392.17 0.2697895
19397.48 0.2679509
19402.8 0.2647505
19408.11 0.2676197
19413.42 0.2638406
19418.629999999997 0.2638745
19423.95 0.2618357
19429.26 0.2636002
19434.57 0.2641071
19439.88 0.2625655
19445.190000000002 0.2626428
19450.510000000002 0.2673323
19455.72 0.2652182
19461.03 0.2654427
19466.34 0.2654089
19471.65 0.2662772
19476.97 0.2634305
19482.280000000002 0.2618753
19487.49 0.2619857
19492.8 0.2591394
19498.120000000003 0.2608102
19503.43 0.263455
19508.74 0.2629674
19514.05 0.2635014
19519.37 0.2630613
19524.58 0.2620625
19529.89 0.2610922
19535.2 0.2633585
19540.51 0.2649452
19545.82 0.2644394
19551.14 0.2632038
19556.35 0.2644946
19561.66 0.2631934
19566.969999999998 0.2666988
19572.29 0.2674492
19577.6 0.2700202
19582.91 0.2719682
19588.12 0.2734085
19593.44 0.2743766
19598.75 0.2729471
19604.06 0.2734747
19609.37 0.2745777
19614.69 0.2768512
19619.899999999998 0.2784365
19625.21 0.2847156
19630.52 0.2859495
19635.83 0.2868397
19641.15 0.291209
19646.46 0.2891743
19651.670000000002 0.2862694
19656.98 0.2784452
19662.29 0.2761442
19667.61 0.2771211
19672.920000000002 0.26101
19678.23 0.2739783
19683.45 0.2713096
19688.760000000002 0.2709528
19694.07 0.2629298
19699.38 0.2685282
19704.69 0.2734711
19710.0 0.2719857
19715.22 0.2732724
19720.53 0.2684267
19725.84 0.269345
19731.149999999998 0.2666497
19736.469999999998 0.2543242
19741.78 0.2564942
19746.99 0.2562716
19752.31 0.2571226
19757.62 0.2569342
19762.93 0.2609197
19768.239999999998 0.2630076
19773.45 0.2628417
19778.77 0.2624158
19784.079999999998 0.2616553
19789.39 0.2612054
19794.7 0.2605123
19800.01 0.2577398
19805.23 0.2597234
19810.54 0.257507
19815.85 0.2573285
19821.16 0.2572123
19826.47 0.2557105
19831.69 0.2592083
19837.0 0.2597696
19842.31 0.2549404
19847.62 0.2556407
19852.94 0.2571663
19858.15 0.2573671
19863.46 0.2533275
19868.77 0.2531122
19874.09 0.2534187
19879.4 0.253421
19884.61 0.2527478
19889.920000000002 0.2526054
19895.24 0.2520762
19900.55 0.2519976
19905.86 0.2502564
19911.170000000002 0.2513738
19916.39 0.2538843
19921.7 0.252399
19927.010000000002 0.2510435
19932.32 0.2515231
19937.63 0.2504802
19942.850000000002 0.2470342
19948.16 0.248388
19953.47 0.2515547
19958.78 0.2511151
19964.1 0.2513884
19969.31 0.2486179
19974.62 0.2499449
19979.93 0.2487297
19985.239999999998 0.2503047
19990.559999999998 0.2507291
19995.77 0.2511666
20001.08 0.2514704
20006.39 0.2522003
20011.71 0.2508368
20017.02 0.2506116
20022.23 0.2503118
20027.54 0.2492983
20032.85 0.249894
20038.170000000002 0.2499245
20043.48 0.251216
20048.69 0.2511292
20054.01 0.2496039
20059.32 0.2504637
20064.63 0.2527856
20069.84 0.2495223
20075.16 0.2504479
20080.469999999998 0.2471424
20085.78 0.2521964
20091.09 0.2491746
20096.3 0.2510295
20101.62 0.2506111
20106.929999999997 0.2508378
20112.239999999998 0.2494831
20117.55 0.2514232
20122.77 0.2506211
20128.08 0.2514682
20133.390000000003 0.2518628
20138.699999999997 0.2526697
20144.01 0.2521047
20149.23 0.2513976
20154.54 0.2517356
20159.850000000002 0.2531688
20165.160000000003 0.2527995
20170.379999999997 0.2519281
20175.69 0.252243
20181.0 0.2511457
20186.31 0.2520614
20191.620000000003 0.2525953
20196.839999999997 0.2515129
20202.149999999998 0.2523052
20207.46 0.2498587
20212.77 0.2510931
20217.99 0.2497894
20223.300000000003 0.2494682
20228.609999999997 0.2497662
20233.93 0.2487341
20239.24 0.2488505
20244.45 0.2480206
20249.760000000002 0.2474645
20255.070000000003 0.2480938
20260.379999999997 0.2495542
20265.6 0.2482947
20270.91 0.2501881
20276.22 0.251351
20281.539999999997 0.2497043
20286.749999999996 0.2489314
20292.059999999998 0.2510308
20297.37 0.2493046
20302.68 0.248794
20308.0 0.2503699
20313.210000000003 0.2489442
20318.52 0.2490736
20323.84 0.2511475
20329.15 0.2501761
20334.36 0.2493038
20339.670000000002 0.2551907
20344.980000000003 0.2527494
20350.29 0.2525653
20355.51 0.2528526
20360.82 0.2531025
20366.13 0.2518744
20371.45 0.2493127
20376.76 0.2473113
20381.969999999998 0.2481187
20387.28 0.2503943
20392.59 0.2485772
20397.91 0.2517311
20403.120000000003 0.2488334
20408.43 0.2499278
20413.739999999998 0.2514326
20419.06 0.2485318
20424.27 0.2510661
20429.58 0.2489922
20434.89 0.2506857
20440.21 0.2494483
20445.42 0.24975
20450.73 0.2482617
20456.04 0.2500063
20461.36 0.2485062
20466.570000000003 0.2498091
20471.879999999997 0.2475015
20477.19 0.2497762
20482.510000000002 0.2465888
20487.72 0.2466151
20493.030000000002 0.2474812
20498.34 0.2482652
20503.65 0.24632
20508.97 0.2460529
20514.18 0.2466823
20519.49 0.2464593
20524.8 0.2479356
20530.12 0.2467565
20535.329999999998 0.2463443
20540.64 0.2467395
20545.95 0.2470827
20551.27 0.2450357
20556.480000000003 0.2457486
20561.79 0.2483997
20567.1 0.2449501
20572.420000000002 0.2454413
20577.63 0.2442805
20582.940000000002 0.24625
20588.25 0.2468189
20593.56 0.2487002
20598.78 0.2488935
20604.09 0.2490738
20609.4 0.2474106
20614.620000000003 0.2463067
20619.93 0.2460058
20625.239999999998 0.2447927
20630.55 0.2456907
20635.76 0.2422319
20641.08 0.245147
20646.39 0.2442084
20651.7 0.2449722
20656.92 0.2442539
20662.23 0.2428813
20667.54 0.2460548
20672.850000000002 0.2471347
20678.070000000003 0.2453644
20683.379999999997 0.2442616
20688.69 0.2440336
20694.0 0.2448902
20699.21 0.2436607
20704.530000000002 0.2423808
20709.84 0.2439318
20715.15 0.2450627
20720.36 0.2456316
20725.68 0.2420313
20730.99 0.2444377
20736.3 0.2440004
20741.510000000002 0.246832
20746.82 0.2464795
20752.14 0.2436523
20757.35 0.2441902
20762.66 0.2431502
20767.980000000003 0.2440068
20773.29 0.244123
20778.500000000004 0.2452001
20783.809999999998 0.2433752
20789.12 0.2429975
20794.440000000002 0.2448196
20799.65 0.2422516
20804.960000000003 0.2427801
20810.27 0.2416237
20815.59 0.2419148
20820.8 0.2412483
20826.11 0.2418613
20831.420000000002 0.2418599
20836.640000000003 0.2409618
20841.949999999997 0.2414094
20847.26 0.2431612
20852.57 0.2422607
20857.79 0.2417943
20863.100000000002 0.2419653
20868.410000000003 0.241861
20873.719999999998 0.2405151
20878.930000000004 0.2441513
20884.25 0.2416375
20889.56 0.2422854
20894.77 0.2403776
20900.089999999997 0.2445154
20905.399999999998 0.2436637
20910.71 0.2422553
20915.92 0.2424907
20921.24 0.2432646
20926.550000000003 0.241515
20931.86 0.2430922
20937.070000000003 0.2405226
20942.379999999997 0.242277
20947.7 0.2420952
20952.91 0.2413424
20958.22 0.2422613
20963.530000000002 0.2400269
20968.85 0.2398336
20974.059999999998 0.2411859
20979.37 0.2394792
20984.68 0.242311
20989.9 0.2396963
20995.210000000003 0.2398111
21000.519999999997 0.2410945
21005.829999999998 0.2411318
21011.05 0.2412434
21016.36 0.2415433
21021.670000000002 0.2414719
21026.88 0.2415282
21032.199999999997 0.2377502
21037.51 0.2416767
21042.82 0.2405824
21048.03 0.24025
21053.350000000002 0.2396646
21058.659999999996 0.2385842
21063.87 0.2392216
21069.179999999997 0.2394105
21074.489999999998 0.2389829
21079.81 0.2400453
21085.02 0.2389887
21090.33 0.238988
21095.649999999998 0.2388992
21100.86 0.2373451
21106.17 0.2375366
21111.48 0.2374781
21116.79 0.2377749
21122.010000000002 0.2384966
21127.32 0.2363994
21132.629999999997 0.2399569
21137.85 0.2369587
21143.16 0.2370519
21148.47 0.2385695
21153.780000000002 0.2388282
21158.99 0.2371667
21164.31 0.2364197
21169.62 0.2381248
21174.83 0.2360792
21180.14 0.2363472
21185.46 0.2356305
21190.67 0.2369694
21195.98 0.2384975
21201.3 0.2385676
21206.61 0.2384481
21211.82 0.2374752
21217.13 0.2390254
21222.44 0.2391983
21227.66 0.2433185
21232.97 0.2450261
21238.28 0.2433495
21243.59 0.2423718
21248.809999999998 0.2396506
21254.12 0.2391275
21259.43 0.2362871
21264.64 0.2379941
21269.960000000003 0.2393337
21275.27 0.2374351
21280.480000000003 0.2394754
21285.79 0.2378244
21291.11 0.2392578
21296.420000000002 0.2401186
21301.63 0.2404535
21306.940000000002 0.2394713
21312.25 0.2420677
21317.469999999998 0.2399127
21322.78 0.2410143
21328.09 0.2422825
21333.31 0.2401668
21338.620000000003 0.2400015
21343.93 0.2389801
21349.239999999998 0.2382053
21354.46 0.238776
21359.77 0.2409052
21365.08 0.2406209
21370.29 0.2366613
21375.609999999997 0.2398604
21380.92 0.2388831
21386.129999999997 0.2388596
21391.44 0.2402229
21396.75 0.2414149
21401.97 0.2398618
21407.280000000002 0.2398957
21412.589999999997 0.2392969
21417.899999999998 0.2391635
21423.12 0.2392408
21428.43 0.2376216
21433.74 0.2376812
21438.96 0.2375085
21444.269999999997 0.2392804
21449.579999999998 0.2375884
21454.79 0.2388968
21460.11 0.2354566
21465.420000000002 0.2398258
21470.63 0.2405627
21475.95 0.2385398
21481.26 0.2393944
21486.57 0.2392944
21491.78 0.2382682
21497.09 0.234235
21502.4 0.2377134
21507.62 0.2385428
21512.93 0.2392054
21518.239999999998 0.2376733
21523.46 0.2371827
21528.77 0.2385625
21534.08 0.2384038
21539.29 0.2383415
21544.61 0.238857
21549.920000000002 0.2374095
21555.13 0.2386638
21560.45 0.2380746
21565.76 0.2400827
21570.969999999998 0.2384251
21576.28 0.2372485
21581.59 0.2362165
21586.9 0.2372286
21592.120000000003 0.2348618
21597.43 0.2370551
21602.739999999998 0.2377422
21607.96 0.2378326
21613.27 0.2368854
21618.58 0.2353505
21623.79 0.2366111
21629.109999999997 0.2380965
21634.42 0.2374456
21639.629999999997 0.2382331
21644.95 0.2380273
21650.260000000002 0.237669
21655.47 0.2384091
21660.780000000002 0.2401424
21666.089999999997 0.238956
21671.3 0.2413352
21676.62 0.2423916
21681.93 0.2420958
21687.14 0.2366749
21692.46 0.2394122
21697.769999999997 0.2365149
21703.079999999998 0.2350359
21708.289999999997 0.2363892
21713.61 0.2333102
21718.920000000002 0.2343704
21724.13 0.2329161
21729.440000000002 0.2338907
21734.76 0.2356171
21739.97 0.2336332
21745.28 0.234528
21750.59 0.2350921
21755.81 0.2304705
21761.12 0.2304134
21766.43 0.2343343
21771.64 0.2332597
21776.96 0.2342156
21782.27 0.2336739
21787.48 0.2326919
21792.79 0.230924
21798.11 0.2312034
21803.32 0.2308819
21808.63 0.2309521
21813.940000000002 0.2300046
21819.160000000003 0.2316843
21824.469999999998 0.2302601
21829.78 0.2300875
21834.989999999998 0.2302427
21840.31 0.2306333
21845.620000000003 0.230625
21850.83 0.2317126
21856.140000000003 0.2320606
21861.46 0.2310678
21866.67 0.230772
21871.98 0.230684
21877.29 0.230751
21882.510000000002 0.2295736
21887.819999999996 0.2320559
21893.129999999997 0.2316301
21898.34 0.2298318
21903.66 0.2301959
21908.97 0.2296894
21914.18 0.2310026
21919.5 0.2292789
21924.809999999998 0.2292038
21930.02 0.2299433
21935.329999999998 0.2315987
21940.64 0.2291894
21945.86 0.2310866
21951.170000000002 0.229738
21956.48 0.2291066
21961.69 0.2298741
21967.01 0.2317154
21972.32 0.2308191
21977.530000000002 0.2304877
21982.84 0.2299525
21988.16 0.2300079
21993.37 0.2279578
21998.68 0.2285063
22003.99 0.2297222
22009.210000000003 0.2300673
22014.52 0.2298328
22019.829999999998 0.229082
22025.039999999997 0.2258375
22030.36 0.2298247
22035.670000000002 0.2294505
22040.88 0.2275477
22046.199999999997 0.2289047
22051.51 0.2268222
22056.719999999998 0.2288589
22062.03 0.2254233
22067.34 0.2266719
22072.56 0.2265443
22077.870000000003 0.227328
22083.179999999997 0.2272905
22088.399999999998 0.2257161
22093.71 0.2256277
22099.02 0.227715
22104.23 0.2243458
22109.54 0.2267129
22114.859999999997 0.2274791
22120.07 0.2255221
22125.379999999997 0.2267374
22130.69 0.2287714
22135.91 0.2259931
22141.22 0.224125
22146.530000000002 0.2321606
22151.74 0.2227137
22157.06 0.2271417
22162.37 0.2270085
22167.58 0.2274908
22172.9 0.2259071
22178.21 0.2275873
22183.42 0.2270705
22188.73 0.2272923
22194.04 0.2280185
22199.260000000002 0.2235761
22204.57 0.2265274
22209.88 0.2244027
22215.1 0.2239933
22220.41 0.2251792
22225.72 0.2236132
22230.93 0.2242717
22236.24 0.2299192
22241.460000000003 0.2253187
22246.769999999997 0.227818
22252.079999999998 0.2252113
22257.3 0.2267464
22262.61 0.2262817
22267.920000000002 0.2219841
22273.13 0.2246134
22278.449999999997 0.224824
22283.76 0.2219769
22288.969999999998 0.2229662
22294.29 0.2225406
22299.600000000002 0.2216769
22304.81 0.2234321
22310.120000000003 0.2223405
22315.429999999997 0.2235297
22320.64 0.2232412
22325.96 0.2231591
22331.27 0.2244952
22336.48 0.2225553
22341.8 0.2239896
22347.11 0.2244085
22352.32 0.2221298
22357.63 0.2245484
22362.95 0.2229261
22368.16 0.225781
22373.47 0.2230117
22378.78 0.2243987
22384.0 0.2205864
22389.31 0.2232202
22394.52 0.2232696
22399.83 0.2225805
22405.149999999998 0.2230159
22410.359999999997 0.2206207
22415.67 0.2208966
22420.98 0.2212061
22426.2 0.2223253
22431.510000000002 0.2207336
22436.820000000003 0.2222413
22442.039999999997 0.2204822
22447.35 0.2220857
22452.66 0.2211359
22457.87 0.220781
22463.190000000002 0.2205491
22468.499999999996 0.2201453
22473.71 0.2193439
22479.019999999997 0.2198189
22484.329999999998 0.2198915
22489.55 0.2201435
22494.86 0.2205838
22500.07 0.2199052
22505.39 0.2205743
22510.7 0.2209371
22515.91 0.2220903
22521.22 0.2206897
22526.53 0.2199621
22531.75 0.21991
22537.06 0.2193086
22542.37 0.2207042
22547.59 0.2196982
22552.9 0.2186169
22558.21 0.2206844
22563.43 0.2198819
22568.739999999998 0.2219518
22574.05 0.2209976
22579.26 0.2178561
22584.57 0.2176795
22589.79 0.2182718
22595.100000000002 0.2196932
22600.410000000003 0.220719
22605.629999999997 0.2212559
22610.94 0.2203008
22616.25 0.2195714
22621.46 0.2194147
22626.77 0.2205874
22632.089999999997 0.2184089
22637.3 0.2171005
22642.609999999997 0.2189613
22647.92 0.2159492
22653.14 0.2173674
22658.45 0.2164125
22663.66 0.2176273
22668.97 0.2187701
22674.29 0.218525
22679.5 0.2166791
22684.81 0.2181792
22690.13 0.2153949
22695.34 0.2186033
22700.65 0.2175641
22705.96 0.2185716
22711.18 0.215286
22716.49 0.2145071
22721.8 0.218891
22727.010000000002 0.2159733
22732.329999999998 0.2152601
22737.539999999997 0.2188212
22742.85 0.214822
22748.16 0.2153949
22753.38 0.2160916
22758.690000000002 0.2166703
22764.000000000004 0.2172501
22769.210000000003 0.2169272
22774.53 0.2177775
22779.84 0.2187596
22785.05 0.2175707
22790.370000000003 0.2149161
22795.670000000002 0.2145215
22800.89 0.2159818
22806.199999999997 0.2124167
22811.41 0.2127901
22816.73 0.211216
22822.04 0.2129467
22827.25 0.211543
22832.56 0.2135212
22837.88 0.2111736
22843.09 0.2117264
22848.4 0.2137172
22853.71 0.213399
22858.93 0.2126046
22864.239999999998 0.2131445
22869.55 0.2119591
22874.77 0.2113451
22880.08 0.2117832
22885.29 0.2115741
22890.600000000002 0.2086151
22895.91 0.212086
22901.129999999997 0.214106
22906.44 0.2096844
22911.75 0.2108939
22916.96 0.2098604
22922.280000000002 0.2116465
22927.590000000004 0.2090242
22932.800000000003 0.2087031
22938.12 0.208356
22943.329999999998 0.2091425
22948.64 0.2057247
22953.95 0.2036251
22959.170000000002 0.2054832
22964.48 0.2037443
22969.789999999997 0.2058418
22975.01 0.2028322
22980.32 0.2009582
22985.63 0.2035505
22990.84 0.2048123
22996.15 0.2076762
23001.46 0.2081339
23006.68 0.2071247
23011.99 0.2076809
23017.210000000003 0.2068382
23022.52 0.2089008
23027.829999999998 0.2060821
23033.039999999997 0.207396
23038.35 0.2064826
23043.670000000002 0.2085925
23048.88 0.2069142
23054.190000000002 0.2077675
23059.51 0.2069188
23064.719999999998 0.2070406
23070.03 0.2071749
23075.239999999998 0.2095131
23080.55 0.2086715
23085.870000000003 0.2101097
23091.08 0.2094685
23096.390000000003 0.2072894
23101.71 0.2060443
23106.92 0.2080391
23112.23 0.2090775
23117.54 0.2070186
23122.760000000002 0.2082457
23128.07 0.2095904
23133.28 0.2066094
23138.59 0.2074882
23143.91 0.2073288
23149.120000000003 0.207504
23154.43 0.2064326
23159.74 0.2062166
23164.96 0.2070784
23170.27 0.204941
23175.58 0.206901
23180.79 0.2054704
23186.11 0.2060833
23191.320000000003 0.2093395
23196.629999999997 0.2098429
23201.94 0.2058975
23207.16 0.2082679
23212.47 0.2060057
23217.780000000002 0.206988
23222.999999999996 0.205649
23228.309999999998 0.2047133
23233.62 0.2041927
23238.829999999998 0.2027244
23244.14 0.2028502
23249.36 0.1994799
23254.670000000002 0.1957327
23259.98 0.1965278
23265.2 0.1964156
23270.51 0.1977216
23275.82 0.1966127
23281.03 0.199926
23286.34 0.1996182
23291.66 0.1959611
23296.87 0.1982802
23302.18 0.1986534
23307.4 0.1992001
23312.71 0.2002392
23318.02 0.2024424
23323.230000000003 0.198083
23328.54 0.1977337
23333.86 0.1965462
23339.07 0.1973855
23344.38 0.2008234
23349.7 0.199496
23354.910000000003 0.1995944
23360.219999999998 0.19674
23365.44 0.2004994
23370.739999999998 0.1989734
23376.06 0.1986448
23381.27 0.1984901
23386.58 0.1989409
23391.899999999998 0.1979291
23397.109999999997 0.195689
23402.42 0.1966675
23407.73 0.2001672
23412.95 0.1989899
23418.260000000002 0.1966032
23423.47 0.1946214
23428.79 0.1933121
23434.1 0.1985401
23439.31 0.1994344
23444.63 0.1994856
23449.94 0.1949882
23455.149999999998 0.1938676
23460.46 0.1948231
23465.77 0.1933532
23470.98 0.1952094
23476.3 0.1974952
23481.510000000002 0.1980892
23486.820000000003 0.1960667
23492.13 0.1960049
23497.35 0.194378
23502.66 0.1940734
23507.97 0.1964323
23513.190000000002 0.1963763
23518.500000000004 0.1971481
23523.710000000003 0.1919344
23529.03 0.1939671
23534.34 0.1941065
23539.55 0.1897218
23544.86 0.1905709
23550.170000000002 0.1915102
23555.39 0.1921156
23560.699999999997 0.191358
23566.01 0.1923379
23571.22 0.1906893
23576.54 0.1927324
23581.75 0.1929565
23587.06 0.1933307
23592.37 0.1917204
23597.59 0.1964637
23602.9 0.194492
23608.21 0.1942069
23903.91 0.1875691
24100.649999999998 0.1844238
24297.39 0.1821739
24494.129999999997 0.1788553
24690.87 0.1770979
24887.609999999997 0.1725476
25203.38 0.1739175
25295.649999999998 0.1713164
25388.02 0.1688116
25480.390000000003 0.1677989
25572.86 0.1698709
25665.32 0.1708239
25757.789999999997 0.1720455
25850.460000000003 0.1715264
25943.03 0.1712928
26035.69 0.1711072
26128.45 0.1703804
26221.21 0.1720327
26314.079999999998 0.1684229
26406.94 0.1636842
26499.8 0.1636288
26592.760000000002 0.1621015
26685.819999999996 0.1571804
26778.870000000003 0.1562976
26871.93 0.1562921
26965.089999999997 0.1540615
27058.239999999998 0.1535743
27151.5 0.1532563
27244.75 0.1522086
27338.010000000002 0.1516702
27431.359999999997 0.1501993
27524.71 0.1515381
27618.170000000002 0.1514654
27711.62 0.1526685
27805.07 0.1519704
27898.62 0.1520417
27992.170000000002 0.1512103
28085.82 0.1508975
28179.47 0.150166
28273.11 0.1502446
28366.859999999997 0.1496163
28460.61 0.1491325
28554.35 0.1479776
28648.2 0.1449555
28742.04 0.1435922
28835.989999999998 0.1432844
28929.83 0.1422022
29023.780000000002 0.1402278
29117.82 0.1391304
29211.76 0.1378711
29305.8 0.1403011
29399.94 0.1380316
29493.99 0.137108
29588.12 0.1350416
29682.260000000002 0.1350068
29776.5 0.1341862
29870.739999999998 0.1336314
29964.98 0.1326985
30059.22 0.1321147
30153.55 0.1321417
30247.890000000003 0.1311002
30342.23 0.1324394
30436.57 0.1308911
30531.0 0.1304381
30625.44 0.1316676
30719.87 0.1311278
30814.41 0.1305482
30908.84 0.1284738
31003.370000000003 0.128484
31098.010000000002 0.1278978
31192.54 0.1253897
31287.17 0.1246498
31381.71 0.1225976
31476.440000000002 0.1219734
31571.07 0.1224147
31665.7 0.1248152
31760.43 0.1245992
31855.159999999996 0.1267334
31949.89 0.1251284
32044.72 0.1248001
32139.55 0.1240355
32234.280000000002 0.1235068
32329.11 0.1244198
32424.04 0.1247475
32518.859999999997 0.1266625
32613.789999999997 0.1295835
32708.620000000003 0.127316
32803.54 0.1261135
32898.47 0.1244879
32993.5 0.1223882
33088.43 0.1216807
33183.45 0.1192088
33278.47 0.117799
33373.5 0.1176819
33468.520000000004 0.1175327
33563.55 0.1174732
33658.68 0.1154963
33753.700000000004 0.1195344
33848.82 0.1184867
33943.95 0.1201069
34039.07 0.1197952
34134.2 0.115436
34229.42 0.1131085
34324.54 0.1140457
34419.770000000004 0.1137138
34514.99 0.1150215
34610.21 0.1137297
34705.43 0.1132335
34800.65 0.1116671
34895.88 0.1111376
34991.2 0.1090831
35086.42 0.1099394
35181.74 0.1094404
35277.06 0.108685
35372.38 0.1080609
35467.7 0.1091349
35563.020000000004 0.1073257
35658.340000000004 0.1070469
35753.76 0.1091734
35849.08 0.108812
35944.5 0.1075413
36039.82 0.1081557
36135.24 0.107776
36230.66 0.1066562
36326.08 0.1064127
36421.5 0.1049565
36516.91 0.1043071
36612.43 0.1041993
36707.85 0.1035436
36803.270000000004 0.1039549
36898.79 0.1018829
36994.3 0.1033493
37089.72 0.1025867
37185.24 0.1027679
37280.76 0.1018969
37376.28 0.1020423
37471.79 0.1008784
37567.31 0.0994848
37662.83 0.1001641
37758.44 0.1002511
37853.96 0.09856246
37949.48 0.09843079
38045.09 0.09924138
38140.61 0.09819665
38236.23 0.09866717
38331.840000000004 0.09644623
38427.36 0.09597175
38522.979999999996 0.09471172
38618.59 0.09409766
38714.200000000004 0.09499676
38809.82 0.09442815
38905.43 0.0934645
39001.05 0.09399489
39096.67 0.09484341
39192.28 0.09460263
39287.9 0.09444788
39383.62 0.09369162
39479.229999999996 0.09360803
39574.84 0.09343476
39670.56 0.0930282
39766.18 0.09351514
39861.89 0.09268869
39957.5 0.09222665
40053.219999999994 0.09215616
40148.83 0.09154044
40244.549999999996 0.09152894
40340.27 0.09006689
40435.88 0.089566
40531.59 0.08955592
40627.3 0.08882007
40723.02 0.08804551
40818.729999999996 0.08644693
40914.450000000004 0.08588189
41010.07 0.08600926
41105.780000000006 0.08527027
41201.49 0.08517749
41297.21 0.08535087
41392.920000000006 0.08512899
41488.630000000005 0.08347387
41584.35 0.0840352
41680.06 0.0846559
41775.78 0.08401607
41871.590000000004 0.08288907
41967.299999999996 0.08191626
42063.02 0.08408333
42158.73 0.08301528
42254.45 0.08263248
42350.159999999996 0.08251805
42445.87 0.08266912
42541.59 0.08182234
42637.4 0.08118596
42733.10999999999 0.08151062
42828.83 0.08243894
42924.54 0.08245095
43020.259999999995 0.07965279
43115.97 0.07773895
43211.78 0.07798341
43307.5 0.08153968
43403.21000000001 0.07869221
43498.92 0.07748287
43594.64 0.07829696
43690.45 0.08123674
43786.16 0.07871557
43881.880000000005 0.07836001
43977.59 0.07770741
44073.31 0.07772152
44169.020000000004 0.07677532
44264.74 0.07621421
44360.45 0.0757256
44456.26 0.07438268
44551.97 0.07728352
44647.69 0.07669924
44743.399999999994 0.07535747
44839.11 0.07470567
44934.83 0.0756332
45030.53999999999 0.07639448
45126.16 0.07656757
45221.869999999995 0.07486503
45317.590000000004 0.07127169
45413.3 0.07138411
45509.009999999995 0.07098932
45604.73 0.07188435
45700.35 0.07157974
45796.06 0.07082189
45891.770000000004 0.07127255
45987.49 0.07124242
46083.100000000006 0.07097189
46178.82 0.07111948
46274.439999999995 0.07281324
46370.15 0.0727636
46465.759999999995 0.07150709
46561.479999999996 0.07040526
46657.09 0.0732801
46752.71000000001 0.07352124
46848.32 0.07321309
46944.03999999999 0.07272436
47039.65 0.07170968
47135.27 0.07101636
47230.88 0.06970365
47326.49999999999 0.07038444
47422.11 0.07085843
47517.73 0.07198404
47613.35 0.07175245
47708.86 0.07048279
47804.479999999996 0.0698873
47900.1 0.06889885
47995.61 0.07005588
48091.229999999996 0.06833952
48186.75 0.06765373
49185.0 0.06710681
50168.7 0.06586975
51152.41 0.06480367
52214.5 0.06222069
52511.979999999996 0.06280928
52809.549999999996 0.06445324
53107.02 0.06551163
53404.48 0.06671323
53701.96 0.06307831
53999.43 0.05962802
54297.00000000001 0.06202322
54594.47 0.06160119
54891.94 0.06234747
55189.409999999996 0.06289276
55486.880000000005 0.06046042
55784.450000000004 0.06180033
56081.92 0.06216954
56379.39 0.05963597
56676.86 0.06112758
56974.340000000004 0.0605612
57271.91 0.05987285
57569.38 0.06008043
57866.840000000004 0.05906248
58164.32 0.06094401
58461.79 0.0613846
58759.36 0.06114633
59056.829999999994 0.06230515
59354.3 0.06051229
59651.77 0.06017585
59949.24 0.06070039
60246.810000000005 0.06084691
60544.28 0.06042964
60841.75 0.0599607
61139.219999999994 0.06202302
61436.69 0.0649364
61734.270000000004 0.06780692
62031.729999999996 0.06859158
62329.21 0.06698661
62626.68 0.06495755
62924.14 0.06315072
63221.72 0.06163006
63519.189999999995 0.06126828
63816.66 0.05931313
64114.13 0.0582076
64411.6 0.05673421
64709.17 0.05546944
65006.64000000001 0.05541426
65304.11 0.05595403
65601.59 0.05590149
65899.05 0.05498294
66196.63 0.05575422
66494.09 0.05488769
66791.57 0.05531174
67089.03 0.0545598
67386.51 0.05306731
67684.08 0.0545216
67981.55 0.05490876
68279.02 0.05410991
68576.49 0.05300602
68873.95999999999 0.05534751
69171.53 0.05677828
69469.0 0.05547317
69766.47 0.05791689
70063.94 0.05723974
70361.41 0.05596005
70658.98 0.05600957
70956.45 0.05722311
71253.92 0.05684646
71551.39 0.05583235
71848.86 0.05566848
72146.43 0.05787948
72443.9 0.05732772
72741.38 0.05643324
73038.85 0.05745016
73336.31999999999 0.05719634
73633.87999999999 0.0587477
73931.36 0.05677205
74526.3 0.05950649
75121.24 0.06137062
75716.28 0.06356257
76311.22 0.06683668
76906.16 0.0653866
77501.2 0.06132466
78096.15 0.06077884
78691.19 0.05976942
79286.13 0.05851677
79881.07 0.05659232
80476.1 0.05507429
81071.05 0.05329111
81666.00000000001 0.05218232
82261.03 0.05249647
82855.98 0.05253083
83450.91 0.04840835
84045.95999999999 0.05085472
84640.90000000001 0.05080237
85235.95 0.05161768
85830.88 0.05211293
86425.83 0.05224856
87020.87000000001 0.05090468
87615.8 0.04924417
88210.76 0.0488043
88805.78 0.04745357
89400.73 0.04746564
89995.67000000001 0.04796483
90590.70999999999 0.04675881
91185.65999999999 0.04626233
91780.7 0.04564252
92375.63 0.04676486
92970.58 0.04712891
93565.60999999999 0.04697221
94160.55 0.04729037
94755.5 0.04814068
95350.54000000001 0.04814665
95945.48 0.04808529
96540.42 0.0491276
97135.47 0.04847003
97730.40999999999 0.04835577
98325.45 0.04790427
98920.39 0.04827493
99515.34000000001 0.04865802
100110.37999999999 0.04839915
100705.31000000001 0.04863191
101300.26000000001 0.04858523
101895.29000000001 0.04918577
102490.23 0.04928854
103085.17 0.04915403
103680.21 0.04929155
104275.16 0.05022063
104870.2 0.05236692
105465.14 0.05336221
106060.09 0.05062239
106655.13 0.04980136
107250.06999999999 0.05049038
107845.01000000001 0.05013423
108440.04999999999 0.04994641
109034.99 0.05002222
109629.94 0.05024794
110224.97 0.0509149
110819.91 0.05158057
111414.95000000001 0.05472633
112009.89 0.06030128
112604.84 0.06151491
113199.88 0.05950606
113794.81999999999 0.05648273
114389.76999999999 0.05388763
114984.8 0.05248918
115579.73999999999 0.05109755
116174.68000000001 0.0505277
116769.71999999999 0.04866487
117364.66 0.04853115
117959.70999999999 0.04839542
118554.65000000001 0.04781273
119149.59 0.04838584
119744.63 0.04818905
120339.58 0.04762684
120934.51999999999 0.04696504
121529.55 0.04664709
122124.5 0.04696347
122719.45000000001 0.04731777
123314.48 0.04725698
123909.42000000001 0.04681886
124504.45999999999 0.0469223
125099.40000000001 0.04700145
125694.34 0.04708022
126289.38 0.04729925
126884.32 0.04750483
127479.27 0.04909327
128074.31 0.05250984
128669.25 0.04977547
129264.18999999999 0.04489962
129859.23 0.04368394
130454.17 0.04303915
131049.11 0.04368625
131644.16 0.04297082
132239.09 0.04277221
132834.14 0.04228873
133429.08 0.04245913
134024.02 0.04290271
134619.06 0.04306817
135214.0 0.04336967
135808.94 0.04347541
136403.97999999998 0.0432995
136998.92 0.04346999
137593.86 0.04311565
138400.2 0.04426986
139233.2 0.04461882
140066.22 0.04521902
140899.11000000002 0.04500741
141732.09 0.04566412
142565.09 0.04703877
143397.98 0.04880552
144231.0 0.04727704
145064.0 0.04695597
145896.98 0.04529568
146729.88999999998 0.04529668
147562.89 0.04516132
148395.88 0.0435393
149228.78 0.04478232
150061.77 0.04475379
150894.77000000002 0.04465709
151727.67 0.04424341
152560.66 0.0440455
153393.66999999998 0.04401381
154226.58000000002 0.04540208
155059.56 0.04786089
155892.56 0.05178303
156725.44999999998 0.04672962
157558.45 0.04606567
158391.45 0.04542121
159224.45 0.04553767
160057.33 0.046604
160890.37000000002 0.04550855
161723.35 0.0449327
162556.24999999997 0.04534207
163389.23 0.04635528
164222.22 0.04751691
165055.14 0.04746773
165888.12 0.04733763
166721.13 0.04639752
167554.02 0.0467056
168387.03 0.04675816
169220.03 0.04713158
170052.91 0.04895525
170885.93 0.04914828
171718.91999999998 0.04731674
172551.92 0.04656578
173384.81999999998 0.04670214
174217.82 0.04631961
175050.78999999998 0.04591171
175883.71 0.04557687
176716.71 0.04506011
177549.71000000002 0.0449278
178382.61 0.04445985
179215.58000000002 0.04434531
180048.6 0.04345494
180881.5 0.04376153
181714.48 0.04299338
182547.46999999997 0.04320559
183380.37 0.04316772
184213.37000000002 0.04296825
185046.39 0.0423153
185879.38 0.04244447
186712.27 0.04304025
187545.28 0.04455907
188378.27999999997 0.04223218
189211.18 0.04122944
190044.17 0.04154536
190877.17 0.041061
191710.05000000002 0.03985165
192543.09 0.04144979
193376.06 0.04169788
194208.95 0.0403267
195041.93999999997 0.03927616
195874.96000000002 0.04042299
196707.86 0.03956496
197540.84 0.04020592
198373.83 0.03894212
199206.84999999998 0.03900161
200039.72999999998 0.03779247
200872.73 0.03901522
201705.74 0.03729588
202538.64 0.0383194
204204.62 0.03788639
205870.53 0.037151
207536.40999999997 0.03626338
209202.4 0.03689428
210868.3 0.03613396
212534.31 0.0359521
214200.19 0.03594315
215866.09 0.03549439
217532.1 0.03503986
219198.0 0.03457874
220863.88 0.0346481
222529.87 0.03413772
224195.78999999998 0.03368432
225861.78 0.03377014
227527.66 0.03327401
229193.55 0.03326453
230859.57 0.03284669
232525.44 0.03287245
234191.36000000002 0.03268168
235857.33000000002 0.03207676
237523.23 0.03213706
239189.21999999997 0.0312711
240855.12000000002 0.03085995
242521.02000000002 0.03124441
244187.03 0.03069391
245852.93 0.02977306
247518.81 0.02963787
249184.82 0.02906122
250850.72 0.02840284
252516.69 0.02798061
254182.59 0.02764892
255848.48 0.02792714
257514.48 0.0293006
259180.37000000002 0.03115283
260846.27000000002 0.02824555
262512.25 0.02659738
264178.16 0.02645848
265844.15 0.02615499
267510.03 0.02591027
269175.97000000003 0.02577611
270841.95999999996 0.02572829
272507.8 0.02524436
274173.72000000003 0.02524227
275839.75 0.02523526
277505.63 0.02506441
279171.62 0.02460864
280837.54 0.02442752
282503.41 0.02459733
284169.41000000003 0.02395279
285835.3 0.02375859
287501.18 0.02339211
289167.19 0.02337856
290833.09 0.02292287
292499.07 0.02259137
294165.0 0.02246452
295830.92 0.02214181
297496.87 0.022237
299162.79 0.02207724
300828.69 0.02167407
302494.66000000003 0.02171359
304160.56 0.02183902
305826.57 0.02110321
307492.45 0.02098243
309158.34 0.02109579
310824.33999999997 0.02127361
312490.25 0.0208719
314156.14999999997 0.02055778
315822.12 0.02040626
317488.0 0.02071512
319154.03 0.02085342
320819.89 0.02077796
322485.81 0.02037677
324151.8 0.02025571
325817.68 0.02050385
327483.6 0.02097503
329149.63 0.02121646
330815.50999999995 0.01978339
332481.45999999996 0.02040675
334147.38 0.02323695
335813.29 0.0211225
337479.25 0.01964661
339145.16 0.01959992
340811.04000000004 0.01951207
342477.07 0.01984245
344142.95 0.01959803
345808.94 0.0197346
