918.6600000000001 0.005000526
923.65 0.02417734
928.64 0.02505917
933.63 0.05159194
938.61 0.05563683
943.6 0.09732956
948.59 0.09128404
953.5799999999999 0.1425869
958.5699999999999 0.1422161
963.56 0.1579942
968.55 0.1531749
973.53 0.02763879
978.52 0.04058345
983.51 0.1370305
988.4999999999999 0.1286442
993.4900000000001 0.1527776
998.48 0.1556137
1003.46 0.2208164
1008.45 0.2160254
1013.44 0.2119615
1018.4300000000001 0.2081092
1023.4200000000001 0.09873359
1028.41 0.09663706
1033.4 0.1595065
1038.38 0.1627022
1043.37 0.2847247
1048.36 0.2823051
1053.35 0.2821577
1058.34 0.2760728
1063.33 0.2197082
1068.31 0.2205718
1073.3 0.254619
1078.29 0.2513564
1083.28 0.2042135
1088.27 0.2048281
1093.26 0.2701756
1098.24 0.2684614
1103.23 0.2583096
1108.22 0.2549675
1113.21 0.2470012
1118.2 0.2423385
1123.19 0.2215528
1128.18 0.2171834
1133.16 0.2808943
1141.1200000000001 0.2547094
1146.3700000000001 0.2564646
1151.6200000000001 0.2755549
1156.87 0.2742524
1162.12 0.2867902
1167.37 0.2846643
1172.6200000000001 0.1952611
1177.8700000000001 0.2014374
1183.1200000000001 0.2843112
1188.37 0.2782853
1193.62 0.2023602
1198.87 0.2081193
1204.1200000000001 0.1562726
1209.3700000000001 0.143031
1214.6200000000001 0.1274846
1219.87 0.2033599
1225.12 0.250498
1230.37 0.2254576
1235.6200000000001 0.2835025
1240.8700000000001 0.3100842
1246.11 0.3260584
1251.36 0.3093756
1256.61 0.2995838
1261.86 0.2626913
1267.11 0.2603234
1272.36 0.329835
1277.6100000000001 0.3276821
1282.8600000000001 0.3428544
1288.1100000000001 0.340299
1293.3600000000001 0.2710712
1298.6100000000001 0.2660873
1303.8600000000001 0.2721468
1309.11 0.2696829
1314.36 0.3342422
1319.61 0.3310647
1324.86 0.3177673
1330.11 0.3111378
1335.36 0.28066
1340.6100000000001 0.335701
1345.8600000000001 0.3336142
1351.1100000000001 0.325546
1356.3600000000001 0.3230941
1361.6100000000001 0.2925193
1366.8600000000001 0.29012
1372.11 0.3063502
1377.36 0.3048595
1382.61 0.3111591
1387.86 0.3056108
1393.11 0.2641499
1398.36 0.2650761
1403.6100000000001 0.2815711
1408.8500000000001 0.2804056
1414.1000000000001 0.2865266
1419.3500000000001 0.2933105
1424.6000000000001 0.2901925
1429.85 0.2909434
1435.1 0.2887154
1440.35 0.3033651
1445.6 0.3075718
1450.85 0.2989086
1456.1 0.2968642
1461.35 0.2768338
1466.6000000000001 0.2752933
1471.8500000000001 0.2777943
1477.1000000000001 0.2767488
1482.3500000000001 0.2837656
1487.6000000000001 0.2834398
1492.85 0.2883841
1498.1 0.2876374
1503.35 0.274352
1508.6 0.2484642
1513.85 0.2668065
1519.1 0.2663254
1524.35 0.2666455
1529.6000000000001 0.2752038
1534.8500000000001 0.2585375
1540.1000000000001 0.2582077
1545.3500000000001 0.2367887
1550.6000000000001 0.274425
1555.85 0.2886179
1561.1 0.2769759
1566.35 0.2593767
1571.59 0.263445
1576.84 0.2558214
1582.09 0.2635851
1587.34 0.2610085
1592.5900000000001 0.2658215
1597.8400000000001 0.2634263
1603.0900000000001 0.2587728
1608.3400000000001 0.2574571
1613.59 0.2600561
1618.84 0.2581834
1624.09 0.247761
1629.34 0.2471394
1634.59 0.2644664
1639.84 0.2679291
1645.09 0.2679989
1650.34 0.2501784
1655.5900000000001 0.2486926
1660.8400000000001 0.2697834
1666.0900000000001 0.2653224
1671.3400000000001 0.2438786
1676.59 0.2628971
1681.84 0.2718366
1687.09 0.2692978
1692.34 0.2559931
1695.17 0.2572326
1700.6399999999999 0.2476893
1706.1000000000001 0.2458914
1711.57 0.2324038
1717.04 0.2318271
1722.5099999999998 0.2310921
1727.98 0.2301788
1733.45 0.2446607
1738.9199999999998 0.2440438
1744.39 0.2388176
1749.85 0.2379186
1755.32 0.251083
1760.7900000000002 0.2359723
1766.26 0.233903
1771.73 0.2378281
1777.1999999999998 0.2364415
1782.68 0.2424079
1788.15 0.2401386
1793.62 0.2550055
1799.0900000000001 0.2533677
1804.56 0.2541125
1810.03 0.2333608
1815.5 0.2318269
1820.98 0.2405742
1826.45 0.2393777
1831.9199999999998 0.2306508
1837.39 0.229511
1842.8700000000001 0.2132477
1848.34 0.2101415
1853.81 0.2102194
1859.2800000000002 0.2093887
1864.76 0.2162135
1870.23 0.2373915
1875.7099999999998 0.2370936
1881.18 0.2189645
1886.65 0.2193453
1892.1299999999999 0.2114626
1897.6000000000001 0.2116104
1903.0800000000002 0.2304822
1908.55 0.23418
1914.03 0.2182104
1919.5 0.2132478
1924.98 0.2069428
1930.45 0.2163859
1935.9299999999998 0.2140046
1941.4 0.2191663
1946.88 0.2175401
1952.35 0.2036425
1957.8300000000002 0.2022164
1963.31 0.2214618
1968.78 0.2201499
1974.26 0.2279368
1979.73 0.2149798
1985.21 0.2138399
1990.69 0.2088575
1996.1699999999998 0.2076516
2001.64 0.2171764
2007.1200000000001 0.2161249
2012.6 0.2095829
2018.07 0.208234
2023.5500000000002 0.2201657
2029.03 0.2190049
2034.51 0.2048572
2039.98 0.2120975
2045.46 0.2111657
2050.94 0.203666
2056.42 0.2026804
2061.9 0.2053607
2067.37 0.2046317
2072.85 0.2174029
2078.33 0.2025097
2083.81 0.2119786
2089.29 0.2108267
2094.77 0.2002696
2100.25 0.1992544
2105.7200000000003 0.2039932
2111.2 0.202701
2116.68 0.2048007
2122.16 0.2082351
2127.64 0.2070207
2133.12 0.1970938
2138.6 0.1963754
2144.08 0.1978587
2149.56 0.1970259
2155.04 0.2048756
2160.52 0.2035306
2166.0 0.199717
2171.48 0.1988521
2176.96 0.1977197
2182.44 0.1928484
2187.9100000000003 0.1919828
2193.39 0.2005281
2198.87 0.1996414
2204.35 0.1961338
2209.83 0.1949698
2215.31 0.189221
2220.79 0.188202
2226.27 0.1829072
2231.75 0.1916139
2237.23 0.1907588
2242.71 0.1854872
2248.2 0.1848814
2253.6800000000003 0.1796709
2259.16 0.1792041
2264.64 0.1837874
2270.12 0.1829723
2275.6 0.185864
2281.08 0.1892762
2286.56 0.1884114
2292.04 0.1803348
2297.52 0.1800103
2303.0 0.1801392
2308.48 0.1795795
2313.96 0.1736199
2319.44 0.1732662
2324.92 0.1430231
2330.4 0.1418796
2335.88 0.1636601
2341.36 0.1643979
2346.84 0.1632442
2352.32 0.1690556
2357.7999999999997 0.1682765
2363.28 0.1609727
2368.76 0.159746
2374.24 0.1611231
2379.72 0.1621739
2385.2000000000003 0.1566232
2390.68 0.1559042
2396.16 0.1640063
2401.64 0.1632504
2407.12 0.1575313
2412.6 0.1600207
2418.08 0.159512
2423.56 0.1646636
2429.04 0.1633979
2434.52 0.158149
2440.0 0.1575315
2445.48 0.1648682
2450.96 0.1622753
2456.44 0.1615692
2461.92 0.161812
2467.4 0.1613859
2472.88 0.1579423
2478.36 0.1570436
2483.84 0.1625207
2489.3199999999997 0.1618697
2494.8 0.1529272
2500.2799999999997 0.1524507
2505.75 0.1636479
2511.23 0.1543277
2516.7099999999996 0.1534463
2522.19 0.1533444
2527.67 0.1526029
2533.15 0.1528369
2538.63 0.1500171
2544.11 0.1492036
2549.5800000000004 0.1487231
2555.06 0.1546941
2560.54 0.1539042
2566.02 0.1529618
2571.5 0.1583989
2576.98 0.1560902
2582.45 0.1571233
2587.93 0.1553995
2593.41 0.1548202
2598.89 0.1556597
2604.36 0.1516749
2609.84 0.1517811
2615.3199999999997 0.1510976
2620.79 0.1504547
2626.27 0.1532433
2631.75 0.154046
2637.23 0.1531205
2642.7000000000003 0.159293
2648.18 0.1587092
2653.66 0.1587752
2659.13 0.1576346
2664.61 0.1504574
2670.0800000000004 0.1499197
2675.56 0.1543131
2681.04 0.1531623
2686.5099999999998 0.1525479
2691.9900000000002 0.1495749
2697.46 0.1489625
2702.9399999999996 0.1506958
2708.41 0.1503386
2713.89 0.1471873
2719.36 0.1466003
2724.84 0.1478053
2730.3100000000004 0.1519788
2735.7799999999997 0.1513423
2741.2599999999998 0.1415509
2746.73 0.1411826
2752.21 0.1425301
2757.6800000000003 0.1419656
2763.1499999999996 0.1443778
2768.63 0.1447652
2774.1 0.1505133
2779.57 0.1511072
2785.05 0.1473845
2790.5200000000004 0.1342029
2795.99 0.1336016
2801.46 0.1429687
2806.9300000000003 0.142527
2812.4100000000003 0.1516147
2817.8799999999997 0.1494242
2823.35 0.1478971
2828.82 0.1428974
2834.29 0.1422052
2839.76 0.1404905
2845.2300000000005 0.1385541
2850.7 0.1386744
2856.17 0.1385753
2861.64 0.1423516
2867.11 0.1416448
2872.58 0.1394651
2878.0499999999997 0.1388837
2883.52 0.1397952
2888.9900000000002 0.1391026
2894.46 0.13779
2899.93 0.1371823
2905.4 0.1412135
2910.87 0.14064
2916.33 0.1399836
2921.7999999999997 0.1385277
2927.27 0.1381743
2932.74 0.1377353
2938.2000000000003 0.1367979
2943.67 0.1364256
2949.14 0.1361327
2954.6 0.1356181
2960.07 0.1366534
2965.53 0.1362432
2970.9999999999995 0.1356581
2976.47 0.1351487
2981.93 0.1353767
2987.4 0.134869
2994.85 0.1337472
3000.32 0.1347101
3005.8 0.1341969
3011.27 0.1338096
3016.74 0.1332662
3022.22 0.1338094
3027.69 0.1331025
3033.16 0.1325273
3038.6400000000003 0.1323798
3044.1099999999997 0.1323341
3049.58 0.1320836
3055.06 0.1312966
3060.53 0.1307246
3066.0 0.1307972
3071.4799999999996 0.1302625
3076.95 0.1299673
3082.43 0.1296655
3087.9 0.1292177
3093.37 0.1288674
3098.8500000000004 0.1286257
3104.3199999999997 0.1282343
3109.7999999999997 0.1277538
3115.27 0.1276352
3120.75 0.1278717
3126.2200000000003 0.1276765
3131.6899999999996 0.1273606
3137.17 0.1270121
3142.64 0.1268701
3148.12 0.1264081
3153.59 0.1260798
3159.0699999999997 0.1253757
3164.5499999999997 0.1245631
3170.02 0.1241976
3175.5 0.1232884
3180.9700000000003 0.1210334
3186.4500000000003 0.121059
3191.9199999999996 0.1209651
3197.4 0.1206247
3202.87 0.1226442
3208.35 0.122175
3213.83 0.1213179
3219.2999999999997 0.1210906
3224.7799999999997 0.1206998
3230.25 0.1199824
3235.73 0.1194823
3241.21 0.1199139
3246.6800000000003 0.1196667
3252.16 0.11924
3257.64 0.1189012
3263.11 0.1197794
3268.59 0.1194794
3274.07 0.118954
3279.5400000000004 0.1187576
3285.02 0.1185217
3290.5 0.1181759
3295.97 0.1178949
3301.4500000000003 0.1177332
3306.9300000000003 0.117425
3312.3999999999996 0.1170982
3317.88 0.1198295
3323.36 0.1192779
3328.84 0.1178097
3334.31 0.1177129
3339.7900000000004 0.1161143
3345.27 0.1163701
3350.75 0.1137965
3356.22 0.113271
3361.7000000000003 0.1147575
3367.1800000000003 0.111991
3372.6600000000003 0.1115423
3378.14 0.1107758
3383.61 0.1146653
3389.09 0.1150397
3394.57 0.1147426
3400.05 0.1170979
3405.5299999999997 0.1121387
3411.0 0.111934
3416.48 0.1139793
3421.96 0.1164261
3427.44 0.1158816
3432.92 0.1159659
3438.3999999999996 0.1145807
3443.87 0.1140906
3449.35 0.111231
3454.83 0.109619
3460.31 0.1084047
3465.7900000000004 0.1080103
3471.27 0.1087403
3476.75 0.1085631
3482.23 0.1079074
3487.7000000000003 0.1085024
3493.1800000000003 0.1095035
3498.6600000000003 0.1092677
3504.14 0.1072674
3509.62 0.1070849
3515.1 0.1066458
3520.58 0.1076339
3526.06 0.1078498
3531.5400000000004 0.1074329
3537.02 0.1089022
3542.5 0.1088409
3547.98 0.1084831
3553.46 0.1094048
3558.94 0.1092121
3564.41 0.1089901
3569.89 0.1060035
3575.37 0.1025917
3580.85 0.1026699
3586.33 0.1018227
3591.81 0.1021375
3597.2900000000004 0.1018729
3602.77 0.1043146
3608.25 0.1040021
3613.73 0.1036613
3619.21 0.1045476
3624.69 0.108417
3630.1699999999996 0.1080039
3635.65 0.1060163
3641.13 0.1069821
3646.61 0.1065195
3652.09 0.1050721
3657.57 0.1068732
3663.0499999999997 0.1064365
3668.5299999999997 0.1053769
3674.0099999999998 0.1045749
3679.4900000000002 0.1002317
3684.9700000000003 0.09863601
3690.46 0.09985195
3695.9399999999996 0.102613
3701.42 0.1003871
3706.9 0.09964431
3712.38 0.1017282
3717.86 0.1402686
3723.34 0.3879548
3728.8199999999997 0.5959286
3734.2999999999997 0.2720744
3739.7799999999997 0.1216333
3745.26 0.1105236
3750.7400000000002 0.1039378
3756.2200000000003 0.1132475
3761.7 0.1200944
3767.18 0.1092869
3772.66 0.1071542
3778.14 0.1206571
3783.63 0.127749
3789.11 0.1249619
3794.5899999999997 0.1122544
3800.0699999999997 0.104759
3805.5499999999997 0.1218458
3811.03 0.1302545
3816.51 0.1334578
3821.9900000000002 0.1237055
3827.4700000000003 0.1209392
3832.95 0.1066048
3838.43 0.1088404
3843.92 0.1179137
3849.4 0.1271264
3854.88 0.1344562
3860.36 0.1383148
3865.8399999999997 0.1583971
3871.3199999999997 0.1552227
3876.8 0.1314157
3882.28 0.1226367
3887.76 0.1294367
3893.2499999999995 0.1186756
3898.7300000000005 0.1227032
3904.21 0.1275425
3909.69 0.1315297
3915.17 0.1357178
3920.65 0.1278614
3926.13 0.1244633
3931.6099999999997 0.1192668
3937.0899999999997 0.1239441
3942.58 0.1287545
3948.06 0.1270808
3953.54 0.129524
3959.02 0.1205159
3964.5000000000005 0.1176662
3969.98 0.1258094
3975.46 0.113268
3980.94 0.1185681
3986.42 0.124725
3991.9100000000003 0.1266167
3997.3900000000003 0.1324807
4002.87 0.1295468
4008.35 0.1294171
4013.83 0.129084
4019.31 0.1277896
4024.79 0.1289463
4030.2700000000004 0.1275252
4035.7599999999998 0.1295968
4041.24 0.1300068
4046.72 0.1302366
4052.2000000000003 0.1283642
4057.6800000000003 0.1320003
4063.1600000000003 0.1324148
4068.64 0.1345219
4074.12 0.1258684
4079.61 0.1280269
4085.09 0.1264419
4090.57 0.1206411
4096.05 0.1192036
4101.53 0.1381796
4107.01 0.1210254
4112.49 0.1176741
4117.97 0.1211211
4123.45 0.1203136
4128.93 0.1214446
4134.42 0.1225961
4139.900000000001 0.1222849
4145.38 0.1197112
4150.86 0.1208576
4156.34 0.1212716
4161.82 0.1216189
4167.3 0.121857
4172.78 0.1170835
4178.259999999999 0.1197028
4183.75 0.1169376
4189.23 0.1196352
4194.71 0.1222048
4200.19 0.1198104
4205.67 0.1186641
4211.150000000001 0.1184288
4216.63 0.1200161
4222.11 0.1180543
4227.59 0.1174458
4233.07 0.1147478
4238.55 0.114724
4244.03 0.1180896
4249.51 0.1158745
4254.99 0.114572
4260.48 0.1174642
4265.96 0.1154563
4271.4400000000005 0.1143328
4276.92 0.1143487
4282.400000000001 0.1152988
4287.88 0.1140311
4293.36 0.1116104
4298.84 0.1102696
4304.32 0.1093625
4309.8 0.1088596
4315.280000000001 0.11127
4320.76 0.1118977
4326.24 0.1081519
4331.72 0.1092717
4337.2 0.144613
4342.68 0.1629812
4348.16 0.1150838
4353.639999999999 0.1082551
4359.12 0.1160869
4364.6 0.1180942
4370.08 0.1139017
4375.56 0.1120447
4381.04 0.1084094
4386.5199999999995 0.1060601
4392.0 0.1085526
4397.4800000000005 0.1093681
4402.96 0.1078814
4408.4400000000005 0.109419
4413.92 0.1110667
4419.4 0.1093245
4424.88 0.1083139
4430.36 0.1088676
4435.84 0.1093903
4441.320000000001 0.1081837
4446.8 0.1084968
4452.28 0.1090756
4457.76 0.1073776
4463.24 0.1081835
4468.72 0.1098083
4474.2 0.112744
4479.67 0.1104124
4485.15 0.1102168
4490.63 0.1100256
4496.11 0.1091438
4501.59 0.1115788
4507.070000000001 0.1105051
4512.55 0.1086954
4518.03 0.1088403
4523.51 0.1058507
4528.99 0.1035059
4534.46 0.1039421
4539.9400000000005 0.1049352
4545.42 0.106432
4550.9 0.1024461
4556.38 0.1045182
4561.86 0.1076126
4567.34 0.1070097
4572.8099999999995 0.1082593
4578.29 0.1055254
4583.7699999999995 0.1069957
4589.25 0.102691
4594.7300000000005 0.1066324
4600.21 0.1045608
4605.679999999999 0.1052067
4611.16 0.1057737
4616.64 0.1082536
4622.12 0.1068674
4627.6 0.1052912
4633.070000000001 0.1070214
4638.55 0.1045304
4644.03 0.1076927
4649.51 0.1043032
4654.9800000000005 0.1043982
4660.46 0.1062304
4665.9400000000005 0.1055112
4671.42 0.1005659
4676.89 0.1042742
4682.37 0.105569
4687.85 0.1032033
4693.320000000001 0.1035859
4698.8 0.102403
4704.28 0.09958189
4709.76 0.1004391
4715.2300000000005 0.09970243
4720.71 0.1017401
4726.1900000000005 0.09978965
4731.66 0.1001545
4737.14 0.1014041
4742.62 0.10079
4748.09 0.101721
4753.57 0.09882144
4759.04 0.1000255
4764.5199999999995 0.09970093
4770.0 0.09986595
4775.47 0.09909261
4780.95 0.09989253
4786.42 0.09984458
4791.9 0.1011383
4797.38 0.1003572
4802.85 0.1003713
4808.33 0.100597
4813.8 0.09964135
4819.280000000001 0.1022043
4824.75 0.1001591
4830.23 0.1021437
4835.7 0.09790897
4841.18 0.097413
4846.66 0.09790888
4852.13 0.1038963
4857.6 0.198508
4863.08 0.2700111
4868.55 0.1308599
4874.03 0.09517333
4879.5 0.09582587
4884.98 0.09692438
4890.45 0.09585462
4895.93 0.09767454
4901.400000000001 0.09978402
4906.87 0.09823085
4912.349999999999 0.09583252
4917.82 0.09501432
4923.3 0.09289475
4928.77 0.09382075
4934.24 0.09499478
4939.72 0.09331117
4945.19 0.09372172
4950.67 0.1087615
4956.14 0.1925889
4961.610000000001 0.2024627
4967.09 0.1095362
4972.5599999999995 0.09413317
4978.03 0.0920888
4983.5 0.09222278
4988.9800000000005 0.09544407
4994.45 0.0988524
4999.92 0.1754199
5005.4 0.4612792
5010.87 0.3385376
5016.34 0.1201176
5021.8099999999995 0.09098423
5027.28 0.08991516
5032.759999999999 0.09061052
5038.2300000000005 0.0893058
5043.7 0.09008618
5049.169999999999 0.08822668
5054.64 0.09094342
5060.12 0.09184779
5065.59 0.08863513
5071.0599999999995 0.08777313
5076.530000000001 0.08589644
5082.0 0.0864552
5087.469999999999 0.09021814
5092.9400000000005 0.08763274
5098.41 0.08787947
5103.879999999999 0.08673441
5109.36 0.08657312
5114.83 0.0863044
5120.3 0.08720763
5125.7699999999995 0.08433911
5131.240000000001 0.08592964
5136.71 0.08564708
5142.179999999999 0.08494491
5147.650000000001 0.08430863
5153.12 0.08493585
5158.589999999999 0.08692171
5164.06 0.08383159
5169.53 0.07908331
5175.0 0.08073619
5180.47 0.0809286
5185.929999999999 0.0812206
5191.400000000001 0.08385488
5196.87 0.09036096
5202.34 0.08818383
5207.81 0.0816118
5213.28 0.0818336
5218.75 0.08488548
5224.22 0.08218302
5229.68 0.08154381
5235.15 0.08389081
5240.62 0.0840775
5246.09 0.08306476
5251.5599999999995 0.08382801
5257.02 0.08342095
5262.49 0.08316973
5267.96 0.08029333
5273.43 0.08188549
5278.89 0.08440579
5284.360000000001 0.08450287
5289.83 0.08420523
5295.29 0.08456561
5300.76 0.08572629
5306.23 0.08432071
5311.69 0.08464384
5317.16 0.08377806
5322.63 0.0811423
5328.09 0.08146372
5333.56 0.08284377
5339.0199999999995 0.08345208
5344.49 0.08325735
5349.96 0.08396778
5355.42 0.08673308
5360.89 0.08418179
5366.349999999999 0.08259105
5371.820000000001 0.08170359
5377.28 0.08217199
5382.749999999999 0.08221879
5388.21 0.08084146
5393.679999999999 0.08053263
5399.14 0.07961539
5404.61 0.07815289
5410.07 0.0802936
5415.53 0.07991791
5421.0 0.08116642
5426.46 0.08097282
5431.93 0.07985621
5437.389999999999 0.08016816
5442.85 0.08031768
5448.32 0.07976945
5453.780000000001 0.07979445
5459.24 0.0803143
5464.7 0.08013435
5470.17 0.0793972
5475.63 0.07930574
5481.089999999999 0.07932173
5486.55 0.07914262
5492.0199999999995 0.0789781
5497.4800000000005 0.07860628
5502.94 0.07701797
5508.4 0.07790281
5513.860000000001 0.07997972
5519.33 0.07970994
5524.790000000001 0.07867477
5530.25 0.0780913
5535.71 0.07710181
5541.17 0.07869456
5546.63 0.07974592
5552.089999999999 0.07850544
5557.55 0.07924179
5563.01 0.07761453
5568.47 0.07927941
5573.93 0.07753036
5579.389999999999 0.07693892
5584.85 0.07627413
5590.3099999999995 0.0748945
5595.7699999999995 0.07731621
5601.2300000000005 0.07721475
5606.69 0.077755
5612.150000000001 0.07729462
5617.61 0.07661409
5623.07 0.07649005
5628.530000000001 0.0763473
5633.98 0.07650769
5639.44 0.07797565
5644.900000000001 0.07660164
5650.36 0.07598242
5655.820000000001 0.07590026
5661.27 0.07622976
5666.73 0.07681852
5672.1900000000005 0.0776266
5677.65 0.07615227
5689.52 0.07487559
5699.23 0.07449229
5708.950000000001 0.07495599
5718.67 0.076518
5728.379999999999 0.07602203
5738.1 0.07700537
5747.82 0.0749145
5757.53 0.07481656
5767.25 0.07539091
5776.97 0.07455905
5786.679999999999 0.07463951
5796.400000000001 0.07557864
5806.12 0.07663762
5815.84 0.07599422
5825.5599999999995 0.07566942
5835.280000000001 0.07515324
5844.99 0.07618223
5854.71 0.07395032
5864.43 0.07406672
5874.150000000001 0.09158664
5883.87 0.072851
5893.589999999999 0.06826253
5903.31 0.07122912
5913.030000000001 0.07230933
5922.75 0.07166311
5932.469999999999 0.07083673
5942.1900000000005 0.07121543
5951.91 0.07097188
5961.63 0.07215343
5971.349999999999 0.07092476
5981.08 0.07135214
5990.799999999999 0.07149976
6000.52 0.07050822
6010.24 0.06942579
6019.96 0.06965821
6029.679999999999 0.06996929
6039.41 0.07026091
6049.13 0.07001481
6058.85 0.07113886
6068.57 0.07054424
6078.3 0.06812559
6088.0199999999995 0.07137162
6097.740000000001 0.06912154
6107.47 0.06888596
6117.1900000000005 0.06885966
6126.91 0.06743561
6136.639999999999 0.06596396
6146.36 0.0649848
6156.089999999999 0.06465201
6165.81 0.06586463
6175.53 0.06475074
6185.26 0.06528767
6194.98 0.0653553
6204.71 0.06413739
6214.429999999999 0.06419625
6224.16 0.06400549
6233.88 0.06409802
6243.610000000001 0.06351869
6253.339999999999 0.06521573
6263.06 0.06726023
6272.79 0.06458918
6282.51 0.06324718
6292.24 0.06879683
6301.97 0.08995427
6311.69 0.06535816
6321.42 0.06624356
6331.15 0.06652094
6340.87 0.06526427
6350.599999999999 0.06482628
6360.33 0.06350613
6370.0599999999995 0.06365625
6379.780000000001 0.06533537
6389.51 0.06527274
6399.240000000001 0.06358868
6408.97 0.06617088
6418.700000000001 0.06348299
6428.42 0.06618746
6438.150000000001 0.0655516
6447.88 0.06412361
6457.610000000001 0.06444707
6467.34 0.06594863
6477.070000000001 0.06458007
6486.8 0.06494428
6496.52 0.06526076
6506.25 0.07012433
6515.9800000000005 0.06792264
6525.71 0.07024662
6535.4400000000005 0.07139621
6545.17 0.1105232
6554.900000000001 0.2644785
6564.63 0.6755053
6574.360000000001 0.1011053
6584.09 0.2204227
6593.820000000001 0.07456853
6603.55 0.06853816
6613.280000000001 0.06755137
6623.01 0.06755653
6632.749999999999 0.06519712
6642.48 0.06137593
6652.209999999999 0.06330273
6661.94 0.06179733
6671.669999999999 0.06412968
6681.4 0.06496351
6691.129999999999 0.06237397
6700.86 0.06167998
6710.599999999999 0.09112739
6720.33 0.1236236
6730.0599999999995 0.1328268
6739.79 0.06617616
6749.5199999999995 0.06058125
6759.26 0.05971957
6768.990000000001 0.05907043
6778.72 0.05719549
6788.450000000001 0.05674881
6798.19 0.05637124
6807.919999999999 0.05897402
6817.65 0.059313
6827.379999999999 0.05993381
6837.12 0.05974386
6846.849999999999 0.0575893
6856.58 0.05770164
6866.320000000001 0.05752593
6876.05 0.05725253
6885.780000000001 0.05707709
6895.52 0.05731464
6905.250000000001 0.05738426
6914.98 0.05723562
6924.719999999999 0.05707161
6934.45 0.05691719
6944.179999999999 0.0582982
6953.92 0.05749451
6963.650000000001 0.05733735
6973.39 0.0594088
6983.120000000001 0.05928535
6992.86 0.05878005
7002.589999999999 0.05750505
7012.32 0.05737213
7022.06 0.05595206
7031.79 0.05832796
7041.530000000001 0.05815649
7051.26 0.0598699
7060.999999999999 0.05975468
7070.73 0.05474714
7080.47 0.05456494
7090.2 0.05729713
7099.9400000000005 0.05550179
7109.67 0.05530818
7119.410000000001 0.05515393
7129.14 0.05510735
7138.88 0.05299545
7148.62 0.05373226
7158.35 0.05352882
7168.09 0.05373296
7177.820000000001 0.05359083
7187.5599999999995 0.05249083
7197.29 0.05281224
7207.03 0.05264386
7216.77 0.05456882
7226.5 0.05443275
7236.240000000001 0.05499933
7245.97 0.05499157
7255.71 0.05483482
7265.45 0.05360677
7275.18 0.05349165
7284.92 0.05406383
7294.650000000001 0.05390256
7304.389999999999 0.05612957
7314.13 0.05541396
7323.86 0.05530439
7333.6 0.05533414
7343.34 0.05511859
7353.070000000001 0.05595548
7362.8099999999995 0.05582906
7372.55 0.05431962
7382.28 0.05550859
7392.02 0.05533782
7401.759999999999 0.05532369
7411.49 0.05519203
7421.23 0.05359261
7430.97 0.05346102
7440.71 0.05474852
7450.4400000000005 0.05556219
7460.179999999999 0.0554706
7469.92 0.05582107
7479.65 0.05567886
7489.39 0.05475465
7499.13 0.0546323
7508.87 0.05538157
7518.599999999999 0.05625198
7528.34 0.05607046
7538.08 0.05590512
7547.81 0.05578727
7557.549999999999 0.05492755
7567.29 0.05479985
7577.03 0.05410472
7586.76 0.05398932
7596.500000000001 0.0536916
7606.24 0.05332379
7615.98 0.05318583
7625.71 0.05336471
7635.450000000001 0.05318394
7645.19 0.05351796
7654.929999999999 0.05345193
7664.66 0.05167872
7674.400000000001 0.05153476
7684.14 0.05170325
7693.879999999999 0.05158374
7703.61 0.05151661
7713.35 0.05132955
7723.09 0.05117834
7732.830000000001 0.05143712
7742.56 0.05130849
7752.3 0.04985431
7762.04 0.04976928
7771.780000000001 0.05124785
7781.5199999999995 0.05094887
7791.25 0.05075266
7800.99 0.0507622
7810.7300000000005 0.05070946
7820.47 0.05200342
7830.21 0.0518632
7839.94 0.05097997
7849.68 0.05082707
7859.42 0.05140979
7869.16 0.05136839
7878.889999999999 0.05127184
7888.63 0.05116089
7898.37 0.05166126
7908.110000000001 0.04979367
7917.84 0.04964341
7927.58 0.04948782
7937.32 0.04937563
7947.06 0.04758038
7956.8 0.04751163
7966.53 0.04919256
7976.2699999999995 0.04901077
7986.01 0.05000756
7995.75 0.04991934
8005.4800000000005 0.04883846
8015.219999999999 0.04872077
8024.96 0.05024617
8034.7 0.05007243
8044.43 0.05085019
8054.17 0.05077107
8063.91 0.05023144
8073.65 0.0484388
8083.38 0.04826348
8093.12 0.04667491
8102.86 0.04658794
8112.599999999999 0.04908268
8122.33 0.04897219
8132.07 0.0487562
8141.81 0.04860185
8151.540000000001 0.04729884
8161.28 0.04722971
8171.0199999999995 0.04704169
8180.76 0.04687928
8190.490000000001 0.04718526
8200.23 0.0470882
8209.97 0.04839017
8219.710000000001 0.04827264
8229.44 0.04716994
8239.18 0.04705415
8248.92 0.0478192
8258.65 0.047717
8268.39 0.04936159
8278.130000000001 0.04918777
8287.86 0.04710308
8297.6 0.04704687
8307.34 0.04770322
8317.07 0.04758477
8326.81 0.04669533
8336.550000000001 0.04656802
8346.28 0.04643961
8356.02 0.04637561
8365.76 0.04766517
8375.49 0.04760487
8385.23 0.04611271
8394.960000000001 0.04603023
8404.7 0.04677503
8414.44 0.04666262
8424.17 0.04701339
8433.91 0.04686367
8443.64 0.04367311
8453.380000000001 0.04365649
8463.119999999999 0.04691152
8472.85 0.04681855
8482.59 0.04771805
8492.32 0.04755514
8502.06 0.04536665
8511.79 0.04520227
8521.53 0.04498465
8531.26 0.04488586
8541.0 0.04594348
8550.74 0.04584995
8560.47 0.04565028
8570.210000000001 0.04548476
8579.94 0.04677512
8589.68 0.04664293
8599.41 0.04439596
8609.15 0.04432735
8618.88 0.04438595
8628.62 0.04429867
8638.35 0.04648401
8648.08 0.0463161
8657.82 0.04435053
8667.550000000001 0.04430751
8677.289999999999 0.04245321
8687.02 0.04234675
8696.76 0.04420329
8706.49 0.04404992
8716.22 0.04525715
8725.960000000001 0.04517144
8735.69 0.04571955
8745.43 0.04565926
8755.16 0.04137691
8764.89 0.04124844
8774.63 0.04396434
8784.36 0.04386018
8794.09 0.04478741
8803.83 0.044673
8813.56 0.04578153
8823.29 0.04571491
8833.029999999999 0.04503594
8842.76 0.04488651
8852.49 0.04330341
8862.22 0.04320847
8871.96 0.04309524
8881.69 0.04231039
8891.42 0.04220472
8901.15 0.04407974
8910.89 0.04401222
8920.62 0.04422741
8930.35 0.04413244
8940.08 0.04455193
8949.81 0.04446845
8959.54 0.04282551
8969.279999999999 0.04272338
8977.59 0.04284036
8985.56 0.04276956
8993.529999999999 0.04271944
9001.5 0.0428644
9009.48 0.04281697
9017.45 0.03954701
9025.42 0.0394684
9033.4 0.03941841
9041.369999999999 0.04542805
9049.34 0.04541798
9057.32 0.04561964
9065.28 0.04489848
9073.26 0.04496374
9081.23 0.04092494
9089.199999999999 0.04045263
9097.18 0.04027656
9105.15 0.0432617
9113.12 0.04318981
9121.1 0.04311844
9129.07 0.04451855
9137.039999999999 0.04443363
9145.01 0.04192503
9152.98 0.04184928
9160.960000000001 0.04178894
9168.93 0.04228605
9176.9 0.04222409
9184.88 0.04197491
9192.85 0.0418965
9200.82 0.04183784
9208.800000000001 0.04159906
9216.76 0.04154136
9224.73 0.04150686
9232.71 0.03799118
9240.68 0.03786932
9248.65 0.04138947
9256.630000000001 0.04129483
9264.6 0.04122301
9272.57 0.04293745
9280.55 0.04283948
9288.52 0.04275897
9296.48 0.0412702
9304.46 0.04119018
9312.43 0.04111768
9320.41 0.04178912
9328.38 0.04171343
9336.35 0.04183156
9344.33 0.04176219
9352.3 0.04167044
9360.27 0.04121721
9368.24 0.04114813
9376.210000000001 0.04107136
9384.18 0.04146528
9392.16 0.04138914
9400.13 0.04067062
9408.1 0.04059858
9416.08 0.04051891
9424.050000000001 0.04136788
9432.03 0.04130676
9440.0 0.04123815
9447.96 0.04081001
9455.94 0.04074288
9463.91 0.04132552
9471.880000000001 0.04126774
9479.86 0.0412137
9487.83 0.04127062
9495.8 0.04125422
9503.779999999999 0.04127436
9511.75 0.04085114
9519.720000000001 0.04154607
9527.69 0.0433487
9535.66 0.04319227
9543.63 0.04134376
9551.61 0.04023282
9559.58 0.03982806
9567.550000000001 0.03965537
9575.53 0.04072252
9583.5 0.04064377
9591.48 0.04055949
9599.44 0.04030559
9607.41 0.04023169
9615.39 0.04015734
9623.36 0.04026411
9631.33 0.04019809
9639.31 0.04013142
9647.28 0.0399731
9655.25 0.03990195
9663.23 0.03982222
9671.199999999999 0.0397472
9679.17 0.03966788
9687.14 0.04013242
9695.11 0.04006145
9703.09 0.03999228
9711.06 0.03975144
9719.029999999999 0.03969258
9727.01 0.03962494
9734.98 0.03946575
9742.95 0.03939584
9750.92 0.03933905
9758.89 0.03928004
9766.86 0.03922288
9774.84 0.03889795
9782.81 0.03883264
9790.78 0.03877361
9798.76 0.03951592
9806.73 0.03945643
9814.71 0.03940105
9822.67 0.03918247
9830.640000000001 0.03912626
9838.62 0.03906603
9846.59 0.03931287
9854.56 0.03927051
9862.539999999999 0.03916882
9870.51 0.03909295
9878.48 0.03904251
9886.460000000001 0.0389925
9894.43 0.03894254
9902.4 0.03891842
9910.369999999999 0.03903218
9918.34 0.03895575
9926.310000000001 0.0388172
9934.29 0.03890045
9942.26 0.03883326
9950.24 0.03877402
9958.21 0.03880488
9966.199999999999 0.03873712
9974.199999999999 0.0386973
9982.17 0.03865247
9990.14 0.0385986
9998.12 0.03855152
10006.09 0.03850061
10014.01 0.03793495
10021.94 0.03788478
10029.91 0.03784586
10037.88 0.0378233
10045.86 0.03784173
10053.83 0.03779097
10061.800000000001 0.03723931
10069.779999999999 0.03713805
10077.75 0.03706395
10085.73 0.03699459
10093.7 0.03693679
10101.67 0.03688645
10109.65 0.03819042
10117.62 0.03820924
10125.59 0.03820144
10133.570000000002 0.03805498
10141.54 0.03791078
10149.51 0.037824
10157.49 0.0377488
10165.46 0.03766428
10173.43 0.03759291
10181.41 0.03752588
10189.38 0.03745375
10197.36 0.03738328
10205.33 0.03765305
10213.300000000001 0.03758903
10221.279999999999 0.03752769
10229.25 0.03746459
10237.22 0.03740409
10245.2 0.03734837
10253.17 0.03754567
10261.14 0.03748727
10269.12 0.03744012
10277.09 0.0374296
10285.06 0.03736752
10293.04 0.03729812
10301.01 0.03718525
10308.980000000001 0.03714463
10316.96 0.03718105
10324.93 0.03715898
10332.91 0.03707658
10340.88 0.03697682
10348.85 0.0368343
10356.83 0.03674489
10364.800000000001 0.03670929
10372.77 0.03667133
10380.75 0.03659686
10388.72 0.0365419
10396.689999999999 0.03651464
10404.67 0.03671073
10412.64 0.03663339
10420.609999999999 0.03655724
10428.59 0.03648705
10436.56 0.03642842
10444.539999999999 0.03637282
10452.509999999998 0.03631855
10460.480000000001 0.0362638
10468.46 0.03621429
10476.43 0.036165
10484.4 0.03611836
10492.38 0.03606957
10500.35 0.03602117
10508.32 0.03597476
10516.300000000001 0.03592678
10524.27 0.03587622
10532.24 0.03582304
10540.22 0.03577453
10548.189999999999 0.03572519
10556.160000000002 0.03567706
10564.14 0.03562652
10572.109999999999 0.03557761
10580.08 0.03552764
10588.06 0.03548196
10596.03 0.03543893
10604.009999999998 0.03539787
10611.980000000001 0.0351222
10619.95 0.03508876
10627.93 0.03505523
10635.9 0.03502598
10643.869999999999 0.03500173
10651.85 0.03496427
10659.82 0.03491835
10667.789999999999 0.03487282
10675.77 0.03483428
10683.74 0.03479257
10691.710000000001 0.03475305
10699.689999999999 0.03471826
10707.660000000002 0.03469177
10715.630000000001 0.03466843
10723.609999999999 0.03463967
10731.58 0.03461708
10739.56 0.03461421
10747.53 0.03461017
10755.5 0.03458364
10763.480000000001 0.03455936
10771.45 0.03453944
10779.369999999999 0.03454047
10787.3 0.03456987
10795.269999999999 0.03459177
10803.24 0.03452902
10811.22 0.03371216
10819.19 0.03429484
10827.16 0.03638261
10835.140000000001 0.03710257
10843.11 0.03551632
10851.08 0.03439014
10859.06 0.03387642
10867.029999999999 0.03360812
10875.01 0.03343689
10882.98 0.03331865
10890.949999999999 0.0332154
10898.93 0.03313476
10906.9 0.0330766
10914.87 0.03301656
10922.85 0.03296598
10930.820000000002 0.03298557
10938.79 0.033032
10946.769999999999 0.03290818
10954.74 0.03272962
10962.71 0.03259772
10970.69 0.03247969
10978.66 0.03238425
10986.63 0.03229492
10994.61 0.03220499
11002.58 0.03211828
11010.56 0.03203266
11018.529999999999 0.03196654
11026.499999999998 0.0319109
11034.48 0.03185575
11042.449999999999 0.03180105
11050.42 0.03175087
11058.4 0.03169564
11066.37 0.0316317
11074.34 0.03156194
11082.320000000002 0.03150405
11090.29 0.03144589
11098.26 0.03138577
11106.24 0.03133154
11114.21 0.03127547
11122.19 0.03122387
11130.16 0.03117633
11138.13 0.03112782
11146.11 0.03108272
11154.08 0.03104364
11162.05 0.03100194
11170.029999999999 0.03096846
11177.999999999998 0.0309209
11185.970000000001 0.03087261
11193.949999999999 0.03082519
11201.92 0.03079422
11209.89 0.03109778
11217.87 0.03105837
11225.84 0.03101139
11233.81 0.03097041
11241.79 0.03092684
11249.76 0.03088089
11257.74 0.0308457
11265.71 0.03081362
11273.679999999998 0.03077034
11281.66 0.03073014
11289.63 0.03068395
11297.6 0.03063219
11305.58 0.03059519
11313.550000000001 0.03053927
11321.52 0.03049043
11329.499999999998 0.03045152
11337.470000000001 0.0304032
11345.44 0.03035679
11353.42 0.03031296
11361.39 0.0302663
11369.359999999999 0.03022003
11377.34 0.03017207
11385.31 0.03012558
11393.29 0.03008425
11401.26 0.03004611
11409.23 0.03068593
11417.21 0.03063666
11425.179999999998 0.03059239
11433.150000000001 0.03054394
11441.13 0.03048978
11449.1 0.0304422
11457.07 0.03041231
11465.050000000001 0.03039083
11473.02 0.03034509
11480.99 0.03028582
11488.970000000001 0.03023068
11496.94 0.03018112
11504.92 0.03014104
11512.89 0.03009971
11520.859999999999 0.03006179
11528.830000000002 0.03002346
11536.81 0.02998133
11544.68 0.02994362
11552.66 0.02990596
11560.630000000001 0.02986185
11568.6 0.0298192
11576.58 0.02978063
11584.55 0.02974046
11592.519999999999 0.02969946
11600.5 0.02966355
11608.47 0.02989021
11616.45 0.02986377
11624.42 0.02984113
11632.39 0.02979964
11640.369999999999 0.0297417
11648.34 0.02969214
11656.310000000001 0.02965382
11664.289999999999 0.02961084
11672.26 0.02957187
11680.23 0.02953133
11688.210000000001 0.02948641
11696.18 0.02944302
11704.15 0.02940561
11712.130000000001 0.02936787
11720.1 0.0293307
11728.07 0.02929239
11736.05 0.02925207
11744.019999999999 0.02921398
11752.0 0.02917622
11759.97 0.02913592
11767.939999999999 0.02909117
11775.92 0.02904891
11783.89 0.02901247
11791.86 0.02897616
11799.839999999998 0.02893811
11807.810000000001 0.02890026
11815.78 0.02886433
11823.76 0.02882009
11831.73 0.02877434
11839.699999999999 0.02874229
11847.68 0.02871399
11855.65 0.02868045
11863.619999999999 0.02864703
11871.6 0.02862746
11879.57 0.02862646
11887.54 0.02859457
11895.519999999999 0.02852413
11903.490000000002 0.0284696
11911.47 0.02842459
11919.439999999999 0.02837867
11927.41 0.02833594
11935.39 0.02829806
11943.36 0.0282615
11951.33 0.02822022
11959.310000000001 0.02818394
11967.28 0.02814787
11975.25 0.02810705
11983.23 0.02806864
11991.199999999999 0.02803099
11999.169999999998 0.02824767
12007.15 0.02821474
12015.119999999999 0.02817884
12023.1 0.02814436
12031.07 0.02810493
12039.04 0.02806538
12047.019999999999 0.02803141
12054.990000000002 0.02799536
12062.960000000001 0.02795952
12070.939999999999 0.02792356
12078.91 0.0278864
12086.88 0.02785102
12094.86 0.02781626
12102.83 0.02777894
12110.8 0.02774293
12118.78 0.02770725
12126.75 0.02767176
12134.720000000001 0.02763612
12142.699999999999 0.02760094
12150.669999999998 0.02756997
12158.65 0.02753685
12166.619999999999 0.02749746
12174.59 0.02745917
12182.57 0.02742006
12190.54 0.02738604
12198.51 0.02760064
12206.490000000002 0.02756667
12214.460000000001 0.02753099
12222.43 0.02749605
12230.41 0.02746008
12238.38 0.02742463
12246.349999999999 0.02739105
12254.33 0.02735806
12262.3 0.02732116
12270.28 0.02728412
12278.25 0.02724787
12286.220000000001 0.02721614
12294.199999999999 0.02717911
12302.169999999998 0.02714549
12310.039999999999 0.02711417
12318.02 0.02708159
12325.99 0.02705341
12333.96 0.02702111
12341.94 0.02697776
12349.91 0.0269473
12357.880000000001 0.02691415
12365.859999999999 0.02688099
12373.829999999998 0.02684709
12381.81 0.02681461
12389.779999999999 0.02678084
12397.75 0.02686564
12405.73 0.02683538
12413.7 0.02680289
12421.67 0.02676935
12429.650000000001 0.02673847
12437.62 0.02670406
12445.59 0.02666897
12453.57 0.02663944
12461.539999999999 0.02661075
12469.509999999998 0.02658651
12477.49 0.02655823
12485.46 0.0265326
12493.43 0.02650442
12501.41 0.02647795
12509.380000000001 0.02646249
12517.359999999999 0.02649408
12525.329999999998 0.0265103
12533.300000000001 0.02643645
12541.279999999999 0.026365
12549.25 0.02635276
12557.22 0.02639662
12565.2 0.02646189
12573.17 0.02642288
12581.14 0.02629271
12589.12 0.02619468
12597.09 0.02625028
12605.06 0.026204
12613.039999999999 0.02617047
12621.009999999998 0.02613481
12628.980000000001 0.02610094
12636.96 0.0260699
12644.93 0.02604133
12652.91 0.02601275
12660.880000000001 0.02598827
12668.85 0.02596855
12676.829999999998 0.02594391
12684.800000000001 0.02592184
12692.77 0.02590498
12700.75 0.02588999
12708.72 0.02586896
12716.689999999999 0.02584913
12724.67 0.02582724
12732.64 0.02580716
12740.61 0.02578492
12748.59 0.02576393
12756.56 0.02574822
12764.539999999999 0.02573557
12772.509999999998 0.02573938
12780.480000000001 0.02575551
12788.46 0.02575946
12796.43 0.02587607
12804.4 0.02590992
12812.380000000001 0.02603873
12820.35 0.02612482
12828.32 0.02596051
12836.300000000001 0.0257616
12844.27 0.02565457
12852.24 0.02559408
12860.22 0.02553934
12868.189999999999 0.02549118
12876.160000000002 0.02544663
12884.14 0.02540052
12892.11 0.02535339
12900.08 0.02529713
12908.06 0.02524749
12916.03 0.02520712
12924.009999999998 0.02517565
12931.980000000001 0.02515917
12939.95 0.02514425
12947.93 0.02512045
12955.9 0.02507374
12963.869999999999 0.02502623
12971.85 0.02496658
12979.82 0.02490862
12987.789999999999 0.02485624
12995.77 0.02480562
13003.74 0.02475915
13011.710000000001 0.02499279
13019.689999999999 0.02495341
13027.660000000002 0.024913
13035.630000000001 0.02487612
13043.61 0.02484462
13051.58 0.02481099
13059.56 0.02477915
13067.48 0.02475224
13075.4 0.02472258
13083.38 0.02468891
13091.349999999999 0.02465751
13099.320000000002 0.02462541
13107.3 0.02459867
13115.27 0.02457208
13123.24 0.02454442
13131.22 0.02451489
13139.19 0.02448936
13147.16 0.02445967
13155.140000000001 0.02443435
13163.11 0.02441386
13171.08 0.02438877
13179.06 0.02435914
13187.029999999999 0.02433609
13195.01 0.02432512
13202.98 0.02426717
13210.949999999999 0.02424008
13218.93 0.02418314
13226.9 0.02412946
13234.87 0.02409392
13242.849999999999 0.02405955
13250.820000000002 0.02402789
13258.79 0.02400296
13266.77 0.02396912
13274.74 0.02394545
13282.71 0.02391644
13290.69 0.02388106
13298.66 0.02384737
13306.63 0.02382115
13314.61 0.0237882
13322.58 0.02375653
13330.56 0.02373416
13338.529999999999 0.02370501
13346.499999999998 0.02367158
13354.48 0.02364733
13362.449999999999 0.02361936
13370.42 0.02358918
13378.4 0.02355902
13386.37 0.02352876
13394.34 0.02350092
13402.320000000002 0.02373181
13410.29 0.02370785
13418.26 0.02368379
13426.24 0.02365389
13434.21 0.0236266
13442.19 0.0235975
13450.16 0.02357134
13458.13 0.02354409
13466.11 0.02350787
13474.08 0.02348219
13482.050000000001 0.02345531
13490.029999999999 0.02342815
13498.000000000002 0.02340106
13505.970000000001 0.02337402
13513.949999999999 0.023347
13521.92 0.02332006
13529.89 0.02329316
13537.87 0.02326628
13545.84 0.02323948
13553.81 0.02321273
13561.79 0.02318598
13569.76 0.02315932
13577.74 0.02313268
13585.71 0.02310611
13593.679999999998 0.02307959
13601.66 0.02315599
13609.63 0.02312944
13617.6 0.02310293
13625.58 0.02307644
13633.550000000001 0.02305003
13641.52 0.02302367
13649.500000000002 0.02299732
13657.470000000001 0.02297104
13665.44 0.02294481
13673.42 0.02291859
13681.39 0.02289245
13689.37 0.02286633
13697.34 0.02284028
13705.31 0.02281428
13713.29 0.02278829
13721.26 0.02276238
13729.23 0.02273651
13737.21 0.02271065
13745.179999999998 0.02268487
13753.150000000001 0.02265914
13761.13 0.02263341
13769.1 0.02260777
13777.07 0.02258217
13785.050000000001 0.02255657
13793.02 0.02248103
13800.99 0.02245562
13808.970000000001 0.02243022
13816.94 0.0224049
13824.92 0.02237958
13832.84 0.0223545
13840.76 0.02232946
13848.74 0.02230427
13856.710000000001 0.02227916
13864.68 0.02225409
13872.660000000002 0.02222903
13880.630000000001 0.02220406
13888.6 0.02217912
13896.58 0.02215419
13904.55 0.02212933
13912.519999999999 0.02210452
13920.5 0.02207972
13928.47 0.02205499
13936.45 0.02203027
13944.42 0.02200563
13952.39 0.02198103
13960.369999999999 0.02195643
13968.339999999998 0.02193191
13976.310000000001 0.02190744
13984.289999999999 0.02188297
13992.26 0.02185858
14000.23 0.02168841
14008.210000000001 0.02166423
14016.18 0.02164013
14024.15 0.02161607
14032.130000000001 0.02159201
14040.1 0.02156802
14048.07 0.02154408
14056.05 0.02152017
14064.019999999999 0.02149383
14072.0 0.02146816
14079.97 0.02144451
14087.94 0.02143047
14095.92 0.0214112
14103.89 0.02138403
14111.86 0.0213526
14119.839999999998 0.0213275
14127.810000000001 0.02129941
14135.78 0.02127427
14143.76 0.02125916
14151.73 0.02123469
14159.699999999999 0.02121345
14167.68 0.02119607
14175.65 0.02117417
14183.619999999999 0.02115261
14191.6 0.02112597
14199.57 0.02109766
14207.54 0.02108403
14215.519999999999 0.02105639
14223.490000000002 0.02102967
14231.47 0.02100758
14239.44 0.02099216
14247.41 0.02097595
14255.39 0.02095296
14263.36 0.02093982
14271.33 0.02091967
14279.310000000001 0.02090159
14287.28 0.02090339
14295.25 0.02094157
14303.23 0.02095261
14311.199999999999 0.0208885
14319.170000000002 0.02081401
14327.15 0.02076988
14335.119999999999 0.02074021
14343.1 0.02072153
14351.07 0.020684
14359.04 0.02065825
14367.019999999999 0.02063852
14374.990000000002 0.02061605
14382.960000000001 0.0205938
14390.94 0.0205677
14398.91 0.02054224
14406.88 0.02052105
14414.86 0.02091371
14422.83 0.02089657
14430.8 0.02087298
14438.78 0.02084868
14446.75 0.0208223
14454.720000000001 0.02080123
14462.699999999999 0.02078057
14470.670000000002 0.02076181
14478.65 0.02074394
14486.619999999999 0.02071981
14494.59 0.02069796
14502.57 0.02067358
14510.54 0.02065027
14518.51 0.02063043
14526.490000000002 0.02060765
14534.460000000001 0.0205815
14542.43 0.02056091
14550.41 0.020538
14558.38 0.02051135
14566.349999999999 0.02049305
14574.33 0.02047309
14582.3 0.02045749
14590.28 0.02043418
14598.150000000001 0.02040817
14606.12 0.0203826
14614.1 0.02040139
14622.07 0.02037972
14630.039999999999 0.02036438
14638.02 0.02034869
14645.99 0.02032791
14653.96 0.02030242
14661.94 0.02027546
14669.91 0.02025056
14677.880000000001 0.02024058
14685.859999999999 0.02022505
14693.830000000002 0.02019686
14701.800000000001 0.02017419
14709.779999999999 0.02015407
14717.75 0.02013051
14725.72 0.02011272
14733.7 0.02009452
14741.67 0.02007485
14749.650000000001 0.02005553
14757.62 0.02003477
14765.59 0.02001527
14773.57 0.01999201
14781.539999999999 0.0199699
14789.509999999998 0.01995052
14797.49 0.0199275
14805.46 0.01990331
14813.43 0.02042292
14821.41 0.02040107
14829.380000000001 0.0203795
14837.35 0.02035833
14845.330000000002 0.0203404
14853.300000000001 0.02032098
14861.279999999999 0.02029909
14869.25 0.02027335
14877.22 0.0202464
14885.2 0.02022653
14893.17 0.02021017
14901.14 0.02019031
14909.12 0.02017109
14917.09 0.02015273
14925.060000000001 0.02013446
14933.039999999999 0.02011303
14941.009999999998 0.02009258
14948.980000000001 0.02007285
14956.96 0.02005396
14964.93 0.02003664
14972.9 0.02001385
14980.880000000001 0.01998994
14988.85 0.01996835
14996.830000000002 0.01994565
15004.800000000001 0.0201922
15012.77 0.02017328
15020.75 0.02014848
15028.72 0.02012094
15036.689999999999 0.02009576
15044.67 0.02007437
15052.64 0.02005504
15060.61 0.02003967
15068.59 0.02002568
15076.560000000001 0.02000812
15084.53 0.01999083
15092.509999999998 0.01996789
15100.480000000001 0.0199441
15108.46 0.01992374
15116.43 0.01990559
15124.4 0.0198842
15132.380000000001 0.01986297
15140.35 0.01984588
15148.32 0.0198277
15156.300000000001 0.0198064
15164.27 0.01978243
15172.24 0.01976165
15180.22 0.01974449
15188.189999999999 0.01972763
15196.160000000002 0.02033038
15204.14 0.02030842
15212.11 0.02028626
15220.08 0.02026439
15228.060000000001 0.02024153
15236.03 0.02022203
15244.0 0.02020202
15251.980000000001 0.02018154
15259.95 0.02016274
15267.93 0.0201452
15275.9 0.02012505
15283.869999999999 0.02010155
15291.85 0.0200803
15299.82 0.02006372
15307.789999999999 0.02004705
15315.77 0.02003065
15323.74 0.02001886
15331.710000000001 0.02000961
15339.689999999999 0.0199894
15347.66 0.01996167
15355.630000000001 0.01993408
15363.51 0.01990902
15371.48 0.01988587
15379.460000000001 0.01986502
15387.43 0.01984077
15395.4 0.0198172
15403.38 0.02024121
15411.349999999999 0.02022262
15419.320000000002 0.02020089
15427.3 0.02017904
15435.27 0.02016297
15443.24 0.02014745
15451.220000000001 0.02011827
15459.19 0.02010337
15467.16 0.02008761
15475.140000000001 0.02006874
15483.11 0.02005386
15491.08 0.0200335
15499.06 0.02000627
15507.029999999999 0.01998278
15515.01 0.01996399
15522.98 0.019946
15530.949999999999 0.01992433
15538.93 0.01990485
15546.9 0.01988457
15554.87 0.01986319
15562.849999999999 0.01984226
15570.820000000002 0.01981819
15578.79 0.01979042
15586.77 0.01976115
15594.74 0.01974867
15602.71 0.01964913
15610.69 0.01963376
15618.66 0.01961773
15626.63 0.0195958
15634.61 0.01957526
15642.58 0.01955742
15650.56 0.01953914
15658.529999999999 0.01951733
15666.500000000002 0.01950714
15674.48 0.01948956
15682.449999999999 0.01946227
15690.42 0.01944496
15698.4 0.01942895
15706.37 0.01941233
15714.34 0.01939292
15722.320000000002 0.01937434
15730.29 0.01935404
15738.26 0.01932631
15746.24 0.01930449
15754.21 0.01928482
15762.19 0.0192618
15770.16 0.01924005
15778.13 0.01922244
15786.11 0.01920767
15794.08 0.01919206
15802.050000000001 0.01884202
15810.029999999999 0.01882454
15818.000000000002 0.01880204
15825.970000000001 0.01877917
15833.95 0.01876124
15841.92 0.01875082
15849.89 0.01874113
15857.87 0.01872336
15865.84 0.01870578
15873.81 0.01868544
15881.79 0.01865983
15889.76 0.01863463
15897.74 0.01861009
15905.71 0.01859198
15913.679999999998 0.01857841
15921.66 0.01856342
15929.63 0.01854911
15937.6 0.01853286
15945.58 0.01851459
15953.550000000001 0.01849517
15961.52 0.01847234
15969.500000000002 0.0184483
15977.470000000001 0.01843486
15985.44 0.01842422
15993.42 0.0184114
16001.39 0.01888994
16009.37 0.01887386
16017.34 0.01885686
16025.31 0.01883474
16033.29 0.0188169
16041.26 0.01879486
16049.230000000001 0.01877337
16057.21 0.01875573
16065.179999999998 0.01874198
16073.15 0.01872741
16081.13 0.01871139
16089.1 0.01869446
16097.07 0.01868063
16105.050000000001 0.01866816
16113.02 0.01865105
16120.939999999999 0.01862663
16128.869999999999 0.01860395
16136.839999999998 0.01858598
16144.82 0.01856557
16152.789999999999 0.01854534
16160.76 0.01852702
16168.74 0.01851287
16176.710000000001 0.0184901
16184.68 0.0184635
16192.660000000002 0.0184376
16200.630000000001 0.01841423
16208.6 0.01877159
16216.58 0.01875795
16224.55 0.01874504
16232.519999999999 0.01873122
16240.5 0.01871185
16248.47 0.01869354
16256.45 0.01868085
16264.42 0.01866622
16272.390000000001 0.0186514
16280.369999999999 0.0186361
16288.339999999998 0.01862145
16296.310000000001 0.01860672
16304.289999999999 0.01858675
16312.26 0.0185653
16320.23 0.01854809
16328.210000000001 0.01853116
16336.18 0.01851074
16344.15 0.01849166
16352.130000000001 0.01847429
16360.1 0.01846139
16368.08 0.01844662
16376.05 0.01842787
16384.02 0.01841321
16392.0 0.01840338
16399.969999999998 0.01839117
16407.940000000002 0.01838365
16415.92 0.0183905
16423.89 0.01841775
16431.86 0.01845884
16439.84 0.01846431
16447.81 0.01840608
16455.78 0.01832906
16463.760000000002 0.01827735
16471.73 0.01824128
16479.71 0.01821155
16487.68 0.01819099
16495.649999999998 0.01817477
16503.63 0.01815546
16511.6 0.01813932
16519.57 0.01811915
16527.54 0.01809724
16535.52 0.01807478
16543.49 0.01805464
16551.469999999998 0.01804204
16559.440000000002 0.01803177
16567.41 0.01801722
16575.39 0.01800105
16583.36 0.01798378
16591.329999999998 0.01796609
16599.31 0.01814986
16607.28 0.01813046
16615.25 0.01811043
16623.23 0.01809571
16631.2 0.01808484
16639.18 0.01806821
16647.149999999998 0.0180486
16655.120000000003 0.01802743
16663.1 0.01800861
16671.07 0.01799192
16679.04 0.01797889
16687.02 0.01796282
16694.99 0.01794784
16702.96 0.01793412
16710.940000000002 0.01791866
16718.91 0.01790195
16726.88 0.01788546
16734.86 0.01786995
16742.829999999998 0.01785711
16750.8 0.01784109
16758.78 0.01782994
16766.75 0.01782506
16774.72 0.01781698
16782.7 0.01780039
16790.670000000002 0.01778258
16798.649999999998 0.01776751
16806.620000000003 0.01775054
16814.59 0.01773106
16822.57 0.01770874
16830.54 0.01768712
16838.51 0.01766705
16846.49 0.01764681
16854.46 0.01762636
16862.43 0.01761145
16870.41 0.01759992
16878.38 0.01758613
16886.31 0.01757015
16894.23 0.01755515
16902.2 0.01753781
16910.18 0.01751934
16918.15 0.01750306
16926.12 0.01749009
16934.100000000002 0.0174761
16942.07 0.01745994
16950.04 0.01744148
16958.02 0.01742207
16965.989999999998 0.01740404
16973.96 0.01739105
16981.94 0.01737361
16989.91 0.01743401
16997.88 0.0174201
17005.86 0.01740623
17013.83 0.01738904
17021.8 0.01737184
17029.780000000002 0.01735263
17037.75 0.01733695
17045.73 0.01732337
17053.7 0.01730501
17061.67 0.01728659
17069.65 0.01726447
17077.62 0.01724937
17085.59 0.01723338
17093.57 0.01721849
17101.54 0.01720238
17109.510000000002 0.01718407
17117.489999999998 0.01717198
17125.46 0.01716101
17133.44 0.01715159
17141.41 0.01714129
17149.38 0.01712727
17157.36 0.01710736
17165.33 0.01709563
17173.3 0.01708021
17181.280000000002 0.0170581
17189.25 0.01674531
17197.22 0.01672977
17205.2 0.01671422
17213.17 0.01669772
17221.14 0.0166835
17229.12 0.01667137
17237.09 0.01665105
17245.06 0.01663742
17253.04 0.01662562
17261.010000000002 0.01661563
17268.98 0.01659911
17276.96 0.01658465
17284.93 0.01656206
17292.91 0.01654263
17300.88 0.01653395
17308.85 0.01651864
17316.83 0.01650402
17324.8 0.01649214
17332.77 0.01647876
17340.75 0.01646937
17348.72 0.01646495
17356.69 0.01645755
17364.67 0.01645045
17372.64 0.01643637
17380.62 0.01641525
17388.59 0.0163611
17396.56 0.01634312
17404.54 0.0163263
17412.510000000002 0.01630913
17420.48 0.01629165
17428.46 0.01628076
17436.43 0.01626849
17444.4 0.01625396
17452.38 0.01624165
17460.35 0.01622813
17468.32 0.01621627
17476.3 0.01620585
17484.27 0.01618861
17492.239999999998 0.01616708
17500.22 0.01614615
17508.19 0.01613012
17516.16 0.01611245
17524.14 0.01609658
17532.11 0.0160828
17540.09 0.01606894
17548.06 0.01605283
17556.03 0.01603955
17564.010000000002 0.01602457
17571.98 0.01600971
17579.95 0.01598662
17587.93 0.01574529
17595.9 0.01570905
17603.87 0.01568591
17611.85 0.01567813
17619.82 0.01566589
17627.79 0.0156517
17635.77 0.01563821
17643.74 0.01562129
17651.61 0.01560981
17659.59 0.01560001
17667.56 0.01558508
17675.53 0.01556481
17683.51 0.01554887
17691.48 0.01553898
17699.46 0.01552488
17707.43 0.01550816
17715.399999999998 0.01549962
17723.38 0.0154874
17731.35 0.01547028
17739.32 0.01546674
17747.3 0.01546112
17755.27 0.01544197
17763.24 0.01542869
17771.22 0.01542284
17779.19 0.01541125
17787.16 0.01525606
17795.14 0.01524063
17803.11 0.01523649
17811.079999999998 0.01522793
17819.06 0.01521789
17827.03 0.01520815
17835.0 0.0151935
17842.98 0.01518108
17850.95 0.01516846
17858.93 0.01516227
17866.899999999998 0.01515855
17874.87 0.01514434
17882.85 0.0151309
17890.82 0.01512384
17898.79 0.0151085
17906.77 0.01509213
17914.74 0.01508098
17922.71 0.01506913
17930.69 0.01507085
17938.66 0.01505742
17946.629999999997 0.01501776
17954.61 0.01499971
17962.579999999998 0.01499733
17970.55 0.01499817
17978.53 0.01499131
17986.5 0.01497994
17994.47 0.01464539
18002.45 0.01461512
18010.420000000002 0.01459422
18018.4 0.01458687
18026.37 0.01457312
18034.34 0.0145652
18042.32 0.01455288
18050.29 0.0145234
18058.26 0.01449981
18066.24 0.0145025
18072.22 0.01445016
18139.79 0.01442449
18189.63 0.01434959
18239.46 0.01421281
18289.3 0.01413948
18339.129999999997 0.01406676
18388.97 0.01399462
18438.8 0.01380134
18488.64 0.01373103
18538.47 0.01366129
18588.3 0.01359211
18638.14 0.01314489
18727.940000000002 0.01346421
18735.92 0.01349783
18743.89 0.0136686
18751.86 0.0139353
18759.84 0.01395513
18767.81 0.01386067
18775.78 0.01370291
18783.760000000002 0.01345663
18791.73 0.01332069
18799.7 0.01325119
18807.68 0.01321108
18815.649999999998 0.01317107
18823.620000000003 0.01314575
18831.6 0.01313628
18839.57 0.01311757
18847.54 0.01305666
18855.52 0.01303223
18863.49 0.01300662
18871.46 0.01296826
18879.440000000002 0.01295468
18887.41 0.01293378
18895.39 0.01291814
18903.36 0.01290285
18911.329999999998 0.01289449
18919.31 0.01288885
18927.28 0.01288147
18935.25 0.01289497
18943.23 0.01286324
18951.2 0.01281963
18959.170000000002 0.01279814
18967.149999999998 0.01278764
18975.120000000003 0.0127466
18983.09 0.01273466
18991.07 0.01274076
18999.04 0.01277771
19007.02 0.01275368
19014.99 0.01269939
19022.96 0.01268018
19030.940000000002 0.01266429
19038.91 0.01264957
19046.88 0.01264199
19054.86 0.01260928
19062.829999999998 0.01257261
19070.8 0.01257471
19078.78 0.01258423
19086.75 0.012558
19094.72 0.01255091
19102.7 0.01255551
19110.670000000002 0.01253717
19118.64 0.01251824
19126.620000000003 0.0125161
19134.59 0.01252586
19142.57 0.01251949
19150.54 0.01250352
19158.51 0.01247828
19166.49 0.01246643
19174.41 0.01247406
19182.33 0.01246354
19190.309999999998 0.01233147
19198.280000000002 0.01233275
19206.25 0.01232942
19214.23 0.01231919
19222.2 0.01230665
19230.18 0.01227672
19238.15 0.01226112
19246.12 0.0122592
19254.100000000002 0.0122497
19262.07 0.01223644
19270.04 0.01223054
19278.02 0.01222585
19285.989999999998 0.01220876
19293.960000000003 0.01219924
19301.94 0.01219037
19309.91 0.0121755
19317.88 0.01217001
19325.86 0.01216592
19333.83 0.01215738
19341.8 0.01214671
19349.780000000002 0.0121464
19357.75 0.01212764
19365.72 0.01211473
19373.7 0.01210655
19381.67 0.01210903
19389.65 0.01186731
19397.62 0.01186345
19405.59 0.01185974
19413.57 0.01185092
19421.54 0.01183906
19429.510000000002 0.01183411
19437.489999999998 0.01183761
19445.460000000003 0.01183872
19453.43 0.01183148
19461.41 0.01181138
19469.38 0.01179114
19477.36 0.01177507
19485.33 0.01176331
19493.3 0.01174933
19501.280000000002 0.01173871
19509.25 0.0117272
19517.22 0.01171506
19525.2 0.01171165
19533.17 0.01170792
19541.14 0.01170295
19549.12 0.01169636
19557.09 0.01169595
19565.06 0.0117111
19573.04 0.01172086
19581.010000000002 0.01170384
19588.98 0.01168551
19596.960000000003 0.01161742
19604.93 0.01161157
19612.9 0.01163144
19620.88 0.01168668
19628.85 0.01173135
19636.83 0.01171713
19644.8 0.01165581
19652.77 0.01158349
19660.75 0.01153875
19668.72 0.01151686
19676.69 0.01149729
19684.67 0.01148144
19692.64 0.01147021
19700.61 0.01145792
19708.59 0.01144648
19716.56 0.01143344
19724.54 0.01141897
19732.510000000002 0.01140864
19740.48 0.01139715
19748.460000000003 0.01138706
19756.43 0.01138359
19764.4 0.01138023
19772.38 0.01136825
19780.35 0.01135224
19788.32 0.01133843
19796.3 0.01120813
19804.27 0.0112038
19812.24 0.01119259
19820.22 0.0111841
19828.190000000002 0.01117804
19836.16 0.01116965
19844.14 0.01115752
19852.11 0.01114803
19860.08 0.01113863
19868.06 0.0111304
19876.03 0.01112273
19884.010000000002 0.01111381
19891.98 0.01110622
19899.95 0.01109969
19907.93 0.01108984
19915.9 0.01108112
19923.87 0.01107134
19931.85 0.01106214
19939.77 0.01105585
19947.69 0.01104884
19955.670000000002 0.01104059
19963.64 0.01102858
19971.620000000003 0.01101809
19979.59 0.01101234
19987.56 0.01100545
19995.54 0.01099438
20003.510000000002 0.01103642
20011.480000000003 0.01103115
20019.46 0.01101909
20027.43 0.01101126
20035.4 0.01100626
20043.38 0.01099719
20051.350000000002 0.0109912
20059.32 0.01098346
20067.300000000003 0.010974
20075.27 0.01096675
20083.24 0.01095936
20091.22 0.01095117
20099.19 0.01094209
20107.16 0.01093419
20115.14 0.01092685
20123.11 0.01091839
20131.09 0.01090944
20139.06 0.01090057
20147.03 0.01089354
20155.01 0.01088433
20162.98 0.01087452
20170.949999999997 0.01086786
20178.93 0.01086439
20186.899999999998 0.01085143
20194.87 0.01084788
20202.85 0.01083802
20210.82 0.01064135
20218.79 0.01063251
20226.769999999997 0.01062578
20234.74 0.0106179
20242.710000000003 0.01060864
20250.69 0.01060069
20258.66 0.01059515
20266.63 0.01058802
20274.61 0.01058046
20282.58 0.01057112
20290.56 0.01056237
20298.530000000002 0.01055572
20306.5 0.0105488
20314.480000000003 0.0105441
20322.45 0.01054641
20330.420000000002 0.01055426
20338.4 0.01054346
20346.37 0.01052973
20354.34 0.01050971
20362.32 0.0104981
20370.29 0.01049033
20378.27 0.01048236
20386.24 0.01047444
20394.21 0.01046735
20402.19 0.01048361
20410.16 0.01047527
20418.129999999997 0.01046803
20426.11 0.01046241
20434.079999999998 0.01045731
20442.05 0.01045137
20450.03 0.01044261
20458.0 0.01043085
20465.97 0.01042138
20473.949999999997 0.0104143
20481.92 0.01040379
20489.890000000003 0.01039129
20497.87 0.01038089
20505.84 0.01037119
20513.81 0.01037037
20521.79 0.01036017
20529.760000000002 0.01034279
20537.74 0.01033017
20545.710000000003 0.01031945
20553.68 0.01030973
20561.66 0.01030299
20569.63 0.01030669
20577.6 0.01031271
20585.58 0.01031197
20593.55 0.0102138
20601.52 0.01020257
20609.5 0.01019215
20617.47 0.01018373
20625.45 0.01017433
20633.420000000002 0.01016657
20641.39 0.01015911
20649.37 0.01015346
20657.34 0.01015071
20665.309999999998 0.0101438
20673.29 0.01013314
20681.26 0.01012439
20689.23 0.01011795
20697.21 0.01010866
20705.079999999998 0.01010017
20713.050000000003 0.01009506
20721.03 0.01009142
20729.000000000004 0.01008584
20736.97 0.01007855
20744.95 0.01007133
20752.920000000002 0.01006307
20760.89 0.01005621
20768.870000000003 0.01004824
20776.84 0.01004055
20784.820000000003 0.0100327
20792.79 0.01002585
20800.760000000002 0.00999701
20808.74 0.009988506
20816.71 0.009981649
20824.68 0.009973655
20832.66 0.009965722
20840.63 0.00995821
20848.6 0.009950209
20856.58 0.009943914
20864.55 0.009937119
20872.53 0.009930429
20880.5 0.009923748
20888.469999999998 0.009917352
20896.45 0.009908735
20904.42 0.009901232
20912.39 0.009893764
20920.37 0.009887745
20928.34 0.009880675
20936.309999999998 0.00987159
20944.289999999997 0.009864948
20952.26 0.009857873
20960.230000000003 0.009848862
20968.21 0.009840662
20976.18 0.009835856
20984.15 0.009829345
20992.13 0.009823116
21000.100000000002 0.009818294
21008.07 0.009810967
21016.050000000003 0.009802322
21024.02 0.009772619
21032.0 0.00976744
21039.97 0.009760885
21047.940000000002 0.009753821
21055.920000000002 0.009746484
21063.89 0.009739194
21071.86 0.009732452
21079.84 0.009725505
21087.81 0.009720355
21095.78 0.009715423
21103.760000000002 0.00970764
21111.73 0.009701068
21119.71 0.009694045
21127.68 0.009685503
21135.649999999998 0.009679682
21143.62 0.009678256
21151.6 0.009670008
21159.57 0.00965873
21167.539999999997 0.009651016
21175.52 0.009644858
21183.489999999998 0.009638392
21191.469999999998 0.009634767
21199.44 0.009640633
21207.410000000003 0.009653346
21215.39 0.009619043
21223.359999999997 0.009609465
21231.33 0.00958696
21239.309999999998 0.009564701
21247.280000000002 0.009549424
21255.25 0.009541143
21263.230000000003 0.009533439
21271.2 0.009525512
21279.18 0.009516996
21287.15 0.009509097
21295.12 0.009507872
21303.100000000002 0.009505369
21311.07 0.00949839
21319.04 0.009492025
21327.02 0.009485064
21334.99 0.009475442
21342.96 0.009469216
21350.94 0.009463556
21358.91 0.009456209
21366.88 0.009451173
21374.86 0.009445292
21382.829999999998 0.009438324
21390.8 0.009430496
21398.78 0.009424739
21406.75 0.009417421
21414.719999999998 0.009372385
21422.7 0.009368733
21430.67 0.009363764
21438.649999999998 0.009357434
21446.62 0.009349326
21454.589999999997 0.009342798
21462.57 0.009336946
21470.440000000002 0.009331784
21478.41 0.009326486
21486.390000000003 0.00931984
21494.36 0.009311573
21502.33 0.00930416
21510.31 0.009300767
21518.280000000002 0.009297267
21526.25 0.009292564
21534.23 0.009286354
21542.2 0.009279939
21550.17 0.009274939
21558.15 0.009268688
21566.12 0.009260558
21574.100000000002 0.009258087
21582.07 0.009254474
21590.04 0.009247878
21598.02 0.009246426
21605.989999999998 0.009102917
21613.96 0.009096651
21621.94 0.009093849
21629.91 0.00909159
21637.879999999997 0.00909588
21645.86 0.009108521
21653.829999999998 0.00911693
21661.800000000003 0.009112004
21669.78 0.009093472
21677.749999999996 0.009070886
21685.72 0.009058735
21693.699999999997 0.009047781
21701.670000000002 0.00903301
21709.64 0.009026427
21717.620000000003 0.009019228
21725.59 0.009009628
21733.570000000003 0.009001585
21741.54 0.008989705
21749.510000000002 0.008976622
21757.49 0.008976385
21765.46 0.008969895
21773.43 0.00896379
21781.41 0.008957195
21789.38 0.008950088
21797.35 0.008943268
21805.33 0.00893636
21813.3 0.008930295
21821.27 0.008923562
21829.25 0.008917182
21837.22 0.008914335
21845.2 0.008908584
21853.17 0.008902037
21861.14 0.008907425
21869.12 0.008898578
21877.09 0.008886887
21885.059999999998 0.008879522
21893.04 0.008872541
21901.01 0.008863475
21908.98 0.008853834
21916.96 0.00884815
21924.929999999997 0.00883991
21932.9 0.008831754
21940.879999999997 0.008825492
21948.850000000002 0.008819261
21956.82 0.00881267
21964.800000000003 0.008806891
21972.77 0.008797945
21980.749999999996 0.00878987
21988.72 0.008784117
21996.690000000002 0.008776694
22004.670000000002 0.008769134
22012.64 0.008689368
22020.61 0.008683612
22028.59 0.008676891
22036.56 0.00867278
22044.53 0.008675197
22052.510000000002 0.008662571
22060.48 0.008650884
22068.45 0.008645158
22076.43 0.008639506
22084.399999999998 0.00863138
22092.37 0.008623417
22100.35 0.008620982
22108.32 0.008619425
22116.289999999997 0.008613443
22124.27 0.008607399
22132.239999999998 0.008601897
22140.22 0.008594517
22148.19 0.008589554
22156.16 0.008586655
22164.14 0.008583332
22172.109999999997 0.008575427
22180.08 0.008571155
22188.059999999998 0.008567378
22196.030000000002 0.008560049
22204.0 0.00855153
22211.98 0.008470594
22219.95 0.008472915
22227.87 0.008472316
22235.800000000003 0.008469962
22243.77 0.008461904
22251.75 0.008447492
22259.72 0.008437037
22267.69 0.008429696
22275.670000000002 0.00842458
22283.64 0.008418229
22291.61 0.008410152
22299.59 0.008402925
22307.56 0.008401206
22315.54 0.008394354
22323.51 0.0083904
22331.48 0.008386189
22339.46 0.008382293
22347.43 0.008375412
22355.399999999998 0.008368441
22363.38 0.008362484
22371.35 0.008357582
22379.32 0.008353556
22387.3 0.008347683
22395.269999999997 0.0083403
22403.24 0.008333504
22411.219999999998 0.008329672
22419.190000000002 0.008289704
22427.16 0.008284997
22435.14 0.00827864
22443.11 0.008271384
22451.08 0.008264986
22459.06 0.008258841
22467.030000000002 0.008257421
22475.010000000002 0.008253239
22482.98 0.008248228
22490.95 0.008242946
22498.93 0.008236288
22506.9 0.008228895
22514.87 0.008224484
22522.850000000002 0.008220973
22530.82 0.008215339
22538.79 0.008209825
22546.77 0.008202843
22554.74 0.008195775
22562.71 0.00819303
22570.69 0.008186663
22578.66 0.008180456
22586.629999999997 0.008175229
22594.61 0.008166617
22602.579999999998 0.008074485
22610.55 0.008070386
22618.53 0.008063033
22626.5 0.008056215
22634.48 0.00804963
22642.449999999997 0.008046651
22650.420000000002 0.008041459
22658.399999999998 0.008036218
22666.37 0.008035114
22674.34 0.008031998
22682.32 0.008025892
22690.29 0.00801839
22698.260000000002 0.008013616
22706.24 0.008009816
22714.210000000003 0.008005664
22722.190000000002 0.008002082
22730.16 0.007995004
22738.13 0.00798684
22746.11 0.007982808
22754.08 0.00797929
22762.05 0.00797274
22770.030000000002 0.007967312
22778.0 0.007961271
22785.97 0.007357953
22793.95 0.007353026
22801.92 0.007348889
22809.89 0.007344637
22817.87 0.00733857
22825.84 0.00733176
22833.809999999998 0.007326142
22841.79 0.007324954
22849.76 0.007323428
22857.73 0.007318396
22865.71 0.007313644
22873.679999999997 0.007308304
22881.66 0.007302543
22889.629999999997 0.007297355
22897.6 0.007291755
22905.579999999998 0.00728868
22913.55 0.007285718
22921.52 0.00727648
22929.5 0.00726629
22937.47 0.00725736
22945.440000000002 0.007252281
22953.420000000002 0.007246349
22961.390000000003 0.007243371
22969.37 0.007238973
22977.34 0.00723484
22985.31 0.007233482
22993.239999999998 0.007336378
23001.16 0.0073326
23009.13 0.007328282
23017.11 0.007326625
23025.08 0.00732078
23033.05 0.007315355
23041.03 0.007311773
23049.0 0.007306872
23056.969999999998 0.00730029
23064.95 0.007295682
23072.92 0.007294956
23080.89 0.007290242
23088.87 0.007284086
23096.84 0.007276415
23104.809999999998 0.007273277
23112.789999999997 0.007269554
23120.76 0.007264864
23128.739999999998 0.007259656
23136.71 0.007255727
23144.68 0.007248787
23152.66 0.007245291
23160.63 0.007244346
23168.600000000002 0.007242177
23176.58 0.007238597
23184.550000000003 0.00723425
23192.52 0.007231347
23200.5 0.00724001
23208.47 0.006581025
23216.45 0.006591291
23224.420000000002 0.006580799
23232.39 0.006552659
23240.370000000003 0.006527396
23248.34 0.00651378
23256.31 0.006506783
23264.29 0.006503367
23272.26 0.006503735
23280.23 0.006499277
23288.21 0.006495067
23296.18 0.006490995
23304.149999999998 0.006488114
23312.13 0.00648425
23320.1 0.006479805
23328.07 0.006476449
23336.05 0.00647606
23344.02 0.006472083
23351.989999999998 0.006455965
23359.969999999998 0.006453295
23367.94 0.006456465
23375.92 0.006453134
23383.89 0.006449437
23391.86 0.006443208
23399.84 0.006436699
23407.809999999998 0.006433623
23415.780000000002 0.006434184
23423.76 0.006180753
23431.730000000003 0.00617772
23439.7 0.006172896
23447.68 0.006165658
23455.65 0.006162536
23463.63 0.006161408
23471.600000000002 0.006162421
23479.57 0.006159839
23487.54 0.006159482
23495.52 0.006147737
23503.49 0.006140714
23511.46 0.006132119
23519.44 0.006126706
23527.41 0.006122465
23535.39 0.006118904
23543.36 0.006117518
23551.329999999998 0.006113482
23559.31 0.006105925
23567.28 0.006103541
23575.25 0.006103623
23583.23 0.006094522
23591.199999999997 0.006094695
23599.17 0.006094097
23607.149999999998 0.006088931
23615.12 0.006266086
23623.1 0.00626729
23631.07 0.006260643
23639.039999999997 0.006253517
23647.019999999997 0.006252083
23654.989999999998 0.006248357
23662.960000000003 0.006235968
23670.94 0.006237495
23678.910000000003 0.006243137
23686.88 0.006239463
23694.86 0.006231645
23702.83 0.006227615
23710.8 0.006223765
23718.780000000002 0.006220866
23726.75 0.006214444
23734.72 0.006211039
23742.7 0.006203512
23750.670000000002 0.006200291
23758.54 0.006196274
23766.52 0.006192725
23774.489999999998 0.006190598
23782.47 0.006190891
23790.44 0.006187016
23798.41 0.006179728
23806.39 0.005825951
23814.36 0.005825834
23822.329999999998 0.005822744
23830.309999999998 0.005818742
23838.28 0.005812775
23846.250000000004 0.005806415
23854.23 0.005805392
23862.199999999997 0.005807055
23870.18 0.005804794
23878.149999999998 0.005796348
23886.120000000003 0.005791207
23894.1 0.005792575
23902.070000000003 0.005791509
23910.04 0.005787553
23918.02 0.005785289
24219.620000000003 0.00569229
24418.95 0.005400497
24618.289999999997 0.005380444
24817.63 0.004885665
25016.97 0.004906229
25216.31 0.00496605
25467.870000000003 0.00492854
25561.26 0.004879371
25654.85 0.004938553
25748.34 0.004910226
25842.03 0.004832577
25935.62 0.00480773
26029.41 0.004830001
26123.1 0.004795274
26216.99 0.004712818
26310.78 0.004679695
26404.760000000002 0.004667716
26498.750000000004 0.004625421
26592.739999999998 0.004590772
26686.83 0.004529624
26780.910000000003 0.004499101
26875.0 0.004457266
26969.19 0.0044234
27063.47 0.004397832
27157.76 0.004366831
27252.149999999998 0.004319654
27346.44 0.004291668
27440.920000000002 0.004270391
27535.31 0.004247716
27629.899999999998 0.004180981
27724.38 0.004155856
27818.969999999998 0.004143413
27913.66 0.004119531
28008.24 0.004064304
28102.93 0.004038969
28197.71 0.004013591
28292.5 0.00400095
28387.280000000002 0.003961444
28482.17 0.003938123
28577.050000000003 0.003913968
28671.94 0.003866104
28766.92 0.003844553
28861.910000000003 0.00381547
28956.99 0.00379283
29051.98 0.003746929
29147.16 0.003719901
29242.24 0.003674735
29337.430000000004 0.003649319
29432.61 0.003613379
29527.899999999998 0.003604488
29623.08 0.00357292
29718.37 0.003555514
29813.75 0.003515513
29909.03 0.00350228
30004.420000000002 0.003477609
30099.9 0.003461477
30195.280000000002 0.003433704
30290.76 0.003377462
30386.25 0.00335425
30481.829999999998 0.003331771
30577.31 0.003312775
30672.899999999998 0.00329457
30768.58 0.003273573
30864.16 0.003225292
30959.850000000002 0.003210138
31055.53 0.003193574
31151.21 0.003175821
31246.99 0.003148441
31342.77 0.003128483
31438.56 0.003110902
31534.34 0.003097656
31630.120000000003 0.003071666
31726.0 0.003053164
31821.88 0.003057717
31917.76 0.003042658
32013.739999999998 0.00304869
32109.63 0.003025445
32205.61 0.003011498
32301.59 0.003053165
32397.57 0.003039189
32493.65 0.003139463
32589.73 0.003468129
32685.710000000003 0.003452551
32781.799999999996 0.003433804
32877.98 0.004333681
32974.06 0.004306813
33070.240000000005 0.00427231
33166.42 0.004252952
33262.6 0.003321794
33358.78 0.0033001
33454.96 0.00293745
33551.25 0.002923194
33647.43 0.002772804
33743.7 0.002760344
33839.98 0.002682503
33936.36 0.002664507
34032.65 0.002597513
34128.93 0.002585155
34225.310000000005 0.002553873
34321.68 0.002539345
34418.07 0.002499942
34514.450000000004 0.002488804
34610.82 0.002467458
34707.3 0.002451537
34803.69 0.002416608
34900.17 0.002414067
34996.65 0.002397665
35093.130000000005 0.002378669
35189.61 0.002363168
35286.09 0.002327233
35382.57 0.002328188
35479.14 0.002295675
35575.73 0.002282952
35672.21 0.002260195
35768.79 0.002249231
35865.36 0.002232498
35961.94 0.002231006
36058.520000000004 0.002204953
36155.2 0.002197501
36251.78 0.002177183
36348.46 0.002182699
36445.04 0.002166111
36541.72 0.002152837
36638.4 0.002128435
36735.08 0.002111433
36831.75 0.002083286
36928.43 0.002078818
37025.11 0.002065543
37121.79 0.002054006
37218.57 0.002035035
37315.25 0.002025757
37412.03 0.001993543
37508.810000000005 0.001982751
37605.49 0.00198721
37702.270000000004 0.001975314
37799.049999999996 0.001967314
37895.82 0.001950413
37992.6 0.0019301
38089.38 0.001926535
38186.16 0.00191836
38283.04 0.001901853
38379.82 0.001893452
38476.6 0.001881163
38573.48 0.001869927
38670.25 0.001842238
38767.13 0.001833747
38864.01 0.001816763
38960.89 0.001813181
39057.67 0.001808207
39154.55 0.001805156
39251.42 0.001787194
39348.299999999996 0.001778459
39445.18 0.001754523
39542.06 0.001747578
39638.939999999995 0.001731869
39735.92 0.001724229
39832.8 0.001706608
39929.67 0.001704029
40026.549999999996 0.001704722
40123.53 0.001707345
40220.409999999996 0.001711743
40317.39 0.001705526
40414.27 0.001693931
40511.24 0.001668879
40608.12 0.001649446
40705.1 0.001632954
40801.98 0.001616594
40898.96000000001 0.001607195
40995.92999999999 0.00159014
41092.909999999996 0.001581731
41189.79 0.001568673
41286.77 0.001564885
41383.75 0.001553858
41480.72 0.001547413
41577.700000000004 0.001535599
41674.68000000001 0.001532994
41771.659999999996 0.001520023
41868.64 0.001513042
41965.62 0.001507022
42062.590000000004 0.001498528
42159.57000000001 0.001486043
42256.549999999996 0.001479908
42353.53 0.001480162
42450.5 0.001468496
42547.48 0.00146387
42644.469999999994 0.00146044
42741.439999999995 0.00145666
42838.42 0.001426864
42935.5 0.001420337
43032.48 0.001387732
43129.45 0.001384985
43226.43 0.001385133
43323.41 0.00138148
43420.39 0.001356073
43517.46000000001 0.001353072
43614.439999999995 0.001335985
43711.42 0.001331116
43808.4 0.001327673
43905.380000000005 0.001317096
44002.46 0.001309737
44099.43 0.001287973
44196.41 0.001283621
44293.39 0.001281881
44390.37 0.001282657
44487.35 0.001272596
44584.32 0.00127806
44681.41 0.00126382
44778.380000000005 0.001253138
44875.36 0.001258027
44972.34 0.00126274
45069.32 0.00125274
45166.29 0.001241622
45263.270000000004 0.001224803
45360.25000000001 0.001219488
45457.229999999996 0.001209096
45554.2 0.00119967
45651.18 0.001195277
45748.16 0.001191305
45845.14000000001 0.001178575
45942.119999999995 0.001170845
46039.1 0.001174839
46135.979999999996 0.001171751
46232.95 0.001165619
46329.93 0.001163181
46426.91 0.001161178
46523.79 0.001156797
46620.77 0.001165093
46717.75 0.001159201
46814.619999999995 0.001153086
46911.6 0.00114421
47008.479999999996 0.001140673
47105.36 0.001135385
47202.34 0.001139415
47299.21 0.001134973
47396.19 0.001126955
47493.07 0.001119514
47589.95 0.00112265
47686.83 0.001127209
47783.71 0.001118372
47880.59 0.001119844
47977.46 0.001116084
48074.34 0.001107594
48171.22 0.001099022
48268.1 0.001100827
48364.880000000005 0.001103237
48461.75 0.001098966
48558.630000000005 0.001083159
48655.41 0.001079038
48752.29 0.001074064
49834.6 0.001062902
50831.28999999999 0.001078307
51827.98 0.001095908
52824.68 0.001120074
53821.37 0.001147637
55014.11 0.001222119
55315.51 0.001227011
55616.909999999996 0.00124504
55918.31 0.001282276
56219.700000000004 0.001301737
56521.2 0.001329317
56822.60999999999 0.001352543
57124.0 0.001382638
57425.41 0.001441618
57726.810000000005 0.001481719
58028.3 0.001537158
58329.700000000004 0.001589658
58631.1 0.001703461
58932.5 0.001790628
59233.9 0.001939087
59535.4 0.001987667
59836.799999999996 0.002345708
60138.2 0.002526208
60439.61 0.002574399
60740.99999999999 0.002764237
61042.50000000001 0.003191016
61343.9 0.00409386
61645.3 0.005832699
61946.700000000004 0.007459084
62248.1 0.007559864
62549.6 0.006696
62851.0 0.005595241
63152.4 0.004562188
63453.799999999996 0.003979958
63755.2 0.003423803
64056.7 0.00303377
64358.09 0.002670614
64659.5 0.002534974
64960.88999999999 0.002420075
65262.3 0.002239624
65563.79 0.002120446
65865.19 0.002276827
66166.59 0.002339343
66467.98999999999 0.002333821
66769.39 0.002321906
67070.89 0.002290137
67372.29000000001 0.002260281
67673.7 0.002257581
67975.09 0.002244295
68276.49 0.002219944
68577.99 0.002246343
68879.39 0.00224578
69180.79 0.002236621
69482.2 0.002312552
69783.59 0.002717922
70085.09 0.002721621
70386.49 0.002501689
70687.89 0.002507513
70989.28 0.002674574
71290.68000000001 0.002800683
71592.18000000001 0.00288113
71893.59 0.002957467
72194.98 0.003022227
72496.38 0.003234709
72797.78 0.003411269
73099.28 0.003603633
73400.68 0.003786729
73702.09 0.004154869
74003.48 0.004488782
74304.88 0.004626686
74606.38 0.005369361
74907.78 0.005652343
75510.58 0.006527401
76113.38 0.006868286
76716.27 0.006669179
77319.06999999999 0.006245946
77921.88 0.005982252
78524.77 0.005575748
79127.58 0.004960899
79730.48000000001 0.004216552
80333.27 0.003686913
80936.08 0.003221389
81538.97 0.002966636
82141.76999999999 0.002864699
82744.56999999999 0.002799406
83347.46 0.002851091
83950.27 0.002921906
84553.06 0.002969745
85155.97 0.003136507
85758.77 0.003247343
86361.67 0.003212282
86964.46999999999 0.002823804
87567.27 0.002355441
88170.16 0.001919945
88772.95999999999 0.001659654
89375.76999999999 0.001571683
89978.66 0.001583828
90581.46 0.001318852
91184.26 0.001145362
91787.16 0.001138112
92389.96 0.001122299
92992.86 0.001081894
93595.65999999999 0.001067831
94198.45000000001 0.001055649
94801.34 0.001051996
95404.15 0.001039251
96006.95 0.001059645
96609.85 0.001086122
97212.65000000001 0.001033506
97815.45 0.001012202
98418.34999999999 0.0009813629
99021.15999999999 0.0009964285
99624.05 0.0009596835
100226.84 0.0009781674
100829.65 0.0009659648
101432.55 0.0009417759
102035.34 0.0009660343
102638.15 0.0009530364
103241.04000000001 0.0009630848
103843.84000000001 0.0009932607
104446.64 0.001220421
105049.54 0.001521967
105652.34 0.001407765
106255.24 0.001226419
106858.03 0.001186153
107460.84 0.001186971
108063.74 0.001176686
108666.54000000001 0.001234647
109269.34 0.001399969
109872.23 0.001611654
110475.04 0.001786758
111077.84000000001 0.002103823
111680.73 0.003086671
112283.53 0.003984388
112886.43000000001 0.003728235
113489.23 0.002921427
114092.03 0.002313271
114694.93 0.001942652
115297.73000000001 0.001726455
115900.53 0.001568202
116503.42 0.001444463
117106.23 0.001398555
117709.01999999999 0.001373275
118311.91 0.001358238
118914.72 0.00142647
119517.62999999999 0.001446041
120120.42 0.001427927
120723.22 0.001391908
121326.12999999999 0.001368839
121928.92 0.001344645
122531.73 0.001390515
123134.61 0.001458334
123737.41 0.001489136
124340.22 0.001506133
124943.11 0.001577271
125545.91 0.001659585
126148.81 0.001744788
126751.60999999999 0.001818751
127354.41 0.002216367
127957.31 0.002774308
128560.11 0.002347371
129162.90999999999 0.00144159
129765.81 0.001191311
130368.6 0.001130021
130971.4 0.001092275
131574.31 0.001089187
132177.09 0.001090284
132779.88999999998 0.001070905
133382.8 0.001063325
133985.59 0.001048327
134588.5 0.001058312
135191.30000000002 0.001076145
135794.09 0.001056839
136397.0 0.001036292
136999.8 0.0009975781
137602.59 0.0009992055
138205.5 0.0009799419
138808.3 0.0009855963
139411.09 0.0009795228
140228.08 0.0009986701
141072.08 0.001009945
141916.09 0.001013118
142759.97999999998 0.001012514
143603.97 0.0009692163
144447.97 0.0009399176
145291.88 0.0009666656
146135.88 0.000955321
146979.87 0.0009547652
147823.88 0.000941592
148667.78 0.0009255579
149511.77 0.0009319602
150355.77 0.0009336983
151199.67 0.0009446515
152043.66 0.0009680771
152887.66 0.000963558
153731.56 0.0009816291
154575.56 0.001240411
155419.56 0.001680846
156263.47 0.001529429
157107.47 0.001110988
157951.47 0.001033254
158795.34 0.001044936
159639.36000000002 0.001055703
160483.36 0.001056993
161327.34 0.001065949
162171.25 0.001098227
163015.27 0.001192609
163859.25 0.00131732
164703.16 0.001354886
165547.14 0.001313537
166391.13999999998 0.001278557
167235.07 0.001292961
168079.03 0.001291849
168923.05000000002 0.001280773
169766.93999999997 0.001309214
170610.94 0.001353951
171454.94 0.001334859
172298.83000000002 0.001330602
173142.83 0.001342644
173986.84 0.001342204
174830.84000000003 0.001277673
175674.71999999997 0.001228651
176518.75 0.0012355
177362.73 0.001233294
178206.63 0.001222173
179050.63999999998 0.001214435
179894.64 0.001191946
180738.53 0.001176317
181582.52999999997 0.001173768
182426.53 0.001182474
183270.41999999998 0.001202259
184114.42 0.001208442
184958.41999999998 0.001222225
185802.31000000003 0.001299026
186646.31 0.001617769
187490.33000000002 0.001775465
188334.33 0.001460451
189178.22 0.001290853
190022.22 0.001287601
190866.2 0.001291308
191710.12999999998 0.001262733
192554.11 0.00126763
193398.11000000002 0.001255903
194242.02000000002 0.001246166
195086.02 0.001305406
195930.0 0.001297839
196773.91 0.00127826
197617.90999999997 0.001274961
198461.91 0.00127995
199305.8 0.001276818
200149.80000000002 0.001276218
200993.8 0.001282414
201837.81 0.001290698
202681.69 0.001270463
203525.7 0.001287124
204369.72 0.00127729
205213.58 0.001226278
206901.59000000003 0.00132097
208589.5 0.001301062
210277.39 0.00132223
211965.39 0.001339926
213653.28000000003 0.00135469
215341.28 0.001355128
217029.19 0.001369434
218717.08000000002 0.001390007
220405.08 0.001378134
222092.97 0.001362182
223780.86 0.001404152
225468.86000000002 0.001422847
227156.77 0.001397332
228844.78000000003 0.001401356
230532.67 0.001457051
232220.55000000002 0.001453062
233908.56 0.001435501
235596.46999999997 0.001434448
237284.36 0.001447562
238972.31999999998 0.001440518
240660.25 0.001429102
242348.22999999998 0.001453394
244036.14 0.001470234
245724.03 0.00146653
247412.05000000002 0.001452954
249099.94 0.001445964
250787.85 0.00146401
252475.83 0.00147161
254163.74000000002 0.001479639
255851.73 0.001483401
257539.62000000002 0.001511256
259227.52 0.001551692
260915.53 0.001517858
262603.42000000004 0.001494621
264291.31 0.00149145
265979.31 0.001497929
267667.22000000003 0.001511032
269355.18 0.001518978
271043.09 0.001533492
272731.04 0.001539227
274419.01999999996 0.001536092
276106.87 0.001552911
277794.78 0.00156615
279482.8 0.001563356
281170.69 0.001568553
282858.7 0.001564572
284546.58999999997 0.001565389
286234.49 0.001577756
287922.48 0.001593828
289610.37 0.001577848
291298.26999999996 0.001576115
292986.28 0.001578419
294674.17 0.001598069
296362.15 0.001617109
298050.1 0.001626037
299737.97000000003 0.001603112
301425.97 0.001598468
303113.88 0.00162568
304801.79 0.001636497
306489.75 0.00166116
308177.66 0.001657593
309865.67 0.001668809
311553.55 0.001674313
313241.44 0.001661033
314929.45 0.001720989
316617.37 0.001726233
318305.24 0.001688868
319993.25 0.001688713
321681.14 0.001712575
323369.18 0.00174354
325057.02999999997 0.001780547
326744.95999999996 0.001818411
328432.92 0.001844761
330120.85 0.001853009
331808.74000000005 0.001914415
333496.74 0.002041233
335184.67 0.002150727
336872.60000000003 0.001953283
338560.49 0.001948419
338914.44999999995 0.001946679
342303.58 0.001912169
345726.59 0.00202588
