102.08999999999999 2.831483e-15
103.99000000000001 4.631406e-15
105.92 7.646694e-15
107.89 1.279968e-14
109.89999999999999 2.392569e-14
114.02000000000001 5.653334e-14
118.02999999999999 1.220948e-13
121.06 6.610741e-13
125.03 1.272462e-12
127.06 1.687992e-12
127.94 1.978045e-12
130.92 2.94316e-12
132.13 3.842785e-12
133.97 4.901881e-12
137.09 8.201401e-12
139.96 1.162763e-11
142.89 4.159859e-11
146.89000000000001 1.443719e-10
151.01 2.117765e-10
154.88 3.099753e-10
158.85 4.526051e-10
162.18 5.89183e-10
165.96 8.407156e-10
169.82 1.156468e-09
172.98000000000002 1.471164e-09
177.01000000000002 1.98169e-09
179.89000000000001 2.458255e-09
181.97000000000003 2.833569e-09
186.20999999999998 3.730033e-09
190.98 5.176032e-09
194.09 6.317249e-09
198.15 8.034367e-09
201.84 1.021833e-08
205.11999999999998 1.215816e-08
209.89000000000001 1.528245e-08
215.76999999999998 2.199508e-08
219.78 2.708735e-08
222.84 3.106464e-08
226.99 3.798619e-08
230.14 6.429398e-08
233.88 1.163121e-07
239.88 1.781236e-07
246.04000000000002 2.050189e-07
251.77 2.654178e-07
257.04 2.619143e-07
260.01 3.309161e-07
264.24 3.909214e-07
269.15000000000003 4.5116e-07
274.15999999999997 5.147132e-07
279.25 5.845576e-07
283.79 6.669943e-07
289.72999999999996 7.382983e-07
295.8 8.616173e-07
301.3 9.472965e-07
308.32 1.120499e-06
317.69 1.402823e-06
328.09 1.703857e-06
338.06 2.022508e-06
348.34 2.367623e-06
357.27000000000004 2.74746e-06
365.59000000000003 3.203841e-06
374.97 3.616001e-06
384.59 3.978628e-06
395.36 4.699942e-06
404.57 5.378349e-06
414.0 5.931539e-06
421.69 6.36779e-06
429.53 6.866962e-06
440.54999999999995 7.763257e-06
450.81 8.461313e-06
460.25000000000006 9.035601e-06
469.89000000000004 9.827255e-06
479.73 1.076164e-05
489.78000000000003 1.138372e-05
500.03 1.252179e-05
505.82 1.329629e-05
511.68 1.904585e-05
519.99 2.04871e-05
529.66 2.228048e-05
539.51 2.292791e-05
549.5400000000001 2.942656e-05
559.75 3.53275e-05
570.16 4.11562e-05
579.4300000000001 4.2066e-05
590.2 5.23822e-05
599.79 5.696594e-05
609.53 6.683886e-05
619.4399999999999 8.079996e-05
629.5000000000001 9.136317e-05
639.73 9.684918e-05
650.13 0.0001146478
657.6500000000001 0.0001270995
665.27 0.0001383213
674.52 0.0001453236
685.48 0.0001504953
695.02 0.0002018021
704.69 0.0002015176
716.14 0.0002502648
726.0999999999999 0.0002708529
734.51 0.0002912872
744.73 0.0003432354
755.09 0.0003809284
765.59 0.0004178866
774.46 0.0004737509
785.2299999999999 0.0005293231
794.32 0.0005703901
805.37 0.000615568
814.7 0.0006586723
824.13 0.0007482421
835.5999999999999 0.0006310463
845.2700000000001 0.0008344394
855.06 0.000886514
864.96 0.0009816804
874.98 0.001086943
885.11 0.001222976
895.36 0.00132625
905.73 0.001354606
914.11 0.002225071
924.6899999999999 0.01707887
935.4 0.03958743
944.0600000000001 0.07925235
954.99 0.1172374
966.04 0.1339901
974.98 0.01997473
984.01 0.1150414
995.4000000000001 0.1270006
1004.6099999999999 0.1954989
1013.91 0.1925048
1025.65 0.08190404
1035.1399999999999 0.1350765
1044.71 0.2753142
1054.38 0.2748259
1064.1399999999999 0.2163898
1073.98 0.2663431
1083.92 0.2092134
1093.95 0.2902139
1104.0700000000002 0.2817317
1114.29 0.2728485
1124.6000000000001 0.2477427
1135.0 0.3266183
1145.51 0.2985778
1156.1100000000001 0.324374
1164.1200000000001 0.3408178
1174.8899999999999 0.2335976
1185.76 0.3391577
1193.98 0.2279514
1205.03 0.1602212
1216.18 0.1097885
1224.61 0.236554
1235.94 0.3738853
1244.51 0.4188494
1256.02 0.4016252
1264.73 0.3436571
1276.43 0.4600664
1285.28 0.4887337
1294.19 0.3804627
1306.16 0.3792723
1315.22 0.4899322
1324.33 0.4724187
1333.51 0.4163765
1345.8500000000001 0.5093466
1355.18 0.4967476
1364.58 0.4428202
1374.03 0.472408
1383.5600000000002 0.482356
1396.3600000000001 0.4214598
1406.04 0.4433851
1415.7900000000002 0.4537078
1425.6 0.4717901
1435.48 0.4706596
1442.1100000000001 0.5027271
1445.43 0.5136185
1455.45 0.5006803
1465.54 0.4617919
1475.7 0.4637863
1485.93 0.4766154
1496.23 0.4886418
1506.6 0.4632239
1513.55 0.4095583
1517.04 0.4431719
1524.0400000000002 0.4306052
1534.61 0.3730909
1545.24 0.419312
1555.96 0.3964747
1566.74 0.4044728
1573.97 0.4348331
1584.8799999999999 0.460188
1595.8700000000001 0.4726417
1603.24 0.4665737
1614.35 0.4704036
1625.54 0.4446274
1636.81 0.4769713
1644.36 0.4884377
1655.76 0.4490223
1663.3999999999999 0.496076
1671.0800000000002 0.440372
1678.79 0.4989847
1686.54 0.5239946
1694.33 0.4926715
1706.0700000000002 0.473026
1713.9499999999998 0.4477987
1725.83 0.4460173
1733.79 0.4803158
1745.81 0.4685407
1753.87 0.504508
1766.0300000000002 0.46029
1774.1799999999998 0.4743798
1786.48 0.4833274
1794.72 0.5203564
1803.01 0.5180091
1815.51 0.4757254
1823.8799999999999 0.4879391
1836.5300000000002 0.467019
1845.0 0.4288349
1853.52 0.4307621
1866.37 0.4447468
1874.98 0.4853061
1883.64 0.4455521
1896.7 0.4272653
1905.4499999999998 0.4544993
1914.24 0.4378802
1923.0800000000002 0.4306901
1936.41 0.4434342
1945.3500000000001 0.4629958
1954.33 0.4338337
1967.87 0.4763169
1976.96 0.4904366
1986.0800000000002 0.4615887
1995.25 0.4486392
2004.46 0.4629372
2013.71 0.4457911
2023.01 0.4685126
2037.03 0.4416373
2046.4299999999998 0.4598269
2055.88 0.4396512
2065.37 0.4411584
2074.9 0.472127
2079.68 0.4474916
2084.48 0.4650534
2094.1 0.4384542
2103.77 0.4418985
2113.48 0.4453465
2123.23 0.4529464
2133.0299999999997 0.4191534
2142.88 0.4292056
2152.77 0.4455995
2162.71 0.431702
2172.69 0.426978
2182.72 0.4174513
2192.79 0.4372938
2202.91 0.4245391
2213.08 0.4036668
2223.3 0.3891521
2233.56 0.4151198
2243.87 0.3955544
2254.23 0.3795547
2264.63 0.3883134
2275.08 0.4017302
2285.59 0.413683
2296.1400000000003 0.3930269
2306.73 0.3946109
2317.38 0.3792432
2322.7200000000003 0.3001219
2333.44 0.358148
2344.22 0.349804
2355.04 0.3789567
2365.91 0.3518397
2376.83 0.3640202
2382.31 0.3408059
2393.2999999999997 0.3658291
2404.35 0.3524153
2415.4500000000003 0.3621057
2426.6 0.3842557
2437.8 0.3701858
2443.42 0.3933768
2454.7 0.388685
2466.02 0.3885074
2477.41 0.3768623
2483.12 0.3913648
2494.58 0.370161
2506.09 0.4113385
2511.87 0.3720537
2517.66 0.3845934
2523.47 0.3684729
2535.1099999999997 0.3734415
2546.81 0.3681634
2552.69 0.3939613
2564.47 0.387501
2576.31 0.4112409
2582.2400000000002 0.4088033
2594.16 0.4067578
2606.1400000000003 0.3955184
2612.1499999999996 0.3922755
2624.2 0.4096626
2636.3199999999997 0.4200129
2642.39 0.4525648
2654.59 0.4587021
2666.8399999999997 0.4249937
2672.9900000000002 0.4444264
2685.3300000000004 0.4432513
2697.7200000000003 0.4290506
2703.94 0.4394839
2716.42 0.4234485
2722.69 0.425828
2735.25 0.4478128
2747.8799999999997 0.3971572
2754.2100000000005 0.404948
2766.92 0.420027
2773.3 0.4392577
2786.1000000000004 0.423259
2792.5299999999997 0.3507868
2805.42 0.3766344
2811.8900000000003 0.4439818
2824.86 0.4605339
2837.9 0.4447848
2844.4399999999996 0.4381217
2857.5699999999997 0.4300304
2864.16 0.4612621
2877.38 0.459037
2884.01 0.4616354
2897.3300000000004 0.4583654
2910.7 0.4910487
2930.88 0.4791746
2951.19 0.4762928
2971.65 0.4867047
2992.25 0.4905309
3012.99 0.4978206
3026.9 0.5000451
3047.88 0.501685
3069.0 0.5056604
3090.28 0.510852
3111.7 0.5113788
3133.2700000000004 0.5095471
3147.7300000000005 0.5142391
3169.5499999999997 0.5159746
3191.52 0.4989935
3213.64 0.5159157
3228.48 0.503002
3250.85 0.5224743
3273.39 0.5364975
3288.4999999999995 0.5365089
3311.29 0.5396318
3318.92 0.5477698
3326.58 0.5484132
3334.24 0.5631478
3341.9300000000003 0.5359569
3349.64 0.5631689
3357.3599999999997 0.5421915
3365.1 0.5219919
3372.85 0.511895
3380.63 0.5466305
3388.4199999999996 0.5652173
3396.23 0.5466805
3404.06 0.5549365
3411.9100000000003 0.5367465
3419.7699999999995 0.5498999
3427.6600000000003 0.5582275
3435.56 0.5653581
3443.48 0.5393207
3451.42 0.5732922
3459.37 0.5468954
3467.3500000000004 0.5475517
3475.34 0.5584066
3483.35 0.5511798
3491.38 0.565433
3499.43 0.5351433
3507.5 0.554063
3515.58 0.5428149
3523.69 0.5620096
3531.8100000000004 0.5582524
3539.95 0.5700635
3548.1099999999997 0.5848063
3556.2899999999995 0.5768962
3564.4900000000002 0.5796841
3572.71 0.5549847
3580.94 0.5399781
3589.2000000000003 0.5098696
3597.47 0.5477219
3605.76 0.5554543
3614.08 0.5466907
3622.41 0.551862
3630.76 0.617904
3639.1299999999997 0.5861583
3639.3599999999997 0.5342338
3642.0400000000004 0.5745633
3644.73 0.5788825
3647.42 0.5424196
3650.1099999999997 0.5528176
3652.7900000000004 0.5567449
3655.48 0.5672149
3658.17 0.5296391
3660.86 0.543328
3663.54 0.5672514
3666.2299999999996 0.5620212
3668.92 0.5677405
3671.61 0.5875083
3674.29 0.540518
3676.9800000000005 0.5724679
3679.67 0.5664001
3682.35 0.5434265
3685.04 0.5689863
3687.73 0.5464286
3690.4199999999996 0.5197066
3693.1000000000004 0.5783927
3695.79 0.5885515
3698.48 0.583094
3701.1699999999996 0.5424548
3703.8500000000004 0.5577622
3706.54 0.5881565
3709.23 0.5879881
3711.92 0.5500654
3714.6 0.5961508
3717.29 0.6046822
3719.98 0.6407843
3722.67 0.7772377
3725.35 1.057462
3728.0400000000004 1.26666
3730.73 1.205988
3733.42 0.9896912
3736.1 0.7668416
3738.79 0.6181921
3741.48 0.6558978
3744.1600000000003 0.6294183
3746.85 0.6268685
3749.54 0.5964008
3752.2299999999996 0.5851515
3754.9100000000003 0.6601244
3757.6 0.6747705
3760.29 0.7495605
3762.98 0.7235921
3765.6600000000003 0.6812214
3768.35 0.618348
3771.04 0.6009239
3773.73 0.6653389
3776.41 0.7717962
3779.1000000000004 0.8314004
3781.79 0.8629192
3784.48 0.9140869
3787.16 0.8667507
3789.8500000000004 0.8349782
3792.54 0.7404774
3795.2200000000003 0.6696621
3797.91 0.6086316
3800.6 0.6225598
3803.2899999999995 0.7065999
3805.9700000000003 0.8146131
3808.66 0.8849275
3811.35 0.9139331
3814.0400000000004 0.9205135
3816.7200000000003 0.915539
3819.41 0.9305079
3822.1 0.917116
3824.79 0.9042987
3827.4700000000003 0.8165633
3830.1600000000003 0.7127642
3832.85 0.636656
3835.54 0.5902848
3838.22 0.5764896
3840.9100000000003 0.6649815
3843.6 0.7535091
3846.29 0.8511789
3848.97 0.9221798
3851.6600000000003 1.002079
3854.3500000000004 0.9931747
3857.03 1.000287
3859.72 1.00129
3862.41 1.025186
3865.1000000000004 0.9956994
3867.78 1.043223
3870.47 1.044406
3873.16 1.018078
3875.85 0.9693248
3878.53 0.8736678
3881.2200000000003 0.8099806
3883.91 0.7682283
3886.6 0.7003889
3889.2799999999997 0.65657
3891.9700000000003 0.6918825
3894.66 0.7191653
3897.35 0.7987416
3900.0299999999997 0.8475803
3902.7200000000003 0.8972045
3905.4100000000003 0.9356638
3908.1 0.9683909
3910.7799999999997 1.00007
3913.47 1.000823
3916.1600000000003 1.066757
3918.84 1.060083
3921.5299999999997 1.046309
3924.22 0.9824298
3926.9100000000003 0.9281963
3929.59 0.8979481
3932.28 0.8270211
3934.97 0.8001313
3937.66 0.836305
3940.34 0.8878241
3943.03 0.9273845
3945.72 0.9681893
3948.41 0.9923125
3951.0899999999997 1.021515
3953.78 0.9956774
3956.4700000000003 0.9340245
3959.16 0.9029462
3961.8399999999997 0.8292115
3964.53 0.7081328
3967.2200000000003 0.5950721
3969.91 0.5271254
3972.5899999999997 0.5689026
3975.2799999999997 0.6694568
3977.9700000000003 0.7713151
3980.65 0.8744819
3983.34 0.9134677
3986.0299999999997 0.9898251
3988.7200000000003 1.054264
3991.4 1.075568
3994.09 1.07492
3996.7799999999997 1.124401
3999.47 1.143965
4002.15 1.143969
4004.84 1.140724
4007.53 1.115258
4010.22 1.117805
4012.8999999999996 1.149449
4015.59 1.151494
4018.28 1.159319
4020.97 1.172025
4023.6499999999996 1.153673
4026.34 1.159751
4029.03 1.165469
4031.71 1.134456
4034.4 1.134682
4037.0899999999997 1.146013
4039.78 1.156602
4042.46 1.153866
4045.15 1.153409
4047.8399999999997 1.156878
4050.5299999999997 1.110925
4053.21 1.127898
4055.9 1.138235
4058.59 1.115653
4061.2799999999997 1.125883
4063.9599999999996 1.107076
4066.65 1.083249
4069.34 1.091552
4072.0299999999997 1.08686
4074.7100000000005 1.047901
4077.4 1.045039
4080.09 1.077647
4082.7799999999997 1.073601
4085.46 1.054291
4088.1499999999996 1.02758
4090.84 0.9552528
4093.52 0.9168795
4096.21 0.8551428
4098.9 0.7861545
4101.59 0.7297912
4104.2699999999995 0.7119276
4106.96 0.7811653
4109.650000000001 0.8748384
4112.34 0.9265448
4115.0199999999995 0.9580082
4117.71 0.9871575
4120.400000000001 1.018437
4123.09 1.060055
4125.77 1.071966
4128.46 1.064808
4131.150000000001 1.058955
4133.84 1.065177
4136.52 1.090167
4139.21 1.074226
4141.9 1.07073
4144.59 1.084813
4147.27 1.09086
4149.96 1.09561
4152.65 1.069557
4155.33 1.076238
4158.02 1.088443
4160.71 1.10121
4163.4 1.104428
4166.08 1.083909
4168.7699999999995 1.051909
4171.46 1.060248
4174.15 1.037953
4176.83 1.014095
4179.5199999999995 1.042898
4182.21 1.043423
4184.9 1.053641
4187.58 1.066664
4190.2699999999995 1.064449
4192.96 1.063251
4195.650000000001 1.043924
4198.33 1.03725
4201.0199999999995 1.017588
4203.71 1.045098
4206.400000000001 1.070501
4209.08 1.071283
4211.77 1.080795
4214.46 1.093454
4217.139999999999 1.079218
4219.83 1.089615
4222.52 1.051584
4225.21 1.047933
4227.89 1.053214
4230.58 1.059184
4233.27 1.084253
4235.96 1.080339
4238.64 1.086673
4241.33 1.088371
4244.02 1.087472
4246.71 1.068372
4249.39 1.070721
4252.08 1.078857
4254.7699999999995 1.054516
4257.46 1.045192
4260.14 1.064761
4262.83 1.077612
4265.5199999999995 1.086143
4268.2 1.084902
4270.89 1.051394
4273.58 1.043399
4276.2699999999995 1.059673
4278.95 1.060167
4281.64 1.056504
4284.33 1.038864
4287.02 1.034268
4289.7 1.019672
4292.389999999999 1.007297
4295.08 0.9911412
4297.77 0.9769836
4300.45 0.9650562
4303.139999999999 0.9468897
4305.83 0.9256002
4308.52 0.9435489
4311.2 0.9619088
4313.89 0.981126
4316.58 0.9940366
4319.27 1.005799
4321.95 0.9938233
4324.64 0.9740056
4327.33 0.9486952
4330.01 0.9269075
4332.7 0.8867105
4335.39 0.8506542
4338.08 0.7974381
4340.76 0.7531406
4343.45 0.7719988
4346.14 0.8114517
4348.83 0.8650727
4351.51 0.9113266
4354.2 0.9569179
4356.89 1.008899
4359.58 1.036182
4362.26 1.061459
4364.95 1.074788
4367.639999999999 1.065561
4370.33 1.066445
4373.01 1.063756
4375.7 1.030703
4378.389999999999 1.044547
4381.08 1.011889
4383.76 1.024123
4386.45 1.027592
4389.14 1.034471
4391.820000000001 1.035648
4394.51 1.03853
4397.2 1.064496
4399.89 1.064519
4402.57 1.060777
4405.259999999999 1.051801
4407.95 1.076666
4410.64 1.073901
4413.32 1.083633
4416.01 1.078965
4418.7 1.06945
4421.39 1.070598
4424.07 1.09055
4426.76 1.083404
4429.45 1.055952
4432.14 1.054407
4434.82 1.069153
4437.51 1.080688
4440.2 1.086981
4442.89 1.084909
4445.57 1.09524
4448.26 1.095849
4450.95 1.100898
4453.63 1.094403
4456.32 1.072659
4459.01 1.047301
4461.7 1.057124
4464.38 1.069932
4467.070000000001 1.073855
4469.76 1.08752
4472.45 1.109968
4475.13 1.106238
4477.82 1.100193
4480.51 1.102227
4483.2 1.085783
4485.88 1.090681
4488.57 1.11648
4491.26 1.109047
4493.95 1.103278
4496.63 1.112436
4499.32 1.125215
4502.01 1.134141
4504.7 1.150079
4507.38 1.14532
4510.07 1.141681
4512.76 1.149829
4515.44 1.133354
4518.13 1.132264
4520.82 1.120488
4523.51 1.104906
4526.19 1.092285
4528.88 1.064797
4531.57 1.052841
4534.26 1.074822
4536.94 1.097155
4539.63 1.108714
4542.320000000001 1.106762
4545.01 1.111212
4547.69 1.07729
4550.38 1.07212
4553.070000000001 1.086945
4555.76 1.076593
4558.4400000000005 1.09256
4561.13 1.1062
4563.82 1.111763
4566.5 1.124164
4569.1900000000005 1.111275
4571.88 1.117137
4574.57 1.124902
4577.25 1.122249
4579.9400000000005 1.103221
4582.63 1.100121
4585.32 1.09568
4588.0 1.092871
4590.69 1.085594
4593.38 1.093587
4596.07 1.092628
4598.75 1.088838
4601.44 1.095933
4604.13 1.101365
4606.82 1.134044
4609.5 1.133174
4612.19 1.117234
4614.88 1.119877
4617.57 1.130741
4620.25 1.128064
4622.94 1.118394
4625.63 1.119171
4628.3099999999995 1.119737
4631.0 1.128232
4633.69 1.135099
4636.38 1.108006
4639.0599999999995 1.112664
4641.75 1.109779
4644.4400000000005 1.102059
4647.13 1.098588
4649.8099999999995 1.083047
4652.5 1.092439
4655.1900000000005 1.105015
4657.88 1.103051
4660.56 1.114267
4663.25 1.11642
4665.9400000000005 1.081512
4668.63 1.087638
4671.31 1.076836
4674.0 1.095251
4676.69 1.096315
4679.38 1.094423
4682.06 1.105759
4684.75 1.10906
4687.44 1.121253
4690.12 1.115835
4692.81 1.122547
4695.5 1.115438
4698.19 1.1143
4700.87 1.09329
4703.56 1.102001
4706.25 1.099869
4708.94 1.087602
4711.62 1.081551
4714.3099999999995 1.103197
4717.0 1.145545
4719.6900000000005 1.140279
4722.37 1.13619
4725.0599999999995 1.143081
4727.75 1.113008
4730.4400000000005 1.109429
4733.12 1.107326
4735.8099999999995 1.117652
4738.5 1.112493
4741.1900000000005 1.129377
4743.87 1.128914
4746.56 1.136966
4749.25 1.133554
4751.929999999999 1.109062
4754.62 1.127238
4757.31 1.121457
4760.0 1.116502
4762.68 1.087726
4765.37 1.082866
4768.06 1.082362
4770.75 1.087363
4773.43 1.105508
4776.12 1.117282
4778.81 1.113978
4781.5 1.09337
4784.18 1.098339
4786.87 1.08715
4789.5599999999995 1.087328
4792.25 1.10116
4794.93 1.108032
4797.62 1.108737
4800.3099999999995 1.103375
4802.99 1.111432
4805.68 1.115379
4808.37 1.097859
4811.0599999999995 1.103375
4813.740000000001 1.104587
4816.43 1.106201
4819.12 1.113009
4821.81 1.110674
4824.49 1.082077
4827.179999999999 1.074059
4829.87 1.071844
4832.56 1.063215
4835.24 1.058802
4837.929999999999 1.049192
4840.62 1.046115
4843.31 1.033693
4845.99 1.018116
4848.68 0.9904957
4851.37 0.9739329
4854.06 0.9385468
4856.74 0.931944
4859.43 0.9288079
4862.12 0.9247383
4864.8 0.915168
4867.49 0.8960442
4870.18 0.904372
4872.87 0.9255877
4875.55 0.9721407
4878.24 0.9818921
4880.93 1.002952
4883.62 1.009665
4886.3 1.000178
4888.99 1.029519
4891.68 1.030978
4894.37 1.047323
4897.05 1.057055
4899.74 1.074585
4902.43 1.079418
4905.12 1.070562
4907.8 1.054781
4910.49 1.049419
4913.179999999999 1.052685
4915.87 1.065572
4918.55 1.031219
4921.24 1.014871
4923.93 1.023008
4926.610000000001 1.049373
4929.3 1.060776
4931.99 1.064807
4934.68 1.060235
4937.36 1.060215
4940.05 1.057593
4942.74 1.06032
4945.43 1.086478
4948.11 1.101044
4950.8 1.11514
4953.49 1.109658
4956.18 1.104822
4958.86 1.119102
4961.55 1.115295
4964.24 1.097452
4966.93 1.074606
4969.61 1.065611
4972.3 1.059196
4974.990000000001 1.062019
4977.68 1.062616
4980.36 1.040996
4983.05 1.030177
4985.74 1.024922
4988.42 1.035635
4991.110000000001 1.055307
4993.8 1.058513
4996.49 1.055724
4999.17 1.080402
5001.860000000001 1.112292
5004.55 1.159642
5007.24 1.18854
5009.92 1.166561
5012.61 1.094282
5015.3 1.040216
5017.99 1.038372
5020.67 1.0266
5023.36 1.012155
5026.049999999999 1.017647
5028.740000000001 1.012763
5031.42 1.012204
5034.110000000001 1.014692
5036.8 1.01067
5039.48 1.019552
5042.17 1.026612
5044.86 1.008074
5047.549999999999 1.006434
5050.23 1.022448
5052.92 1.038721
5055.610000000001 1.045577
5058.3 1.059876
5060.9800000000005 1.051431
5063.67 1.032307
5066.36 1.031086
5069.05 1.032868
5071.73 1.030501
5074.419999999999 1.030787
5077.110000000001 1.027172
5079.8 1.038947
5082.4800000000005 1.035647
5085.17 1.010671
5087.86 1.026945
5090.55 1.047622
5093.23 1.042025
5095.92 1.033815
5098.61 1.024156
5101.290000000001 1.030932
5103.9800000000005 1.026719
5106.67 1.011892
5109.36 1.017204
5112.04 1.017326
5114.73 1.027521
5117.42 1.03963
5120.11 1.045696
5122.79 1.043258
5125.4800000000005 1.022949
5128.17 1.01292
5130.860000000001 1.014331
5133.54 1.014059
5136.2300000000005 1.009702
5138.92 0.9928404
5141.61 0.9984397
5144.29 0.9967792
5146.98 0.9889042
5149.669999999999 0.9889031
5152.360000000001 0.9984037
5155.04 1.004234
5157.7300000000005 1.016044
5160.42 1.005297
5163.1 0.9873741
5165.79 0.9519999
5168.48 0.9240092
5171.17 0.9222732
5173.849999999999 0.9384066
5176.539999999999 0.9623269
5179.2300000000005 0.9575034
5181.92 0.960865
5184.6 0.9560213
5187.29 0.949319
5189.98 0.961895
5192.67 0.9851689
5195.349999999999 1.013401
5198.040000000001 1.033157
5200.7300000000005 1.059279
5203.42 1.046653
5206.1 1.00713
5208.79 0.9783855
5211.48 0.9955445
5214.17 1.023976
5216.849999999999 1.022579
5219.54 1.023045
5222.23 1.025066
5224.910000000001 1.005599
5227.6 0.9849438
5230.29 0.9820828
5232.9800000000005 0.9954126
5235.66 1.029807
5238.35 1.048857
5241.04 1.041963
5243.73 1.040072
5246.41 1.03159
5249.099999999999 1.033073
5251.79 1.023882
5254.4800000000005 1.021128
5257.16 1.021706
5259.85 1.013364
5262.54 0.9823695
5265.23 0.9658308
5267.91 0.957038
5270.599999999999 0.9579226
5273.290000000001 0.9772476
5275.97 0.9938599
5278.66 1.010002
5281.35 1.025821
5284.04 1.041352
5286.72 1.052316
5289.41 1.060261
5292.099999999999 1.056228
5294.79 1.037212
5297.469999999999 1.02812
5300.160000000001 1.013903
5302.85 1.024612
5305.54 1.033633
5308.22 1.058443
5310.91 1.060728
5313.6 1.058644
5316.29 1.051451
5318.969999999999 1.043509
5321.66 1.026934
5324.35 1.011472
5327.04 0.999684
5329.72 0.9789726
5332.41 0.9936905
5335.1 1.029817
5337.78 1.012193
5340.47 0.9907476
5343.16 1.005166
5345.849999999999 1.02351
5348.530000000001 1.039117
5351.22 1.041833
5353.91 1.055533
5356.6 1.072393
5359.28 1.073784
5361.97 1.056133
5364.66 1.046726
5367.349999999999 1.029756
5370.03 1.02812
5372.719999999999 1.0204
5375.410000000001 1.0372
5378.1 1.049513
5380.78 1.048092
5383.47 1.039247
5386.16 1.042693
5388.849999999999 1.047634
5391.53 1.032236
5394.219999999999 1.02594
5396.910000000001 1.014906
5399.589999999999 1.003385
5402.280000000001 1.005622
5404.97 0.9954494
5407.66 0.9948262
5410.34 1.004031
5413.03 1.021885
5415.72 1.027292
5418.41 1.029062
5421.089999999999 1.033972
5423.780000000001 1.031015
5426.47 1.026215
5429.16 1.012094
5431.84 1.014023
5434.53 1.00202
5437.22 1.030032
5439.91 1.023222
5442.59 1.031339
5445.28 1.032486
5447.969999999999 1.034915
5450.660000000001 1.02199
5453.34 1.018103
5456.03 1.030859
5458.72 1.035728
5461.4 1.018439
5464.09 1.006567
5466.78 1.012969
5469.469999999999 1.018269
5472.15 0.9942427
5474.84 0.994493
5477.530000000001 0.9997573
5480.22 1.010251
5482.900000000001 1.008315
5485.59 1.021908
5488.28 1.031935
5490.969999999999 1.02832
5493.65 1.025152
5496.339999999999 1.02192
5499.030000000001 1.020878
5501.72 1.009305
5504.400000000001 1.018044
5507.09 1.020017
5509.78 1.01426
5512.46 1.015998
5515.15 1.027629
5517.84 1.031146
5520.53 1.02795
5523.209999999999 1.03329
5525.900000000001 1.025977
5528.59 1.009163
5531.28 1.023606
5533.96 1.019504
5536.65 1.030249
5539.34 1.040085
5542.03 1.062868
5544.71 1.05514
5547.400000000001 1.052578
5550.09 1.067703
5552.780000000001 1.053689
5555.46 1.058921
5558.15 1.043938
5560.84 1.033598
5563.53 1.020542
5566.21 1.030441
5568.9 1.01888
5571.589999999999 1.027747
5574.27 1.034714
5576.96 1.043269
5579.650000000001 1.051298
5582.34 1.053079
5585.02 1.027952
5587.71 1.010361
5590.4 1.028657
5593.089999999999 1.002258
5595.7699999999995 1.006293
5598.459999999999 1.029292
5601.150000000001 1.025653
5603.84 1.0299
5606.52 1.042073
5609.21 1.042467
5611.9 1.033132
5614.59 1.025089
5617.2699999999995 1.036448
5619.960000000001 1.024648
5622.650000000001 1.008696
5625.34 1.008348
5628.02 1.019731
5630.71 1.030787
5633.4 1.028596
5636.08 1.034426
5638.7699999999995 1.020831
5641.46 1.029758
5644.15 1.021272
5646.830000000001 1.017123
5649.52 1.029794
5652.21 1.0344
5654.900000000001 1.023187
5657.58 1.01364
5660.2699999999995 0.997281
5662.96 0.9937619
5665.65 0.9910686
5668.33 1.002691
5671.0199999999995 1.013077
5673.71 1.029135
5676.400000000001 1.04128
5679.08 1.036352
5681.77 1.010229
5684.46 1.012729
5687.15 1.023761
5689.83 1.027401
5692.5199999999995 1.022877
5695.210000000001 1.012525
5697.89 1.005575
5700.58 0.998119
5703.27 1.017707
5705.96 1.010383
5708.64 0.9918372
5711.33 0.9929253
5714.0199999999995 0.9929602
5716.71 1.025209
5719.389999999999 1.042479
5722.080000000001 1.047959
5724.77 1.047264
5727.46 1.04651
5730.14 1.033935
5732.83 1.032474
5735.5199999999995 1.032665
5738.21 1.023952
5740.889999999999 1.031554
5743.58 1.034317
5746.27 1.019238
5748.950000000001 1.00737
5751.64 1.009595
5754.33 1.018019
5757.02 1.012944
5759.7 1.001889
5762.389999999999 1.011366
5765.08 1.035011
5767.7699999999995 1.046857
5770.450000000001 1.02447
5773.14 1.039427
5775.83 1.028956
5778.52 0.9957595
5781.2 1.0022
5783.89 0.9723785
5786.58 0.9893701
5789.2699999999995 1.003191
5791.95 1.007501
5794.639999999999 1.009128
5797.330000000001 1.017755
5800.02 1.028679
5802.7 1.01644
5805.39 1.016906
5808.08 1.027029
5810.76 1.024889
5813.45 1.035048
5816.139999999999 1.043675
5818.830000000001 1.045277
5821.509999999999 1.035455
5824.200000000001 1.032164
5826.89 1.039032
5829.58 1.047886
5832.26 1.036484
5834.95 1.026599
5837.639999999999 1.034209
5840.33 1.042525
5843.009999999999 1.033146
5845.700000000001 1.026324
5848.39 1.009593
5851.08 1.010993
5853.76 1.008183
5856.45 0.9953541
5859.14 0.9945873
5861.83 0.9872151
5864.509999999999 0.9957379
5867.2 1.001732
5869.889999999999 1.006243
5872.570000000001 1.012647
5875.26 1.024469
5877.95 1.029195
5880.64 1.021093
5883.32 1.007083
5886.01 0.9817247
5888.7 0.9487798
5891.389999999999 0.9138725
5894.07 0.9059172
5896.76 0.924321
5899.450000000001 0.9502635
5902.14 0.9981049
5904.82 0.9897069
5907.51 0.9835194
5910.2 1.001695
5912.889999999999 1.010358
5915.57 0.9786615
5918.259999999999 0.9915248
5920.950000000001 1.017719
5923.64 1.021547
5926.320000000001 1.014669
5929.01 0.9903998
5931.7 0.9894416
5934.38 1.010996
5937.07 0.9961684
5939.759999999999 1.003515
5942.45 1.003083
5945.129999999999 1.003768
5947.820000000001 0.9904004
5950.51 1.001014
5953.2 0.9961664
5955.88 0.9942304
5958.57 1.001936
5961.26 1.003431
5963.95 1.00702
5966.63 0.9976886
5969.320000000001 0.9984535
5972.01 1.025677
5974.7 1.001778
5977.38 0.9982269
5980.07 0.9963713
5982.76 1.011388
5985.45 0.9941436
5988.13 0.9822394
5990.82 0.9793905
5993.509999999999 1.002665
5996.1900000000005 1.00865
5998.88 0.9945409
6001.570000000001 0.9822504
6004.26 0.9845592
6006.94 0.9737078
6009.63 0.9763994
6012.32 0.9877309
6015.009999999999 0.9713478
6017.69 0.978219
6020.379999999999 0.9799893
6023.070000000001 0.977296
6025.76 0.9823929
6028.4400000000005 0.9961329
6031.13 0.9966945
6033.82 0.9942764
6036.51 0.9886632
6039.19 0.9887613
6041.879999999999 0.994983
6044.570000000001 1.004855
6047.25 1.015603
6049.9400000000005 1.018043
6052.63 1.011114
6055.32 0.988221
6058.0 1.002715
6060.69 0.9951272
6063.38 0.9952101
6066.07 0.9985719
6068.750000000001 0.9999265
6071.4400000000005 1.018593
6074.13 1.008828
6076.820000000001 1.00629
6079.5 0.9996152
6082.19 0.9776557
6084.88 0.9722221
6087.57 0.9922653
6090.25 1.019133
6092.94 1.03038
6095.63 0.995437
6098.320000000001 0.9784797
6101.0 0.9747723
6103.6900000000005 0.9875039
6106.38 0.9921102
6109.0599999999995 0.9950683
6111.75 1.029555
6114.44 1.023691
6117.129999999999 0.998213
6119.81 0.9880916
6122.5 0.9895149
6125.1900000000005 0.9828486
6127.88 0.9763859
6130.56 0.9660132
6133.25 0.9894549
6135.94 0.9744121
6138.63 0.9699717
6141.3099999999995 0.9637275
6143.999999999999 0.9756454
6146.6900000000005 0.974017
6149.38 0.9807175
6152.06 0.9845731
6154.75 0.9752503
6157.44 0.9670165
6160.13 0.9364292
6162.8099999999995 0.9260204
6165.5 0.9309499
6168.1900000000005 0.9466134
6170.870000000001 0.9341823
6173.56 0.9428333
6176.25 0.9565941
6178.9400000000005 0.971707
6181.62 0.9685501
6184.3099999999995 0.9623865
6187.0 0.9467695
6189.69 0.9314754
6192.370000000001 0.953149
6195.06 0.9541654
6197.75 0.9560315
6200.4400000000005 0.9668842
6203.12 0.9444611
6205.81 0.9581382
6208.5 0.9712647
6211.19 0.9776061
6213.87 0.9674488
6216.5599999999995 0.9461716
6219.249999999999 0.9405704
6221.9400000000005 0.9292851
6224.62 0.929431
6227.31 0.9452259
6230.0 0.9222854
6232.68 0.9450479
6235.37 0.9295744
6238.0599999999995 0.9318114
6240.750000000001 0.9251573
6243.429999999999 0.928127
6246.12 0.912486
6248.81 0.8966654
6251.5 0.8941637
6254.18 0.8953864
6256.87 0.9042768
6259.5599999999995 0.9119346
6262.25 0.9281247
6264.929999999999 0.9453945
6267.620000000001 0.9384412
6270.31 0.9412645
6273.0 0.9494847
6275.68 0.9495228
6278.37 0.9397454
6281.06 0.9153328
6283.74 0.9146409
6286.429999999999 0.9113852
6289.12 0.9342407
6291.8099999999995 0.9451533
6294.490000000001 1.000273
6297.18 1.063348
6299.87 1.092582
6302.56 1.094903
6305.24 1.045316
6307.93 0.9884616
6310.62 0.9637619
6313.3099999999995 0.9542836
6315.99 0.9457536
6318.68 0.9400208
6321.37 0.9104387
6324.06 0.9198198
6326.74 0.9236872
6329.43 0.9098888
6332.12 0.9137654
6334.8099999999995 0.917199
6337.49 0.9239981
6340.179999999999 0.9321226
6342.870000000001 0.9294174
6345.55 0.9548966
6348.240000000001 0.9693153
6350.93 0.9602919
6353.62 0.9273711
6356.3 0.8979116
6358.99 0.9180625
6361.679999999999 0.9467336
6364.37 0.9645271
6367.049999999999 0.9688373
6369.740000000001 0.9633797
6372.43 0.9735504
6375.12 0.9479772
6377.8 0.9346129
6380.49 0.9383454
6383.18 0.9621581
6385.87 0.9493053
6388.549999999999 0.9229931
6391.240000000001 0.9420549
6393.93 0.9450937
6396.62 0.9298596
6399.3 0.9217126
6401.99 0.9383093
6404.68 0.9492579
6407.36 0.9297188
6410.05 0.9065867
6412.74 0.9158719
6415.429999999999 0.9190902
6418.110000000001 0.9075327
6420.8 0.9228492
6423.49 0.9338814
6426.18 0.9394691
6428.86 0.9270021
6431.55 0.9040616
6434.24 0.9061787
6436.929999999999 0.9104022
6439.61 0.9280312
6442.299999999999 0.9463632
6444.990000000001 0.9261269
6447.68 0.9361301
6450.360000000001 0.9281746
6453.05 0.9048511
6455.74 0.9177022
6458.429999999999 0.8881322
6461.11 0.9052824
6463.799999999999 0.9208981
6466.490000000001 0.9236974
6469.17 0.925327
6471.860000000001 0.9130127
6474.55 0.9228365
6477.24 0.9335337
6479.92 0.9364917
6482.61 0.9370176
6485.3 0.9305429
6487.99 0.9053046
6490.669999999999 0.8994072
6493.360000000001 0.8806908
6496.05 0.878536
6498.74 0.8892932
6501.42 0.8923827
6504.11 0.9222145
6506.8 0.9322418
6509.49 0.9174264
6512.17 0.9096024
6514.86 0.911325
6517.55 0.9445075
6520.2300000000005 0.9267032
6522.92 0.9148915
6525.61 0.9105948
6528.3 0.9177142
6530.98 0.9169623
6533.67 0.9101646
6536.36 0.9217953
6539.049999999999 0.9633544
6541.7300000000005 1.02867
6544.42 1.093396
6547.110000000001 1.138162
6549.8 1.140543
6552.4800000000005 1.135172
6555.17 1.233632
6557.86 1.508383
6560.55 1.779544
6563.23 1.832081
6565.919999999999 1.651385
6568.610000000001 1.340612
6571.3 1.088141
6573.9800000000005 1.032714
6576.67 1.174481
6579.36 1.425694
6582.04 1.661678
6584.73 1.690995
6587.42 1.487682
6591.700000000001 0.9191867
6606.889999999999 0.936157
6622.13 0.93819
6637.389999999999 0.9251954
6652.69 0.9250621
6668.030000000001 0.914353
6683.400000000001 0.9037629
6698.8099999999995 0.92682
6714.250000000001 0.9203103
6729.7300000000005 0.9159542
6745.24 0.903272
6760.79 0.9031518
6776.379999999999 0.900949
6792.0 0.8946178
6807.65 0.9132271
6823.35 0.9152027
6839.08 0.9171874
6854.84 0.9170566
6870.64 0.8837661
6886.4800000000005 0.9042291
6902.36 0.9020155
6918.2699999999995 0.9039657
6934.22 0.8914362
6950.2 0.9162928
6966.219999999999 0.9077597
6982.28 0.8972402
6998.379999999999 0.9116826
7014.51 0.8969887
7030.68 0.8825099
7046.89 0.9050195
7063.13 0.8945374
7079.410000000001 0.896476
7095.740000000001 0.8639124
7112.09 0.8758094
7128.49 0.8636603
7144.92 0.8635425
7161.389999999999 0.8634123
7177.900000000001 0.8573443
7194.45 0.7981682
7211.030000000001 0.837587
7227.66 0.8688897
7244.32 0.8588144
7261.02 0.8488583
7277.749999999999 0.874529
7294.53 0.8525224
7311.349999999999 0.8702443
7328.2 0.8883371
7345.089999999999 0.9088974
7362.030000000001 0.8678509
7379.0 0.9107137
7396.009999999999 0.8695976
7413.06 0.9041695
7430.15 0.8673345
7447.28 0.889437
7464.44 0.9100218
7481.65 0.8953388
7498.9 0.8910878
7516.18 0.9033432
7533.51 0.9073775
7550.88 0.9156333
7568.28 0.9008558
7585.7300000000005 0.9007105
7603.22 0.8923106
7620.740000000001 0.8758927
7638.31 0.8757494
7655.92 0.8756176
7673.57 0.8246039
7691.26 0.8613409
7708.99 0.8111643
7726.76 0.8492553
7744.57 0.8609334
7762.43 0.8489895
7780.32 0.814395
7798.25 0.8390008
7816.23 0.8408058
7834.25 0.862226
7852.31 0.8660671
7870.41 0.8639366
7888.56 0.8480326
7906.74 0.8362587
7924.97 0.8189781
7943.240000000001 0.8264222
7961.549999999999 0.833936
7979.9 0.837646
7998.3 0.8491581
8016.73 0.8373731
8035.21 0.8088087
8053.7300000000005 0.8294149
8072.3 0.8544845
8090.91 0.8272358
8109.56 0.8424702
8128.26 0.8423375
8146.99 0.8460837
8165.7699999999995 0.8478913
8184.599999999999 0.8133301
8203.470000000001 0.7837729
8222.380000000001 0.8281686
8241.33 0.774548
8260.33 0.8569852
8279.37 0.8588153
8298.46 0.8013511
8317.59 0.8198761
8336.76 0.8178544
8355.98 0.8158324
8375.25 0.8308487
8394.55 0.8062116
8413.9 0.8363313
8433.300000000001 0.8152698
8452.74 0.8002511
8472.220000000001 0.8131045
8491.75 0.8148386
8511.33 0.7638258
8530.95 0.8220897
8550.619999999999 0.5270427
8570.33 0.814264
8590.09 0.8066534
8609.89 0.7755522
8629.74 0.8119537
8649.630000000001 0.8212171
8669.57 0.5880001
8689.550000000001 0.7678941
8709.59 0.791084
8729.66 0.8301312
8749.78 0.7907993
8769.96 0.8090704
8790.17 0.8258612
8810.44 0.8295205
8830.75 0.8123619
8851.1 0.806631
8871.51 0.6943701
8891.96 0.770035
8912.46 0.7932865
8933.0 0.7913122
8953.59 0.7749422
8974.24 0.7399277
8994.92 0.7483536
9015.66 0.7345658
9036.44 0.7549937
9057.269999999999 0.8334235
9078.15 0.7776461
9099.08 0.7408016
9120.06 0.8065324
9141.08 0.7490945
9162.15 0.7185438
9183.27 0.6940242
9204.44 0.7503995
9225.66 0.7247785
9246.93 0.7279847
9268.24 0.753426
9289.61 0.7310608
9311.03 0.7813907
9332.49 0.7830437
9354.0 0.781093
9375.57 0.7702269
9397.18 0.7789979
9418.84 0.7628678
9440.55 0.7822782
9462.32 0.7857354
9484.13 0.7855802
9505.99 0.7675466
9527.91 0.7603666
9549.87 0.7193331
9571.880000000001 0.7583093
9593.95 0.7794057
9616.07 0.7720933
9638.23 0.7755042
9660.45 0.770012
9682.72 0.7751937
9705.04 0.7661709
9727.41 0.7589907
9749.84 0.7553526
9772.31 0.7586803
9794.84 0.7515713
9817.42 0.7636208
9840.050000000001 0.7564651
9862.74 0.7545746
9885.48 0.7526838
9908.26 0.7507947
9931.1 0.7541091
9953.99 0.7556881
9976.94 0.7555317
9999.949999999999 0.7519066
10023.0 0.7414347
10069.26 0.7275899
10115.730000000001 0.751117
10185.86 0.7471795
10232.87 0.7503154
10280.1 0.7517156
10303.800000000001 0.7498231
10495.369999999999 0.7267047
10690.49 0.7004133
10889.24 0.6688934
11091.679999999998 0.649161
11297.900000000001 0.6402584
11507.94 0.640258
11694.929999999998 0.6256832
11912.35 0.6058432
12105.91 0.5975253
12302.61 0.5906811
12502.51 0.5759147
12705.660000000002 0.5641034
12912.11 0.5538002
13091.74 0.546201
13304.460000000001 0.531315
13489.55 0.5216218
13708.73 0.5120967
13899.44 0.4958578
14092.800000000001 0.4757305
14288.85 0.4691968
14487.630000000001 0.4713627
14689.18 0.4574691
14893.529999999999 0.4638233
15100.720000000001 0.4659655
15310.79 0.4724517
15488.07 0.4702851
15703.53 0.4606407
15885.37 0.4439714
16106.359999999999 0.4460172
16292.869999999999 0.4460175
16481.539999999997 0.4399023
16710.8 0.4409194
16904.31 0.4348643
17100.05 0.4298868
17298.07 0.4133847
17498.35 0.4039792
17700.98 0.3893679
17905.95 0.3752831
18113.3 0.3575605
18280.89 0.3502368
18492.58 0.3399096
18706.71 0.3246048
18879.79 0.3186813
19098.41 0.3150317
19319.57 0.3064515
19498.34 0.2953584
19678.739999999998 0.2879752
19906.62 0.280125
20090.82 0.2762839
20276.7 0.2681347
20511.499999999996 0.2662918
20701.3 0.2608349
20892.84 0.2560722
21086.16 0.2525541
21281.26 0.2479469
21478.18 0.2434236
21676.920000000002 0.2362437
21877.48 0.2335394
22079.92 0.2282261
22284.21 0.222518
22490.41 0.218294
22698.52 0.2111141
22908.54 0.1900646
23120.52 0.1871448
23280.77 0.1657966
23496.190000000002 0.1551225
23713.609999999997 0.1554814
23877.97 0.143503
24098.920000000002 0.1376273
24321.890000000003 0.1347075
24490.5 0.1254214
24717.09 0.1221426
24888.43 0.1060883
24940.120000000003 0.09978191
25034.62 0.09818197
25129.22 0.1003359
25223.81 0.1036268
25318.309999999998 0.1040264
25412.910000000003 0.1012143
25507.5 0.1052829
25602.0 0.1022757
25696.59 0.1047792
25791.09 0.1049778
25885.690000000002 0.1062235
25980.28 0.105344
26074.78 0.1087581
26169.38 0.1120344
26263.969999999998 0.1098183
26358.47 0.1091099
26453.07 0.1081729
26547.57 0.1072406
26642.16 0.1025929
26736.76 0.09963112
26831.260000000002 0.09708584
26925.86 0.09867855
27020.45 0.09511496
27114.95 0.09351621
27209.539999999997 0.09198095
27304.04 0.09235668
27398.64 0.08930756
27493.24 0.08905027
27587.730000000003 0.08846875
27682.329999999998 0.08814444
27776.93 0.08822338
27871.42 0.08875356
27966.02 0.08774834
28060.52 0.08420145
28155.109999999997 0.08081614
28249.710000000003 0.08026087
28344.21 0.07796088
28438.8 0.07607379
28533.4 0.07253765
28627.899999999998 0.07213797
28722.49 0.07030711
28816.989999999998 0.06974109
28911.59 0.06872151
29006.18 0.06931509
29100.68 0.06884598
29195.280000000002 0.06981407
29289.88 0.06602903
29384.37 0.06378654
29478.97 0.0632552
29573.47 0.06315108
29668.06 0.06183957
29762.66 0.06019056
29857.16 0.06003979
29951.75 0.06189222
30046.35 0.06140398
30140.850000000002 0.06290697
30235.44 0.06212558
30329.94 0.0617199
30424.54 0.06027912
30519.129999999997 0.06318939
30613.63 0.06085711
30708.23 0.06010679
30802.82 0.06074583
30897.32 0.05949652
30991.92 0.05916263
31086.420000000002 0.05934452
31181.01 0.05805335
31275.61 0.05682917
31370.11 0.05930743
31464.699999999997 0.05894846
31559.300000000003 0.06258147
31653.8 0.06488982
31748.39 0.06239601
31842.890000000003 0.06310683
31937.489999999998 0.06307689
32032.08 0.06445186
32126.579999999998 0.06630789
32221.18 0.07167127
32315.77 0.07868968
32410.27 0.0853706
32504.870000000003 0.09999012
32599.37 0.1166667
32693.96 0.1288439
32788.560000000005 0.1369093
32883.06 0.1410019
32977.65 0.1463031
33072.25 0.143814
33166.75 0.1281977
33261.340000000004 0.1112232
33355.84 0.09584493
33450.44 0.08785124
33545.04 0.08197566
33639.53 0.07984324
33734.130000000005 0.08070004
33828.72 0.07983488
33923.22 0.08045834
34017.82 0.07837014
34112.32 0.08014598
34206.92 0.08033501
34301.51 0.07840005
34396.01 0.07411004
34490.6 0.07387432
34585.2 0.07219062
34679.700000000004 0.07104183
34774.29 0.07288351
34868.79 0.06855399
34963.39 0.06890938
35057.98 0.07050216
35152.48 0.07083601
35247.08 0.06749256
35341.67 0.06407373
35436.17 0.06191495
35530.77 0.05938761
35625.270000000004 0.06049211
35719.86 0.06047778
35814.46 0.06049091
35908.96 0.05821847
36003.56 0.05848052
36098.15 0.05608604
36192.65 0.055167
36287.24 0.05474819
36381.74 0.055386
36476.340000000004 0.05493724
36570.93 0.05476016
36665.43 0.05432816
36760.03 0.05407206
36854.619999999995 0.05300466
36949.12 0.05325356
37043.72 0.05285746
37138.22 0.05353118
37232.81 0.05117019
37327.409999999996 0.05425995
37421.91 0.05958983
37516.5 0.05788223
37611.1 0.05424198
37705.59 0.05630864
37800.189999999995 0.05356229
37894.69 0.0522711
37989.29 0.05369631
38083.88 0.05195878
38178.38 0.05236564
38272.979999999996 0.05290771
38367.57 0.05099548
38462.07 0.05208682
38556.67 0.05196235
38651.17 0.05212509
38745.759999999995 0.04950563
38840.36 0.0504462
38934.86 0.05059817
39029.45 0.05089257
39124.05 0.05048449
39218.54 0.05104575
39313.14 0.04970189
39407.64 0.04952717
39502.24 0.05034808
39596.83 0.05100385
39691.329999999994 0.05091171
39785.93 0.05087699
39880.520000000004 0.05140114
39975.02 0.04927946
40069.619999999995 0.05025473
40164.119999999995 0.05407085
40258.71000000001 0.05604057
40353.310000000005 0.06154996
40447.810000000005 0.06523924
40542.41 0.06473543
40636.9 0.0607183
40731.5 0.05991054
40826.09 0.05182835
40920.59 0.04952717
41015.189999999995 0.04681554
41109.78 0.04499903
41204.280000000006 0.04484705
41298.880000000005 0.04420924
41393.47 0.04440908
41487.97 0.04607842
41582.57 0.04786381
41677.07 0.04823118
41771.659999999996 0.0476221
41866.26 0.04837598
41960.75000000001 0.04700224
42055.36 0.04375688
42149.95 0.04340269
42244.450000000004 0.04068747
42339.04 0.03978401
42433.54 0.03662962
42528.14 0.03622394
42622.73 0.03690246
42717.229999999996 0.0369946
42811.83 0.03684502
42906.329999999994 0.03693715
43000.920000000006 0.04001496
43095.520000000004 0.04245853
43190.020000000004 0.04413144
43284.61 0.04303891
43379.21 0.04219286
43473.7 0.04016815
43568.3 0.04301138
43662.9 0.04214739
43757.4 0.04288094
43851.99 0.04094596
43946.490000000005 0.03962485
44041.090000000004 0.0404254
44135.68 0.04066954
44230.18 0.03997068
44324.78 0.04013461
44419.28 0.0388877
44513.87 0.03858855
44608.47 0.03497345
44702.97 0.03342378
44797.56 0.03430452
44892.159999999996 0.03398261
44986.65 0.03442659
45081.25 0.03456898
45175.850000000006 0.03661645
45270.35 0.03486455
45364.94 0.03303726
45459.44 0.03346566
45554.03 0.03285537
45648.63 0.03195549
45743.13 0.03121595
45837.729999999996 0.02986372
45932.23 0.0293695
46026.82 0.02894709
46121.420000000006 0.03197582
46215.909999999996 0.03324907
46310.51 0.03578119
46405.11 0.03566033
46499.61 0.03748522
46594.2 0.03775089
46688.799999999996 0.03810748
46783.299999999996 0.03868427
46877.89000000001 0.04123196
46972.39 0.04039908
47066.990000000005 0.03984144
47161.58 0.04149044
47256.08 0.03945134
47350.68 0.03943697
47445.27 0.0381745
47539.77 0.03776166
47634.369999999995 0.03398979
47728.86 0.03512064
47823.46000000001 0.03555741
47918.060000000005 0.03954467
48012.55 0.03696469
48107.15 0.0367086
48201.74 0.03297505
48296.25 0.03241499
48391.82 0.03035795
48875.74 0.03060206
49364.49 0.03084859
49858.14000000001 0.03109867
50356.72 0.03134998
50860.29 0.03160366
50984.61 0.03166709
51280.12 0.03297862
51575.64 0.03639627
51871.15 0.04342065
52166.67 0.05583354
52462.280000000006 0.06298476
52757.8 0.05512033
53053.31 0.05411874
53348.82000000001 0.05818858
53644.340000000004 0.04454789
53939.950000000004 0.03866155
54235.47 0.03921081
54530.979999999996 0.03922277
54826.49999999999 0.04247647
55122.01 0.04921245
55417.62 0.04750483
55713.14 0.04806366
56008.649999999994 0.05908727
56304.17 0.06959268
56599.69 0.07452408
56895.3 0.07733263
57190.81 0.07571239
57486.33 0.07045666
57781.840000000004 0.0644028
58077.36 0.06042031
58372.97 0.06248934
58668.48 0.06370275
58964.0 0.06494607
59259.52 0.06322646
59555.03 0.06638923
59850.64000000001 0.08084962
60146.15 0.09280184
60441.67 0.09645878
60737.189999999995 0.09967299
61032.700000000004 0.1157178
61328.310000000005 0.1517359
61623.83 0.2208427
61919.35 0.2906316
62214.850000000006 0.3039505
62510.37 0.2692235
62805.98 0.2209146
63101.5 0.186056
63397.009999999995 0.159203
63692.53 0.1403437
63988.04 0.12523
64283.65 0.1127955
64579.17 0.1044812
64874.68 0.09827654
65170.2 0.09561157
65465.71 0.09283772
65761.33 0.09333074
66056.84 0.09673163
66352.36 0.09892269
66647.87 0.09738862
66943.39 0.09665743
67239.0 0.09657845
67534.51 0.09471529
67830.03 0.09321226
68125.55 0.09367296
68421.06 0.09429045
68716.67 0.09823343
69012.19 0.1104573
69307.7 0.1149734
69603.21 0.1485049
69898.73 0.1800248
70194.34000000001 0.1457047
70489.86 0.1305072
70785.37 0.1309141
71080.89 0.1337262
71376.40000000001 0.1349588
71672.01000000001 0.1346118
71967.53 0.1363708
72263.05 0.1418156
72558.56 0.147751
72854.07 0.1573961
73149.69 0.1676634
73445.2 0.1609741
73740.70999999999 0.1899092
74036.23 0.2029528
74627.26 0.236507
75218.39 0.2765111
75809.41 0.3124229
76400.45 0.3376482
76991.56999999999 0.3231448
77582.61 0.3152229
78173.73 0.3082704
78764.76000000001 0.2834278
79355.79 0.2472051
79946.91 0.2111259
80537.94 0.1819515
81128.98 0.1564866
81720.1 0.1425934
82311.13 0.1365623
82902.15999999999 0.1328766
83493.29 0.129514
84084.31999999999 0.1267737
84675.45 0.1269292
85266.48 0.130244
85857.51 0.1315842
86448.64 0.1208263
87039.65999999999 0.09945524
87630.70000000001 0.0783869
88221.81999999999 0.06081522
88812.85 0.04819888
89403.88 0.04188293
89995.0 0.03730932
90586.04000000001 0.03096824
91177.16 0.02734478
91768.19 0.02540858
92359.22 0.02343291
92950.34 0.02151227
93541.38 0.02008825
94132.40999999999 0.01887963
94723.54 0.01808266
95314.56 0.01790436
95905.59000000001 0.01917161
96496.72 0.02190956
97087.76000000001 0.01854576
97678.87999999999 0.01523223
98269.90999999999 0.01457766
98860.94 0.01353537
99452.06999999999 0.01322065
100043.1 0.0136658
100634.13 0.01401283
101225.25 0.01380462
101816.28 0.01401882
102407.31 0.01402719
102998.43 0.01480861
103589.47 0.01498332
104180.6 0.01594424
104771.62 0.01823464
105362.65999999999 0.02055495
105953.79 0.0220041
106544.81999999999 0.02126217
107135.84000000001 0.02138064
107726.97000000002 0.02156732
108318.0 0.02181383
108909.04000000001 0.02310023
109500.15000000001 0.02696184
110091.19 0.03239107
110682.31000000001 0.03710589
111273.34 0.05437482
111864.38 0.09210295
112455.5 0.1116264
113046.53 0.1024995
113637.56 0.08541126
114228.68 0.07315753
114819.70999999999 0.06384037
115410.74 0.05845064
116001.87 0.05358383
116592.90000000001 0.05109359
117184.03 0.05031097
117775.06000000001 0.0501602
118366.09 0.05285985
118957.21999999999 0.05641989
119548.25 0.06001945
120139.28 0.06219256
120730.40000000001 0.06205256
121321.43 0.06142432
121912.47 0.0629297
122503.59 0.0688328
123094.62 0.07279494
123685.75 0.07396646
124276.76999999999 0.07661226
124867.81000000001 0.08140965
125458.93 0.08790032
126049.95999999999 0.09401522
126640.99 0.09951864
127232.12999999999 0.1197613
127823.15000000001 0.1765186
128414.17 0.173539
129005.31000000001 0.08838734
129596.33 0.06623607
130187.36 0.06127952
130778.49 0.05966284
131369.52000000002 0.05958267
131960.66 0.05943068
132551.69 0.05871149
133142.7 0.05801146
133733.84 0.05751723
134324.86000000002 0.05722884
134915.88999999998 0.0579971
135507.02 0.05759742
136098.05 0.05616742
136689.08 0.05516461
137280.2 0.05354913
137871.22999999998 0.05234171
138462.38 0.05215263
139053.41 0.0514801
139644.42 0.05049646
140235.56 0.04931895
140826.58000000002 0.04831616
141417.61000000002 0.04831137
142455.03 0.05319612
143282.56 0.05309919
144110.08000000002 0.05141071
144937.59 0.04744978
145765.02 0.04639194
146592.55 0.04641227
147420.06 0.0460066
148247.47999999998 0.04584745
149075.0 0.04485543
149902.52 0.04353073
150729.94 0.04191764
151557.44999999998 0.04105127
152384.98 0.04144376
153212.41 0.04182789
154039.94 0.04258058
154867.45 0.04435881
155694.86 0.05681838
156522.38999999998 0.04581993
157349.91 0.04173933
158177.42 0.04172976
159004.84 0.04218689
159832.38 0.0406779
160659.88 0.0398582
161487.31000000003 0.03959254
162314.81 0.04062166
163142.34 0.04470823
163969.78 0.04875173
164797.28000000003 0.0516967
165624.80999999997 0.04859497
166452.22 0.04678922
167279.75 0.04741507
168107.27 0.04812589
168934.69 0.04946853
169762.2 0.05808446
170589.73 0.06115746
171417.22999999998 0.05133412
172244.67 0.04857583
173072.2 0.04833769
173899.7 0.04834368
174727.13999999998 0.04592164
175554.66 0.04292043
176382.17 0.04186977
177209.59 0.04184584
178037.09000000003 0.04079039
178864.63 0.04040746
179692.06 0.03977084
180519.56 0.03835041
181347.09 0.03784781
182174.5 0.03689528
183002.03 0.03656261
183829.56 0.03662244
184657.08 0.03744095
185484.48 0.03851435
186312.02 0.0397864
187139.52 0.05272464
187966.95 0.04556625
188794.48 0.03922636
189622.0 0.03980434
190449.41999999998 0.03980793
191276.94999999998 0.04025429
192104.45 0.04104049
192931.88 0.04090647
193759.41 0.04172737
194586.91 0.04238314
195414.34 0.04315857
196241.84 0.04369109
197069.38999999998 0.04448925
197896.91 0.04514861
198724.31 0.04573976
199551.84 0.04629381
201206.8 0.04670067
202861.81 0.04810914
204516.78 0.05004771
206171.7 0.05146695
207826.72999999998 0.05180081
209481.69 0.05293883
211136.72999999998 0.05371067
212791.67 0.05447653
214446.61 0.05564806
216101.66 0.05633135
217756.59 0.05720731
219411.52 0.05807369
221066.56 0.05908605
222721.52 0.05908964
224376.55 0.06023365
226031.48 0.06087027
227686.43999999997 0.0614985
229341.48 0.06244147
230996.41999999998 0.06272747
232651.36 0.06375899
234306.37 0.0649018
235961.34 0.06566765
237616.38 0.067118
239271.31 0.06926001
240926.25000000003 0.07062181
242581.30000000002 0.07160785
244236.22999999998 0.07363499
245891.19 0.07556759
247546.22999999998 0.07717111
249201.17 0.07911448
250856.19 0.08108896
252511.13 0.08226287
254166.08 0.08290308
255821.13 0.08295933
257476.06 0.08654092
259131.02 0.09249427
260786.05 0.09193783
262440.97 0.09043006
264096.0 0.08950623
265750.97 0.09081416
267405.94 0.09343244
269060.97 0.09514485
270715.87 0.09512451
272370.81 0.09585688
274025.88 0.09662034
275680.81 0.0988557
277335.84 0.09962515
278990.77999999997 0.1012323
280645.75 0.1035143
282300.77999999997 0.1052255
283955.72000000003 0.1058585
285610.66 0.1063886
287265.69 0.1082423
288920.63 0.1089076
290575.66000000003 0.111125
292230.63 0.1126902
293885.56 0.1132539
295540.63 0.1145115
297195.56 0.1160061
298850.5 0.115908
300505.53 0.1182858
302160.47 0.1195279
303815.5 0.1202399
305470.44 0.1210177
307125.37 0.1219751
308780.41 0.1257804
310435.38 0.1260557
312090.33999999997 0.1250983
313745.38 0.1260796
315400.27999999997 0.1286045
317055.34 0.1302679
318710.27999999997 0.1305192
320365.22 0.1304354
322020.25 0.1313688
323675.19 0.1354853
325330.12 0.1384291
326985.19 0.1432277
328640.13 0.1386565
330295.13 0.1448432
331950.08999999997 0.1476553
333605.06 0.1544762
335260.06 0.1514008
336915.0 0.1444602
338569.94 0.1445201
340225.0 0.1500965
341879.91 0.1495221
