100.05 1.136914e-11
101.91000000000001 1.624371e-11
104.04 2.117335e-11
105.97 2.84936e-11
107.94 3.870609e-11
109.94999999999999 6.618059e-11
114.08 1.113515e-10
118.09 1.744829e-10
121.11999999999999 5.884601e-10
125.08 9.13622e-10
127.11999999999999 1.121343e-09
128.0 1.24956e-09
130.98 1.658581e-09
131.89 1.962215e-09
134.03 2.348349e-09
137.15 3.302058e-09
140.02 4.283217e-09
142.95000000000002 8.313625e-09
146.96 1.635801e-08
151.08 2.211874e-08
154.95 2.983772e-08
158.93 3.987938e-08
161.88000000000002 4.906641e-08
166.03 6.452904e-08
169.9 8.312647e-08
173.05999999999997 1.004065e-07
177.09 1.272815e-07
179.97 1.512668e-07
182.04999999999998 1.697289e-07
185.87 2.112074e-07
191.07 2.746502e-07
194.18 3.211881e-07
197.79000000000002 3.905982e-07
201.92999999999998 4.728856e-07
205.21 5.442004e-07
209.99 6.588237e-07
215.86999999999998 8.765417e-07
219.89000000000001 1.034527e-06
222.95 1.158125e-06
227.09 1.360748e-06
230.25 2.196564e-06
233.99 4.034133e-06
239.99 5.724689e-06
246.15 6.40838e-06
251.88 7.687567e-06
257.15999999999997 7.273594e-06
260.13 8.928464e-06
263.75 1.008689e-05
269.28000000000003 1.118774e-05
274.28000000000003 1.232392e-05
278.74 1.351275e-05
283.92 1.478278e-05
289.87 1.573083e-05
295.94 1.777225e-05
300.75 1.882604e-05
307.75 2.126974e-05
317.83 2.504679e-05
328.25 2.862403e-05
338.21999999999997 3.226684e-05
347.70000000000005 3.611989e-05
356.60999999999996 3.978929e-05
365.76 4.372722e-05
375.14 4.750691e-05
384.77 5.055252e-05
394.64 5.6331e-05
404.76 6.10607e-05
414.19 6.512684e-05
421.89 6.851088e-05
429.72999999999996 7.190464e-05
440.76 7.740002e-05
451.02000000000004 8.161534e-05
460.46999999999997 8.565205e-05
470.10999999999996 8.989793e-05
479.95000000000005 9.478965e-05
490.0 9.857376e-05
500.26 0.0001034589
506.06 0.0001070913
511.92 0.0001212649
520.23 0.0001252423
529.9100000000001 0.0001299427
539.76 0.0001323588
549.79 0.0001421527
560.01 0.0001530232
570.4200000000001 0.0001617151
579.6899999999999 0.0001643423
590.47 0.0001760929
600.0699999999999 0.0001793713
609.82 0.0001827067
619.72 0.0002069056
629.79 0.0002156553
640.0300000000001 0.0002232289
650.4300000000001 0.0002364585
657.9599999999999 0.0002430755
665.58 0.000254537
674.84 0.0002640875
684.2199999999999 0.0002647047
695.34 0.0002997544
705.02 0.000294271
716.47 0.0003332448
726.44 0.0003465404
734.8499999999999 0.0003587208
745.07 0.0003852655
755.44 0.0004043476
764.19 0.0004166294
774.8199999999999 0.0004526397
785.59 0.0004816758
794.6899999999999 0.0005032255
805.7499999999999 0.0005257113
815.0799999999999 0.0005454423
824.51 0.0005871644
834.06 0.0005330342
845.6700000000001 0.0006291407
855.4599999999999 0.0006542543
865.36 0.0006978464
875.38 0.0007426014
885.5200000000001 0.0007957423
895.77 0.0008390174
904.0600000000001 0.000860538
914.5300000000001 0.001258225
925.12 0.007157428
935.83 0.01555091
944.49 0.03025183
955.4300000000001 0.04234052
964.27 0.05149365
975.44 0.01085822
984.46 0.05269352
995.8599999999999 0.05330308
1005.0699999999999 0.07042984
1014.37 0.06542679
1026.12 0.0272743
1035.6200000000001 0.05078675
1045.2 0.09093591
1054.87 0.09156879
1064.63 0.0779419
1074.48 0.09114815
1084.42 0.07740026
1094.46 0.09654887
1104.58 0.09413624
1114.8 0.09370642
1125.1200000000001 0.08684273
1135.53 0.1044132
1146.04 0.09699372
1153.98 0.1025104
1164.66 0.1070924
1175.4299999999998 0.08104981
1186.31 0.1046539
1194.53 0.07812314
1205.59 0.06008351
1213.94 0.03332451
1225.18 0.07206907
1233.67 0.1063548
1245.08 0.1185079
1253.71 0.117154
1265.31 0.1044145
1274.09 0.1293424
1285.8700000000001 0.1357548
1294.7900000000002 0.116348
1303.76 0.1155424
1315.8300000000002 0.1376429
1324.95 0.134203
1334.13 0.124098
1346.4799999999998 0.1411708
1355.8100000000002 0.1389136
1365.21 0.1290487
1374.67 0.1345132
1384.1999999999998 0.137327
1393.79 0.1238136
1403.45 0.1290499
1416.4399999999998 0.1326627
1426.26 0.1351293
1436.1499999999999 0.1354455
1442.77 0.142152
1446.1 0.144129
1456.12 0.141828
1466.22 0.1345115
1476.3799999999999 0.1345126
1486.62 0.1363777
1493.48 0.1389146
1503.83 0.134513
1510.77 0.1235259
1517.74 0.1305396
1524.75 0.1281622
1535.32 0.1160772
1545.96 0.1258213
1556.68 0.1198836
1563.86 0.1221124
1574.7 0.1299463
1585.6200000000001 0.1351296
1596.61 0.1392383
1603.98 0.1360697
1615.1 0.136694
1626.29 0.1311494
1633.8 0.138598
1645.12 0.1411722
1656.53 0.1317502
1664.17 0.1441303
1671.85 0.1311501
1675.71 0.1471461
1683.4399999999998 0.1523174
1695.11 0.1444612
1706.8600000000001 0.1408488
1714.7399999999998 0.1382749
1726.63 0.138274
1734.6000000000001 0.146808
1746.6200000000001 0.1441295
1754.68 0.1533781
1766.8500000000001 0.1411712
1775.0 0.1474848
1783.19 0.1498871
1795.55 0.160233
1803.84 0.1587657
1816.35 0.1519697
1824.73 0.1533765
1833.15 0.1491939
1845.86 0.1379593
1854.3799999999999 0.1415029
1862.9399999999998 0.1474858
1875.85 0.1551529
1884.51 0.147147
1893.2099999999998 0.1447996
1906.33 0.1502329
1915.1299999999999 0.1485082
1923.97 0.1457993
1932.8500000000001 0.1434679
1946.25 0.1576743
1955.23 0.1512703
1968.79 0.1639636
1977.87 0.1662445
1982.43 0.1609784
1996.1699999999998 0.1576751
2005.3899999999999 0.1591338
2014.64 0.1569445
2023.9399999999998 0.1591344
2033.2900000000002 0.1591329
2042.67 0.1658691
2056.83 0.1602321
2066.32 0.1602333
2075.86 0.1724832
2085.44 0.1793753
2095.07 0.1713005
2104.74 0.1701198
2114.45 0.174086
2124.22 0.1744837
2134.02 0.1624595
2143.87 0.1724827
2153.77 0.1765011
2163.71 0.1693374
2173.69 0.1693373
2183.73 0.17328
2193.81 0.1818653
2203.93 0.1765012
2214.11 0.1651004
2224.33 0.1643397
2234.5899999999997 0.1814531
2244.91 0.1732802
2255.27 0.1628361
2265.68 0.1646573
2276.1400000000003 0.172143
2286.64 0.1824685
2297.2000000000003 0.1711961
2302.4900000000002 0.1778862
2313.12 0.1711812
2323.8 0.1408559
2334.52 0.1563427
2345.2999999999997 0.1436778
2356.13 0.1697126
2367.0 0.1472453
2372.46 0.1591108
2383.41 0.1383577
2394.41 0.1507812
2405.46 0.1474552
2416.57 0.1531061
2427.72 0.1759208
2433.3199999999997 0.1709994
2444.55 0.1846427
2455.83 0.184779
2467.17 0.1828067
2472.85 0.1732512
2484.27 0.1690439
2495.73 0.1649507
2507.26 0.1944013
2513.03 0.1586232
2518.8300000000004 0.153828
2524.63 0.1512563
2536.29 0.1610898
2542.13 0.1632049
2553.87 0.1884049
2565.6600000000003 0.1775988
2577.5 0.1944475
2583.44 0.1907607
2595.3599999999997 0.1865699
2607.34 0.1779168
2613.36 0.1721428
2625.42 0.1924236
2637.54 0.216584
2643.62 0.2525239
2655.8199999999997 0.2777618
2661.94 0.2346222
2674.23 0.2516126
2686.5699999999997 0.2630965
2692.76 0.2343139
2705.19 0.2536158
2717.6800000000003 0.226232
2723.95 0.2204148
2736.52 0.2413415
2742.83 0.1898113
2755.49 0.2083072
2761.8399999999997 0.2298287
2774.59 0.2447877
2787.4 0.2080592
2793.82 0.1435047
2806.72 0.1589527
2813.19 0.2432001
2826.17 0.2794929
2832.69 0.2716807
2845.7599999999998 0.2514547
2852.3199999999997 0.2168485
2865.49 0.2809071
2872.09 0.3014874
2885.35 0.2948956
2892.0 0.3071684
2912.0499999999997 0.3626477
2932.23 0.3424597
2952.5600000000004 0.3347547
2973.02 0.3490214
2986.7500000000005 0.355034
3007.45 0.3642507
3028.2999999999997 0.3737173
3049.29 0.3860879
3070.4199999999996 0.4007103
3091.7099999999996 0.4064201
3113.14 0.4257291
3127.51 0.4155027
3149.19 0.4204683
3171.02 0.4424842
3192.9999999999995 0.41216
3207.7299999999996 0.4420968
3229.97 0.408972
3252.36 0.4829162
3267.37 0.5288499
3290.02 0.5278564
3312.83 0.5232471
3320.46 0.5051686
3328.12 0.5372364
3335.79 0.567411
3343.4799999999996 0.5183649
3351.19 0.5168525
3358.91 0.5611734
3366.65 0.4998494
3374.41 0.4493354
3382.19 0.4889982
3389.99 0.5534024
3397.81 0.5114181
3405.64 0.5656065
3413.4900000000002 0.5460714
3421.36 0.5794051
3429.2400000000002 0.5697984
3437.15 0.574726
3445.07 0.4604718
3453.02 0.606651
3460.97 0.5529444
3468.9500000000003 0.5602947
3476.95 0.5434452
3484.97 0.5753032
3493.0 0.5554394
3501.05 0.5628374
3509.12 0.5890098
3517.21 0.5368686
3525.32 0.5592557
3533.4500000000003 0.6213701
3535.45 0.3565679
3538.15 0.8697113
3540.85 0.90869
3543.5499999999997 0.5415723
3546.2500000000005 0.6034112
3548.9500000000003 0.4196416
3551.65 0.5496625
3554.35 0.2617721
3557.0499999999997 0.6493967
3559.76 0.5425946
3562.46 0.6320718
3565.16 0.6775969
3567.86 0.2944514
3570.56 0.6533755
3573.2599999999998 0.2591531
3575.96 0.5854727
3578.6600000000003 0.716344
3581.36 0.4825569
3584.0699999999997 0.3632947
3586.7700000000004 0.5452059
3589.4700000000003 0.9371331
3592.17 0.6470391
3594.87 0.7083737
3597.5699999999997 0.5914242
3600.27 0.6324045
3602.97 0.6898941
3605.67 0.6039239
3608.3700000000003 0.5735015
3611.08 0.7940866
3613.7799999999997 0.6643378
3616.4800000000005 0.5652372
3619.1800000000003 0.7359066
3621.88 0.6315461
3624.58 0.6806003
3627.2799999999997 0.4814726
3629.98 0.4763937
3632.68 0.4148488
3635.39 0.4975211
3638.09 0.5092976
3640.79 0.6726302
3643.49 0.5849371
3646.19 0.5219628
3648.8900000000003 0.593042
3651.59 0.7251095
3654.29 0.6296055
3656.99 0.6303057
3659.69 0.4918048
3662.4 0.7121873
3665.1 0.711691
3667.7999999999997 0.6950015
3670.5 0.6450676
3673.2 0.6641659
3675.8999999999996 0.6541132
3678.6000000000004 0.6330366
3681.3 0.6464686
3684.0 0.6382068
3686.7 0.6459503
3689.4100000000003 0.6668659
3692.11 0.6543375
3694.81 0.6994487
3697.5099999999998 0.7458018
3700.21 0.7929599
3702.91 0.7610554
3705.6099999999997 0.6585984
3708.3100000000004 0.6484403
3711.01 0.6932658
3713.72 0.6943235
3716.4199999999996 0.7163563
3719.1200000000003 0.8299052
3721.82 0.9603097
3724.52 1.146398
3727.22 1.38847
3729.92 1.408713
3732.62 1.030368
3735.3199999999997 0.8256942
3738.0200000000004 0.7091583
3740.73 0.6004599
3743.43 0.6338853
3746.1299999999997 0.6392883
3748.8300000000004 0.6518249
3751.53 0.6103714
3754.23 0.7870909
3756.93 0.8611352
3759.63 0.7730205
3762.33 0.8232864
3765.04 0.6695971
3767.74 0.7001705
3770.44 0.642283
3773.14 0.6763028
3775.8399999999997 0.705597
3778.5400000000004 0.9018433
3781.2400000000002 0.8369803
3783.94 0.8400659
3786.64 0.8403674
3789.34 0.856546
3792.05 0.8095876
3794.75 0.6930673
3797.45 0.6678673
3800.15 0.7656445
3802.85 0.7138066
3805.5499999999997 0.7821244
3808.2500000000005 0.8992856
3810.9500000000003 0.9592586
3813.65 0.8938688
3816.35 0.9698695
3819.0600000000004 0.9141066
3821.76 0.90282
3824.46 0.8171134
3827.16 0.6771458
3829.86 0.6791176
3832.56 0.587361
3835.2599999999998 0.7131529
3837.96 0.7129502
3840.6600000000003 0.6872309
3843.37 0.7074617
3846.0699999999997 0.8752791
3848.7700000000004 1.021787
3851.4700000000003 0.9724248
3854.17 0.941348
3856.87 1.008996
3859.57 1.031044
3862.27 0.9409732
3864.97 1.077624
3867.67 1.066111
3870.38 0.8710651
3873.08 0.9193743
3875.7799999999997 0.9696403
3878.4800000000005 0.8050742
3881.1800000000003 0.7606033
3883.88 0.7578949
3886.58 0.7603031
3889.2799999999997 0.6838743
3891.98 0.6982696
3894.68 0.7754292
3897.39 0.8155326
3900.09 0.7909269
3902.79 1.0029
3905.49 0.9873242
3908.19 1.027507
3910.8900000000003 1.048201
3913.59 1.124051
3916.29 1.051814
3918.99 0.988606
3921.7000000000003 1.073405
3924.4 0.9669308
3927.1 0.8417192
3929.8 0.7493458
3932.5 0.8122231
3935.2 0.7499636
3937.8999999999996 0.8029685
3940.6000000000004 0.8164383
3943.3 0.889429
3946.0 1.001248
3948.7100000000005 1.086499
3951.4100000000003 1.007489
3954.11 0.9001868
3956.81 0.9485715
3959.5099999999998 0.7937123
3962.21 0.8476654
3964.91 0.6992697
3967.6099999999997 0.6932277
3970.3100000000004 0.6242634
3973.02 0.6673999
3975.72 0.7913782
3978.4199999999996 0.913355
3981.1200000000003 1.021561
3983.82 1.001396
3986.52 1.07258
3989.22 1.197492
3991.92 1.234289
3994.62 1.241363
3997.3199999999997 1.158064
4000.03 1.18274
4002.73 1.197941
4005.43 1.250314
4008.1299999999997 1.250013
4010.8300000000004 1.216002
4013.53 1.251143
4016.23 1.264162
4018.93 1.244523
4021.63 1.312924
4024.33 1.25852
4027.04 1.130142
4029.74 1.099668
4032.44 1.145644
4035.14 1.156932
4037.8399999999997 1.126683
4040.5400000000004 1.182367
4043.2400000000002 1.1619
4045.94 1.101025
4048.64 1.181014
4051.3500000000004 1.253698
4054.05 1.193802
4056.75 1.172282
4059.45 1.173863
4062.15 1.169424
4064.85 1.166188
4067.5499999999997 1.185076
4070.2500000000005 1.206447
4072.9500000000003 1.193355
4075.65 1.139102
4078.3599999999997 1.122617
4081.0600000000004 1.167917
4083.76 1.1777
4086.46 1.236017
4089.16 1.186731
4091.86 1.085975
4094.56 0.9953017
4097.26 0.9214843
4099.96 0.8256189
4102.66 0.8125261
4105.37 0.8252394
4108.07 0.9517311
4110.77 1.054971
4113.47 1.012683
4116.17 1.052414
4118.87 1.144066
4121.57 1.178455
4124.2699999999995 1.156032
4126.97 1.113291
4129.68 1.103128
4132.38 1.17183
4135.08 1.153696
4137.78 1.169423
4140.4800000000005 1.219689
4143.18 1.186129
4145.88 1.214875
4148.58 1.134059
4151.28 1.153097
4153.98 1.201934
4156.6900000000005 1.194554
4159.39 1.18086
4162.09 1.216152
4164.79 1.115847
4167.49 1.123372
4170.19 1.118933
4172.89 1.140304
4175.59 1.128416
4178.29 1.109002
4181.0 1.157457
4183.7 1.192147
4186.400000000001 1.167616
4189.1 1.254377
4191.8 1.206746
4194.5 1.147151
4197.2 1.151139
4199.9 1.127813
4202.6 1.135113
4205.3 1.153474
4208.01 1.17958
4210.71 1.243691
4213.41 1.206143
4216.110000000001 1.183269
4218.81 1.167242
4221.51 1.088834
4224.21 1.044213
4226.91 1.153172
4229.61 1.17808
4232.31 1.181918
4235.0199999999995 1.194103
4237.72 1.228793
4240.42 1.224655
4243.12 1.208477
4245.82 1.192149
4248.52 1.196664
4251.22 1.203964
4253.92 1.166265
4256.62 1.249941
4259.33 1.205239
4262.03 1.175969
4264.73 1.162951
4267.429999999999 1.232932
4270.13 1.276877
4272.83 1.157535
4275.53 1.209005
4278.2300000000005 1.219014
4280.93 1.236095
4283.63 1.200579
4286.34 1.211034
4289.04 1.166111
4291.74 1.215474
4294.44 1.166865
4297.139999999999 1.06182
4299.84 1.044739
4302.54 1.024498
4305.24 1.075215
4307.9400000000005 1.030443
4310.65 1.083564
4313.35 1.148654
4316.05 1.182817
4318.75 1.172884
4321.45 1.114794
4324.15 1.149408
4326.849999999999 1.143539
4329.55 1.075817
4332.25 1.143842
4334.95 1.042182
4337.66 0.9416472
4340.36 0.8718181
4343.06 0.9657273
4345.76 0.9804012
4348.46 1.022917
4351.16 1.075666
4353.86 1.100573
4356.5599999999995 1.122847
4359.26 1.198773
4361.96 1.186658
4364.67 1.265588
4367.37 1.211486
4370.07 1.18229
4372.77 1.222097
4375.47 1.17597
4378.17 1.233912
4380.87 1.140906
4383.57 1.183572
4386.2699999999995 1.23903
4388.9800000000005 1.232178
4391.68 1.231953
4394.38 1.185601
4397.08 1.128413
4399.78 1.27304
4402.48 1.19689
4405.18 1.150538
4407.88 1.188011
4410.58 1.181315
4413.28 1.248361
4415.99 1.247453
4418.6900000000005 1.270856
4421.39 1.346405
4424.09 1.294936
4426.79 1.261
4429.49 1.36409
4432.19 1.2756
4434.89 1.234891
4437.59 1.275375
4440.29 1.213597
4443.0 1.249034
4445.7 1.270555
4448.400000000001 1.345352
4451.1 1.376354
4453.8 1.161824
4456.5 1.278007
4459.2 1.168522
4461.9 1.227517
4464.6 1.258369
4467.3099999999995 1.224277
4470.01 1.284551
4472.71 1.3297
4475.41 1.314049
4478.110000000001 1.353781
4480.81 1.295765
4483.51 1.302689
4486.21 1.32865
4488.91 1.33467
4491.61 1.311494
4494.32 1.327517
4497.0199999999995 1.359347
4499.72 1.376429
4502.42 1.380267
4505.12 1.377785
4507.82 1.390502
4510.52 1.393287
4513.22 1.332788
4515.92 1.292306
4518.63 1.279283
4521.33 1.278982
4524.03 1.342793
4526.73 1.258215
4529.43 1.255657
4532.13 1.26228
4534.83 1.252122
4537.53 1.23301
4540.2300000000005 1.282824
4542.93 1.266947
4545.64 1.347758
4548.34 1.343244
4551.04 1.313973
4553.74 1.307803
4556.44 1.300731
4559.139999999999 1.26228
4561.84 1.29998
4564.54 1.354986
4567.24 1.364318
4569.9400000000005 1.378917
4572.65 1.331204
4575.35 1.325937
4578.05 1.289518
4580.75 1.27462
4583.45 1.211638
4586.15 1.311492
4588.849999999999 1.303667
4591.55 1.324211
4594.25 1.312547
4596.96 1.275445
4599.66 1.277628
4602.36 1.242413
4605.06 1.330754
4607.76 1.343773
4610.46 1.350846
4613.16 1.343548
4615.86 1.348289
4618.5599999999995 1.399233
4621.26 1.391483
4623.97 1.32699
4626.67 1.389747
4629.37 1.383051
4632.07 1.353855
4634.7699999999995 1.307955
4637.47 1.329476
4640.17 1.33813
4642.87 1.343699
4645.57 1.295918
4648.28 1.291097
4650.9800000000005 1.311866
4653.68 1.342943
4656.38 1.401261
4659.08 1.32338
4661.78 1.264086
4664.48 1.329627
4667.18 1.288919
4669.88 1.277331
4672.58 1.252801
4675.29 1.26619
4677.99 1.324959
4680.6900000000005 1.283047
4683.39 1.300053
4686.09 1.344826
4688.79 1.366423
4691.49 1.393588
4694.19 1.310063
4696.89 1.332488
4699.59 1.284781
4702.3 1.255806
4705.0 1.272737
4707.7 1.289142
4710.400000000001 1.283123
4713.1 1.306902
4715.8 1.35634
4718.5 1.299378
4721.2 1.368531
4723.9 1.406607
4726.61 1.292828
4729.3099999999995 1.284927
4732.01 1.27951
4734.71 1.357768
4737.41 1.344751
4740.110000000001 1.37455
4742.81 1.368681
4745.51 1.307731
4748.21 1.338959
4750.91 1.357922
4753.62 1.318036
4756.32 1.289668
4759.0199999999995 1.335645
4761.72 1.360251
4764.42 1.355436
4767.12 1.315254
4769.820000000001 1.323307
4772.52 1.3592
4775.22 1.370939
4777.93 1.331806
4780.63 1.340911
4783.33 1.333839
4786.03 1.308105
4788.73 1.332335
4791.43 1.299603
4794.13 1.353706
4796.83 1.368982
4799.53 1.328876
4802.2300000000005 1.337379
4804.94 1.405398
4807.64 1.352876
4810.34 1.358595
4813.04 1.304643
4815.74 1.295764
4818.44 1.299979
4821.139999999999 1.349568
4823.84 1.299453
4826.54 1.288994
4829.24 1.312472
4831.95 1.318261
4834.65 1.305545
4837.35 1.320445
4840.05 1.303289
4842.75 1.278533
4845.45 1.219389
4848.15 1.222475
4850.849999999999 1.177552
4853.55 1.15558
4856.26 1.114792
4858.96 1.082888
4861.66 1.079201
4864.36 1.094778
4867.06 1.101324
4869.76 1.14828
4872.46 1.143539
4875.16 1.182819
4877.86 1.232784
4880.5599999999995 1.267474
4883.27 1.254226
4885.97 1.274092
4888.67 1.282294
4891.37 1.274017
4894.07 1.331959
4896.7699999999995 1.364316
4899.47 1.329853
4902.17 1.305925
4904.87 1.301787
4907.58 1.333311
4910.280000000001 1.339557
4912.9800000000005 1.266266
4915.68 1.225106
4918.38 1.303139
4921.08 1.300355
4923.78 1.288993
4926.48 1.274697
4929.18 1.31819
4931.88 1.310215
4934.59 1.343921
4937.29 1.385157
4939.99 1.394714
4942.6900000000005 1.377182
4945.39 1.312771
4948.09 1.332561
4950.79 1.339334
4953.49 1.318641
4956.19 1.33166
4958.89 1.362738
4961.599999999999 1.394412
4964.3 1.398251
4967.0 1.382223
4969.7 1.360026
4972.400000000001 1.335797
4975.1 1.320522
4977.8 1.288467
4980.5 1.277782
4983.2 1.261755
4985.91 1.266717
4988.61 1.264761
4991.3099999999995 1.260096
4994.01 1.290497
4996.71 1.335345
4999.41 1.350545
5002.11 1.407057
5004.8099999999995 1.431513
5007.509999999999 1.447316
5010.210000000001 1.379819
5012.919999999999 1.297644
5015.62 1.25528
5018.32 1.265514
5021.02 1.224806
5023.72 1.282295
5026.42 1.300431
5029.12 1.263259
5031.820000000001 1.29539
5034.52 1.278761
5037.2300000000005 1.253925
5039.93 1.268975
5042.63 1.274243
5045.33 1.302687
5048.03 1.296968
5050.73 1.314276
5053.43 1.331734
5056.13 1.32293
5058.83 1.32406
5061.53 1.326468
5064.24 1.295988
5066.94 1.296365
5069.639999999999 1.316005
5072.339999999999 1.307503
5075.04 1.272964
5077.74 1.251519
5080.4400000000005 1.248811
5083.14 1.298099
5085.84 1.344151
5088.54 1.279438
5091.250000000001 1.251969
5093.950000000001 1.312769
5096.650000000001 1.301482
5099.35 1.269578
5102.05 1.306224
5104.75 1.338656
5107.45 1.303065
5110.15 1.2984
5112.849999999999 1.325038
5115.56 1.30276
5118.26 1.284927
5120.96 1.275371
5123.66 1.262956
5126.36 1.264462
5129.0599999999995 1.238201
5131.759999999999 1.243544
5134.459999999999 1.24693
5137.16 1.238202
5139.860000000001 1.263034
5142.57 1.272286
5145.2699999999995 1.232028
5147.969999999999 1.224354
5150.67 1.258216
5153.370000000001 1.240533
5156.070000000001 1.271686
5158.77 1.305999
5161.47 1.274095
5164.17 1.238127
5166.88 1.194404
5169.58 1.120662
5172.280000000001 1.065355
5174.9800000000005 1.155578
5177.68 1.244972
5180.38 1.198996
5183.08 1.161523
5185.78 1.155128
5188.48 1.233687
5191.179999999999 1.254682
5193.89 1.248432
5196.59 1.301407
5199.29 1.30547
5201.99 1.304869
5204.69 1.269804
5207.389999999999 1.236018
5210.09 1.23933
5212.790000000001 1.280416
5215.490000000001 1.322856
5218.1900000000005 1.312246
5220.900000000001 1.301481
5223.6 1.312543
5226.3 1.261677
5229.0 1.246552
5231.7 1.29268
5234.400000000001 1.342645
5237.1 1.322253
5239.8 1.361458
5242.5 1.378464
5245.21 1.339331
5247.91 1.299525
5250.61 1.352124
5253.3099999999995 1.332109
5256.01 1.324208
5258.71 1.326917
5261.41 1.319468
5264.11 1.242641
5266.8099999999995 1.209382
5269.509999999999 1.252123
5272.219999999999 1.237521
5274.919999999999 1.235038
5277.62 1.300655
5280.32 1.305772
5283.02 1.333765
5285.72 1.324058
5288.42 1.333314
5291.12 1.347236
5293.820000000001 1.313751
5296.52 1.321427
5299.2300000000005 1.358595
5301.93 1.366722
5304.63 1.350469
5307.33 1.393511
5310.03 1.424288
5312.73 1.380946
5315.43 1.384633
5318.13 1.397351
5320.83 1.349419
5323.54 1.312994
5326.24 1.321498
5328.94 1.327744
5331.639999999999 1.316081
5334.339999999999 1.328723
5337.04 1.362886
5339.74 1.337528
5342.4400000000005 1.312998
5345.14 1.331509
5347.84 1.381324
5350.549999999999 1.384856
5353.250000000001 1.396971
5355.950000000001 1.428726
5358.650000000001 1.450474
5361.35 1.407432
5364.05 1.391631
5366.75 1.387267
5369.45 1.337905
5372.15 1.34686
5374.860000000001 1.389671
5377.56 1.363034
5380.26 1.296742
5382.96 1.377408
5385.66 1.359274
5388.36 1.317963
5391.0599999999995 1.334744
5393.759999999999 1.338206
5396.46 1.317664
5399.16 1.292682
5401.87 1.309006
5404.57 1.340009
5407.2699999999995 1.290722
5409.969999999999 1.319241
5412.670000000001 1.343998
5415.370000000001 1.398854
5418.070000000001 1.390427
5420.77 1.401038
5423.47 1.388397
5426.17 1.305173
5428.88 1.315177
5431.58 1.326163
5434.280000000001 1.365744
5436.9800000000005 1.349717
5439.68 1.369808
5442.38 1.395469
5445.08 1.361006
5447.78 1.294412
5450.48 1.370187
5453.19 1.277478
5455.89 1.343018
5458.59 1.403819
5461.29 1.348362
5463.99 1.340612
5466.69 1.393662
5469.389999999999 1.367401
5472.089999999999 1.392083
5474.790000000001 1.308107
5477.490000000001 1.294939
5480.2 1.300353
5482.900000000001 1.304643
5485.6 1.335871
5488.3 1.378386
5491.0 1.329476
5493.7 1.358371
5496.400000000001 1.373798
5499.1 1.262808
5501.8 1.310741
5504.51 1.310812
5507.21 1.325636
5509.91 1.304944
5512.61 1.319467
5515.3099999999995 1.30502
5518.01 1.370937
5520.71 1.406304
5523.41 1.333465
5526.11 1.339711
5528.8099999999995 1.340313
5531.5199999999995 1.307125
5534.219999999999 1.374547
5536.92 1.386362
5539.62 1.385459
5542.32 1.401111
5545.02 1.438736
5547.72 1.367477
5550.42 1.392459
5553.12 1.415787
5555.820000000001 1.435352
5558.530000000001 1.40743
5561.2300000000005 1.374171
5563.93 1.364691
5566.63 1.37327
5569.33 1.377183
5572.03 1.376055
5574.73 1.381097
5577.43 1.408412
5580.13 1.379969
5582.84 1.335192
5585.54 1.327141
5588.24 1.383427
5590.94 1.313146
5593.639999999999 1.318263
5596.339999999999 1.325563
5599.04 1.351298
5601.74 1.293508
5604.4400000000005 1.340163
5607.14 1.396147
5609.849999999999 1.316004
5612.549999999999 1.385684
5615.250000000001 1.396144
5617.950000000001 1.337527
5620.650000000001 1.294862
5623.35 1.371389
5626.05 1.386665
5628.75 1.349568
5631.45 1.369208
5634.16 1.415782
5636.860000000001 1.328345
5639.56 1.377558
5642.26 1.346857
5644.96 1.311115
5647.66 1.348137
5650.36 1.319544
5653.0599999999995 1.384633
5655.759999999999 1.316836
5658.46 1.339411
5661.17 1.32684
5663.87 1.361906
5666.57 1.425641
5669.2699999999995 1.337075
5671.969999999999 1.345503
5674.670000000001 1.392233
5677.370000000001 1.432641
5680.070000000001 1.423537
5682.77 1.357996
5685.47 1.355213
5688.18 1.395014
5690.88 1.412849
5693.58 1.404271
5696.280000000001 1.387642
5698.9800000000005 1.409765
5701.68 1.320145
5704.38 1.365821
5707.08 1.327747
5709.78 1.369133
5712.49 1.389747
5715.19 1.401561
5717.89 1.416912
5720.59 1.406905
5723.29 1.417816
5725.99 1.398252
5728.69 1.340387
5731.389999999999 1.360554
5734.089999999999 1.401866
5736.790000000001 1.411347
5739.5 1.397272
5742.2 1.437906
5744.9 1.416612
5747.6 1.386212
5750.3 1.42504
5753.0 1.445433
5755.7 1.395469
5758.400000000001 1.416915
5761.1 1.374927
5763.81 1.391929
5766.51 1.401937
5769.21 1.474928
5771.91 1.37673
5774.61 1.359951
5777.3099999999995 1.293884
5780.01 1.323156
5782.71 1.319619
5785.41 1.28019
5788.11 1.321878
5790.82 1.352725
5793.5199999999995 1.426844
5796.219999999999 1.337752
5798.92 1.377709
5801.62 1.330529
5804.32 1.353706
5807.02 1.421504
5809.72 1.405251
5812.42 1.40322
5815.12 1.446112
5817.830000000001 1.444001
5820.530000000001 1.461835
5823.2300000000005 1.459352
5825.93 1.44641
5828.63 1.439789
5831.33 1.438209
5834.03 1.418119
5836.73 1.424289
5839.43 1.475308
5842.14 1.520602
5844.84 1.488322
5847.54 1.461083
5850.24 1.408936
5852.94 1.328497
5855.639999999999 1.316458
5858.339999999999 1.306827
5861.04 1.338431
5863.74 1.333541
5866.4400000000005 1.324511
5869.15 1.364464
5871.849999999999 1.411494
5874.549999999999 1.442647
5877.250000000001 1.413452
5879.950000000001 1.434145
5882.650000000001 1.31706
5885.35 1.223302
5888.05 1.137069
5890.75 1.110808
5893.46 1.161973
5896.16 1.226761
5898.860000000001 1.237146
5901.56 1.339031
5904.26 1.324885
5906.96 1.374098
5909.66 1.315254
5912.36 1.338657
5915.0599999999995 1.368681
5917.759999999999 1.414357
5920.47 1.389446
5923.17 1.367098
5925.87 1.352275
5928.57 1.357844
5931.2699999999995 1.363337
5933.969999999999 1.375979
5936.669999999999 1.382526
5939.370000000001 1.354384
5942.070000000001 1.329101
5944.77 1.327898
5947.4800000000005 1.379062
5950.18 1.407431
5952.88 1.416536
5955.58 1.379891
5958.280000000001 1.341741
5960.9800000000005 1.378688
5963.68 1.3823
5966.38 1.37741
5969.08 1.33768
5971.79 1.344448
5974.49 1.352424
5977.19 1.382298
5979.89 1.320144
5982.59 1.290347
5985.29 1.374173
5987.99 1.386589
5990.69 1.406154
5993.389999999999 1.332863
5996.089999999999 1.364167
5998.799999999999 1.336096
6001.5 1.308555
6004.2 1.343019
6006.9 1.32481
6009.6 1.330454
6012.3 1.331057
6015.0 1.322178
6017.7 1.363865
6020.400000000001 1.353858
6023.1 1.344302
6025.81 1.394714
6028.51 1.374773
6031.21 1.421879
6033.91 1.428275
6036.61 1.432866
6039.31 1.360629
6042.01 1.375829
6044.71 1.398329
6047.41 1.400662
6050.12 1.41661
6052.82 1.33715
6055.5199999999995 1.344825
6058.219999999999 1.350996
6060.92 1.369056
6063.62 1.300054
6066.32 1.328348
6069.02 1.391707
6071.72 1.361533
6074.42 1.353708
6077.129999999999 1.394036
6079.830000000001 1.327443
6082.530000000001 1.331281
6085.2300000000005 1.361606
6087.93 1.328422
6090.63 1.366197
6093.33 1.401639
6096.03 1.377034
6098.73 1.342646
6101.4400000000005 1.315177
6104.14 1.306373
6106.84 1.35235
6109.54 1.361982
6112.24 1.332711
6114.94 1.296066
6117.639999999999 1.315556
6120.339999999999 1.370713
6123.04 1.391707
6125.74 1.386892
6128.45 1.389672
6131.15 1.342944
6133.849999999999 1.327293
6136.549999999999 1.324509
6139.250000000001 1.289293
6141.950000000001 1.345504
6144.650000000001 1.396296
6147.35 1.340162
6150.05 1.305323
6152.75 1.357846
6155.46 1.352876
6158.16 1.328045
6160.860000000001 1.251067
6163.56 1.276652
6166.26 1.253701
6168.96 1.278458
6171.66 1.252874
6174.36 1.362285
6177.0599999999995 1.309612
6179.77 1.386361
6182.47 1.26431
6185.17 1.334968
6187.87 1.329325
6190.57 1.255507
6193.2699999999995 1.274018
6195.969999999999 1.258292
6198.669999999999 1.305623
6201.370000000001 1.409089
6204.070000000001 1.374326
6206.78 1.380868
6209.4800000000005 1.346104
6212.18 1.335118
6214.88 1.269729
6217.58 1.302988
6220.280000000001 1.268601
6222.9800000000005 1.394792
6225.68 1.216981
6228.38 1.297271
6231.09 1.306373
6233.79 1.277403
6236.49 1.271233
6239.19 1.286283
6241.89 1.257463
6244.59 1.334518
6247.29 1.244371
6249.99 1.188237
6252.69 1.290725
6255.389999999999 1.273042
6258.099999999999 1.251894
6260.799999999999 1.248658
6263.5 1.294184
6266.2 1.278683
6268.9 1.272363
6271.6 1.261151
6274.3 1.232482
6277.0 1.330982
6279.700000000001 1.320447
6282.400000000001 1.357696
6285.110000000001 1.404345
6287.81 1.352726
6290.51 1.343546
6293.21 1.372893
6295.91 1.367551
6298.61 1.406455
6301.31 1.393663
6304.01 1.400511
6306.71 1.3212
6309.42 1.291925
6312.12 1.226611
6314.82 1.265213
6317.5199999999995 1.253475
6320.219999999999 1.324735
6322.92 1.251971
6325.62 1.306676
6328.32 1.295615
6331.02 1.330681
6333.72 1.311794
6336.429999999999 1.298698
6339.129999999999 1.304342
6341.830000000001 1.274544
6344.530000000001 1.279436
6347.2300000000005 1.331658
6349.93 1.316609
6352.63 1.318791
6355.33 1.269128
6358.03 1.215853
6360.740000000001 1.22187
6363.4400000000005 1.298246
6366.14 1.301783
6368.84 1.323154
6371.54 1.357166
6374.24 1.359951
6376.94 1.362736
6379.639999999999 1.403746
6382.339999999999 1.364994
6385.04 1.342872
6387.75 1.41044
6390.45 1.303589
6393.15 1.289142
6395.849999999999 1.309685
6398.549999999999 1.337979
6401.250000000001 1.360177
6403.950000000001 1.34129
6406.650000000001 1.289671
6409.35 1.303592
6412.05 1.303818
6414.76 1.353553
6417.46 1.335344
6420.160000000001 1.321348
6422.860000000001 1.337226
6425.56 1.340763
6428.26 1.329702
6430.96 1.256938
6433.66 1.275073
6436.36 1.266721
6439.07 1.377407
6441.77 1.305696
6444.47 1.347383
6447.17 1.301784
6449.87 1.372818
6452.57 1.334066
6455.2699999999995 1.378538
6457.969999999999 1.36838
6460.669999999999 1.331208
6463.370000000001 1.226614
6466.08 1.241811
6468.78 1.321272
6471.48 1.349716
6474.18 1.313673
6476.88 1.3519
6479.58 1.350696
6482.280000000001 1.320221
6484.9800000000005 1.387869
6487.68 1.306226
6490.39 1.242563
6493.09 1.184773
6495.79 1.242488
6498.49 1.281091
6501.19 1.294861
6503.89 1.303892
6506.59 1.388395
6509.29 1.300431
6511.99 1.303215
6514.69 1.305022
6517.4 1.236694
6520.099999999999 1.283949
6522.799999999999 1.326615
6525.5 1.323455
6528.2 1.323456
6530.9 1.36409
6533.6 1.361156
6536.3 1.397877
6539.0 1.422182
6541.700000000001 1.502247
6544.410000000001 1.554314
6547.110000000001 1.555443
6549.81 1.541824
6552.51 1.516165
6555.21 1.53272
6557.91 1.58133
6560.61 1.652891
6563.31 1.621137
6566.01 1.537387
6568.72 1.523612
6571.42 1.499835
6574.12 1.597431
6576.82 1.767341
6579.5199999999995 1.936874
6582.219999999999 2.025065
6584.92 2.010393
6587.62 1.864112
6590.32 1.663728
6593.02 1.524294
6595.73 1.387565
6598.429999999999 1.339859
6601.129999999999 1.378913
6603.830000000001 1.310137
6606.530000000001 1.316082
6609.2300000000005 1.275298
6611.93 1.267924
6614.63 1.334518
6617.33 1.253853
6620.04 1.301406
6622.740000000001 1.280714
6625.4400000000005 1.278908
6628.14 1.280112
6630.84 1.314426
6633.54 1.283048
6636.24 1.248961
6638.94 1.244372
6641.639999999999 1.306602
6644.34 1.276729
6647.05 1.296215
6649.75 1.306674
6652.45 1.30058
6655.15 1.227364
6657.849999999999 1.336474
6660.549999999999 1.314577
6663.249999999999 1.287112
6665.950000000001 1.235417
6668.650000000001 1.207726
6671.35 1.336401
6674.06 1.342341
6676.76 1.319692
6679.46 1.286508
6682.160000000001 1.30359
6684.860000000001 1.271987
6687.56 1.31992
6690.26 1.233536
6692.96 1.232784
6695.66 1.218713
6698.37 1.271232
6701.07 1.286508
6703.77 1.347083
6706.47 1.451602
6717.36 1.31849
6732.84 1.312545
6748.36 1.309686
6763.92 1.334215
6779.509999999999 1.316083
6795.139999999999 1.322328
6810.81 1.322477
6826.51 1.322625
6842.240000000001 1.338128
6858.02 1.307805
6873.83 1.301933
6889.67 1.29614
6905.55 1.311341
6921.469999999999 1.317512
6937.43 1.336023
6953.42 1.336174
6969.450000000001 1.34874
6985.5199999999995 1.261753
7001.62 1.345954
7017.759999999999 1.336849
7033.94 1.327818
7050.15 1.38418
7066.41 1.309909
7082.6900000000005 1.343701
7099.02 1.28636
7115.38 1.298401
7131.79 1.301559
7148.23 1.295765
7164.71 1.304942
7181.23 1.290119
7197.780000000001 1.246479
7214.37 1.226764
7231.0 1.290648
7247.67 1.299753
7264.38 1.351823
7281.12 1.309084
7297.91 1.261903
7314.7300000000005 1.321576
7331.59 1.330908
7348.5 1.390577
7365.44 1.34046
7382.410000000001 1.371918
7399.43 1.362663
7416.49 1.344073
7433.59 1.397951
7450.73 1.363186
7467.9 1.350845
7485.110000000001 1.388848
7502.370000000001 1.329627
7519.67 1.376505
7537.0 1.389446
7554.37 1.39607
7571.790000000001 1.405929
7589.240000000001 1.406081
7606.74 1.355436
7624.28 1.380792
7641.85 1.358899
7659.46 1.36221
7677.12 1.239707
7694.82 1.322404
7712.56 1.301484
7730.34 1.328874
7748.16 1.341364
7766.02 1.326241
7783.92 1.30818
7801.87 1.338879
7819.85 1.332861
7837.88 1.336173
7855.950000000001 1.358067
7874.06 1.358218
7892.209999999999 1.352199
7910.4 1.343094
7928.64 1.315704
7946.910000000001 1.291853
7965.23 1.319092
7983.599999999999 1.350018
8002.0 1.325561
8020.44 1.350395
8038.94 1.35995
8057.47 1.350771
8076.04 1.350998
8094.66 1.351221
8113.320000000001 1.367024
8132.0199999999995 1.389448
8150.77 1.351749
8169.56 1.285229
8188.389999999999 1.300279
8207.26 1.253402
8226.19 1.374546
8245.15 1.362132
8264.15 1.346784
8283.21 1.310212
8302.300000000001 1.325639
8321.44 1.344222
8340.619999999999 1.304794
8359.85 1.369658
8379.12 1.366723
8398.44 1.284477
8417.8 1.367099
8437.2 1.34543
8456.65 1.30299
8476.15 1.261828
8495.69 1.34919
8515.27 1.330831
8534.9 1.315779
8554.58 1.087103
8574.300000000001 1.343771
8594.06 1.325564
8613.87 1.31059
8633.73 1.329026
8653.63 1.320071
8673.58 1.001547
8693.58 1.287412
8713.619999999999 1.299526
8733.699999999999 1.333088
8753.84 1.302913
8774.02 1.294182
8794.24 1.327596
8814.52 1.191622
8834.84 1.271159
8855.199999999999 1.300957
8875.619999999999 1.208703
8896.08 1.286509
8916.58 1.304568
8937.14 1.269201
8957.74 1.269429
8978.390000000001 1.255055
8999.09 1.10343
9019.83 1.182519
9040.62 1.31789
9061.460000000001 1.348815
9082.36 1.241735
9103.29 1.279663
9124.28 1.337074
9145.31 1.200126
9166.39 1.178454
9187.52 1.236998
9208.699999999999 1.298475
9229.93 1.280866
9251.21 1.260625
9272.53 1.281319
9293.91 1.272739
9315.33 1.305547
9336.81 1.305773
9358.33 1.302989
9379.91 1.29125
9401.53 1.282596
9423.2 1.300657
9444.93 1.291925
9466.7 1.301106
9488.52 1.298324
9510.39 1.286586
9532.32 1.28094
9554.289999999999 1.240457
9576.32 1.275448
9598.39 1.290422
9620.52 1.281769
9642.699999999999 1.270255
9664.92 1.270483
9687.2 1.276576
9709.529999999999 1.268
9731.92 1.262355
9754.35 1.256787
9776.84 1.25987
9799.38 1.248584
9821.97 1.257388
9844.61 1.257613
9867.3 1.252045
9890.039999999999 1.249413
9912.85 1.243919
9935.699999999999 1.247005
9958.61 1.244295
9981.560000000001 1.238803
10027.630000000001 1.225107
10073.92 1.208703
10120.420000000002 1.220291
10167.13 1.212315
10214.07 1.209982
10284.86 1.207877
10308.57 1.202532
10500.22 1.171454
10695.44 1.134359
10894.28 1.093349
11096.82 1.070924
11303.119999999999 1.041729
11486.78 1.02984
11700.349999999999 1.00403
11890.460000000001 0.9789727
12111.52 0.9566231
12308.31 0.9413483
12508.31 0.9220842
12711.550000000001 0.9031226
12888.390000000001 0.8825792
13097.8 0.8684332
13310.630000000001 0.8506738
13495.8 0.8390109
13715.08 0.8255422
13905.88 0.8068058
14099.330000000002 0.7884456
14295.47 0.7758035
14494.35 0.773997
14695.98 0.7581203
14900.43 0.7581198
15107.699999999999 0.7563893
15282.640000000001 0.7599259
15495.24 0.7581206
15710.81 0.7460276
15892.73 0.7273663
16113.83 0.7290437
16300.4 0.7256959
16489.149999999998 0.7108125
16718.54 0.7010599
16912.14 0.6835271
17107.98 0.6695086
17306.06 0.6438039
17506.46 0.6291537
17709.18 0.6105974
17914.25 0.5939597
18080.0 0.5711594
18289.36 0.5594437
18501.14 0.5454476
18715.38 0.524514
18888.54 0.5137533
19107.26 0.5032189
19284.07 0.487251
19507.350000000002 0.4696282
19687.86 0.4589355
19915.84 0.44746
20100.1 0.4392961
20286.1 0.426338
20521.01 0.4195206
20710.87 0.4080908
20902.52 0.3987973
21095.91 0.3915209
21291.120000000003 0.3826117
21488.13 0.3738979
21686.94 0.3620392
21887.620000000003 0.3562524
22090.149999999998 0.3473434
22294.54 0.3386521
22500.83 0.3317067
22709.02 0.3206528
22919.149999999998 0.2886424
23078.01 0.2832999
23291.55 0.2496117
23507.08 0.233945
23724.57 0.2326883
23889.04 0.2133723
24110.06 0.2048543
24277.199999999997 0.2007006
24501.82 0.1859821
24671.67 0.1825057
24899.94 0.158419
25072.55 0.1549801
25090.309999999998 0.1449345
25185.29 0.1433393
25280.37 0.1460632
25375.45 0.1478315
25470.42 0.1475456
25565.5 0.149171
25660.579999999998 0.1510521
25755.56 0.1466351
25850.629999999997 0.1480422
25945.61 0.1507662
26040.69 0.1501341
26135.760000000002 0.1494268
26230.739999999998 0.1545211
26325.820000000003 0.1547694
26420.9 0.1495697
26515.870000000003 0.1454162
26610.95 0.1490732
26705.930000000004 0.143249
26801.0 0.1440617
26896.08 0.1423836
26991.06 0.1413151
27086.14 0.1433317
27181.21 0.1405702
27276.19 0.1356415
27371.27 0.1388319
27466.25 0.1346933
27561.32 0.1305397
27656.399999999998 0.1277329
27751.38 0.1263634
27846.449999999997 0.1215852
27941.43 0.1252272
28036.51 0.1252046
28131.59 0.1200426
28226.57 0.1190267
28321.640000000003 0.1135788
28416.72 0.1115772
28511.7 0.1088984
28606.77 0.1044363
28701.75 0.1043234
28796.83 0.1023594
28891.9 0.09935704
28986.88 0.09543664
29081.96 0.09598591
29177.04 0.09381877
29272.019999999997 0.094955
29367.09 0.09338237
29462.07 0.09180968
29557.15 0.09059816
29652.219999999998 0.08937166
29747.2 0.08670038
29842.28 0.08627897
29937.36 0.08730984
30032.34 0.08817517
30127.41 0.08182432
30222.39 0.08387103
30317.47 0.08320131
30412.539999999997 0.08290037
30507.52 0.08390868
30602.6 0.08263698
30697.679999999997 0.08304329
30792.649999999998 0.08103423
30887.730000000003 0.0833443
30982.8 0.08375068
31077.780000000002 0.0810869
31172.86 0.08228333
31267.839999999997 0.08227579
31362.920000000002 0.08163617
31457.989999999998 0.08088372
31552.97 0.0847364
31648.05 0.08199737
31743.12 0.08235859
31838.1 0.08341958
31933.18 0.08600808
32028.16 0.08608331
32123.23 0.08470632
32218.309999999998 0.09101958
32313.29 0.09477443
32408.37 0.1006061
32503.440000000002 0.105422
32598.42 0.1099745
32693.500000000004 0.1264537
32788.48 0.1323832
32883.55 0.1343397
32978.63 0.1397575
33073.61 0.1296292
33168.69 0.1169348
33263.76 0.1071752
33358.74 0.09543661
33453.82 0.09140331
33548.79 0.08499978
33643.869999999995 0.07961202
33738.950000000004 0.07988292
33833.93 0.0806128
33929.0 0.08272729
34024.08 0.08246392
34119.06 0.08432254
34214.14 0.08382588
34309.11 0.08335938
34404.19 0.08401401
34499.270000000004 0.08295302
34594.25 0.08264449
34689.32 0.07998076
34784.4 0.07979262
34879.380000000005 0.07880687
34974.45 0.07541321
35069.43 0.07679026
35164.51 0.07630863
35259.58 0.07536809
35354.56 0.07541322
35449.64 0.073985
35544.72 0.07218056
35639.69 0.07371939
35734.77 0.07366145
35829.75 0.07360651
35924.83 0.07534547
36019.9 0.07527778
36114.88 0.07508063
36209.96 0.07545835
36305.04 0.07405196
36400.009999999995 0.07180434
36495.090000000004 0.06976136
36590.07 0.06928804
36685.14 0.06903374
36780.22 0.068209
36875.200000000004 0.06877035
36970.28 0.06874022
37065.35 0.06743546
37160.33 0.06920227
37255.41 0.06956946
37350.39 0.06927599
37445.46 0.07131674
37540.54 0.07085922
37635.52 0.06864016
37730.6 0.06912699
37825.67 0.06993292
37920.65 0.06838282
38015.729999999996 0.0700977
38110.71 0.07225203
38205.78 0.06898481
38300.86 0.0707614
38395.84 0.07120083
38490.91 0.07096684
38585.99 0.06686809
38680.97 0.0688328
38776.05 0.06596358
38871.03 0.06928276
38966.1 0.06668523
39061.18 0.06620063
39156.15 0.06690422
39251.23 0.06294693
39346.31 0.06642262
39441.29 0.063655
39536.36 0.06519986
39631.340000000004 0.06681918
39726.42 0.06622395
39821.490000000005 0.0655302
39916.47 0.06521491
40011.549999999996 0.06600274
40106.63 0.0650802
40201.61 0.06603734
40296.68 0.06585827
40391.659999999996 0.07022338
40486.74 0.07126933
40581.82000000001 0.07100216
40676.79 0.06753179
40771.87 0.06363844
40866.939999999995 0.06109359
40961.93000000001 0.05998967
41057.0 0.05847722
41151.98 0.05770141
41247.06 0.05995056
41342.13 0.05645457
41437.11 0.05859837
41532.19 0.05874434
41627.26 0.05997465
41722.24 0.06318698
41817.32 0.06088665
41912.3 0.06240965
42007.37 0.06019363
42102.45 0.05836812
42197.43 0.05637706
42292.509999999995 0.05431526
42387.579999999994 0.04950469
42482.56 0.04810434
42577.64 0.04739624
42672.619999999995 0.04273013
42767.689999999995 0.0458785
42862.770000000004 0.04844821
42957.75 0.05063415
43052.82 0.05339049
43147.9 0.05604071
43242.880000000005 0.05605951
43337.96000000001 0.05590825
43432.93 0.05514752
43528.02 0.05148293
43623.09 0.05444846
43718.07000000001 0.05506323
43813.14 0.0533175
43908.22 0.05226026
44003.2 0.05510687
44098.27 0.05478333
44193.25 0.05171622
44288.33 0.05203602
44383.4 0.05063944
44478.39 0.04713287
44573.46 0.04498982
44668.53999999999 0.04636459
44763.51 0.04279711
44858.6 0.041174
44953.57 0.04318463
45048.649999999994 0.04271358
45143.72 0.04029363
45238.7 0.03828075
45333.78 0.0384192
45428.85 0.03618059
45523.83 0.03508198
45618.91 0.03528062
45713.89 0.03562225
45808.97 0.0346666
45904.04 0.03271995
45999.020000000004 0.03312478
46094.1 0.03384715
46189.18 0.0341993
46284.15 0.03424597
46379.229999999996 0.03721147
46474.21 0.03974205
46569.29 0.04144264
46664.36 0.04492135
46759.34 0.04983652
46854.42 0.05474793
46949.490000000005 0.05305564
47044.47 0.05242054
47139.55 0.04847605
47234.53 0.0468996
47329.600000000006 0.04388444
47424.68 0.04367901
47519.66 0.04295588
47614.74 0.04471893
47709.81 0.04444504
47804.78999999999 0.04491383
47899.87 0.04298673
47994.84 0.04193553
48089.92 0.04265189
48185.0 0.04357366
48279.98 0.04277529
48375.05 0.04205517
48470.03 0.03900162
48566.09 0.03892261
49051.75 0.0401529
49542.270000000004 0.04139675
50037.69 0.04265189
50538.07 0.0439198
51043.450000000004 0.04520127
51243.66 0.04570843
51540.670000000006 0.05214588
51837.689999999995 0.05873832
52134.71 0.06976586
52431.72 0.07621837
52728.840000000004 0.07284124
53025.86 0.07356511
53322.87 0.08180925
53619.880000000005 0.07365996
53916.899999999994 0.06734592
54214.02 0.06859726
54511.03 0.07297895
54808.05 0.08375065
55105.06999999999 0.0983261
55402.079999999994 0.09098197
55699.189999999995 0.08669285
55996.21 0.09381127
56293.23 0.1000568
56590.25 0.1030667
56887.26 0.102683
57184.38 0.09609125
57481.39 0.08363026
57778.409999999996 0.07256132
58075.42 0.06450983
58372.44 0.05944867
58669.56 0.05737785
58966.57 0.05511064
59263.59 0.05266885
59560.61 0.05417831
59857.62 0.05996788
60154.73 0.06541506
60451.75000000001 0.06700578
60748.77 0.07092769
61045.78 0.08252412
61342.8 0.1023519
61639.920000000006 0.134603
61936.93 0.1614965
62233.95 0.1633551
62530.96 0.1465298
62827.979999999996 0.1262806
63125.1 0.1104259
63422.11 0.09946989
63719.130000000005 0.09192255
64016.14000000001 0.08530076
64313.159999999996 0.08165124
64610.27 0.07957441
64907.29 0.07745242
65204.3 0.07809205
65501.32 0.07909283
65798.34 0.08105677
66095.45 0.0854061
66392.47 0.08814511
66689.48999999999 0.08901796
66986.5 0.08941682
67283.52 0.08743026
67580.63 0.08267461
67877.65000000001 0.07523788
68174.65999999999 0.0701188
68471.69 0.07008867
68768.7 0.08172648
69065.82 0.09834869
69362.83 0.09757366
69659.85 0.1125705
69956.86 0.1239103
70253.88 0.1081158
70550.99 0.1052715
70848.01 0.1083341
71145.03 0.1105162
71442.04000000001 0.1125404
71739.06 0.1115622
72036.17 0.1107495
72333.19 0.10938
72630.21 0.1123598
72927.22 0.1197943
73224.24 0.1613535
73521.34999999999 0.1441294
73818.37 0.1410668
74115.38 0.1675464
74412.4 0.1766138
75006.43000000001 0.2008586
75600.56 0.2250808
76194.59 0.2348856
76788.63 0.2344717
77382.76 0.2385802
77976.8 0.240785
78570.92 0.2335763
79164.95 0.2182257
79758.99 0.2035073
80353.11 0.189722
80947.15000000001 0.1688407
81541.19 0.1520304
82135.31 0.1393135
82729.35 0.1278382
83323.38 0.1164608
83917.51 0.1045717
84511.54000000001 0.09497761
85105.68 0.08829559
85699.71 0.08164371
86293.75 0.07120385
86887.88 0.05829735
87481.9 0.04600868
88075.94 0.03583444
88670.06 0.0282427
89264.1 0.02321466
89858.13 0.01986463
90452.26 0.01683817
91046.3 0.01472672
91640.43 0.01337226
92234.45999999999 0.01228568
92828.49 0.01139099
93422.61 0.01042331
94016.65 0.009650514
94610.69 0.009131304
95204.81999999999 0.008941679
95798.85 0.0093277
96392.88 0.01300881
96987.01 0.01206747
97581.05 0.008490945
98175.18 0.007682034
98769.20999999999 0.007286607
99363.25 0.007236341
99957.37999999999 0.007197513
100551.41 0.007386084
101145.44 0.007456215
101739.56 0.007673758
102333.59999999999 0.007780608
102927.63 0.008035698
103521.76 0.008501482
104115.8 0.009106472
104709.93 0.010026
105303.95999999999 0.01121642
105897.98999999999 0.01189289
106492.12999999999 0.01220818
107086.15999999999 0.0126988
107680.19 0.01305321
108274.31999999999 0.01329024
108868.36 0.01424062
109462.39 0.01619179
110056.51000000001 0.01889996
110650.54999999999 0.02133271
111244.68000000001 0.02909902
111838.70999999999 0.04569339
112432.75 0.05776537
113026.88 0.05462904
113620.90999999999 0.04771755
114214.93999999999 0.04224555
114809.06 0.03898055
115403.09999999999 0.03724233
115997.12999999999 0.03615274
116591.26000000001 0.03578854
117185.29999999999 0.0370211
117779.43000000001 0.03904902
118373.46 0.04210483
118967.48999999999 0.04620282
119561.63 0.05049644
120155.66 0.05409706
120749.7 0.0571205
121343.82 0.06056458
121937.86 0.06571228
122531.89000000001 0.07469309
123126.01000000001 0.08071065
123720.05 0.08369798
124314.18000000001 0.08863422
124908.21 0.09428532
125502.25 0.1007566
126096.38 0.1068517
126690.41 0.1117804
127284.44 0.1217959
127878.58 0.1462062
128472.6 0.1429028
129066.63 0.1111483
129660.77 0.10482
130254.8 0.1036085
130848.83 0.1027808
131442.94999999998 0.1029162
132036.97999999998 0.1028937
132631.13 0.1024949
133225.16 0.102397
133819.19 0.1024648
134413.33000000002 0.1028034
135007.36 0.1039396
135601.38999999998 0.1044212
136195.52000000002 0.1031796
136789.55 0.1013812
137383.58 0.1017875
137977.72 0.103616
138571.75 0.1045867
139165.89 0.1047673
139759.91 0.1026754
140353.94 0.1005008
140948.08000000002 0.09778434
141542.11000000002 0.09514315
142136.13999999998 0.09361562
143178.83 0.1082061
144010.56 0.1078299
144842.3 0.107258
145674.02 0.1079352
146505.63999999998 0.1076945
147337.36000000002 0.107401
148169.08 0.1079353
149000.69999999998 0.1075891
149832.44 0.1049253
150664.16 0.1011554
151495.78 0.09797246
152327.52 0.09618155
153159.23 0.09425524
153990.88 0.09131303
154822.59 0.09083898
155654.31 0.09171185
156485.94 0.08694867
157317.66 0.08260689
158149.38 0.07947659
158981.11000000002 0.07677519
159812.73 0.07405047
160644.47 0.07087276
161476.19 0.06926246
162307.81 0.06875003
163139.53000000003 0.07041977
163971.25 0.07166211
164802.88999999998 0.07178552
165634.59000000003 0.07023316
166466.33000000002 0.06879443
167297.94999999998 0.06844603
168129.69 0.0683023
168961.41 0.06932492
169793.02000000002 0.07593242
170624.77000000002 0.07938627
171456.48 0.07018124
172288.19999999998 0.06775449
173119.83000000002 0.06726991
173951.56 0.06682745
174783.27 0.06582967
175614.91 0.06456927
176446.63 0.06496207
177278.36 0.06419829
178109.98 0.06370693
178941.69 0.06365576
179773.43999999997 0.06325695
180605.06 0.06305227
181436.78 0.06277085
182268.5 0.06294617
183100.11 0.06320352
183931.84000000003 0.06352182
184763.58000000002 0.06460313
185595.31 0.06599295
186426.92 0.06777482
187258.66 0.07017146
188090.36 0.07079225
188922.02000000002 0.07125802
189753.73 0.07362306
190585.44999999998 0.07524389
191417.08000000002 0.07655697
192248.81 0.07998826
193080.52 0.08334431
193912.16 0.08460094
194743.88 0.08627896
195575.59000000003 0.089176
196407.23 0.09223105
197238.94 0.09464651
198070.68999999997 0.09764889
198902.41 0.1009598
199734.02 0.1034655
200565.75 0.1069646
202229.09000000003 0.1107646
203892.55 0.1179658
205555.91 0.1234137
207219.23 0.1257012
208882.69 0.1305472
210546.03 0.136883
212209.48 0.1408335
213872.84 0.1448217
215536.19 0.1512177
217199.66 0.1562593
218862.99999999997 0.1608193
220526.33 0.1643785
222189.78 0.1706391
223853.14 0.1733631
225516.58 0.175613
227179.94 0.1804364
228843.28 0.1859069
230506.73 0.1923406
232170.09 0.1978788
233833.44 0.2041695
235496.88 0.2128606
237160.23 0.2212883
238823.69 0.2305287
240487.03 0.2410634
242150.38 0.2511692
243813.83 0.2607407
245477.19 0.2695597
247140.53 0.2788754
248803.97999999998 0.2876718
250467.34 0.297597
252130.77 0.3078908
253794.13 0.3153404
255457.46999999997 0.3248517
257120.94 0.3300663
258784.28 0.3390961
260447.63 0.347584
262111.06 0.3560344
263774.41000000003 0.3643191
265437.88 0.3701282
267101.22 0.3763512
268764.59 0.38359
270428.02999999997 0.3888649
272091.33999999997 0.3928606
273754.69 0.4023643
275418.19 0.4109049
277081.52999999997 0.4243517
278744.97000000003 0.4293406
280408.31 0.4392131
282071.66000000003 0.4491307
283735.13 0.4564673
285398.47000000003 0.4655046
287061.81 0.4722092
288725.25 0.4842187
290388.58999999997 0.4890045
292052.06 0.4992757
293715.44 0.5096449
295378.77999999997 0.5152584
297042.22000000003 0.5232422
298705.56 0.5311432
300368.91000000003 0.5357634
302032.38 0.5476223
303695.72000000003 0.551904
305359.16 0.5543119
307022.5 0.5611971
308685.83999999997 0.567074
310349.31 0.5818299
312012.69 0.5819127
313676.02999999997 0.5813559
315339.47000000003 0.5833123
317002.78 0.591537
318666.25 0.6002582
320329.63 0.6042086
321992.97000000003 0.5966613
323656.41 0.594908
325319.75 0.605503
326983.09 0.6129299
328646.59 0.6145552
330309.94 0.5987456
331973.33999999997 0.6281976
333636.69 0.6452939
335300.06 0.6232162
336963.47000000003 0.6210641
338626.84 0.6367306
340290.19 0.6475062
341953.66 0.6662052
343616.97 0.6630147
