100.1 1.058653e-05
101.96000000000001 1.39867e-05
104.10000000000001 1.693135e-05
106.03 2.087969e-05
108.01 2.628187e-05
110.01 3.696106e-05
113.88000000000001 5.208545e-05
117.88 6.930155e-05
120.91 0.0002510033
124.87 0.0003088144
126.9 0.0003331966
128.07 0.0003521664
131.05 0.0003879337
131.96 0.0004578511
134.10999999999999 0.0004849541
136.91 0.000610594
140.1 0.0006633306
143.04000000000002 0.001886599
147.04 0.004850253
151.16 0.005137543
155.04 0.005504743
159.01999999999998 0.005911449
161.97 0.006190358
166.13 0.006694368
170.0 0.007090695
173.16000000000003 0.00742546
177.19 0.00782949
180.07 0.0081229
182.16 0.008369585
185.97 0.008785089
191.18 0.009326859
193.83999999999997 0.009721628
197.89999999999998 0.01010884
202.04 0.01061056
204.85 0.01093266
210.10999999999999 0.01098268
216.0 0.01215345
220.01 0.01266797
223.07 0.0128443
227.22 0.01341845
229.85 0.02045042
234.11999999999998 0.03497276
240.13 0.04243319
245.72 0.03978579
252.03 0.04175546
256.71 0.03505242
260.28 0.03997115
263.9 0.04156366
268.81 0.04118241
273.81 0.04061726
278.90000000000003 0.04015383
284.08 0.03978701
290.03000000000003 0.03747381
296.1 0.03764775
300.92 0.03695741
307.93 0.03670457
318.01000000000005 0.0366204
327.68 0.03570336
337.63 0.03465313
347.89 0.03347642
356.82 0.03256115
365.96999999999997 0.03182028
375.36 0.03088273
384.99 0.02902149
394.86 0.02888752
404.99 0.02810099
414.42 0.0272104
422.13 0.0262855
429.98 0.02556951
441.01 0.0247002
451.28000000000003 0.02375335
459.67 0.02294689
470.38000000000005 0.02216748
480.23 0.02151314
490.28000000000003 0.02054531
500.55 0.02007842
506.34 0.01953122
512.21 0.01966667
520.53 0.01913093
530.21 0.01839577
540.06 0.01748749
550.1 0.01685543
560.33 0.01658575
569.44 0.01628255
580.02 0.01558586
589.4499999999999 0.01519584
600.41 0.01444511
610.16 0.01263944
620.08 0.01385832
630.15 0.01329585
640.39 0.01302317
649.3000000000001 0.01258094
658.33 0.01215407
664.42 0.01207054
675.22 0.01176831
684.6099999999999 0.01113576
695.74 0.01108447
705.42 0.01046458
715.23 0.01046464
725.18 0.01017931
735.27 0.009947487
745.5 0.009609854
755.87 0.009348058
764.62 0.008427944
775.26 0.008845271
784.23 0.008466997
795.14 0.008350561
804.35 0.008179297
815.54 0.007993246
824.98 0.007811315
834.54 0.007206352
844.1999999999999 0.007391288
855.94 0.007189997
865.86 0.007042371
875.88 0.00691394
883.99 0.006756437
894.22 0.006617965
904.5799999999999 0.006422675
915.0500000000001 0.00739132
925.65 0.01308338
934.21 0.01998545
945.0300000000001 0.02882159
955.97 0.03603482
964.8199999999999 0.03914945
975.99 0.01454537
985.0200000000001 0.03355245
994.13 0.03401943
1005.65 0.04484498
1014.95 0.04352406
1024.34 0.02227082
1033.82 0.03347511
1045.79 0.05416631
1055.47 0.05281127
1065.23 0.04292679
1075.09 0.04917258
1085.04 0.03905912
1095.08 0.05043452
1105.21 0.04816387
1115.44 0.04620755
1125.76 0.0414692
1136.18 0.05066586
1144.05 0.0464213
1154.6399999999999 0.04838541
1165.32 0.04894581
1176.1000000000001 0.03481124
1184.26 0.0468511
1195.21 0.0345715
1206.27 0.02658999
1214.63 0.01839598
1225.8700000000001 0.0334755
1234.3700000000001 0.04652785
1245.79 0.04997083
1254.43 0.04761294
1266.03 0.04194898
1274.8100000000002 0.05184738
1283.65 0.05354589
1295.52 0.04302576
1304.5 0.04243479
1313.55 0.0516072
1325.7 0.0491726
1334.8899999999999 0.043825
1344.14 0.05090009
1353.46 0.04905947
1365.98 0.04402737
1375.45 0.04557394
1384.99 0.0456796
1394.59 0.03905924
1404.25 0.0398765
1413.99 0.04175598
1423.79 0.04233646
1433.6599999999999 0.04214252
1443.59 0.04392664
1446.9199999999998 0.04443398
1453.6 0.04302594
1463.68 0.03969339
1473.8200000000002 0.03942071
1484.0400000000002 0.03996951
1494.3300000000002 0.04024488
1504.6799999999998 0.03799531
1511.6299999999999 0.03394061
1518.61 0.03603468
1525.6200000000001 0.03489109
1536.19 0.03031976
1543.28 0.03226431
1553.98 0.0306004
1564.75 0.03131337
1575.6000000000001 0.03316761
1586.52 0.03441344
1593.84 0.03497192
1604.8899999999999 0.0340965
1616.01 0.03394054
1623.4699999999998 0.03211598
1634.73 0.03394018
1646.06 0.03425431
1653.66 0.03174832
1665.12 0.03425435
1672.8100000000002 0.0306002
1676.66 0.03449253
1684.4 0.03562139
1696.0800000000002 0.03339772
1703.9 0.032116
1715.72 0.03045991
1723.6399999999999 0.0301807
1735.58 0.03204191
1743.59 0.03131316
1755.68 0.03332053
1763.78 0.03046025
1776.01 0.03109707
1784.21 0.03167583
1796.5700000000002 0.03401954
1804.8700000000001 0.0333977
1813.2 0.03066968
1825.77 0.03138569
1834.19 0.03011156
1846.9099999999999 0.02733434
1855.43 0.02803612
1864.0 0.02922199
1876.92 0.03116805
1885.58 0.02895569
1894.29 0.02862248
1903.03 0.02976591
1916.2199999999998 0.02895543
1925.0600000000002 0.0277162
1933.95 0.02702202
1942.8799999999999 0.03060019
1956.34 0.02895552
1965.37 0.03233838
1974.45 0.03211582
1983.56 0.03211591
1992.72 0.03167565
2006.53 0.03174834
2015.7900000000002 0.0312405
2025.09 0.03066984
2034.44 0.0317484
2043.8300000000002 0.03378446
2053.27 0.03196753
2062.7400000000002 0.03167585
2072.27 0.03449209
2077.04 0.04739394
2086.6299999999997 0.05593972
2096.26 0.05172739
2105.94 0.05020225
2115.66 0.05429008
2125.42 0.05008596
2135.23 0.0468516
2145.09 0.0561986
2154.99 0.05684832
2164.94 0.05066633
2174.93 0.05113457
2184.97 0.06035511
2195.06 0.06021654
2205.19 0.05830643
2215.37 0.04695839
2225.59 0.05220555
2235.86 0.06647903
2246.1800000000003 0.06301002
2256.5499999999997 0.0500183
2266.9700000000003 0.04762574
2277.43 0.0521866
2282.68 0.0667438
2293.22 0.05625041
2303.8 0.06650255
2314.44 0.05643482
2325.12 0.04418328
2335.85 0.04139654
2346.63 0.03109402
2357.4700000000003 0.05156808
2362.9 0.03335999
2373.81 0.04073249
2384.7599999999998 0.02796684
2395.77 0.03313937
2406.83 0.03266142
2412.38 0.03757372
2423.51 0.05937173
2434.7 0.05974195
2445.94 0.07046406
2457.23 0.07458631
2462.89 0.06419558
2474.26 0.05756881
2485.6800000000003 0.0386259
2497.15 0.04514068
2502.91 0.06813951
2514.46 0.03274036
2520.2599999999998 0.02817964
2526.07 0.02997584
2537.7300000000005 0.04492111
2543.58 0.04745531
2555.3199999999997 0.08374577
2567.11 0.06217714
2573.03 0.07879082
2584.9100000000003 0.06952542
2596.84 0.06234736
2602.83 0.05403152
2614.84 0.04912731
2626.91 0.06637182
2632.9700000000003 0.114765
2645.1200000000003 0.1557676
2657.33 0.2158456
2663.45 0.1339578
2675.75 0.1540378
2681.92 0.177603
2694.3 0.1303491
2706.73 0.1617227
2712.9700000000003 0.1168391
2725.49 0.09380861
2738.08 0.1185464
2744.39 0.0651194
2757.06 0.08817673
2763.41 0.115926
2776.17 0.1244005
2782.5699999999997 0.07424082
2795.41 0.03526041
2801.8500000000004 0.0420826
2814.79 0.1090782
2827.7799999999997 0.1638201
2834.3 0.1571066
2847.38 0.1163658
2853.9399999999996 0.06802142
2867.1200000000003 0.1626527
2873.73 0.2163177
2886.99 0.1926325
2893.6499999999996 0.2347065
2907.0 0.3170598
2927.15 0.2751582
2947.44 0.2552711
2967.8700000000003 0.2706629
2988.4500000000003 0.2740529
3009.1600000000003 0.2787843
3030.02 0.294901
3051.02 0.3069502
3072.17 0.3330182
3093.47 0.3279866
3107.7500000000005 0.3762276
3129.29 0.3498122
3150.98 0.3485042
3172.82 0.3824571
3187.4599999999996 0.3282237
3209.5600000000004 0.3668767
3231.81 0.3047104
3246.7200000000003 0.4289954
3269.23 0.5009703
3291.89 0.4888259
3307.0899999999997 0.4610059
3322.35 0.4388023
3330.0099999999998 0.4808941
3337.6899999999996 0.4527116
3345.38 0.4630264
3353.09 0.4289165
3360.8199999999997 0.4776917
3368.57 0.4763521
3376.3300000000004 0.3755815
3384.12 0.3967116
3391.92 0.4811133
3399.74 0.5000533
3407.58 0.4707525
3415.43 0.4534843
3423.3 0.538677
3431.2 0.512984
3439.1 0.5033508
3447.0299999999997 0.3644471
3454.9800000000005 0.4617478
3462.94 0.3991894
3470.93 0.4591305
3478.9300000000003 0.3636732
3486.95 0.4339772
3494.9900000000002 0.3937622
3503.04 0.5272282
3511.12 0.503224
3519.21 0.4960494
3527.3199999999997 0.3760864
3535.4600000000005 0.487579
3543.6099999999997 0.5595067
3551.77 0.546468
3559.9599999999996 0.5156187
3568.17 0.4027993
3576.39 0.4234918
3584.64 0.318131
3592.9 0.3920609
3601.18 0.5742711
3609.4900000000002 0.4517177
3617.8100000000004 0.5077187
3626.15 0.522841
3634.51 0.4416894
3642.88 0.6250026
3651.28 0.4662588
3659.7000000000003 0.6643165
3668.13 0.6384543
3676.59 0.6712411
3685.0699999999997 0.5618567
3693.5600000000004 0.6228242
3702.08 0.676269
3710.6099999999997 0.4517186
3719.1600000000003 0.6848829
3727.74 0.5461966
3736.33 0.3741939
3744.94 0.5699638
3753.5800000000004 0.3763375
3762.2299999999996 0.4584855
3770.8999999999996 0.4887315
3779.6000000000004 0.6177451
3788.31 0.6831924
3790.06 0.3835918
3791.79 0.2398315
3793.5200000000004 0.4280947
3795.25 0.2219954
3796.9700000000003 0.08050506
3798.7 0.6011108
3800.4300000000003 0.5689552
3802.16 0.503459
3803.88 0.8216712
3805.6099999999997 1.083755
3807.34 0.7676894
3809.07 0.604642
3810.7999999999997 0.6157281
3812.52 0.7355965
3814.25 0.699467
3815.98 0.5731167
3817.7100000000005 0.3543223
3819.43 0.383625
3821.1600000000003 0.4300838
3822.89 0.3962566
3824.6200000000003 0.4647753
3826.35 0.491127
3828.07 0.3161124
3829.7999999999997 0.3530143
3831.53 0.2597024
3833.26 0.2014002
3834.99 0.08008851
3836.71 0.4037148
3838.44 0.3058612
3840.17 0.5776587
3841.8999999999996 0.7618059
3843.62 0.5591786
3845.3500000000004 0.4771735
3847.08 0.5397966
3848.81 0.5880343
3850.54 0.5034908
3852.26 0.4024224
3853.99 0.4590844
3855.7200000000003 0.4731197
3857.45 0.3378276
3859.18 0.5193863
3860.9 0.2847767
3862.63 0.1551731
3864.36 0.4233168
3866.0899999999997 0.4798682
3867.81 0.5937311
3869.5400000000004 0.5102437
3871.27 0.4349073
3873.0 0.6176981
3874.73 0.7070826
3876.4500000000003 0.5154945
3878.18 0.3720806
3879.91 0.6388796
3881.64 0.6037594
3883.37 0.4989799
3885.09 0.5468131
3886.82 0.4478554
3888.55 0.5388645
3890.2799999999997 0.5869158
3892.0 0.4781202
3893.7300000000005 0.5204471
3895.46 0.8252328
3897.1899999999996 0.6981256
3898.92 0.5236295
3900.6400000000003 0.601915
3902.37 0.6350636
3904.1 0.4586113
3905.83 0.5666968
3907.55 0.7366856
3909.28 0.8310065
3911.0099999999998 0.6795027
3912.7400000000002 0.6707658
3914.47 0.8373137
3916.19 0.5623961
3917.9199999999996 0.6093722
3919.65 0.5414818
3921.3799999999997 0.6142921
3923.11 0.6344459
3924.8300000000004 0.4868088
3926.56 0.3327501
3928.29 0.3611047
3930.02 0.4472073
3931.7400000000002 0.1385106
3933.47 0.2382551
3935.2 0.6182045
3936.9300000000003 0.2441687
3938.66 0.4707693
3940.38 0.5405073
3942.1099999999997 0.4780548
3943.84 0.8428641
3945.5699999999997 0.6007141
3947.29 0.5225758
3949.0199999999995 0.7740465
3950.75 0.8743443
3952.48 0.8017186
3954.21 0.8138928
3955.93 0.59742
3957.66 0.5111257
3959.39 0.6112658
3961.1200000000003 0.5124973
3962.85 0.6526776
3964.57 0.5754828
3966.2999999999997 0.3769843
3968.03 0.2890185
3969.7599999999998 0.363611
3971.48 0.3448777
3973.2099999999996 0.46891
3974.94 0.6450466
3976.67 0.6568866
3978.4 0.7996685
3980.12 0.893331
3981.85 0.8089448
3983.58 0.733642
3985.3100000000004 0.716547
3987.04 0.8140691
3988.76 0.93061
3990.49 0.8613474
3992.2200000000003 0.9014822
3993.95 0.7958694
3995.67 0.9422834
3997.3999999999996 0.9371104
3999.13 0.8598321
4000.86 0.9624635
4002.5899999999997 1.062067
4004.31 0.951381
4006.04 1.05324
4007.77 1.008941
4009.4999999999995 1.013609
4011.22 0.8351542
4012.9500000000003 0.832252
4014.68 1.081562
4016.4100000000003 0.9304677
4018.14 0.8698
4019.86 1.014117
4021.5899999999997 1.002694
4023.32 1.02269
4025.05 1.075614
4026.7799999999997 1.018699
4028.5 1.073253
4030.23 1.10022
4031.96 0.9481321
4033.6899999999996 0.9083552
4035.41 0.8167506
4037.1400000000003 0.8634772
4038.87 1.062354
4040.6 1.15516
4042.33 1.275849
4044.05 1.080494
4045.7799999999997 0.9762476
4047.51 1.023605
4049.2400000000002 0.965823
4050.96 0.9778915
4052.69 1.072875
4054.42 1.057751
4056.15 0.9336869
4057.8799999999997 1.015056
4059.6 1.063159
4061.3300000000004 0.8718041
4063.06 0.8671357
4064.79 1.055699
4066.52 1.065712
4068.2400000000002 1.000519
4069.97 1.018196
4071.7 1.081576
4073.4300000000003 1.033461
4075.15 0.9271593
4076.88 0.9598819
4078.6099999999997 0.9361948
4080.34 0.9833109
4082.0699999999997 1.073925
4083.79 1.099415
4085.5200000000004 1.213827
4087.25 1.184888
4088.98 1.165222
4090.71 1.119646
4092.4300000000003 1.027738
4094.16 1.061565
4095.89 1.074275
4097.62 1.016098
4099.34 1.103076
4101.07 0.994813
4102.8 0.8425678
4104.53 0.9015278
4106.26 1.053157
4107.98 1.04105
4109.71 0.9640439
4111.4400000000005 1.078708
4113.17 1.187474
4114.900000000001 1.035256
4116.62 0.9157387
4118.35 0.9810582
4120.08 1.100926
4121.81 1.106887
4123.530000000001 1.16685
4125.26 1.134032
4126.99 1.098433
4128.72 1.109724
4130.45 1.05005
4132.17 1.110439
4133.9 1.082431
4135.63 0.9517117
4137.36 0.948368
4139.09 0.9834674
4140.8099999999995 1.039613
4142.54 1.026019
4144.2699999999995 1.006732
4146.0 0.916164
4147.719999999999 0.9769934
4149.45 0.9856825
4151.18 0.9216984
4152.91 1.013354
4154.64 1.05751
4156.36 1.054392
4158.09 1.079624
4159.820000000001 1.106322
4161.55 1.062618
4163.27 1.030089
4165.0 0.9649421
4166.7300000000005 1.136946
4168.46 1.113149
4170.19 1.044312
4171.91 1.013013
4173.64 0.9152015
4175.37 0.900819
4177.1 1.030685
4178.83 0.9795268
4180.55 0.8708907
4182.28 0.9865487
4184.01 0.9979344
4185.74 0.9326569
4187.46 0.9988167
4189.19 0.9745148
4190.92 0.9393943
4192.65 0.9886599
4194.38 0.9667548
4196.099999999999 0.9915183
4197.83 0.9155962
4199.56 0.9020492
4201.29 0.8675912
4203.01 0.9497735
4204.74 0.955324
4206.47 0.9598971
4208.200000000001 1.080029
4209.93 1.102674
4211.650000000001 1.164057
4213.38 1.18656
4215.110000000001 1.162652
4216.84 1.124898
4218.57 1.105027
4220.29 1.052197
4222.02 0.9136408
4223.75 0.9388253
4225.48 0.8219214
4227.2 0.8898942
4228.93 0.9342555
4230.66 0.9542674
4232.389999999999 0.9590884
4234.12 0.9757727
4235.84 1.255902
4237.57 1.210231
4239.3 1.160902
4241.03 1.091765
4242.75 1.173596
4244.48 1.150982
4246.21 1.149041
4247.94 1.100296
4249.67 1.026507
4251.39 1.081534
4253.12 1.039017
4254.85 0.9729824
4256.58 1.015183
4258.31 1.052195
4260.030000000001 0.9733803
4261.76 1.021006
4263.49 1.09492
4265.22 1.113418
4266.9400000000005 1.142198
4268.67 1.049659
4270.4 1.025988
4272.13 0.9385579
4273.86 0.9545798
4275.58 1.001832
4277.3099999999995 1.088425
4279.04 1.144419
4280.7699999999995 1.03447
4282.5 0.9891622
4284.22 1.002902
4285.95 1.006687
4287.679999999999 1.025279
4289.41 1.076243
4291.13 0.9294123
4292.86 1.015911
4294.59 0.9774316
4296.32 0.9443141
4298.05 0.86898
4299.7699999999995 0.8952726
4301.5 0.907774
4303.2300000000005 0.8072392
4304.96 0.7555763
4306.68 0.7799916
4308.41 0.7049885
4310.14 0.7655141
4311.87 0.9612843
4313.6 0.9558232
4315.320000000001 1.138209
4317.05 1.236882
4318.78 1.323665
4320.51 1.33606
4322.24 1.150019
4323.96 1.071993
4325.69 1.013323
4327.42 1.139957
4329.15 1.214959
4330.87 1.286576
4332.599999999999 1.261659
4334.33 1.1375
4336.0599999999995 1.153801
4337.79 1.135996
4339.509999999999 0.972276
4341.24 1.105486
4342.97 1.071043
4344.7 1.235005
4346.43 1.226236
4348.15 1.263611
4349.88 1.187883
4351.610000000001 1.279949
4353.34 1.324388
4355.06 1.083126
4356.79 1.171013
4358.52 1.229299
4360.25 1.279363
4361.98 1.34301
4363.7 1.450962
4365.43 1.236236
4367.16 1.219299
4368.89 1.291777
4370.61 1.142513
4372.34 1.22365
4374.07 1.298952
4375.8 1.256798
4377.53 1.240255
4379.25 1.14545
4380.98 1.087967
4382.71 1.013196
4384.44 1.005326
4386.16 1.045387
4387.889999999999 1.230922
4389.62 1.177966
4391.35 1.100439
4393.08 1.107725
4394.8 1.161375
4396.53 1.264243
4398.26 1.274556
4399.99 1.368545
4401.72 1.179982
4403.4400000000005 1.118436
4405.17 1.168632
4406.900000000001 1.238898
4408.63 1.171386
4410.35 1.214033
4412.08 1.233052
4413.81 1.208954
4415.54 1.193893
4417.2699999999995 1.257457
4418.99 1.36973
4420.72 1.361481
4422.45 1.298101
4424.179999999999 1.399297
4425.91 1.414909
4427.63 1.417864
4429.36 1.365737
4431.09 1.304155
4432.82 1.2283
4434.54 1.239612
4436.2699999999995 1.315293
4438.0 1.380187
4439.7300000000005 1.356894
4441.46 1.407935
4443.18 1.421614
4444.91 1.454967
4446.64 1.401001
4448.37 1.383448
4450.1 1.496883
4451.820000000001 1.395723
4453.55 1.33661
4455.28 1.434795
4457.01 1.315131
4458.7300000000005 1.224237
4460.46 1.215831
4462.19 1.307313
4463.92 1.354349
4465.65 1.351857
4467.37 1.302455
4469.099999999999 1.322498
4470.83 1.399866
4472.5599999999995 1.465643
4474.28 1.433478
4476.01 1.483636
4477.74 1.458892
4479.47 1.515853
4481.2 1.481158
4482.92 1.48599
4484.65 1.485059
4486.38 1.473846
4488.110000000001 1.543023
4489.84 1.438735
4491.56 1.553374
4493.29 1.467931
4495.02 1.4535
4496.75 1.521848
4498.47 1.506304
4500.2 1.549807
4501.93 1.60792
4503.66 1.634728
4505.39 1.537284
4507.11 1.52652
4508.84 1.611079
4510.57 1.615172
4512.3 1.606025
4514.03 1.532788
4515.75 1.489489
4517.48 1.504313
4519.21 1.523094
4520.94 1.541025
4522.66 1.500606
4524.389999999999 1.4705
4526.12 1.307799
4527.85 1.332589
4529.58 1.404028
4531.3 1.352102
4533.03 1.409042
4534.76 1.397466
4536.490000000001 1.389154
4538.21 1.405609
4539.9400000000005 1.532495
4541.67 1.558452
4543.400000000001 1.485531
4545.13 1.483417
4546.85 1.418002
4548.58 1.427953
4550.31 1.394582
4552.04 1.44831
4553.7699999999995 1.54987
4555.49 1.533916
4557.22 1.530976
4558.95 1.544522
4560.679999999999 1.610125
4562.4 1.601459
4564.13 1.593258
4565.86 1.57613
4567.59 1.646717
4569.32 1.526668
4571.04 1.527321
4572.7699999999995 1.601613
4574.5 1.645296
4576.2300000000005 1.560484
4577.96 1.489833
4579.68 1.562082
4581.41 1.575984
4583.14 1.436781
4584.87 1.463795
4586.59 1.494395
4588.320000000001 1.531738
4590.05 1.575311
4591.78 1.514037
4593.51 1.57308
4595.2300000000005 1.596568
4596.96 1.56356
4598.6900000000005 1.545345
4600.42 1.525412
4602.15 1.535977
4603.87 1.556998
4605.6 1.551652
4607.33 1.573382
4609.0599999999995 1.565623
4610.78 1.565156
4612.51 1.594047
4614.24 1.62669
4615.969999999999 1.678724
4617.7 1.657276
4619.42 1.669111
4621.15 1.622431
4622.88 1.593571
4624.61 1.550802
4626.33 1.592151
4628.06 1.617224
4629.79 1.714368
4631.52 1.672103
4633.25 1.606815
4634.97 1.614548
4636.7 1.638676
4638.43 1.43708
4640.16 1.411406
4641.89 1.626683
4643.610000000001 1.614389
4645.34 1.475705
4647.07 1.466432
4648.8 1.471368
4650.52 1.482028
4652.25 1.563528
4653.98 1.529732
4655.71 1.573525
4657.44 1.622428
4659.16 1.586793
4660.889999999999 1.525431
4662.62 1.538025
4664.349999999999 1.558967
4666.07 1.558374
4667.799999999999 1.398543
4669.53 1.467774
4671.26 1.505385
4672.99 1.482086
4674.71 1.586159
4676.44 1.568701
4678.17 1.538832
4679.900000000001 1.564127
4681.63 1.477075
4683.35 1.468723
4685.08 1.515411
4686.81 1.515332
4688.54 1.596405
4690.26 1.534767
4691.99 1.452035
4693.72 1.501364
4695.45 1.527305
4697.18 1.507255
4698.9 1.460929
4700.63 1.463672
4702.36 1.471572
4704.09 1.507055
4705.81 1.477886
4707.54 1.398309
4709.2699999999995 1.40931
4711.0 1.456541
4712.73 1.536148
4714.45 1.543487
4716.179999999999 1.487834
4717.91 1.638675
4719.64 1.629521
4721.37 1.522363
4723.09 1.570468
4724.82 1.606187
4726.55 1.602875
4728.280000000001 1.520854
4730.0 1.438603
4731.7300000000005 1.494328
4733.46 1.462708
4735.1900000000005 1.464616
4736.92 1.64009
4738.64 1.632368
4740.37 1.603351
4742.1 1.644353
4743.83 1.615959
4745.5599999999995 1.609336
4747.28 1.573228
4749.01 1.556574
4750.74 1.537618
4752.469999999999 1.621483
4754.19 1.610286
4755.92 1.549918
4757.65 1.564173
4759.38 1.55684
4761.11 1.519796
4762.83 1.480518
4764.5599999999995 1.480328
4766.29 1.528152
4768.02 1.527174
4769.74 1.428207
4771.47 1.537398
4773.2 1.594833
4774.93 1.522511
4776.66 1.549367
4778.38 1.57616
4780.110000000001 1.630472
4781.84 1.610443
4783.57 1.549381
4785.3 1.588049
4787.02 1.550585
4788.75 1.510544
4790.48 1.576251
4792.21 1.615171
4793.93 1.613916
4795.66 1.614231
4797.39 1.64104
4799.12 1.626215
4800.849999999999 1.624947
4802.57 1.665009
4804.3 1.670055
4806.03 1.648134
4807.76 1.619117
4809.48 1.561089
4811.21 1.600041
4812.94 1.623689
4814.67 1.569423
4816.400000000001 1.588678
4818.12 1.626059
4819.85 1.667219
4821.58 1.602876
4823.31 1.558719
4825.04 1.573836
4826.76 1.641512
4828.49 1.641038
4830.22 1.592308
4831.95 1.680462
4833.67 1.71201
4835.400000000001 1.584902
4837.13 1.560719
4838.86 1.561838
4840.59 1.511452
4842.31 1.490768
4844.04 1.516473
4845.7699999999995 1.612181
4847.5 1.624317
4849.23 1.635514
4850.95 1.619434
4852.679999999999 1.583477
4854.41 1.527351
4856.14 1.458325
4857.86 1.382019
4859.59 1.364067
4861.32 1.376556
4863.05 1.323143
4864.780000000001 1.365406
4866.5 1.485233
4868.2300000000005 1.484333
4869.96 1.447951
4871.6900000000005 1.481188
4873.42 1.469313
4875.14 1.472898
4876.87 1.578432
4878.6 1.571271
4880.33 1.587262
4882.05 1.636938
4883.78 1.603505
4885.51 1.529211
4887.24 1.546636
4888.97 1.514749
4890.69 1.493639
4892.42 1.539876
4894.15 1.608391
4895.88 1.662009
4897.61 1.621637
4899.33 1.709797
4901.0599999999995 1.706959
4902.79 1.650974
4904.52 1.652866
4906.24 1.637253
4907.97 1.659962
4909.7 1.575465
4911.43 1.606973
4913.16 1.625897
4914.88 1.602406
4916.610000000001 1.563147
4918.34 1.51612
4920.070000000001 1.523674
4921.79 1.519768
4923.52 1.634101
4925.25 1.669426
4926.9800000000005 1.688823
4928.71 1.64734
4930.43 1.590574
4932.16 1.596882
4933.89 1.612809
4935.62 1.615332
4937.349999999999 1.610285
4939.07 1.565456
4940.8 1.689923
4942.53 1.724933
4944.26 1.651128
4945.98 1.729511
4947.71 1.715476
4949.44 1.673369
4951.17 1.800633
4952.9 1.709475
4954.62 1.714212
4956.35 1.656966
4958.08 1.672263
4959.81 1.6024
4961.53 1.622435
4963.26 1.63189
4964.99 1.659802
4966.72 1.608076
4968.45 1.618484
4970.17 1.610763
4971.900000000001 1.71106
4973.63 1.770986
4975.36 1.668473
4977.09 1.745273
4978.81 1.697496
4980.54 1.531673
4982.2699999999995 1.525191
4984.0 1.538721
4985.72 1.52723
4987.45 1.486143
4989.179999999999 1.556288
4990.91 1.59341
4992.639999999999 1.660432
4994.36 1.510638
4996.09 1.593731
4997.82 1.575358
4999.55 1.541414
5001.28 1.566205
5003.0 1.543454
5004.73 1.552316
5006.46 1.560343
5008.1900000000005 1.574378
5009.91 1.496505
5011.64 1.566823
5013.37 1.438186
5015.1 1.46091
5016.83 1.502606
5018.55 1.437718
5020.280000000001 1.557397
5022.01 1.514874
5023.74 1.501611
5025.46 1.54142
5027.1900000000005 1.657125
5028.92 1.545977
5030.65 1.548973
5032.379999999999 1.640565
5034.1 1.646557
5035.83 1.581426
5037.5599999999995 1.562754
5039.29 1.531056
5041.02 1.541953
5042.74 1.425716
5044.469999999999 1.409483
5046.2 1.512115
5047.93 1.636146
5049.65 1.639306
5051.38 1.644509
5053.11 1.669583
5054.84 1.674472
5056.570000000001 1.685031
5058.29 1.692291
5060.0199999999995 1.792116
5061.75 1.703645
5063.4800000000005 1.699229
5065.2 1.647982
5066.929999999999 1.570786
5068.660000000001 1.563116
5070.39 1.542567
5072.12 1.581266
5073.839999999999 1.62669
5075.570000000001 1.52513
5077.3 1.549053
5079.03 1.519404
5080.759999999999 1.517269
5082.4800000000005 1.534559
5084.21 1.5268
5085.94 1.57485
5087.67 1.643245
5089.39 1.638678
5091.12 1.565788
5092.849999999999 1.581898
5094.58 1.60303
5096.3099999999995 1.617695
5098.03 1.612813
5099.76 1.615651
5101.49 1.583321
5103.22 1.565763
5104.94 1.638674
5106.67 1.4717
5108.4 1.489093
5110.13 1.50868
5111.860000000001 1.554208
5113.58 1.593891
5115.3099999999995 1.592623
5117.040000000001 1.615804
5118.77 1.565339
5120.5 1.603976
5122.219999999999 1.610132
5123.950000000001 1.521992
5125.68 1.551245
5127.41 1.480352
5129.129999999999 1.482581
5130.860000000001 1.502625
5132.59 1.500906
5134.32 1.579693
5136.05 1.554712
5137.77 1.529164
5139.5 1.53235
5141.23 1.523313
5142.96 1.484502
5144.69 1.512636
5146.41 1.502627
5148.14 1.412721
5149.87 1.456004
5151.599999999999 1.508013
5153.32 1.528867
5155.05 1.546041
5156.78 1.557347
5158.509999999999 1.505274
5160.240000000001 1.521753
5161.96 1.528092
5163.69 1.493934
5165.419999999999 1.414279
5167.150000000001 1.245207
5168.87 1.161677
5170.599999999999 1.156204
5172.330000000001 1.210264
5174.06 1.265896
5175.79 1.206805
5177.509999999999 1.287174
5179.240000000001 1.378704
5180.97 1.293229
5182.7 1.250996
5184.43 1.295731
5186.150000000001 1.356561
5187.88 1.36708
5189.61 1.382392
5191.34 1.475719
5193.06 1.555868
5194.79 1.509519
5196.52 1.502842
5198.25 1.579374
5199.98 1.560403
5201.7 1.504692
5203.43 1.471968
5205.16 1.455015
5206.889999999999 1.459094
5208.620000000001 1.484231
5210.34 1.568796
5212.07 1.609183
5213.799999999999 1.601613
5215.530000000001 1.578272
5217.25 1.584901
5218.98 1.588837
5220.709999999999 1.596722
5222.4400000000005 1.627316
5224.17 1.671629
5225.889999999999 1.622432
5227.62 1.584899
5229.35 1.559382
5231.08 1.553494
5232.799999999999 1.59294
5234.53 1.662329
5236.26 1.635834
5237.99 1.673367
5239.72 1.700806
5241.4400000000005 1.753485
5243.17 1.802523
5244.900000000001 1.734395
5246.63 1.619904
5248.36 1.623531
5250.08 1.679205
5251.81 1.6576
5253.54 1.662961
5255.2699999999995 1.652388
5256.990000000001 1.66091
5258.72 1.691188
5260.45 1.66154
5262.179999999999 1.558087
5263.910000000001 1.541307
5265.63 1.505525
5267.36 1.439133
5269.089999999999 1.437113
5270.820000000001 1.482515
5272.54 1.524958
5274.2699999999995 1.602405
5276.0 1.670216
5277.7300000000005 1.664059
5279.46 1.685506
5281.179999999999 1.729668
5282.91 1.689296
5284.64 1.683303
5286.37 1.765149
5288.1 1.717839
5289.82 1.769565
5291.55 1.850149
5293.280000000001 1.754739
5295.01 1.761993
5296.73 1.753483
5298.46 1.699391
5300.1900000000005 1.714373
5301.92 1.787855
5303.65 1.831537
5305.370000000001 1.876646
5307.1 1.781394
5308.83 1.749065
5310.5599999999995 1.851885
5312.280000000001 1.794167
5314.01 1.839269
5315.74 1.977887
5317.469999999999 1.850306
5319.2 1.739758
5320.92 1.759477
5322.65 1.662174
5324.38 1.692289
5326.11 1.710581
5327.84 1.62905
5329.5599999999995 1.713425
5331.29 1.674315
5333.02 1.730456
5334.75 1.83927
5336.4800000000005 1.825385
5338.2 1.770353
5339.93 1.721938
5341.66 1.832014
5343.39 1.72383
5345.11 1.715478
5346.84 1.740861
5348.570000000001 1.758996
5350.3 1.880268
5352.03 1.830434
5353.75 1.826655
5355.4800000000005 1.895886
5357.21 1.90519
5358.94 1.840525
5360.660000000001 1.86119
5362.39 1.914335
5364.12 1.85567
5365.849999999999 1.81719
5367.58 1.798738
5369.3 1.739134
5371.03 1.683774
5372.759999999999 1.74228
5374.49 1.784544
5376.22 1.781231
5377.94 1.834068
5379.67 1.775402
5381.4 1.854246
5383.13 1.851249
5384.85 1.781551
5386.58 1.822553
5388.3099999999995 1.805836
5390.04 1.719889
5391.77 1.775715
5393.49 1.801741
5395.219999999999 1.70049
5396.950000000001 1.6669
5398.68 1.713105
5400.4 1.704438
5402.13 1.742917
5403.860000000001 1.691821
5405.59 1.679041
5407.32 1.673836
5409.040000000001 1.718787
5410.77 1.652394
5412.5 1.716735
5414.23 1.839584
5415.96 1.769722
5417.68 1.704591
5419.41 1.715472
5421.139999999999 1.735973
5422.87 1.754266
5424.59 1.772881
5426.32 1.792277
5428.05 1.789274
5429.78 1.706481
5431.51 1.710581
5433.23 1.813565
5434.96 1.801107
5436.69 1.78644
5438.42 1.85157
5440.150000000001 1.803622
5441.87 1.790381
5443.599999999999 1.779499
5445.330000000001 1.768302
5447.06 1.871595
5448.78 1.848105
5450.509999999999 1.769096
5452.240000000001 1.713578
5453.97 1.767353
5455.7 1.767826
5457.419999999999 1.78581
5459.150000000001 1.828705
5460.88 1.814196
5462.61 1.80426
5464.34 1.808984
5466.06 1.809463
5467.79 1.789119
5469.5199999999995 1.74307
5471.25 1.726353
5472.97 1.720682
5474.7 1.746696
5476.43 1.780286
5478.16 1.734552
5479.889999999999 1.714523
5481.61 1.770672
5483.34 1.778871
5485.07 1.773825
5486.799999999999 1.792584
5488.52 1.81183
5490.25 1.795586
5491.98 1.826495
5493.710000000001 1.84053
5495.4400000000005 1.825863
5497.16 1.858671
5498.889999999999 1.842263
5500.620000000001 1.815296
5502.35 1.797633
5504.08 1.773031
5505.799999999999 1.781553
5507.530000000001 1.768306
5509.26 1.709325
5510.99 1.682509
5512.709999999999 1.716894
5514.4400000000005 1.791328
5516.17 1.876802
5517.9 1.793062
5519.63 1.746382
5521.35 1.817189
5523.08 1.781706
5524.81 1.863553
5526.54 1.89115
5528.26 1.752694
5529.99 1.68914
5531.72 1.774141
5533.45 1.765776
5535.179999999999 1.749532
5536.900000000001 1.755689
5538.63 1.72809
5540.36 1.807729
5542.089999999999 1.840531
5543.820000000001 1.885002
5545.54 1.896356
5547.2699999999995 1.787542
5548.999999999999 1.888943
5550.7300000000005 1.913859
5552.45 1.854254
5554.179999999999 1.835014
5555.91 1.850942
5557.64 1.869701
5559.37 1.830591
5561.089999999999 1.826339
5562.820000000001 1.85646
5564.55 1.864502
5566.28 1.788647
5568.0 1.772877
5569.7300000000005 1.830595
5571.46 1.72525
5573.1900000000005 1.752532
5574.92 1.890993
5576.64 1.829811
5578.37 1.860878
5580.1 1.808514
5581.83 1.776185
5583.5599999999995 1.776184
5585.280000000001 1.706329
5587.01 1.736449
5588.74 1.739287
5590.469999999999 1.747014
5592.1900000000005 1.738656
5593.92 1.764361
5595.65 1.737236
5597.379999999999 1.764202
5599.110000000001 1.757105
5600.83 1.715162
5602.5599999999995 1.70254
5604.29 1.683458
5606.02 1.710109
5607.75 1.984508
5609.469999999999 1.949504
5611.2 1.876015
5612.93 1.738184
5614.66 1.764671
5616.38 1.703173
5618.11 1.750641
5619.84 1.787227
5621.570000000001 1.764518
5623.3 1.701595
5625.0199999999995 1.743075
5626.75 1.875696
5628.4800000000005 1.876484
5630.21 1.899823
5631.93 1.873335
5633.660000000001 1.850626
5635.39 1.752693
5637.12 1.801264
5638.849999999999 1.795896
5640.570000000001 1.834381
5642.3 1.845262
5644.03 1.767515
5645.759999999999 1.795428
5647.49 1.842106
5649.21 1.837217
5650.94 1.854564
5652.67 1.857087
5654.400000000001 1.789906
5656.12 1.7303
5657.849999999999 1.746543
5659.58 1.835329
5661.31 1.858977
5663.04 1.764356
5664.76 1.791802
5666.49 1.811356
5668.22 1.831384
5669.95 1.77603
5671.68 1.818925
5673.4 1.89746
5675.13 1.890678
5676.860000000001 1.853775
5678.59 1.883423
5680.3099999999995 1.913077
5682.040000000001 1.812621
5683.77 1.926007
5685.5 1.877271
5687.23 1.810247
5688.950000000001 1.778871
5690.68 1.955969
5692.41 1.931367
5694.139999999999 1.824445
5695.860000000001 1.870178
5697.59 1.815929
5699.32 1.899983
5701.05 1.857718
5702.78 1.775398
5704.5 1.832965
5706.23 1.881852
5707.96 1.783913
5709.69 1.866863
5711.42 1.794163
5713.14 1.797007
5714.87 1.74875
5716.599999999999 1.832962
5718.33 1.847154
5720.05 1.849046
5721.78 1.993028
5723.51 1.972053
5725.240000000001 1.89809
5726.97 1.862607
5728.69 2.010064
5730.42 2.003749
5732.150000000001 1.999806
5733.88 2.01384
5735.599999999999 1.936889
5737.330000000001 1.905663
5739.06 1.875069
5740.79 1.872387
5742.5199999999995 1.965424
5744.240000000001 1.967007
5745.97 1.879325
5747.7 1.933416
5749.429999999999 1.887524
5751.16 1.909129
5752.88 1.942884
5754.61 1.889889
5756.34 1.860241
5758.07 1.881215
5759.79 1.932158
5761.5199999999995 1.967009
5763.25 1.89147
5764.98 1.89415
5766.71 1.903606
5768.43 1.921432
5770.16 1.935151
5771.889999999999 1.929789
5773.620000000001 1.950605
5775.35 1.967164
5777.07 1.897459
5778.799999999999 1.859926
5780.530000000001 1.86513
5782.26 1.8164
5783.98 1.802528
5785.709999999999 1.789911
5787.4400000000005 1.800477
5789.17 1.827122
5790.9 1.808197
5792.620000000001 1.888946
5794.35 1.943352
5796.08 1.891468
5797.8099999999995 1.916384
5799.54 1.976784
5801.26 1.995708
5802.99 2.019835
5804.72 1.988452
5806.45 1.971105
5808.17 1.921119
5809.9 1.88469
5811.63 1.91575
5813.36 1.947448
5815.09 2.013839
5816.81 1.961804
5818.54 1.935468
5820.2699999999995 1.939883
5822.000000000001 1.976784
5823.72 2.041914
5825.45 2.005485
5827.179999999999 2.007061
5828.910000000001 2.005642
5830.64 1.98924
5832.36 2.020787
5834.089999999999 2.040815
5835.820000000001 1.975204
5837.55 2.002485
5839.28 1.98088
5840.999999999999 1.94493
5842.7300000000005 2.024096
5844.46 2.032454
5846.19 1.971423
5847.91 1.830753
5849.64 1.912126
5851.37 1.996812
5853.1 1.88437
5854.83 1.866865
5856.55 1.815933
5858.28 1.901401
5860.01 1.914805
5861.74 1.752688
5863.469999999999 1.866705
5865.1900000000005 1.94635
5866.92 1.889735
5868.65 1.913705
5870.379999999999 1.855033
5872.1 1.917331
5873.83 1.973315
5875.5599999999995 1.876171
5877.289999999999 1.90361
5879.02 1.929315
5880.74 1.82098
5882.469999999999 1.795899
5884.200000000001 1.83217
5885.93 1.662168
5887.65 1.628583
5889.379999999999 1.604296
5891.110000000001 1.54899
5892.84 1.485825
5894.57 1.526669
5896.29 1.612653
5898.02 1.684091
5899.75 1.723201
5901.4800000000005 1.76846
5903.21 1.826967
5904.93 1.8727
5906.66 1.86718
5908.39 1.901874
5910.12 1.965269
5911.84 1.943355
5913.570000000001 1.882482
5915.3 1.89904
5917.03 1.813244
5918.759999999999 1.793531
5920.4800000000005 1.86671
5922.21 1.863556
5923.94 1.88311
5925.669999999999 1.898091
5927.39 1.804738
5929.12 1.856773
5930.849999999999 1.861188
5932.58 1.785649
5934.31 1.822392
5936.03 1.920016
5937.759999999999 2.038922
5939.49 1.959591
5941.22 1.85677
5942.95 1.839737
5944.67 1.890523
5946.4 1.974893
5948.13 1.850781
5949.860000000001 1.877748
5951.58 1.917489
5953.31 1.983249
5955.04 1.895725
5956.77 1.865761
5958.5 1.843682
5960.22 1.928532
5961.950000000001 1.910868
5963.68 1.893672
5965.41 1.96511
5967.13 1.913233
5968.860000000001 1.940988
5970.59 1.886581
5972.32 1.948714
5974.049999999999 1.916385
5975.77 1.90645
5977.5 1.83501
5979.23 1.854092
5980.96 1.904398
5982.6900000000005 1.815297
5984.41 1.877121
5986.139999999999 1.851882
5987.87 1.87601
5989.6 1.882949
5991.32 1.882324
5993.05 1.908975
5994.78 1.936257
5996.51 1.896989
5998.240000000001 1.946658
5999.96 1.940356
6001.69 1.886579
6003.42 1.844157
6005.150000000001 1.84321
6006.88 1.809777
6008.599999999999 1.836119
6010.330000000001 1.80883
6012.06 1.884211
6013.79 1.824915
6015.509999999999 1.832333
6017.240000000001 1.89352
6018.97 1.861506
6020.7 1.89509
6022.429999999999 1.981037
6024.150000000001 1.934994
6025.88 1.931682
6027.61 1.934678
6029.34 1.921273
6031.06 1.954554
6032.79 2.01605
6034.5199999999995 1.924741
6036.25 1.949973
6037.98 2.00501
6039.7 2.016528
6041.43 2.052641
6043.16 1.985618
6044.89 1.966372
6046.62 1.993022
6048.34 2.012741
6050.07 2.03955
6051.8 1.998705
6053.530000000001 1.873963
6055.25 1.90677
6056.98 1.89604
6058.71 1.90219
6060.4400000000005 1.958962
6062.17 1.936726
6063.889999999999 2.042076
6065.620000000001 2.025201
6067.35 2.020155
6069.08 1.959433
6070.8099999999995 1.984349
6072.530000000001 1.981202
6074.26 1.954234
6075.99 1.895568
6077.719999999999 1.880271
6079.4400000000005 1.928212
6081.17 1.915911
6082.9 1.932785
6084.63 1.950289
6086.36 1.920956
6088.08 1.906926
6089.8099999999995 1.91008
6091.54 1.926159
6093.2699999999995 1.874906
6095.0 1.9301
6096.72 1.811673
6098.45 1.702543
6100.179999999999 1.716105
6101.910000000001 1.770038
6103.63 1.836903
6105.36 1.791327
6107.089999999999 1.849676
6108.820000000001 1.949028
6110.55 1.932626
6112.2699999999995 1.855516
6114.000000000001 1.86986
6115.7300000000005 1.859136
6117.46 1.85882
6119.179999999999 1.864188
6120.910000000001 1.868445
6122.64 1.873018
6124.37 1.877276
6126.099999999999 1.883104
6127.820000000001 1.881849
6129.55 1.851096
6131.28 1.913072
6133.01 1.870177
6134.7300000000005 1.763261
6136.46 1.795432
6138.19 1.79448
6139.92 1.791956
6141.65 1.80126
6143.37 1.868762
6145.1 1.947612
6146.83 1.894308
6148.5599999999995 1.811041
6150.290000000001 1.836741
6152.01 1.862136
6153.74 1.818452
6155.469999999999 1.748432
6157.200000000001 1.736447
6158.92 1.700023
6160.65 1.669739
6162.379999999999 1.682512
6164.110000000001 1.696232
6165.84 1.787856
6167.5599999999995 1.770514
6169.289999999999 1.68567
6171.02 1.764205
6172.75 1.745748
6174.469999999999 1.777924
6176.2 1.823973
6177.93 1.787228
6179.66 1.777135
6181.39 1.784546
6183.110000000001 1.842422
6184.84 1.846049
6186.57 1.792272
6188.3 1.861187
6190.03 1.829174
6191.75 1.736924
6193.4800000000005 1.762944
6195.21 1.779029
6196.94 1.753633
6198.66 1.826181
6200.39 1.791329
6202.12 1.82208
6203.849999999999 1.813721
6205.580000000001 1.774769
6207.3 1.76988
6209.03 1.823656
6210.759999999999 1.805677
6212.490000000001 1.76499
6214.22 1.75742
6215.94 1.750013
6217.669999999999 1.782657
6219.400000000001 1.775239
6221.13 1.732502
6222.849999999999 1.714371
6224.58 1.656652
6226.31 1.693712
6228.04 1.705539
6229.77 1.717681
6231.49 1.69308
6233.22 1.746855
6234.95 1.689136
6236.68 1.658542
6238.41 1.752374
6240.13 1.754587
6241.860000000001 1.687243
6243.59 1.695443
6245.32 1.591991
6247.04 1.676523
6248.77 1.744807
6250.5 1.67668
6252.23 1.643405
6253.959999999999 1.62069
6255.68 1.687403
6257.41 1.729666
6259.139999999999 1.659647
6260.87 1.686928
6262.59 1.754272
6264.32 1.754429
6266.049999999999 1.761362
6267.78 1.803783
6269.51 1.760415
6271.23 1.862926
6272.96 1.779818
6274.6900000000005 1.740392
6276.42 1.809617
6278.150000000001 1.78328
6279.87 1.816245
6281.6 1.802051
6283.33 1.688822
6285.06 1.802523
6286.78 1.872706
6288.51 1.813878
6290.240000000001 1.768617
6291.97 1.792587
6293.7 1.802679
6295.42 1.77351
6297.150000000001 1.78376
6298.88 1.754112
6300.61 1.785962
6302.339999999999 1.785331
6304.06 1.790067
6305.79 1.799055
6307.5199999999995 1.816717
6309.25 1.78155
6310.97 1.77572
6312.7 1.763098
6314.429999999999 1.820974
6316.16 1.857245
6317.89 1.820027
6319.61 1.827129
6321.34 1.81672
6323.07 1.885945
6324.8 1.921269
6326.530000000001 1.897929
6328.25 1.836589
6329.98 1.7631
6331.71 1.760103
6333.4400000000005 1.836273
6335.16 1.808359
6336.889999999999 1.792115
6338.620000000001 1.856772
6340.35 1.841317
6342.08 1.753793
6343.8 1.824606
6345.530000000001 1.861823
6347.26 1.869702
6348.99 1.914173
6350.710000000001 1.892416
6352.4400000000005 1.937045
6354.17 1.874279
6355.9 1.774769
6357.63 1.783916
6359.35 1.766253
6361.08 1.713738
6362.8099999999995 1.803312
6364.54 1.808831
6366.27 1.742912
6367.99 1.722573
6369.72 1.832958
6371.45 1.941298
6373.18 1.886103
6374.9 1.852045
6376.63 1.858195
6378.36 1.918909
6380.09 1.901877
6381.820000000001 1.873485
6383.54 1.853304
6385.2699999999995 1.870493
6387.0 1.896987
6388.7300000000005 1.846049
6390.45 1.967326
6392.179999999999 1.947613
6393.910000000001 1.795741
6395.64 1.831697
6397.37 1.9096
6399.089999999999 1.832174
6400.820000000001 1.845894
6402.55 1.820977
6404.28 1.873485
6406.009999999999 1.887836
6407.7300000000005 1.912916
6409.46 1.839269
6411.19 1.868443
6412.92 1.873647
6414.64 1.782185
6416.37 1.885316
6418.1 1.863395
6419.83 1.856456
6421.5599999999995 1.901085
6423.28 1.867185
6425.01 1.842741
6426.74 1.908501
6428.469999999999 1.896037
6430.1900000000005 1.87081
6431.92 1.816245
6433.65 1.849047
6435.38 1.858823
6437.110000000001 1.872543
6438.83 1.852678
6440.5599999999995 1.843052
6442.290000000001 1.887051
6444.02 1.873488
6445.75 1.922848
6447.469999999999 1.86545
6449.200000000001 1.826497
6450.93 1.806936
6452.66 1.877428
6454.379999999999 1.853306
6456.110000000001 1.807887
6457.84 1.863398
6459.57 1.879167
6461.3 1.849519
6463.02 1.855985
6464.75 1.886894
6466.48 1.876643
6468.21 1.883266
6469.94 1.985456
6471.66 1.995554
6473.39 1.857407
6475.12 1.863236
6476.849999999999 1.896511
6478.57 1.877276
6480.3 1.926952
6482.03 1.872545
6483.759999999999 1.863871
6485.490000000001 1.939724
6487.21 1.874594
6488.94 1.858665
6490.669999999999 1.891625
6492.400000000001 1.853618
6494.12 1.72557
6495.849999999999 1.733612
6497.579999999999 1.765935
6499.31 1.821604
6501.04 1.86844
6502.759999999999 1.825551
6504.490000000001 1.960385
6506.22 1.916228
6507.95 1.930105
6509.68 1.951704
6511.400000000001 1.94209
6513.13 1.922377
6514.86 1.920011
6516.59 1.916226
6518.31 1.890841
6520.04 1.956287
6521.77 2.004379
6523.5 1.913543
6525.23 1.948079
6526.95 1.957232
6528.68 1.97994
6530.41 2.007064
6532.139999999999 1.943189
6533.870000000001 1.953124
6535.59 1.977258
6537.32 1.934836
6539.049999999999 1.901087
6540.780000000001 1.954074
6542.5 1.978208
6544.23 1.996653
6545.959999999999 1.912598
6547.6900000000005 1.924898
6549.42 1.98987
6551.139999999999 1.973002
6552.87 1.97584
6554.6 1.878696
6556.33 1.807567
6558.049999999999 1.778397
6559.78 1.819399
6561.51 1.785966
6563.24 1.720835
6564.97 1.700964
6566.69 1.775557
6568.42 1.872385
6570.150000000001 1.885947
6571.88 1.882319
6573.61 1.843367
6575.33 1.854253
6577.06 1.947454
6578.79 1.966536
6580.5199999999995 1.963218
6582.240000000001 1.907554
6583.97 1.944772
6585.7 1.919539
6587.429999999999 1.90913
6589.16 1.905818
6590.88 1.902506
6592.61 1.855038
6594.339999999999 1.959436
6596.070000000001 1.932941
6597.79 1.906295
6599.5199999999995 1.95124
6601.25 1.958651
6602.9800000000005 1.916539
6604.71 1.903923
6606.429999999999 1.929475
6608.16 1.961173
6609.89 1.893361
6611.62 1.847469
6613.35 1.867649
6615.07 1.933574
6616.8 1.860242
6618.530000000001 1.858507
6620.26 1.944296
6621.98 1.917493
6623.71 1.885952
6625.4400000000005 1.811826
6627.17 1.853301
6628.9 1.881056
6630.620000000001 1.855356
6632.35 1.895727
6634.08 1.906135
6635.8099999999995 1.907554
6637.530000000001 1.854251
6639.26 1.900615
6640.99 1.823183
6642.719999999999 1.774768
6644.45 1.846679
6646.17 1.845423
6647.9 1.818929
6649.63 1.897143
6651.36 1.881845
6653.09 1.797791
6654.8099999999995 1.850468
6656.54 1.841478
6658.2699999999995 1.828862
6660.0 1.818763
6661.72 1.799055
6663.45 1.79527
6665.18 1.815929
6666.910000000001 1.781234
6668.64 1.739443
6670.36 1.75853
6672.09 1.572468
6673.820000000001 1.348202
6675.55 1.231929
6677.28 1.173563
6679.000000000001 1.207125
6680.7300000000005 1.270095
6682.46 1.420763
6684.19 1.587416
6685.910000000001 1.565358
6687.64 1.566273
6689.37 1.609813
6691.099999999999 1.585212
6692.83 1.588839
6694.55 0.02976766
6705.719999999999 1.797636
6721.18 1.735973
6736.67 1.800476
6752.200000000001 1.75884
6767.7699999999995 1.807408
6783.37 1.815142
6799.01 1.765146
6814.679999999999 1.780759
6830.389999999999 1.821603
6846.13 1.726987
6861.92 1.73834
6877.73 1.741812
6893.59 1.701438
6909.4800000000005 1.73645
6925.41 1.731873
6941.37 1.783915
6957.370000000001 1.820502
6973.41 1.819871
6989.490000000001 1.81924
7005.599999999999 1.764836
7021.75 1.732033
7037.9400000000005 1.808831
7054.160000000001 1.889103
7070.419999999999 1.726199
7086.719999999999 1.786121
7103.0599999999995 1.666269
7119.43 1.654131
7135.84 1.612181
7152.3 1.641508
7168.78 1.659962
7185.31 1.63662
7201.87 1.606028
7218.47 1.692765
7235.110000000001 1.70002
7251.79 1.660595
7268.51 1.64104
7285.27 1.686295
7302.06 1.720993
7318.89 1.712322
7335.76 1.763731
7352.67 1.763102
7369.63 1.714369
7386.61 1.848888
7403.64 1.835484
7420.71 1.764361
7437.820000000001 1.800631
7454.96 1.808199
7472.14 1.828388
7489.37 1.815143
7506.64 1.843842
7523.9400000000005 1.877434
7541.290000000001 1.872225
7558.669999999999 1.841636
7576.09 1.815615
7593.56 1.789908
7611.0599999999995 1.77698
7628.61 1.735818
7646.1900000000005 1.755217
7663.82 1.722412
7681.49 1.702069
7699.1900000000005 1.705224
7716.95 1.700646
7734.73 1.653654
7752.5599999999995 1.645299
7770.44 1.686768
7788.35 1.632679
7806.3 1.635677
7824.299999999999 1.723986
7842.34 1.615646
7860.41 1.679361
7878.530000000001 1.6904
7896.7 1.709165
7914.900000000001 1.66958
7933.139999999999 1.638357
7951.43 1.563987
7969.76 1.640725
7988.13 1.63631
8006.55 1.613124
8025.01 1.70806
8043.5 1.726987
8062.049999999999 1.710427
8080.63 1.644037
8099.26 1.628264
8117.93 1.684722
8136.65 1.703485
8155.400000000001 1.644981
8174.200000000001 1.625426
8193.05 1.598773
8211.93 1.684881
8230.86 1.638356
8249.84 1.699069
8268.86 1.729821
8287.92 1.666584
8307.02 1.639148
8326.17 1.653498
8345.369999999999 1.600351
8364.6 1.64451
8383.890000000001 1.621168
8403.21 1.658229
8422.58 1.601142
8442.0 1.563984
8461.46 1.585056
8480.97 1.566143
8500.52 1.601928
8520.109999999999 1.564697
8539.75 1.553202
8559.44 1.503224
8579.17 1.5661
8598.949999999999 1.565374
8618.77 1.546733
8638.64 1.582058
8658.56 1.506612
8678.51 1.498981
8698.52 1.417719
8718.57 1.560927
8738.67 1.556607
8758.81 1.559445
8779.01 1.591363
8799.24 1.554353
8819.53 1.567973
8839.86 1.596407
8860.24 1.599247
8880.66 1.478117
8901.130000000001 1.480798
8921.66 1.4869
8942.22 1.482755
8962.83 1.451623
8983.5 1.417889
9004.210000000001 1.497703
9024.96 1.346515
9045.77 1.563117
9066.619999999999 1.598773
9087.52 1.450631
9108.47 1.480262
9129.47 1.374427
9150.51 1.461844
9171.6 1.484853
9192.75 1.460359
9213.94 1.479929
9235.18 1.406111
9256.47 1.402152
9277.81 1.543737
9299.19 1.410417
9320.63 1.503572
9342.12 1.502796
9363.65 1.474602
9385.24 1.497767
9406.88 1.469663
9428.56 1.506582
9450.29 1.48512
9472.08 1.518916
9493.92 1.518108
9515.8 1.486192
9537.74 1.4957
9559.720000000001 1.467615
9581.76 1.511407
9603.85 1.489866
9625.99 1.495937
9648.18 1.467835
9670.42 1.47042
9692.71 1.48665
9715.06 1.462078
9737.449999999999 1.444558
9759.9 1.44044
9782.39 1.426455
9804.95 1.462253
9827.550000000001 1.448046
9850.210000000001 1.453927
9872.91 1.44311
9895.67 1.438991
9918.48 1.421723
9941.36 1.430775
9964.269999999999 1.436578
9987.24 1.429168
10033.33 1.430855
10079.640000000001 1.409613
10126.18 1.424309
10172.91 1.406381
10219.869999999999 1.407988
10267.05 1.409595
10290.710000000001 1.399078
10506.19 1.354322
10701.51 1.299332
10900.48 1.258108
11103.130000000001 1.201495
11309.55 1.176845
11493.32 1.166056
11706.99 1.134282
11897.210000000001 1.093248
12090.52 1.070839
12286.99 1.051284
12486.64 1.022628
12689.53 0.9970649
12895.72 0.9743565
13105.26 0.9543748
13287.57 0.9262255
13503.47 0.9093211
13691.33 0.8927295
13913.789999999999 0.8584618
14107.35 0.8217178
14303.61 0.8085805
14502.58 0.8123028
14704.330000000002 0.7829233
14908.89 0.7901776
15116.289999999999 0.7938203
15291.34 0.8048589
15504.06 0.7956493
15683.59 0.7829231
15901.769999999999 0.7563507
16085.9 0.7563504
16309.67 0.7494122
16498.54 0.7391294
16689.579999999998 0.7289897
16882.829999999998 0.7156791
17117.690000000002 0.6977801
17315.91 0.6710029
17516.42 0.648215
17719.26 0.6218942
17883.2 0.5994061
18090.280000000002 0.5711148
18299.760000000002 0.5555495
18511.67 0.5354586
18682.94 0.5125287
18899.29 0.4962694
19118.13 0.4872178
19295.02 0.4695866
19518.45 0.4505209
19699.059999999998 0.4352392
19881.32 0.4204628
20111.539999999997 0.4127827
20297.64 0.3969338
20485.440000000002 0.3905943
20722.649999999998 0.3799495
20914.41 0.3695884
21107.91 0.3620031
21303.230000000003 0.3537709
21500.33 0.3449241
21699.280000000002 0.3332068
21900.07 0.3263783
22102.69 0.3167588
22307.22 0.3074068
22513.61 0.2997267
22721.94 0.2908796
22879.45 0.2604434
23091.14 0.2574628
23304.809999999998 0.224251
23520.43 0.2112091
23683.48 0.214158
23902.600000000002 0.1962117
24123.78 0.189541
24290.980000000003 0.1873806
24515.760000000002 0.1744647
24685.71 0.1716734
24914.109999999997 0.1437872
25086.82 0.1418143
25318.93 0.1427968
25494.44 0.1418144
25671.149999999998 0.1441183
25908.690000000002 0.1414879
26088.269999999997 0.141163
26329.67 0.1373151
26512.17 0.1357444
26695.96 0.1329594
26880.989999999998 0.1308336
27129.73 0.1287425
27317.77 0.1258108
27507.15 0.1240855
27697.8 0.120982
27889.81 0.1193214
28083.12 0.1168739
28277.800000000003 0.1147418
28473.8 0.1123888
28671.15 0.1100833
28869.91 0.1080741
29070.010000000002 0.1058569
29271.530000000002 0.1034473
29474.420000000002 0.1015595
29678.74 0.09970657
29884.45 0.09766117
30091.62 0.09587759
30300.19 0.09412864
30510.239999999998 0.09283706
30721.71 0.09135312
30934.65 0.08968463
31077.460000000003 0.08825113
31292.86 0.08704
31509.79 0.08545194
31728.190000000002 0.08408468
31874.63 0.08274109
32095.59 0.08141798
32318.05 0.08011693
32467.25 0.07883483
32692.29 0.07757474
32918.92 0.07633365
33070.86 0.0751146
33300.07 0.07340361
33530.92 0.07206467
33685.68 0.07074946
33919.2 0.06929862
34075.75 0.06803388
34311.94 0.06679113
34470.34 0.06557216
34709.26 0.06437518
34869.46 0.06305522
35111.18 0.061904
35273.24 0.06063451
35517.759999999995 0.05952746
35681.69 0.05844088
35929.01 0.05724234
36094.88 0.05632769
36261.47 0.05517175
36512.799999999996 0.05404102
36681.37 0.0530538
36935.61 0.0518474
37106.08 0.05078295
37277.39 0.04997075
37535.759999999995 0.04883375
37709.05 0.04816351
37883.1 0.04717629
38057.94 0.04631524
38321.770000000004 0.04557406
38498.64 0.04474298
38676.33 0.04372423
38944.450000000004 0.04292625
39124.19 0.04224027
39304.770000000004 0.0414691
39486.22 0.04052447
39668.47 0.03978486
39943.42 0.03887964
40127.82 0.03834661
40313.030000000006 0.03773315
40499.090000000004 0.03687369
40686.06 0.03628388
40873.840000000004 0.03570354
41062.49 0.03505225
41347.15 0.03449239
41537.98 0.03386317
41729.700000000004 0.03332067
41922.35 0.03271352
42115.840000000004 0.03211585
42310.22 0.03167585
42505.49999999999 0.0310971
42701.729999999996 0.03066973
42898.82000000001 0.02935764
43096.81999999999 0.02803611
43295.78 0.02797144
43495.60999999999 0.026836
43696.36 0.0262257
43898.09 0.02568794
44100.69 0.02487263
44304.240000000005 0.02441844
44508.72 0.02402893
44714.200000000004 0.02337289
44920.58 0.02315842
45127.91 0.02273577
45336.24 0.02227056
45545.49 0.02206555
45650.47 0.02176276
45861.17 0.02112092
46072.89 0.02107203
46285.54 0.02073613
46499.170000000006 0.02045068
46713.84 0.02031032
46929.439999999995 0.01993973
47146.03999999999 0.01962118
47254.72 0.01957544
47472.87 0.01913072
47691.98 0.0189541
47912.100000000006 0.01873805
48133.29 0.01826968
48355.45 0.01831068
48466.909999999996 0.01793536
48690.61 0.01760891
48915.39 0.01736763
49141.15 0.01712792
49254.42999999999 0.01697179
49481.76 0.01666112
49710.200000000004 0.01654758
49939.63 0.0162448
50054.75 0.01602243
50285.83 0.0158395
50517.92 0.01554965
50751.08 0.0153716
50868.07 0.01526579
50985.32 0.01512591
51102.9 0.01498713
51220.7 0.01488399
51338.77 0.01478164
51457.100000000006 0.01464602
51575.72 0.01451182
51694.6 0.01447838
51813.82 0.01437872
51933.25 0.01421408
52052.96 0.01411631
52172.95 0.01401916
52293.21 0.01389063
52413.75 0.01379491
52534.57 0.01370612
52655.719999999994 0.01361544
52777.1 0.01352445
52898.75 0.0134333
53020.69 0.01334199
53142.899999999994 0.01325037
53265.399999999994 0.01315874
53388.18 0.01306665
53511.31 0.01297454
53634.649999999994 0.01288939
53758.29 0.01280407
53882.2 0.01271844
54006.4 0.01263265
54130.89 0.0125467
54255.73 0.0124606
54380.79 0.01237418
54506.14 0.0122876
54631.78 0.0122037
54757.71 0.01212359
54883.93 0.01204317
55010.450000000004 0.01196273
55137.31 0.01188199
55264.4 0.01180109
55391.79 0.01172003
55519.47 0.01163882
55647.450000000004 0.01155729
55775.72 0.0114808
55904.350000000006 0.01140542
56033.21 0.01132973
56162.37 0.01125403
56291.83 0.01117802
56421.590000000004 0.01110184
56551.64 0.01102552
56682.0 0.01094919
56812.72 0.01087365
56943.67 0.01080284
57074.93 0.01073172
57206.5 0.01066059
57338.36 0.01058932
57470.53 0.01051772
57603.0 0.01044613
57735.85 0.01037421
57868.93 0.0103023
58002.32 0.01023354
58136.020000000004 0.01016684
58270.030000000006 0.01009997
58404.350000000006 0.01003295
58539.04 0.009965765
58673.979999999996 0.009898425
58809.22 0.009830934
58944.780000000006 0.009763278
59080.649999999994 0.009695468
59216.84 0.00963286
59353.340000000004 0.009569936
59490.21 0.009507014
59627.340000000004 0.009443933
59764.79 0.009380695
59902.55 0.009317302
60040.630000000005 0.009253746
60179.03 0.009190033
60317.81 0.009128058
60456.85 0.009069077
60596.21 0.00900994
60735.89 0.008950642
60875.89000000001 0.00889119
61016.21 0.008831581
61156.86 0.008771968
61297.89 0.008712043
61439.19 0.008651957
61580.810000000005 0.008595661
61722.76 0.00853999
61865.04 0.008484321
62007.64000000001 0.008428337
62150.64 0.008372354
62293.9 0.008316213
62437.490000000005 0.008260073
62581.420000000006 0.008203612
62725.67 0.008147944
62870.26 0.008095744
63015.18 0.008043388
63160.5 0.007990718
63306.09 0.007938203
63452.01 0.007885373
63598.280000000006 0.007832541
63744.880000000005 0.007779557
63891.81 0.00772641
64039.09 0.007675629
64186.77 0.00762627
64334.73 0.007576906
64483.03 0.00752739
64631.670000000006 0.007477872
64780.64 0.007428039
64929.96 0.007378206
65079.700000000004 0.007328374
65229.72 0.007278223
65380.079999999994 0.00723186
65530.79 0.007185493
65681.84 0.007138973
65833.24 0.00709229
65984.99 0.007045614
66137.16 0.00699862
66289.62 0.006951624
66442.42 0.006904628
66595.57 0.006858897
66749.08 0.006815213
66902.94 0.006771372
67057.23 0.006727533
67211.8 0.006683532
67366.73 0.006639534
67522.01000000001 0.006595377
67677.66 0.006551063
67833.66 0.006506592
67990.02 0.006464956
68146.82 0.00642364
68303.90000000001 0.00638248
68461.34 0.006341005
68619.15 0.006299688
68777.31999999999 0.006258056
68935.86 0.006216422
69094.84 0.00617463
69254.11 0.00613347
69413.73999999999 0.006094677
69573.75 0.006055881
69734.12 0.00601693
69894.86 0.005977979
70055.98 0.005938867
70217.54 0.005899601
70379.39 0.005860332
70541.62 0.005820908
70704.22 0.005783375
70867.2 0.005746786
71030.56 0.0057102
71194.29000000001 0.005673455
71358.47 0.005636711
71522.95999999999 0.00559981
71687.83 0.00556275
71853.06999999999 0.005525691
72018.70000000001 0.005488631
72184.71 0.005454251
72351.17 0.005419714
72517.95 0.005385178
72685.11 0.005350642
72852.65 0.005315949
73020.58 0.005281096
73188.9 0.005246244
73357.61 0.005211234
73526.78 0.005177329
73696.27 0.005144841
73866.14 0.005112355
74036.41 0.005079712
74207.07 0.005047067
74378.12 0.005014266
74549.65 0.004981463
74721.49 0.004948504
74893.73 0.004915545
75066.37 0.004884635
75239.4 0.004853884
75412.83 0.00482329
75586.66 0.004792538
75760.98 0.004761629
75935.61 0.004730718
76110.65 0.00469981
76286.09 0.004668742
76461.93000000001 0.004638149
76638.19 0.004609288
76814.84 0.004580272
76991.99 0.004551412
77169.46 0.004522396
77347.34000000001 0.004493221
77525.63 0.004464047
77704.34 0.004434871
77883.45 0.004405539
78063.06 0.004377468
78243.0 0.004350344
78423.36 0.004323062
78604.13 0.004295622
78785.31999999999 0.004268182
78966.92 0.004240742
79148.94 0.004213302
79331.48 0.004185547
79514.34 0.004157949
79697.63 0.0041324
79881.34 0.004106695
80065.47 0.004080833
80250.02 0.004055127
80435.09999999999 0.004029106
80620.5 0.004003244
80806.34 0.003977223
80992.59999999999 0.003951203
81179.29999999999 0.003925813
81366.42 0.003901684
81553.98 0.003877399
81742.06 0.003853111
81930.48 0.003828669
82119.33 0.003804225
82308.62 0.003779781
82498.34999999999 0.00375518
82688.52 0.003730578
82879.21 0.003707396
83070.25 0.00368453
83261.74 0.003661662
83453.66 0.003638638
83646.03000000001 0.003615614
83838.84 0.003592589
84032.09 0.003569407
84225.87999999999 0.003546225
84420.03 0.003523359
84614.62 0.003501754
84809.67 0.003480149
85005.15999999999 0.003458544
85201.1 0.003436781
85397.49 0.003415019
85594.43999999999 0.003393255
85791.74 0.003371335
85989.5 0.003349415
86187.71 0.003328598
86386.37 0.003308098
86585.5 0.003287753
86785.18000000001 0.003267253
86985.23 0.003246752
87185.73 0.00322625
87386.71 0.003205591
87588.13999999998 0.003184933
87790.03 0.003164273
87992.39 0.003145035
88195.32 0.003125795
88398.62 0.003106555
88602.39 0.003087315
88806.62 0.003067919
89011.32 0.003048521
89216.5 0.003028966
89422.25 0.003009411
89628.37000000001 0.002990487
89834.98000000001 0.002972352
90042.05 0.002954216
90249.6 0.002935922
90457.64 0.002917628
90666.14 0.002899336
90875.24 0.002881042
91084.70999999999 0.002862591
91294.67 0.00284414
91505.11 0.002826793
91716.04000000001 0.002809604
91927.45 0.002792414
92139.45000000001 0.002775224
92351.84 0.002757878
92564.70999999999 0.002740688
92778.08 0.002723342
92991.94 0.002705837
93206.29999999999 0.002688647
93421.15 0.002672561
93636.57999999999 0.002656319
93852.43 0.002640075
94068.76000000001 0.002623832
94285.59999999999 0.002607431
94502.93000000001 0.00259103
94720.77 0.002574629
94939.11 0.002558228
95158.05 0.002542458
95377.4 0.002527161
95597.25 0.002511864
95817.61 0.002496409
96038.47 0.002481112
96259.85 0.002465657
96481.84000000001 0.002450203
96704.24 0.00243459
96927.15 0.002419136
97150.56999999999 0.002404627
97374.51 0.002390119
97598.97 0.002375768
97823.94 0.002361102
98049.54000000001 0.002346594
98275.55 0.002331927
98502.08 0.002317418
98729.13 0.002302752
98956.71999999999 0.002288401
99184.81999999999 0.002274681
99413.55 0.002261119
99642.71 0.002247399
99872.39 0.002233521
100102.61 0.002219801
100333.34999999999 0.002205923
100564.63 0.002192203
100796.43000000001 0.002178326
101028.89 0.002165237
101261.77 0.002152305
101495.18000000001 0.002139374
101729.14 0.002126284
101963.63 0.002113353
102198.66 0.002100264
102434.23999999999 0.002087174
102670.46 0.002074086
102907.13 0.002061154
103144.34 0.002049011
103382.09000000001 0.00203671
103620.40000000001 0.002024568
103859.25 0.002012266
104098.77 0.001999965
104338.71999999999 0.001987508
104579.23 0.001975207
104820.29000000001 0.001962749
105061.90999999999 0.001950921
105304.09000000001 0.001939408
105546.81999999999 0.001927897
105790.23 0.001916226
106034.08 0.001904557
106278.5 0.001892887
106523.48 0.001881217
106769.02 0.001869547
107015.13 0.001857877
107261.93000000001 0.001846996
107509.17 0.001835956
107756.98999999999 0.001825075
108005.37000000001 0.001814037
108254.34 0.001803155
108503.87 0.001792116
108753.98000000001 0.001781077
109004.79000000001 0.00176988
109256.04999999999 0.001759156
109507.89 0.001748748
109760.32 0.001738498
110013.31999999999 0.001728089
110266.90999999999 0.001717681
110521.2 0.001707273
110775.95999999999 0.001696865
111031.31 0.001686456
111287.24 0.00167589
111543.77 0.001665955
111800.89 0.001656177
112058.59 0.0016464
112317.02 0.001636622
112575.92000000001 0.001626845
112835.40999999999 0.00161691
113095.51000000001 0.001606975
113356.20000000001 0.001597197
113617.5 0.001587262
113879.39 0.001578116
114142.01999999999 0.001568842
114405.12 0.00155957
114668.82999999999 0.001550265
114933.15000000001 0.001540945
115198.07999999999 0.001531609
115463.62 0.001522242
115729.90000000001 0.001512859
115996.67 0.00150387
116264.05 0.001495117
116532.04000000001 0.001486349
116800.66 0.001477565
117069.89 0.00146875
117339.74999999999 0.001459934
117610.36 0.001451071
117881.45 0.001442208
118153.18 0.00143333
118425.53 0.001425051
118698.51000000001 0.001416771
118972.12 0.00140846
119246.48 0.001400134
119521.36 0.001391791
119796.87 0.001383433
120073.00000000001 0.001375044
120349.78000000001 0.001366654
120627.20000000001 0.001358469
120905.25 0.001350631
121184.08 0.001342778
121463.42000000001 0.001334908
121743.40000000001 0.001327024
122024.03 0.001319123
122305.3 0.001311191
122587.22 0.001303258
122869.93000000001 0.001295294
123153.15 0.001287772
123437.03 0.001280344
123721.56 0.001272901
124006.75 0.001265441
124292.59 0.001257966
124579.1 0.001250475
124866.4 0.001242969
125154.21999999999 0.001235447
125442.71 0.001228003
125731.86 0.001220985
126021.68000000001 0.001213952
126312.18000000001 0.001206887
126603.33 0.001199822
126895.29999999999 0.001192741
127187.81 0.001185629
127480.98000000001 0.001178517
127774.83 0.001171388
128069.37 0.001164544
128364.56999999999 0.001157889
128660.59999999999 0.001151203
128957.17 0.001144516
129254.44 0.001137814
129552.37000000001 0.001131096
129850.99999999999 0.001124378
130150.31999999999 0.001117628
130450.31 0.001110863
130751.15999999999 0.001104555
131052.56000000001 0.001098246
131354.63 0.001091923
131657.44 0.001085583
131960.91 0.001079228
132265.06 0.001072857
132570.11000000002 0.00106647
132875.69 0.001060083
133181.98 0.001053838
133488.97 0.001047877
133796.66999999998 0.001041884
134105.09 0.001035891
134414.2 0.001029883
134724.19 0.001023843
135034.73 0.001017819
135346.0 0.001011763
135657.97999999998 0.001005692
135970.69 0.0009999514
136284.09 0.0009942901
136598.25 0.0009886127
136913.27 0.0009829198
137228.86000000002 0.0009772108
137545.19 0.0009715021
137862.23 0.0009657776
138180.02 0.0009600374
138498.55 0.0009543599
138817.94 0.0009489982
139137.91 0.0009436206
139458.66 0.0009382428
139780.11000000002 0.0009328338
140102.31 0.0009274247
140425.25 0.0009219998
140748.94 0.0009165749
141073.53 0.0009111184
141398.7 0.0009058986
141724.66 0.0009008046
142051.34 0.000895711
142378.78 0.0008906014
142706.97 0.0008854762
143036.08000000002 0.0008803509
143365.78 0.0008751941
143696.25 0.0008700371
144027.48 0.0008648805
144359.48 0.0008600547
144692.22999999998 0.0008552292
145025.77000000002 0.0008503876
145360.2 0.0008455463
145695.30000000002 0.0008406889
146031.12 0.0008358161
146367.73 0.0008309273
146705.13 0.0008260386
147043.28 0.0008212603
147382.41 0.0008167027
147722.13 0.0008121136
148062.64 0.0008075244
148403.91999999998 0.0008029197
148746.0 0.0007983148
149088.88 0.0007936784
149432.53 0.0007890578
149777.16 0.0007844054
150122.38999999998 0.0007800057
150468.44999999998 0.0007756688
150815.30000000002 0.0007713162
151162.91999999998 0.0007669638
151511.36 0.0007625954
151860.63 0.0007582113
152210.83 0.0007538273
152561.69 0.0007494274
152913.34 0.0007450749
153265.81 0.0007409589
153619.13 0.0007368428
153973.22 0.000732711
154328.3 0.0007285793
154684.05000000002 0.0007244317
155040.59 0.0007202685
155397.97 0.0007161052
155756.19 0.000711926
156115.2 0.0007079205
156475.06 0.0007040095
156835.92 0.0007000985
157197.44999999998 0.0006961717
157559.8 0.000692245
157922.98 0.0006883024
158287.0 0.0006843599
158651.88 0.0006804015
159017.73 0.0006764276
159384.30000000002 0.0006727372
159751.69 0.0006690314
160119.91999999998 0.0006653095
160489.02 0.0006615878
160858.94 0.0006578504
161229.73 0.0006541129
161601.56 0.0006503596
161974.06 0.0006466062
162347.44 0.0006429475
162721.65999999997 0.0006394309
163096.73 0.0006359141
163472.69 0.0006323816
163849.69 0.0006288332
164227.37999999998 0.000625285
164605.91999999998 0.0006217368
164985.34 0.0006181728
165365.66 0.0006146086
165746.83000000002 0.0006112181
166128.88999999998 0.0006078906
166512.02000000002 0.0006045316
166895.84 0.0006011883
167280.55000000002 0.0005978292
167666.13 0.0005944546
168052.63 0.0005910797
168440.0 0.0005876891
168828.25 0.0005843458
169217.59000000003 0.0005811761
169607.66 0.0005780063
169998.63 0.0005748365
170390.48 0.0005716508
170783.23 0.0005684496
171176.91 0.0005652483
171571.69 0.0005620311
171967.15999999997 0.000558814
172363.56 0.000555723
172760.86 0.0005527267
173159.09000000003 0.0005497146
173558.23 0.0005466869
173958.3 0.000543659
174359.47 0.0005406153
174761.38999999998 0.0005375716
175164.23 0.000534528
175568.0 0.0005314686
175972.69 0.0005286143
176378.31 0.0005257599
176785.08000000002 0.0005228897
177192.58 0.0005200196
177601.02 0.0005171336
178010.41 0.0005142477
178420.72999999998 0.0005113617
178832.0 0.0005084601
179244.22 0.0005056372
179657.59 0.0005029248
180071.72 0.0005002122
180486.80000000002 0.000497484
180902.81 0.0004947559
181319.83000000002 0.0004920118
181737.77000000002 0.0004892678
182156.68999999997 0.0004865238
182576.77000000002 0.0004837641
182997.62000000002 0.0004811463
183419.44999999998 0.0004785756
183842.25 0.0004759894
184266.02 0.0004733873
184690.77 0.0004708011
185116.69 0.0004681989
185543.41 0.0004655811
185971.09 0.0004629632
186399.77 0.000460377
186829.44 0.0004579326
187260.08000000002 0.0004554882
187691.72999999998 0.0004530281
188124.59 0.0004505679
188558.23 0.000448092
188992.87000000002 0.0004456161
189428.5 0.0004431402
189865.16 0.0004406485
190302.81 0.0004382515
190741.66999999998 0.0004359333
191181.34000000003 0.0004335993
191622.05 0.0004312495
192063.72999999998 0.0004289156
192506.44999999998 0.0004265658
192950.19 0.0004242003
193394.94999999998 0.0004218506
193840.94999999998 0.0004194851
194287.77 0.0004172773
194735.62000000002 0.0004150536
195184.5 0.0004128301
195634.41999999998 0.0004106065
196085.38 0.0004083829
196537.58 0.0004061435
196990.61000000002 0.0004039042
197444.68999999997 0.0004016648
197899.81 0.0003994728
198355.98 0.0003973596
198813.19999999998 0.0003952622
199271.47999999998 0.000393149
199731.05000000002 0.0003910358
200191.44 0.0003889068
200652.90999999997 0.0003867778
201115.41 0.0003846489
201579.00000000003 0.0003825199
202043.66 0.0003804855
202509.38 0.0003784828
202976.40999999997 0.0003764799
203444.28 0.0003744771
203913.23 0.0003724585
204383.27000000002 0.00037044
204854.37000000002 0.0003684056
205326.58000000002 0.0003663871
205800.09 0.0003643685
206274.48 0.0003624761
206749.94999999998 0.0003605679
207226.53 0.0003586597
207704.2 0.0003567515
208182.97999999998 0.0003548275
208662.86 0.0003529036
209144.06 0.0003509797
209626.16 0.0003490558
210109.38 0.0003471948
210593.69 0.0003453813
211079.11000000002 0.0003435677
211565.66999999998 0.0003417542
212053.58000000002 0.0003399248
212542.38 0.0003381112
213032.3 0.0003362819
213523.34 0.0003344368
214015.53 0.0003326075
214508.86000000002 0.0003308886
215003.31 0.0003291539
215499.14 0.0003274349
215995.89 0.0003257002
216493.78 0.0003239654
216992.80000000002 0.0003222308
217492.97999999998 0.0003204803
217994.34000000003 0.0003187455
218497.06 0.0003170424
219000.69999999998 0.0003154023
219505.53 0.0003137622
220011.5 0.0003121221
220518.63999999998 0.0003104663
221026.95 0.0003088104
221536.45 0.0003071545
222047.34 0.0003054986
222559.17 0.0003038428
223072.19 0.0003022658
223586.38 0.0003007046
224101.77000000002 0.0002991433
224618.33 0.0002975663
225136.09 0.0002960051
225655.31 0.000294428
226175.45 0.0002928511
226696.81 0.000291274
227219.36 0.0002897128
227743.11000000002 0.0002882304
228268.08 0.0002867322
228794.49999999997 0.0002852498
229321.91 0.0002837516
229850.5 0.0002822693
230380.31 0.0002807711
230911.34 0.0002792572
231443.62 0.0002777591
231977.13 0.0002763082
232512.09 0.0002748889
233048.06 0.0002734853
233585.23 0.000272066
234123.69000000003 0.0002706467
234663.36 0.0002692116
235204.27000000002 0.0002677923
235746.69 0.0002663572
236290.09 0.0002649222
236834.77 0.0002635817
237380.69 0.0002622255
237927.88 0.000260885
238476.3 0.0002595288
239026.02000000002 0.0002581726
239577.25 0.0002568163
240129.48 0.0002554601
240683.0 0.0002540881
241237.8 0.0002527634
241793.86000000002 0.000251486
242351.19999999998 0.0002502087
242909.86000000002 0.0002489155
243470.05 0.0002476223
244031.27000000002 0.0002463292
244593.77 0.0002450361
245157.58000000002 0.0002437429
245722.68999999997 0.0002424497
246289.09 0.0002412039
246857.06 0.0002399896
247426.09000000003 0.0002387753
247996.44 0.0002375452
248568.08000000002 0.0002363152
249141.05 0.0002350851
249715.33000000002 0.000233855
256121.13 0.000220892
262087.08000000002 0.0002098687
268191.72 0.0001994289
274438.84 0.0001895252
280831.19 0.0001801578
287372.72000000003 0.0001712792
294066.34 0.0001628738
300916.19 0.0001549745
307925.25 0.000147479
315097.91 0.0001403714
322437.27999999997 0.0001336281
329948.0 0.0001272301
337633.28 0.0003301631
