100.04 2.107684e-11
101.89999999999999 2.721366e-11
104.03 3.302335e-11
105.96 4.091506e-11
107.93 5.079791e-11
109.94 7.291552e-11
114.07000000000001 1.05641e-10
118.07 1.451645e-10
121.1 3.154113e-10
125.07000000000001 4.283786e-10
127.10000000000001 4.941599e-10
127.98 5.319272e-10
130.97 6.483601e-10
131.87 7.225573e-10
134.02 8.181698e-10
137.14000000000001 1.025188e-09
140.01 1.224148e-09
142.94 1.785914e-09
146.95 2.545672e-09
151.06 3.132477e-09
154.94 3.835619e-09
158.91 4.654308e-09
161.87 5.343421e-09
166.01999999999998 6.394936e-09
169.89000000000001 7.565675e-09
173.04 8.547957e-09
177.07 9.997114e-09
179.95000000000002 1.119046e-08
182.04000000000002 1.204564e-08
185.85 1.389403e-08
191.05 1.640177e-08
194.16 1.810717e-08
198.22 2.055203e-08
201.91 2.311197e-08
205.19 2.522598e-08
209.96999999999997 2.856596e-08
215.85 3.395049e-08
219.85999999999999 3.757184e-08
222.92 4.035271e-08
227.07000000000002 4.444636e-08
230.23 1.188002e-07
233.97 1.685926e-07
239.97 2.031742e-07
246.13 2.117424e-07
251.86 2.290105e-07
257.13 2.14704e-07
260.11 2.414727e-07
263.73 2.557654e-07
269.25 2.65977e-07
274.26 2.753217e-07
278.71 2.843413e-07
283.89 2.936807e-07
289.84 2.970571e-07
295.90999999999997 3.11057e-07
300.72 3.110585e-07
307.72 3.27229e-07
317.8 3.498226e-07
328.21000000000004 3.646318e-07
338.19 3.791687e-07
347.65999999999997 3.934251e-07
357.40000000000003 4.091316e-07
365.73 4.283978e-07
375.11 4.424309e-07
384.73 4.558837e-07
394.6 4.8849e-07
404.72 5.174306e-07
414.15 5.480737e-07
421.85 5.739158e-07
429.69 6.065334e-07
440.71 6.681241e-07
450.98 7.275275e-07
460.42 7.84972e-07
470.06 8.746932e-07
479.90999999999997 9.813866e-07
489.95 1.093601e-06
500.21000000000004 1.255619e-06
506.01 4.205735e-06
511.87000000000006 1.458279e-05
520.1800000000001 1.471776e-05
529.85 1.509563e-05
539.6999999999999 1.431741e-05
549.74 1.78587e-05
559.9599999999999 2.112794e-05
570.37 2.316553e-05
579.64 2.237909e-05
590.4100000000001 2.575483e-05
600.01 2.593164e-05
609.76 2.943388e-05
619.66 3.333136e-05
629.73 3.522547e-05
639.9599999999999 3.637904e-05
650.36 3.943294e-05
657.89 4.081765e-05
665.51 4.343648e-05
674.77 4.537733e-05
685.7299999999999 4.485963e-05
695.2700000000001 5.258473e-05
704.95 5.09148e-05
716.4 5.940735e-05
726.3699999999999 6.163774e-05
734.78 6.439503e-05
745.0 6.884179e-05
755.36 7.208581e-05
765.87 7.530963e-05
774.74 7.995589e-05
785.52 8.528018e-05
794.61 8.848195e-05
805.67 9.180124e-05
815.0 9.502578e-05
824.4300000000001 0.0001013567
835.9 9.350915e-05
845.5799999999999 0.0001076104
855.37 0.0001116493
865.28 0.0001174474
875.3 0.0001232669
885.43 0.0001296761
895.6899999999999 0.0001351639
903.97 0.000137986
914.4399999999999 0.0001940265
925.03 0.001076092
935.74 0.002207238
944.4 0.004333655
955.3399999999999 0.005752297
964.1800000000001 0.007093258
975.3399999999999 0.002212289
984.36 0.007670953
995.76 0.007513626
1004.98 0.008666544
1014.2800000000001 0.007831515
1026.02 0.003310193
1035.51 0.006589551
1045.1000000000001 0.009746455
1054.77 0.009657063
1064.53 0.008626695
1074.38 0.009437343
1084.32 0.008449785
1094.3500000000001 0.009590626
1104.48 0.00915889
1114.7 0.009095801
1125.01 0.008411007
1135.42 0.00928637
1145.92 0.008726712
1153.8700000000001 0.008971066
1164.54 0.009096009
1175.32 0.007325734
1186.2 0.008787038
1194.42 0.007600555
1205.47 0.006178004
1213.8300000000002 0.003089147
1225.06 0.006528997
1236.39 0.008257537
1244.96 0.008606913
1253.59 0.008488831
1265.1899999999998 0.008106714
1273.96 0.008706574
1285.75 0.008746708
1294.66 0.007922254
1303.64 0.007940424
1315.6999999999998 0.008567403
1324.82 0.008276398
1334.0 0.007885899
1346.3400000000001 0.008276499
1355.6799999999998 0.008200589
1365.07 0.007849624
1374.54 0.007849527
1384.06 0.007885926
1393.6599999999999 0.007109574
1406.55 0.007258605
1416.3 0.007548265
1426.12 0.007461779
1436.01 0.00747904
1442.63 0.007583134
1445.96 0.007530931
1455.98 0.007427546
1466.07 0.007192026
1476.24 0.007142438
1486.47 0.007076953
1493.33 0.007044526
1503.68 0.006805374
1510.6200000000001 0.006454239
1517.6000000000001 0.006604574
1524.6000000000001 0.006574278
1535.1699999999998 0.006107229
1545.81 0.006178077
1556.5300000000002 0.005968189
1563.71 0.006107265
1574.5500000000002 0.006278399
1585.46 0.006307435
1596.45 0.006336515
1603.82 0.006163824
1614.94 0.006121372
1626.13 0.006023584
1633.64 0.006135504
1644.96 0.006065219
1656.3700000000001 0.00594078
1664.01 0.006107302
1671.69 0.005859303
1675.5400000000002 0.006093179
1683.28 0.006079164
1694.95 0.005913544
1706.6999999999998 0.005765622
1714.57 0.005608487
1726.46 0.005557085
1734.43 0.005673412
1746.45 0.005557092
1754.51 0.00564735
1766.6699999999998 0.005405723
1774.83 0.005430623
1783.02 0.005443115
1795.38 0.005506182
1803.67 0.005493426
1816.17 0.005270433
1824.55 0.005306974
1832.9699999999998 0.005210153
1845.68 0.004941384
1854.2 0.004896013
1867.0500000000002 0.004941376
1875.67 0.005079793
1884.33 0.00478457
1893.02 0.004601023
1906.15 0.004806722
1914.94 0.004643577
1923.78 0.004548383
1937.12 0.004643561
1946.06 0.004729789
1955.0400000000002 0.004475542
1968.5900000000001 0.004664964
1977.68 0.004751743
1982.24 0.004558817
1995.98 0.004455018
2005.19 0.004516986
2014.45 0.00448589
2023.75 0.004548317
2033.09 0.00438373
2047.18 0.004393816
2056.63 0.004215501
2066.12 0.004264242
2075.66 0.004424312
2085.24 0.004313748
2094.87 0.00416725
2104.53 0.004225224
2114.25 0.004215493
2124.01 0.004244712
2133.81 0.004138555
2143.66 0.004091208
2153.56 0.004138523
2163.5 0.004062966
2173.48 0.004035048
2183.5099999999998 0.003988832
2193.59 0.004035051
2203.7200000000003 0.003961381
2213.89 0.003889096
2224.11 0.003818068
2234.37 0.003871213
2244.69 0.003818035
2255.05 0.003739863
2265.46 0.003748393
2275.92 0.003748392
2286.42 0.003748424
2296.9700000000003 0.003638355
2307.58 0.003650443
2312.9 0.003593866
2323.57 0.003221006
2334.3 0.003494909
2345.0699999999997 0.003426649
2355.9 0.003485836
2366.77 0.003394405
2377.7000000000003 0.003413543
2383.18 0.003314558
2394.18 0.003364046
2405.23 0.00330614
2416.33 0.00330198
2427.48 0.003335977
2433.08 0.003261674
2444.31 0.003295293
2455.59 0.003276173
2466.93 0.003234583
2472.61 0.003191915
2484.03 0.003210044
2495.49 0.003075818
2507.01 0.003202123
2512.79 0.003080846
2518.5800000000004 0.003125297
2524.3900000000003 0.003069884
2536.04 0.003045068
2547.7499999999995 0.003020379
2553.62 0.003071151
2565.4100000000003 0.003039282
2577.25 0.003063706
2583.19 0.003051235
2595.11 0.003026567
2607.09 0.002981476
2613.1 0.002955782
2625.1600000000003 0.002965872
2637.28 0.002962337
2643.36 0.003032981
2655.56 0.003022395
2667.82 0.002950123
2673.97 0.002965483
2686.31 0.00296197
2692.5 0.002896102
2704.93 0.002906042
2717.4199999999996 0.002856289
2723.68 0.0028252
2736.25 0.002854659
2742.56 0.002740306
2755.22 0.002743466
2767.94 0.002759198
2774.32 0.002792817
2787.1200000000003 0.002751269
2793.55 0.002569165
2806.44 0.00262597
2812.9100000000003 0.002738802
2825.89 0.002729366
2832.4100000000003 0.002681128
2845.48 0.002665773
2852.04 0.002630758
2865.21 0.002676588
2871.8100000000004 0.002659851
2885.07 0.002650648
2891.72 0.002640064
2911.7599999999998 0.00266313
2931.95 0.002613243
2952.27 0.002570175
2972.73 0.002563015
2993.3399999999997 0.002538314
3007.16 0.00251817
3028.0 0.002499657
3048.99 0.002475602
3070.12 0.002446148
3091.41 0.002422707
3112.83 0.002404962
3127.2 0.002369578
3148.88 0.002346907
3170.71 0.002335177
3192.69 0.002275872
3207.42 0.00228406
3229.65 0.002241504
3252.04 0.00225107
3267.05 0.002253967
3289.7 0.002232553
3312.5 0.002211264
3320.14 0.002207619
3327.79 0.002219325
3335.46 0.002220842
3343.1499999999996 0.002093152
3350.86 0.002178151
3358.58 0.002086226
3366.3300000000004 0.002106986
3374.09 0.002065182
3381.8599999999997 0.002061788
3389.66 0.002145527
3397.4700000000003 0.002142007
3405.31 0.002080167
3413.1600000000003 0.002091243
3421.02 0.002151205
3428.91 0.002128027
3436.81 0.002144278
3444.7400000000002 0.002053851
3452.6800000000003 0.00217197
3460.64 0.002061406
3468.6099999999997 0.002062797
3476.61 0.00205473
3484.63 0.00203256
3492.6600000000003 0.002086086
3500.71 0.00205889
3508.78 0.002013421
3516.8700000000003 0.001991765
3524.9799999999996 0.002034828
3533.1 0.002069339
3541.2500000000005 0.002075502
3549.41 0.002110643
3557.59 0.002083194
3565.79 0.002103852
3574.01 0.002010528
3582.25 0.001952603
3590.51 0.001900712
3598.79 0.001982573
3607.08 0.001988496
3615.3999999999996 0.002008261
3623.73 0.002023629
3632.09 0.002135199
3640.4599999999996 0.002035842
3648.8500000000004 0.002032571
3657.2599999999998 0.002062285
3665.6899999999996 0.00204491
3672.09 0.002032566
3674.83 0.00290164
3677.58 0.002601784
3680.32 0.002270081
3683.07 0.001972998
3685.81 0.001428969
3688.56 0.002580122
3691.3 0.002607078
3694.0499999999997 0.002261383
3696.79 0.002038487
3699.5299999999997 0.00172945
3702.28 0.001652878
3705.02 0.002367556
3707.7700000000004 0.002193384
3710.51 0.002087605
3713.2599999999998 0.002021987
3716.0 0.002431529
3718.75 0.003621845
3721.4900000000002 0.007029116
3724.24 0.01347487
3726.9799999999996 0.01938623
3729.73 0.01870739
3732.47 0.01236845
3735.21 0.006048607
3737.96 0.003108167
3740.7000000000003 0.002493995
3743.45 0.002693593
3746.1899999999996 0.002227266
3748.94 0.001987105
3751.68 0.00203232
3754.4300000000003 0.00194139
3757.17 0.002061158
3759.92 0.002153839
3762.66 0.002229027
3765.4100000000003 0.002658705
3768.15 0.001863441
3770.8999999999996 0.002482775
3773.64 0.002134575
3776.3799999999997 0.002019603
3779.13 0.001992269
3781.87 0.002221851
3784.6200000000003 0.001770499
3787.36 0.001851731
3790.1099999999997 0.002150692
3792.85 0.002527617
3795.6 0.002302819
3798.34 0.002735281
3801.0899999999997 0.003043054
3803.8300000000004 0.002376117
3806.58 0.001830693
3809.3199999999997 0.002046044
3812.07 0.002091249
3814.81 0.002085713
3817.55 0.001874023
3820.2999999999997 0.002041635
3823.04 0.002737047
3825.79 0.002498899
3828.53 0.001713959
3831.28 0.001959525
3834.02 0.002674834
3836.77 0.002387068
3839.5099999999998 0.002221471
3842.26 0.001555403
3845.0 0.001944038
3847.75 0.002499777
3850.49 0.002161777
3853.24 0.002153334
3855.98 0.002067704
3858.72 0.001835865
3861.4700000000003 0.002947223
3864.21 0.004988997
3866.96 0.007206294
3869.7 0.007893154
3872.4500000000003 0.00612213
3875.19 0.003846521
3877.94 0.002635787
3880.6800000000003 0.002272474
3883.43 0.002623948
3886.17 0.003971697
3888.92 0.004689758
3891.6600000000003 0.004363475
3894.41 0.003082973
3897.1499999999996 0.002222854
3899.89 0.00190538
3902.64 0.001614846
3905.38 0.001664594
3908.13 0.001869735
3910.8700000000003 0.001957641
3913.62 0.002294885
3916.3599999999997 0.002409491
3919.11 0.002098303
3921.85 0.002039371
3924.6 0.001952723
3927.34 0.001834098
3930.09 0.001935218
3932.83 0.001869359
3935.5800000000004 0.00158676
3938.32 0.0015782
3941.06 0.001715094
3943.81 0.002018085
3946.5499999999997 0.001629836
3949.3 0.002092763
3952.04 0.00214969
3954.7900000000004 0.00176735
3957.53 0.001745946
3960.2799999999997 0.001960028
3963.02 0.002982614
3965.77 0.004648327
3968.51 0.005179148
3971.2599999999998 0.004686609
3973.9999999999995 0.003664039
3976.75 0.002723685
3979.49 0.002309496
3982.23 0.001935856
3984.98 0.001790523
3987.7200000000003 0.002051336
3990.47 0.002155856
3993.21 0.002082064
3995.96 0.001888876
3998.7 0.002524846
4001.45 0.002097295
4004.19 0.001899584
4006.94 0.001708664
4009.68 0.002084202
4012.4300000000003 0.00210019
4015.17 0.0023537
4017.9199999999996 0.002271711
4020.66 0.00228431
4023.3999999999996 0.002368942
4026.15 0.002062792
4028.89 0.002282425
4031.6400000000003 0.002421576
4034.38 0.002197797
4037.13 0.002333043
4039.87 0.002101079
4042.62 0.001965947
4045.36 0.001688519
4048.1099999999997 0.002088227
4050.85 0.002211395
4053.6 0.002337197
4056.34 0.002169962
4059.09 0.002201692
4061.8300000000004 0.00226353
4064.57 0.002188101
4067.3199999999997 0.002246906
4070.06 0.002243889
4072.81 0.002620046
4075.55 0.002325745
4078.3 0.002284937
4081.0400000000004 0.002044283
4083.79 0.002415025
4086.5299999999997 0.002177772
4089.28 0.001932825
4092.02 0.001902858
4094.77 0.002643719
4097.51 0.004081509
4100.25 0.005293884
4103.0 0.005376609
4105.74 0.004230118
4108.49 0.002882618
4111.2300000000005 0.002342747
4113.98 0.002017203
4116.72 0.00210385
4119.47 0.002409863
4122.21 0.001828936
4124.96 0.001872126
4127.7 0.001812186
4130.45 0.002003474
4133.19 0.002085462
4135.9400000000005 0.001843664
4138.68 0.001906761
4141.42 0.002042522
4144.17 0.002074126
4146.91 0.002370327
4149.66 0.002108001
4152.4 0.002293759
4155.150000000001 0.001767981
4157.89 0.002048817
4160.64 0.002168952
4163.38 0.00197993
4166.13 0.002026143
4168.87 0.001801607
4171.62 0.002332538
4174.36 0.001969099
4177.11 0.001902979
4179.85 0.002027027
4182.59 0.001840524
4185.34 0.001939125
4188.08 0.001942907
4190.83 0.002469305
4193.57 0.00208156
4196.32 0.002069717
4199.06 0.002281794
4201.81 0.002131424
4204.55 0.001986605
4207.3 0.001790521
4210.04 0.001896939
4212.79 0.001881445
4215.53 0.001946053
4218.28 0.002269571
4221.0199999999995 0.002015442
4223.759999999999 0.002237594
4226.51 0.001841149
4229.25 0.001682476
4232.0 0.002080548
4234.74 0.002228776
4237.49 0.001893914
4240.23 0.001881199
4242.9800000000005 0.001901847
4245.72 0.0019759
4248.469999999999 0.002036091
4251.21 0.001746952
4253.96 0.002090242
4256.7 0.001926281
4259.45 0.001724279
4262.1900000000005 0.001545205
4264.93 0.001864577
4267.679999999999 0.001834852
4270.42 0.002172989
4273.17 0.001959778
4275.91 0.001889385
4278.66 0.00191973
4281.400000000001 0.001911423
4284.15 0.001974888
4286.889999999999 0.001848203
4289.64 0.002019846
4292.38 0.001943157
4295.13 0.001854243
4297.87 0.001925274
4300.62 0.001847945
4303.36 0.001634618
4306.1 0.002012801
4308.85 0.00189933
4311.59 0.001923136
4314.34 0.001792412
4317.08 0.00175048
4319.83 0.001718992
4322.57 0.001576943
4325.320000000001 0.001999949
4328.06 0.001837877
4330.8099999999995 0.002180411
4333.55 0.003164461
4336.3 0.00538277
4339.04 0.007641023
4341.79 0.007814666
4344.53 0.006015219
4347.2699999999995 0.003837709
4350.02 0.00257723
4352.76 0.001786623
4355.51 0.002046798
4358.25 0.002454701
4361.0 0.002875691
4363.74 0.003235867
4366.49 0.003106904
4369.2300000000005 0.002371332
4371.98 0.002032313
4374.72 0.001896939
4377.47 0.001827293
4380.21 0.001910539
4382.96 0.002029416
4385.7 0.001886107
4388.4400000000005 0.001815589
4391.19 0.001721512
4393.929999999999 0.002022245
4396.68 0.00201821
4399.42 0.001873391
4402.17 0.002029922
4404.91 0.002087226
4407.66 0.001777676
4410.4 0.001535887
4413.150000000001 0.001699849
4415.89 0.001835357
4418.639999999999 0.002107117
4421.38 0.001690029
4424.13 0.001894667
4426.87 0.001659931
4429.61 0.001952353
4432.360000000001 0.002161523
4435.1 0.002141756
4437.849999999999 0.001976023
4440.59 0.00157795
4443.34 0.001710303
4446.08 0.001736626
4448.83 0.001889757
4451.570000000001 0.001955121
4454.32 0.001769994
4457.0599999999995 0.001805637
4459.81 0.002023497
4462.55 0.002057882
4465.29 0.002117074
4468.04 0.002338461
4470.78 0.002521448
4473.53 0.002719661
4476.2699999999995 0.002513135
4479.02 0.002308865
4481.76 0.002167446
4484.51 0.002040626
4487.25 0.002177646
4490.0 0.002011283
4492.74 0.001871501
4495.49 0.002016068
4498.23 0.001953105
4500.98 0.001890008
4503.72 0.002072615
4506.46 0.001706656
4509.21 0.001950081
4511.95 0.001864073
4514.7 0.001714207
4517.44 0.001812817
4520.19 0.001977786
4522.93 0.001796697
4525.68 0.001979926
4528.42 0.001639531
4531.17 0.001992896
4533.91 0.001887998
4536.66 0.001922499
4539.400000000001 0.001857144
4542.15 0.001531728
4544.889999999999 0.001935851
4547.63 0.001917091
4550.38 0.00190739
4553.12 0.001641925
4555.87 0.001788634
4558.610000000001 0.001900593
4561.36 0.001661315
4564.099999999999 0.001895051
4566.85 0.001724911
4569.59 0.002178905
4572.34 0.002319442
4575.08 0.002045037
4577.83 0.001781076
4580.57 0.001893538
4583.320000000001 0.001966701
4586.06 0.001784731
4588.8 0.002067708
4591.55 0.002101706
4594.29 0.001971872
4597.04 0.001973001
4599.78 0.001622531
4602.530000000001 0.001975267
4605.27 0.001905755
4608.0199999999995 0.002031559
4610.76 0.001932579
4613.51 0.001678441
4616.25 0.001821253
4619.0 0.002074753
4621.74 0.002117196
4624.49 0.001972368
4627.23 0.002011034
4629.97 0.001832841
4632.72 0.001867721
4635.46 0.001729827
4638.21 0.001828303
4640.95 0.001806646
4643.7 0.001684864
4646.44 0.002056246
4649.1900000000005 0.001794174
4651.93 0.002109012
4654.68 0.002029291
4657.42 0.002549402
4660.17 0.002176633
4662.91 0.002000959
4665.66 0.001838627
4668.4 0.00160792
4671.139999999999 0.001712197
4673.89 0.00186155
4676.63 0.00169318
4679.38 0.002050702
4682.12 0.002096923
4684.87 0.002182301
4687.61 0.002070099
4690.36 0.00197237
4693.1 0.002232049
4695.849999999999 0.00191041
4698.59 0.00215334
4701.34 0.001754252
4704.08 0.001853113
4706.83 0.001679069
4709.57 0.002210638
4712.31 0.001932959
4715.0599999999995 0.001894922
4717.8 0.001700736
4720.55 0.001798583
4723.29 0.001900592
4726.04 0.001789893
4728.780000000001 0.001709928
4731.53 0.001829813
4734.2699999999995 0.001566993
4737.02 0.001694812
4739.76 0.001942149
4742.51 0.001857518
4745.25 0.001827171
4748.0 0.001951967
4750.74 0.001751736
4753.48 0.001726931
4756.2300000000005 0.001692799
4758.97 0.001729449
4761.72 0.001690154
4764.46 0.001846819
4767.21 0.002001587
4769.95 0.002015066
4772.700000000001 0.001918974
4775.4400000000005 0.001938497
4778.19 0.001686248
4780.93 0.001869359
4783.68 0.001821248
4786.42 0.001806266
4789.17 0.00182213
4791.91 0.001727431
4794.65 0.001867725
4797.4 0.002076266
4800.14 0.001887244
4802.89 0.001827295
4805.63 0.001710559
4808.38 0.00178347
4811.12 0.00166371
4813.87 0.001633231
4816.61 0.002059268
4819.36 0.00178624
4822.1 0.001879182
4824.85 0.001836109
4827.59 0.001843039
4830.33 0.00191558
4833.08 0.001974513
4835.82 0.001771385
4838.57 0.001727431
4841.3099999999995 0.001684868
4844.06 0.001623409
4846.8 0.001502264
4849.55 0.001977533
4852.29 0.002425358
4855.04 0.004683465
4857.78 0.01004409
4860.53 0.01557419
4863.27 0.01606158
4866.0199999999995 0.01029619
4868.759999999999 0.004589147
4871.5 0.002440724
4874.25 0.00190802
4876.99 0.001732094
4879.74 0.001732216
4882.4800000000005 0.001797453
4885.23 0.001580088
4887.97 0.001782592
4890.72 0.00171131
4893.46 0.001721388
4896.21 0.001757275
4898.95 0.001765464
4901.7 0.001798077
4904.44 0.001809415
4907.1900000000005 0.001754756
4909.93 0.001563969
4912.67 0.001730583
4915.42 0.001777049
4918.16 0.00164797
4920.91 0.001854371
4923.65 0.001943032
4926.400000000001 0.00188661
4929.14 0.001905755
4931.89 0.001792789
4934.63 0.001673533
4937.38 0.0021148
4940.12 0.002017961
4942.87 0.002047047
4945.61 0.001964817
4948.36 0.002366288
4951.1 0.004258823
4953.84 0.01044521
4956.59 0.02061155
4959.33 0.02691331
4962.08 0.02239098
4964.82 0.01177544
4967.57 0.004476307
4970.31 0.002500288
4973.06 0.002008891
4975.8 0.001788888
4978.55 0.001817849
4981.29 0.001894042
4984.04 0.001808026
4986.78 0.001787754
4989.53 0.001910157
4992.2699999999995 0.002319067
4995.009999999999 0.002852528
4997.76 0.005893188
5000.5 0.01749347
5003.25 0.04410696
5005.99 0.0729169
5008.740000000001 0.07416097
5011.4800000000005 0.04634613
5014.23 0.01783092
5016.969999999999 0.006072774
5019.719999999999 0.002947094
5022.46 0.002274236
5025.21 0.001961665
5027.95 0.001875278
5030.7 0.001703375
5033.4400000000005 0.001725794
5036.18 0.001760681
5038.93 0.001565732
5041.67 0.001472418
5044.419999999999 0.001770499
5047.160000000001 0.001571275
5049.91 0.001820746
5052.65 0.001637516
5055.4 0.001833591
5058.139999999999 0.001836239
5060.89 0.001694686
5063.63 0.001637893
5066.38 0.001652372
5069.12 0.001520145
5071.870000000001 0.001714709
5074.610000000001 0.001653634
5077.35 0.001662578
5080.099999999999 0.001608927
5082.839999999999 0.001580091
5085.59 0.001419523
5088.33 0.001646458
5091.08 0.001731459
5093.82 0.001700105
5096.570000000001 0.001794552
5099.31 0.001570645
5102.06 0.001554522
5104.8 0.001577571
5107.549999999999 0.001699219
5110.29 0.001577445
5113.04 0.001584494
5115.78 0.001655019
5118.5199999999995 0.001784608
5121.27 0.00171383
5124.01 0.001689402
5126.76 0.001702118
5129.5 0.001571024
5132.25 0.001577695
5134.990000000001 0.001472039
5137.74 0.001627438
5140.48 0.001555281
5143.23 0.001723651
5145.969999999999 0.001650486
5148.72 0.001729191
5151.46 0.001476824
5154.21 0.001419143
5156.95 0.001638522
5159.6900000000005 0.00165943
5162.4400000000005 0.001580592
5165.18 0.001324446
5167.929999999999 0.001214767
5170.670000000001 0.001558304
5173.42 0.001643684
5176.16 0.001458186
5178.91 0.001566612
5181.65 0.00149584
5184.400000000001 0.001507549
5187.14 0.001545584
5189.89 0.001496089
5192.63 0.001301146
5195.37 0.001347492
5198.120000000001 0.001404159
5200.860000000001 0.001579336
5203.61 0.001605905
5206.349999999999 0.001472166
5209.099999999999 0.001434257
5211.84 0.001702247
5214.59 0.001700732
5217.33 0.001533998
5220.08 0.001512713
5222.820000000001 0.001562711
5225.570000000001 0.001609933
5228.31 0.001655398
5231.0599999999995 0.001349502
5233.799999999999 0.001450377
5236.54 0.001670512
5239.29 0.001544323
5242.03 0.001562083
5244.78 0.001633862
5247.5199999999995 0.001714085
5250.27 0.001751609
5253.01 0.00144849
5255.76 0.001320161
5258.5 0.001510701
5261.249999999999 0.001593184
5263.99 0.001555407
5266.74 0.001395594
5269.48 0.001350764
5272.23 0.001601243
5274.97 0.00166862
5277.71 0.001694692
5280.46 0.001541049
5283.2 0.00130883
5285.950000000001 0.001374061
5288.6900000000005 0.001656281
5291.44 0.001785611
5294.18 0.001745567
5296.929999999999 0.001686753
5299.67 0.001658043
5302.42 0.001653632
5305.16 0.001545584
5307.91 0.001541425
5310.650000000001 0.001582356
5313.400000000001 0.001609933
5316.14 0.001565103
5318.88 0.001372679
5321.63 0.001849838
5324.370000000001 0.001740909
5327.12 0.001650233
5329.86 0.00152871
5332.61 0.0015345
5335.349999999999 0.001481484
5338.1 0.001591169
5340.84 0.001548103
5343.59 0.00150352
5346.33 0.001516997
5349.080000000001 0.00160288
5351.820000000001 0.001546087
5354.57 0.00157253
5357.3099999999995 0.001522411
5360.049999999999 0.001456173
5362.8 0.001353156
5365.54 0.001500501
5368.29 0.001407559
5371.03 0.001519013
5373.780000000001 0.00139484
5376.52 0.001552007
5379.27 0.001631846
5382.01 0.00155037
5384.759999999999 0.001460198
5387.499999999999 0.001714965
5390.25 0.001584368
5392.99 0.001414486
5395.74 0.001451256
5398.48 0.00143728
5401.22 0.001471285
5403.97 0.001503143
5406.71 0.001540548
5409.46 0.00139018
5412.200000000001 0.001619256
5414.95 0.001641921
5417.69 0.001444082
5420.44 0.001426071
5423.179999999999 0.001436777
5425.93 0.001564849
5428.67 0.001448489
5431.42 0.001546966
5434.16 0.001608676
5436.910000000001 0.001749466
5439.650000000001 0.001795813
5442.39 0.001398621
5445.14 0.001337414
5447.88 0.001596589
5450.629999999999 0.001524048
5453.37 0.001286161
5456.12 0.00141713
5458.86 0.001652376
5461.61 0.001548478
5464.35 0.001567874
5467.1 0.001425063
5469.84 0.001471661
5472.59 0.001555152
5475.330000000001 0.00157417
5478.08 0.001801729
5480.82 0.001865832
5483.5599999999995 0.001673282
5486.3099999999995 0.001553642
5489.05 0.001449876
5491.8 0.001397485
5494.54 0.001332883
5497.29 0.001676553
5500.03 0.001663459
5502.780000000001 0.001597088
5505.52 0.001655398
5508.2699999999995 0.001489793
5511.009999999999 0.001607417
5513.76 0.001595954
5516.5 0.001605024
5519.25 0.001495459
5521.99 0.001438161
5524.73 0.001461462
5527.4800000000005 0.00141713
5530.22 0.001382627
5532.97 0.00179619
5535.71 0.001706402
5538.459999999999 0.001544952
5541.2 0.001312103
5543.95 0.001603259
5546.69 0.001253859
5549.44 0.001643306
5552.18 0.001566111
5554.93 0.001510949
5557.67 0.001641041
5560.41 0.001640792
5563.160000000001 0.001397863
5565.900000000001 0.001394717
5568.650000000001 0.001502387
5571.39 0.001486396
5574.139999999999 0.001730327
5576.879999999999 0.001174446
5579.63 0.001616986
5582.37 0.00160364
5585.12 0.00144282
5587.86 0.001450378
5590.610000000001 0.001206896
5593.35 0.001588023
5596.1 0.001336405
5598.84 0.001432495
5601.580000000001 0.001354292
5604.33 0.001394211
5607.07 0.001725923
5609.82 0.001660812
5612.5599999999995 0.001487404
5615.31 0.001279988
5618.05 0.001309333
5620.8 0.001435768
5623.54 0.001477832
5626.290000000001 0.001326835
5629.030000000001 0.001398745
5631.78 0.001457554
5634.5199999999995 0.001376455
5637.2699999999995 0.00125946
5640.009999999999 0.001506292
5642.75 0.001379479
5645.5 0.001540923
5648.24 0.001383509
5650.99 0.001491305
5653.7300000000005 0.001373685
5656.4800000000005 0.001437027
5659.22 0.0012645
5661.969999999999 0.001338043
5664.709999999999 0.001254615
5667.46 0.001557545
5670.2 0.00140013
5672.95 0.001594821
5675.69 0.001525434
5678.4400000000005 0.001248642
5681.18 0.001225447
5683.92 0.001446098
5686.67 0.001254865
5689.41 0.001490678
5692.160000000001 0.001215561
5694.900000000001 0.001344217
5697.65 0.001358193
5700.389999999999 0.001330868
5703.14 0.001423048
5705.88 0.001346609
5708.63 0.001346355
5711.37 0.001616736
5714.12 0.00150906
5716.860000000001 0.00140479
5719.610000000001 0.001640283
5722.35 0.001323184
5725.09 0.001535511
5727.839999999999 0.001407182
5730.58 0.001319786
5733.33 0.001328851
5736.07 0.001525813
5738.82 0.00137129
5741.56 0.001230624
5744.31 0.001430604
5747.05 0.001457934
5749.8 0.001715844
5752.540000000001 0.001679451
5755.29 0.001634868
5758.03 0.001597342
5760.78 0.001543188
5763.5199999999995 0.001441814
5766.259999999999 0.001470151
5769.01 0.001643433
5771.75 0.001649229
5774.5 0.001346859
5777.24 0.001641798
5779.990000000001 0.001575428
5782.7300000000005 0.001497226
5785.48 0.001492438
5788.219999999999 0.001588779
5790.969999999999 0.001441182
5793.71 0.001463601
5796.46 0.001327464
5799.2 0.001376077
5801.95 0.001360584
5804.6900000000005 0.001358949
5807.43 0.001398998
5810.18 0.001395344
5812.92 0.001454913
5815.669999999999 0.001465111
5818.410000000001 0.001297873
5821.16 0.001354289
5823.9 0.001599232
5826.65 0.001705265
5829.389999999999 0.001617114
5832.14 0.00143816
5834.88 0.001505159
5837.63 0.001363607
5840.37 0.00129422
5843.120000000001 0.001414106
5845.860000000001 0.001495084
5848.6 0.00161699
5851.349999999999 0.001372046
5854.089999999999 0.001345099
5856.84 0.001575806
5859.58 0.001549992
5862.33 0.001099173
5865.07 0.001247613
5867.820000000001 0.00164998
5870.56 0.001984715
5873.31 0.002881231
5876.05 0.003176299
5878.799999999999 0.002507335
5881.54 0.001767227
5884.29 0.001197992
5887.03 0.001025049
5889.7699999999995 0.001102764
5892.5199999999995 0.001238569
5895.26 0.001310089
5898.01 0.001401514
5900.75 0.001426451
5903.5 0.001436397
5906.240000000001 0.001316133
5908.99 0.001266387
5911.73 0.001445467
5914.48 0.001184946
5917.219999999999 0.00128553
5919.97 0.001475562
5922.71 0.00147506
5925.45 0.001241909
5928.2 0.001349756
5930.9400000000005 0.001353536
5933.6900000000005 0.001205625
5936.43 0.001287547
5939.179999999999 0.001533115
5941.920000000001 0.001541681
5944.67 0.001488534
5947.41 0.001463727
5950.16 0.001386905
5952.9 0.001321548
5955.650000000001 0.001311975
5958.39 0.001307317
5961.14 0.001370533
5963.88 0.001445088
5966.62 0.001470655
5969.370000000001 0.001540294
5972.110000000001 0.001270672
5974.86 0.001308701
5977.599999999999 0.00140328
5980.349999999999 0.00158777
5983.09 0.001538784
5985.84 0.001430731
5988.58 0.001434007
5991.33 0.001504149
5994.070000000001 0.001402271
5996.820000000001 0.001334769
5999.56 0.001501507
6002.3099999999995 0.00139232
6005.049999999999 0.001281249
6007.79 0.00140857
6010.54 0.001385773
6013.28 0.0013116
6016.03 0.001307442
6018.7699999999995 0.001218925
6021.52 0.001243417
6024.26 0.001591047
6027.01 0.001596837
6029.75 0.001714335
6032.499999999999 0.001625423
6035.24 0.001429725
6037.99 0.001352021
6040.73 0.001251831
6043.48 0.001458435
6046.22 0.001318399
6048.96 0.001402399
6051.71 0.001239438
6054.45 0.0008357846
6057.200000000001 0.001676427
6059.9400000000005 0.001253255
6062.69 0.001632728
6065.43 0.001233445
6068.179999999999 0.001491934
6070.92 0.001256176
6073.67 0.001626934
6076.41 0.001353409
6079.16 0.001331998
6081.9 0.0008088465
6084.650000000001 0.001394209
6087.39 0.001200223
6090.13 0.001520021
6092.88 0.0009371725
6095.620000000001 0.001539162
6098.37 0.001150428
6101.11 0.001330742
6103.86 0.001002179
6106.599999999999 0.001362477
6109.35 0.001219729
6112.09 0.001293213
6114.84 0.001148778
6117.58 0.00134346
6120.330000000001 0.001197765
6123.070000000001 0.001319911
6125.82 0.001268276
6128.5599999999995 0.001143452
6131.299999999999 0.001340565
6134.05 0.001294219
6136.79 0.001261856
6139.54 0.001285781
6142.28 0.001115496
6145.030000000001 0.001277847
6147.77 0.001309207
6150.52 0.001035362
6153.26 0.001165592
6156.009999999999 0.001353911
6158.749999999999 0.001297746
6161.5 0.001518002
6164.24 0.001374691
6166.99 0.00123251
6169.73 0.001376202
6172.47 0.001152999
6175.22 0.001062388
6177.96 0.001115282
6180.71 0.00131122
6183.450000000001 0.001384012
6186.2 0.001281122
6188.9400000000005 0.001507049
6191.69 0.001377335
6194.429999999999 0.0015141
6197.18 0.001287796
6199.92 0.001349505
6202.67 0.001437782
6205.41 0.001306309
6208.160000000001 0.001201153
6210.900000000001 0.001232185
6213.64 0.001092702
6216.39 0.001180287
6219.13 0.001427081
6221.879999999999 0.001380609
6224.62 0.001334771
6227.37 0.001117773
6230.11 0.001229793
6232.86 0.001303663
6235.6 0.00115519
6238.35 0.001135114
6241.09 0.001505789
6243.84 0.001356429
6246.580000000001 0.001443703
6249.33 0.001363229
6252.07 0.00127004
6254.8099999999995 0.001218598
6257.5599999999995 0.00123357
6260.3 0.001180579
6263.05 0.001375194
6265.79 0.001202856
6268.54 0.001399751
6271.28 0.001602129
6274.030000000001 0.001303034
6276.77 0.001075599
6279.5199999999995 0.001059969
6282.259999999999 0.001123555
6285.01 0.001363607
6287.75 0.00228771
6290.49 0.0004852985
6293.24 0.001188989
6295.98 0.002554693
6298.7300000000005 0.002780235
6301.47 0.00181798
6304.22 0.001675294
6306.96 0.001637516
6309.709999999999 0.001789515
6312.45 0.00183838
6315.2 0.001588525
6317.94 0.001401012
6320.69 0.00113524
6323.43 0.001169886
6326.18 0.001256463
6328.92 0.001252359
6331.66 0.001436779
6334.410000000001 0.001317391
6337.150000000001 0.001313741
6339.900000000001 0.001367009
6342.64 0.001232879
6345.389999999999 0.001386528
6348.129999999999 0.001290569
6350.88 0.001233871
6353.62 0.001441563
6356.37 0.001100533
6359.11 0.001311095
6361.860000000001 0.0008727944
6364.6 0.001501129
6367.35 0.001352525
6370.09 0.00132054
6372.830000000001 0.001308956
6375.58 0.00109498
6378.32 0.001613086
6381.07 0.001548353
6383.8099999999995 0.001105132
6386.56 0.001570265
6389.3 0.001265382
6392.05 0.001060877
6394.79 0.001357187
6397.540000000001 0.001205952
6400.280000000001 0.001302532
6403.03 0.001262609
6405.7699999999995 0.001410331
6408.5199999999995 0.001321168
6411.259999999999 0.001243456
6414.0 0.001124186
6416.75 0.001351016
6419.49 0.001348751
6422.24 0.001231215
6424.9800000000005 0.001300014
6427.7300000000005 0.001351015
6430.47 0.001443326
6433.219999999999 0.00129044
6435.959999999999 0.001223483
6438.71 0.001373556
6441.45 0.001386278
6444.2 0.001289558
6446.94 0.001270796
6449.6900000000005 0.001465739
6452.43 0.001635374
6455.17 0.001428467
6457.92 0.001111326
6460.66 0.001095888
6463.410000000001 0.001002985
6466.150000000001 0.0009916275
6468.9 0.001069642
6471.639999999999 0.001058838
6474.389999999999 0.00111329
6477.13 0.00126173
6479.88 0.001290692
6482.62 0.001161599
6485.37 0.001208974
6488.110000000001 0.001216494
6490.860000000001 0.0009852528
6493.6 0.0009388728
6496.34 0.001162633
6499.089999999999 0.001397863
6501.83 0.001308829
6504.58 0.001367009
6507.32 0.001171121
6510.07 0.001336407
6512.81 0.00124901
6515.56 0.001115431
6518.3 0.001649605
6521.05 0.001453398
6523.790000000001 0.00135152
6526.54 0.001387661
6529.28 0.001078999
6532.03 0.001295729
6534.7699999999995 0.001196369
6537.509999999999 0.001109489
6540.26 0.001149862
6543.0 0.001481359
6545.75 0.00151624
6548.49 0.001921623
6551.240000000001 0.002439836
6553.9800000000005 0.003954444
6556.73 0.009577242
6559.469999999999 0.02639066
6562.219999999999 0.04418375
6564.96 0.04298619
6567.71 0.02426612
6570.45 0.007346464
6573.2 0.003027565
6575.9400000000005 0.001920236
6578.68 0.00146864
6581.43 0.002289095
6584.17 0.002179661
6586.920000000001 0.002507589
6589.660000000001 0.001339053
6592.41 0.001152115
6595.15 0.001240422
6597.9 0.001040248
6600.639999999999 0.001218673
6603.39 0.001252471
6606.13 0.001166549
6608.88 0.001386023
6611.62 0.001171006
6614.370000000001 0.001172364
6617.110000000001 0.001365876
6619.85 0.001267397
6622.599999999999 0.00141096
6625.339999999999 0.001320919
6628.09 0.001269032
6630.83 0.001159069
6633.58 0.001018198
6636.32 0.001172166
6639.070000000001 0.001147355
6641.81 0.001254211
6644.56 0.001376831
6647.3 0.001335904
6650.049999999999 0.001263364
6652.79 0.00115189
6655.53 0.001364871
6658.28 0.00126601
6661.0199999999995 0.001305555
6663.7699999999995 0.001175162
6666.51 0.001148415
6669.26 0.001250772
6672.0 0.001306059
6674.75 0.001364993
6677.490000000001 0.001605403
6680.24 0.001576813
6682.98 0.00139736
6685.73 0.001298122
6688.469999999999 0.001013778
6691.22 0.001229967
6693.96 0.001465238
6696.7 0.001392954
6699.45 0.001291197
6702.1900000000005 0.001210412
6704.9400000000005 0.001401389
6707.68 0.001535132
6710.429999999999 0.001773144
6713.17 0.0026266
6715.92 0.003550066
6718.66 0.0033754
6721.41 0.002428249
6724.15 0.001894672
6726.900000000001 0.002018587
6729.64 0.002828847
6732.39 0.002684649
6735.13 0.00237599
6737.87 0.001809542
6740.620000000001 0.001529967
6743.360000000001 0.0009826486
6746.11 0.001235408
6748.849999999999 0.001233546
6751.599999999999 0.001402396
6754.34 0.00152745
6757.09 0.001243858
6759.83 0.001076758
6762.58 0.00123542
6765.320000000001 0.001733099
6768.070000000001 0.00101389
6770.81 0.001072476
6773.5599999999995 0.0007569103
6776.299999999999 0.001217866
6779.04 0.0008880095
6781.79 0.001261477
6784.53 0.0008445497
6787.28 0.001513218
6790.0199999999995 0.0008632505
6792.77 0.001007027
6795.51 0.001032442
6798.26 0.001223923
6801.0 0.001081858
6803.749999999999 0.0009659728
6806.49 0.001161373
6809.24 0.001202589
6811.98 0.001134763
6814.73 0.001361089
6825.839999999999 0.001195905
6841.57 0.001195703
6857.349999999999 0.001184529
6873.160000000001 0.001170764
6889.0 0.001165188
6904.88 0.001167669
6920.8 0.001167467
6936.75 0.001167253
6952.74 0.001169746
6968.7699999999995 0.001158818
6984.83 0.001140078
7000.94 0.001145137
7017.07 0.001150215
7033.25 0.001139473
7049.46 0.001160456
7065.709999999999 0.001141691
7082.000000000001 0.001146753
7098.330000000001 0.001128215
7114.6900000000005 0.001128013
7131.09 0.001127798
7147.53 0.001119839
7164.009999999999 0.001114486
7180.530000000001 0.001069049
7197.08 0.001049342
7213.67 0.001056419
7230.29 0.001083321
7246.97 0.001068255
7263.67 0.001082916
7280.410000000001 0.001062955
7297.200000000001 0.001048182
7314.0199999999995 0.00107487
7330.879999999999 0.001089616
7347.780000000001 0.001102019
7364.72 0.001081705
7381.69 0.001091518
7398.709999999999 0.001073861
7415.77 0.001068722
7432.86 0.001073446
7450.0 0.00106832
7467.17 0.001073044
7484.38 0.001072842
7501.64 0.001050626
7518.93 0.001055275
7536.26 0.001064832
7553.64 0.001059743
7571.05 0.00105467
7588.5 0.001054467
7606.000000000001 0.001027894
7623.53 0.001037202
7641.11 0.00101573
7658.72 0.001024921
7676.37 0.0009410386
7694.07 0.0009966022
7711.81 0.000969248
7729.58 0.0009939199
7747.4 0.0009937174
7765.26 0.0009844121
7783.16 0.0009334454
7801.099999999999 0.0009750047
7819.089999999999 0.0009792979
7837.110000000001 0.0009768561
7855.18 0.0009879621
7873.289999999999 0.0009809715
7891.44 0.000978517
7909.63 0.0009671186
7927.86 0.000949275
7946.14 0.0009447149
7964.45 0.000946708
7982.820000000001 0.0009552678
8001.22 0.0009463148
8019.66 0.0009439356
8038.15 0.0009415794
8056.68 0.0009349058
8075.250000000001 0.0009455356
8093.87 0.0009302205
8112.53 0.0009386339
8131.2300000000005 0.0009384309
8149.969999999999 0.0009147686
8168.76 0.0008896583
8187.59 0.0008874174
8206.46 0.0008610727
8225.38 0.0009056141
8244.35 0.0008971247
8263.35 0.0009115069
8282.4 0.0008844443
8301.49 0.0008903764
8320.63 0.000890186
8339.81 0.0008777824
8359.039999999999 0.0009001086
8378.3 0.0008937264
8397.62 0.0008552774
8416.98 0.0008871767
8436.38 0.0008829082
8455.83 0.0008507934
8475.32 0.0008408703
8494.859999999999 0.0008905011
8514.44 0.0008521925
8534.07 0.0008839785
8553.74 0.0006860363
8573.460000000001 0.0008835889
8593.220000000001 0.0008672684
8613.039999999999 0.0008453918
8632.89 0.0008648866
8652.79 0.0008627083
8672.73 0.0006306126
8692.73 0.0008273086
8712.77 0.0008386286
8732.85 0.0008559968
8752.99 0.0008135301
8773.16 0.0008303697
8793.38 0.0008456204
8813.66 0.0008129764
8833.97 0.0008071981
8854.34 0.0008144752
8874.75 0.0007409301
8895.210000000001 0.0008122211
8915.71 0.0008214395
8936.26 0.0007951968
8956.87 0.0007986833
8977.51 0.0007821249
8998.21 0.0007164234
9018.960000000001 0.0007312583
9039.74 0.0007997804
9060.58 0.0008238823
9081.470000000001 0.0007704864
9102.41 0.0007792135
9123.39 0.0008027
9144.42 0.0007386752
9165.5 0.0007134269
9186.63 0.0007520507
9207.800000000001 0.0007676159
9229.03 0.000739671
9250.310000000001 0.0007463326
9271.63 0.0007495941
9293.01 0.000754606
9314.43 0.0007649197
9335.9 0.0007629815
9357.42 0.000757541
9378.99 0.0007521382
9400.61 0.0007519631
9422.279999999999 0.000746598
9444.0 0.0007395705
9465.77 0.0007393939
9487.59 0.0007358059
9509.47 0.0007272027
9531.39 0.0007121169
9553.359999999999 0.0006674858
9575.38 0.0007084907
9597.46 0.0007165108
9619.58 0.0007130361
9641.75 0.0007063248
9663.98 0.0007028989
9686.26 0.0007043467
9708.59 0.0006993214
9730.97 0.0006959222
9753.4 0.0006925466
9775.880000000001 0.0006907845
9798.42 0.0006842732
9821.01 0.0006856706
9843.65 0.0006807709
9866.34 0.0006759109
9889.09 0.0006726361
9911.88 0.0006693751
9934.730000000001 0.0006676617
9957.63 0.0006644134
9980.59 0.0006611889
10026.65 0.000639881
10072.939999999999 0.000624983
10119.43 0.000636268
10166.14 0.0006286476
10236.609999999999 0.000623812
10283.86 0.0006191776
10307.56 0.0006133347
10499.19 0.0005871538
10694.4 0.0005595607
10893.22 0.000527045
11095.74 0.0005186197
11302.019999999999 0.0004964175
11512.14 0.0004817842
11699.189999999999 0.0004632849
11889.300000000001 0.0004455031
12110.34 0.0004293829
12307.11 0.000416727
12507.09 0.0004035035
12710.31 0.0003898023
12887.13 0.0003774354
13096.529999999999 0.0003671593
13309.33 0.0003555102
13494.48 0.0003474132
13713.75 0.0003371745
13904.529999999999 0.0003287369
14097.960000000001 0.0003197832
14294.08 0.0003117737
14492.93 0.0003053891
14694.55 0.0002984374
14898.960000000001 0.0002923172
15106.22 0.000286323
15316.369999999999 0.000281739
15493.73 0.0002791572
15709.28 0.0002703037
15891.18 0.0002623324
16112.249999999998 0.000259927
16298.81 0.0002569549
16487.55 0.000246515
16716.91 0.000240357
16910.49 0.000231126
17106.31 0.0002253455
17304.38 0.000214704
17504.76 0.000210309
17707.46 0.0002036346
17912.5 0.0001971742
18119.91 0.0001878677
18287.58 0.000184014
18499.34 0.0001781708
18713.54 0.0001693681
18886.7 0.0001662827
19105.399999999998 0.0001617491
19282.170000000002 0.0001562583
19505.45 0.0001492314
19685.94 0.0001461712
19913.9 0.0001418516
20098.15 0.0001383129
20284.12 0.0001333007
20519.01 0.0001302657
20708.850000000002 0.000125848
20900.48 0.0001221367
21093.850000000002 0.0001190829
21289.04 0.0001155706
21486.04 0.0001124209
21684.83 0.000107609
21885.49 0.0001058887
22087.97 0.0001027657
22292.36 9.97344e-05
22498.64 9.701673e-05
22706.8 9.437342e-05
22916.92 8.78714e-05
23075.760000000002 8.666623e-05
23289.28 7.940494e-05
23504.79 7.653233e-05
23722.26 7.653238e-05
23886.71 7.14245e-05
24107.71 6.995989e-05
24274.83 6.931767e-05
24499.43 6.574237e-05
24726.13 6.544013e-05
24897.510000000002 6.093173e-05
25127.899999999998 6.023528e-05
25302.06 5.927194e-05
25477.46 5.805667e-05
25713.19 5.739171e-05
25891.440000000002 5.582759e-05
26070.890000000003 5.480883e-05
26312.14 5.31918e-05
26494.51 5.270446e-05
26678.18 5.115046e-05
26925.04 5.044901e-05
27111.66 4.952716e-05
27299.579999999998 4.840004e-05
27488.83 4.718981e-05
27679.36 4.622139e-05
27871.239999999998 4.537766e-05
28129.11 4.4345e-05
28324.1 4.343579e-05
28520.42 4.24472e-05
28718.14 4.110093e-05
28917.190000000002 4.053676e-05
29117.649999999998 3.961366e-05
29319.47 3.871197e-05
29522.719999999998 3.783045e-05
29727.34 3.70547e-05
29933.420000000002 3.612783e-05
30071.58 3.538734e-05
30280.010000000002 3.434334e-05
30489.920000000002 3.371746e-05
30701.25 3.310164e-05
30914.079999999998 3.234857e-05
31128.35 3.161185e-05
31272.02 3.096329e-05
31488.809999999998 3.025806e-05
31707.06 2.963847e-05
31926.86 2.903022e-05
32074.22 2.836905e-05
32296.57 2.778724e-05
32520.42 2.727973e-05
32670.51 2.678231e-05
32897.0 2.641457e-05
33125.01 2.605189e-05
33277.9 2.51099e-05
33508.59 2.448149e-05
33663.25 2.386944e-05
33896.61 2.332668e-05
34131.55 2.284814e-05
34289.09 2.237966e-05
34526.79 2.192e-05
34686.14 2.147043e-05
34926.6 2.103091e-05
35087.799999999996 2.059895e-05
35331.0 2.013048e-05
35494.1 1.976276e-05
35740.12 1.935726e-05
35905.12 1.896056e-05
36070.83 1.857143e-05
36320.85 1.823266e-05
36488.53 1.781708e-05
36741.43 1.753248e-05
36911.01 1.709422e-05
37081.42 1.682095e-05
37338.43 1.647589e-05
37510.76 1.602631e-05
37683.939999999995 1.588022e-05
37857.87 1.559058e-05
38120.26 1.527071e-05
38296.25 1.502639e-05
38473.0 1.475186e-05
38739.71 1.448236e-05
38918.51 1.421791e-05
39098.14 1.389425e-05
39278.590000000004 1.37041e-05
39459.92 1.345349e-05
39733.43 1.320792e-05
39916.86 1.293716e-05
40101.09 1.270167e-05
40286.18 1.249816e-05
40472.12 1.221367e-05
40658.96000000001 1.210171e-05
40940.770000000004 1.190828e-05
41129.73 1.171787e-05
41319.61000000001 1.150391e-05
41510.32 1.132005e-05
41701.909999999996 1.108782e-05
41894.43 1.093569e-05
42087.79 1.07609e-05
42282.04 1.061318e-05
42477.24 1.041949e-05
42673.29 1.027656e-05
42870.25 9.882008e-06
43068.16 9.524611e-06
43266.939999999995 9.524613e-06
43466.64 9.137867e-06
43667.26 8.929951e-06
43868.850000000006 8.807421e-06
44071.32 8.469287e-06
44274.73 8.410982e-06
44479.13 8.257467e-06
44684.42 7.977136e-06
44890.66 7.995523e-06
45097.899999999994 7.831562e-06
45306.05 7.618102e-06
45515.16 7.600595e-06
45725.23 7.513574e-06
45936.32000000001 7.275186e-06
46148.340000000004 7.30881e-06
46254.71 7.175446e-06
46468.25 7.060719e-06
46682.73 7.012107e-06
46898.19 6.947754e-06
47114.64000000001 6.852425e-06
47332.15 6.852425e-06
47550.61000000001 6.727374e-06
47660.22 6.665667e-06
47880.24 6.589477e-06
48101.229999999996 6.46921e-06
48323.24 6.484071e-06
48546.28 6.395159e-06
48658.229999999996 6.292902e-06
48882.81 6.249582e-06
49108.43 6.178052e-06
49335.09 6.107274e-06
49448.86 6.037383e-06
49677.090000000004 6.009677e-06
49906.37 5.940792e-06
50136.770000000004 5.89999e-06
50252.340000000004 5.845837e-06
50484.270000000004 5.752396e-06
50717.28 5.712727e-06
50834.19 5.686531e-06
50951.42 5.673434e-06
51068.87 5.621424e-06
51186.590000000004 5.582761e-06
51304.57 5.544354e-06
51422.83 5.51879e-06
51541.37 5.506196e-06
51660.23 5.506195e-06
51779.31 5.493475e-06
51898.67 5.443101e-06
52018.3 5.418165e-06
52138.200000000004 5.380766e-06
52258.380000000005 5.356084e-06
52378.840000000004 5.331526e-06
52499.64 5.319183e-06
52620.649999999994 5.306969e-06
52741.95 5.306968e-06
52863.52 5.258358e-06
52985.38 5.210124e-06
53107.509999999995 5.186197e-06
53229.990000000005 5.174234e-06
53352.69 5.162396e-06
53475.67 5.138595e-06
53598.92999999999 5.115045e-06
53722.479999999996 5.091495e-06
53846.32 5.079783e-06
53970.43 5.056487e-06
54094.9 5.0449e-06
54219.590000000004 5.010143e-06
54344.57 4.987096e-06
54469.84 4.975638e-06
54595.399999999994 4.964177e-06
54721.24 4.941384e-06
54847.380000000005 4.918715e-06
54973.869999999995 4.907379e-06
55100.590000000004 4.884839e-06
55227.6 4.884839e-06
55354.9 4.88484e-06
55482.5 4.851214e-06
55610.39 4.817841e-06
55738.64000000001 4.828924e-06
55867.12 4.806759e-06
55995.9 4.784595e-06
56124.97 4.773638e-06
56254.340000000004 4.762684e-06
56384.01 4.74077e-06
56513.98 4.74077e-06
56644.310000000005 4.729814e-06
56774.880000000005 4.708154e-06
56905.75 4.686493e-06
57036.920000000006 4.686493e-06
57168.4 4.686493e-06
57300.17 4.675663e-06
57432.32 4.664958e-06
57564.700000000004 4.654256e-06
57697.399999999994 4.64355e-06
57830.39 4.632846e-06
57963.69 4.632845e-06
58097.310000000005 4.62214e-06
58231.219999999994 4.611563e-06
58365.51 4.611564e-06
58500.05 4.611562e-06
58634.899999999994 4.611562e-06
58770.06 4.600983e-06
58905.52 4.600984e-06
59013.32 5.153203e-06
59315.13 4.901084e-06
59617.04 6.017486e-06
59918.86 5.565383e-06
60220.67 4.060981e-06
60522.49 6.31368e-06
60824.299999999996 6.991203e-06
61126.21 4.88232e-06
61428.02 7.746932e-06
61729.83 7.108072e-06
62031.65 9.693235e-06
62333.46 1.095182e-05
62635.38 7.215239e-06
62937.19 9.220101e-06
63239.0 7.670364e-06
63540.81 8.880713e-06
63842.619999999995 6.146065e-06
64144.54 6.133344e-06
64446.35 5.577095e-06
64748.17 3.539363e-06
65049.979999999996 5.876313e-06
65351.79 3.240272e-06
65653.7 5.957667e-06
65955.51000000001 4.465732e-06
66257.32 3.927871e-06
66559.14 4.527062e-06
66860.96 4.94982e-06
67162.87000000001 3.338626e-06
67464.68000000001 2.707194e-06
67766.5 3.037644e-06
68068.3 3.274401e-06
68370.12 4.108333e-06
68672.03 3.915402e-06
68973.85 6.113446e-06
69275.66 3.608376e-06
69577.48 3.646029e-06
69879.29000000001 3.811506e-06
70181.2 4.27469e-06
70483.01000000001 2.711225e-06
70784.82 3.182972e-06
71086.63 3.84425e-06
71388.45 3.637591e-06
71690.36 5.658952e-06
71992.18000000001 5.068954e-06
72293.99 7.356033e-06
72595.8 7.168646e-06
72897.61 7.360064e-06
73199.53 7.126833e-06
73501.34 6.671206e-06
73803.16 4.306929e-06
74104.97 6.158657e-06
74406.78 9.209902e-06
74708.69 9.546649e-06
75010.5 9.831764e-06
75312.31 7.234886e-06
75614.13 4.575546e-06
76217.76 6.076674e-06
76821.48 6.646147e-06
77425.1 5.623188e-06
78028.73 4.941006e-06
78632.46 6.002499e-06
79236.09 4.803359e-06
79839.81 4.086671e-06
80443.44 4.545825e-06
81047.06999999999 4.039068e-06
81650.78 4.312596e-06
82254.41 4.172937e-06
82858.04000000001 3.319988e-06
83461.76 3.888326e-06
84065.39 4.010733e-06
84669.01 4.134402e-06
85272.75 3.521481e-06
85876.37000000001 4.099265e-06
86480.09999999999 4.527061e-06
87083.72 4.518246e-06
87687.34999999999 3.229064e-06
88291.08 2.539576e-06
88894.7 2.800134e-06
89498.33 6.952417e-06
90102.04999999999 8.85137e-06
90705.68 3.534956e-06
91309.29999999999 2.955788e-06
91913.03 2.422207e-06
92516.66 2.537688e-06
93120.37999999999 2.773687e-06
93724.00000000001 2.080927e-06
94327.62999999999 3.069128e-06
94931.35 2.615515e-06
95534.98 2.379767e-06
96138.61 2.466158e-06
96742.34 2.961328e-06
97345.95999999999 3.486975e-06
97949.57999999999 2.526228e-06
98553.31 2.388709e-06
99156.94 2.197793e-06
99760.67 2.63239e-06
100364.29 2.490589e-06
100967.92000000001 2.391983e-06
101571.65000000001 3.364316e-06
102175.27 2.544866e-06
102778.9 2.322467e-06
103382.62000000001 2.593099e-06
103986.24999999999 3.56921e-06
104589.87000000001 2.376997e-05
105193.59 3.668572e-05
105797.22 1.431487e-05
106400.95999999999 1.980684e-06
107004.57 2.517539e-06
107608.20000000001 2.687423e-06
108211.93 3.024044e-06
108815.56 2.025012e-06
109419.18 2.416918e-06
110022.90000000001 3.200477e-06
110626.53 3.55561e-06
111230.17000000001 3.328802e-06
111833.88 4.757394e-06
112437.51 6.172888e-06
113041.24 4.665084e-06
113644.86 4.715836e-06
114248.49 3.977361e-06
114852.20999999999 3.25954e-06
115455.84 3.361545e-06
116059.47 3.282711e-06
116663.18000000001 2.849248e-06
117266.81 2.774192e-06
117870.44 2.988279e-06
118474.16 2.878716e-06
119077.79 3.040163e-06
119681.52 2.823557e-06
120285.15000000001 2.892443e-06
120888.77 2.701653e-06
121492.5 2.903021e-06
122096.12 2.822172e-06
122699.76 3.227049e-06
123303.47 3.872207e-06
123907.1 3.955071e-06
124510.73 3.002635e-06
125114.45 3.167482e-06
125718.08 3.263569e-06
126321.8 3.415697e-06
126925.43000000001 3.72776e-06
127529.06 4.25454e-06
128132.78 5.855283e-06
128736.4 4.860534e-06
129340.04 3.304624e-06
129943.77 3.28926e-06
130547.38 2.829099e-06
131151.02 2.777213e-06
131754.73 3.020392e-06
132358.36000000002 2.450164e-06
132961.98 2.448905e-06
133565.69999999998 3.040667e-06
134169.34 2.645487e-06
134773.06 2.833758e-06
135376.69 2.941683e-06
135980.31 2.829602e-06
136584.05 2.848366e-06
137187.66999999998 3.031726e-06
137791.30000000002 2.975937e-06
138395.02 2.803282e-06
138998.66 2.794214e-06
139602.27 2.861338e-06
140206.0 2.908185e-06
140809.63 2.991553e-06
141413.36000000002 2.766257e-06
142016.98 2.546503e-06
142620.59 2.535925e-06
143224.33000000002 3.302861e-06
143827.95 3.135621e-06
144431.58000000002 2.790185e-06
145491.11 2.929719e-06
146336.28 2.496886e-06
147181.44 2.797993e-06
148026.59 2.786407e-06
148871.66 2.915111e-06
149716.8 3.225664e-06
150561.95 3.044193e-06
151407.02 2.497011e-06
152252.17 2.72004e-06
153097.31 2.840055e-06
153942.38 3.200855e-06
154787.53 6.801548e-06
155632.69999999998 1.378721e-05
156477.77 1.020981e-05
157322.91 2.680623e-06
158168.06 3.336863e-06
159013.11 3.242916e-06
159858.28 3.000242e-06
160703.43999999997 3.41003e-06
161548.58000000002 3.68784e-06
162393.63999999998 3.502214e-06
163238.81 3.613161e-06
164083.94999999998 3.411163e-06
164929.02999999997 3.253872e-06
165774.16 3.245057e-06
166619.31 3.514681e-06
167464.38999999998 3.511029e-06
168309.53 3.507251e-06
169154.69999999998 3.706351e-06
169999.73 3.795009e-06
170844.91 3.758866e-06
171690.06 3.636585e-06
172535.11 3.914268e-06
173380.28 4.267638e-06
174225.43999999997 3.846012e-06
175070.58000000002 3.579537e-06
175915.64 3.625377e-06
176760.81 3.955575e-06
177605.94999999998 4.47631e-06
178451.02000000002 4.178477e-06
179296.19 4.336019e-06
180141.33000000002 4.328464e-06
180986.38999999998 3.706352e-06
181831.53 4.161098e-06
182676.69 4.356547e-06
183521.75 4.594562e-06
184366.91 4.33476e-06
185212.06 3.723605e-06
186057.09 7.643793e-06
186902.27 2.080675e-05
187747.43999999997 1.339052e-05
188592.59000000003 4.622267e-06
189437.64 4.680196e-06
190282.81 4.799078e-06
191127.94 4.54507e-06
191973.02000000002 4.565345e-06
192818.17 4.996164e-06
193663.31 4.307433e-06
194508.38 4.063752e-06
195353.55 4.59494e-06
196198.69 4.389164e-06
197043.75 5.036715e-06
197888.91 4.645187e-06
198734.06 5.194131e-06
199579.13 5.349912e-06
200424.27 5.174108e-06
201269.44000000003 5.291478e-06
202114.59000000003 5.782745e-06
202959.63 5.652026e-06
203804.8 5.20257e-06
205495.02 4.801848e-06
207185.31 5.853899e-06
208875.55 5.740054e-06
210565.75 5.594852e-06
212256.05000000002 5.612105e-06
213946.27 5.966734e-06
215636.59000000003 5.940414e-06
217326.8 5.731616e-06
219017.02 6.150346e-06
220707.33000000002 5.957038e-06
222397.55 5.819644e-06
224087.73 6.119744e-06
225778.05000000002 6.283331e-06
227468.28 6.324637e-06
229158.58 6.634812e-06
230848.8 6.673348e-06
232539.02 6.564415e-06
234229.33000000002 6.37564e-06
235919.55 6.597032e-06
237609.77000000002 6.439866e-06
239300.05000000002 6.699542e-06
240990.27 6.718558e-06
242680.58 6.930756e-06
244370.80000000002 6.955943e-06
246061.02 7.033769e-06
247751.33000000002 6.9941e-06
249441.55 7.087543e-06
251131.74999999997 6.928489e-06
252822.06 7.282488e-06
254512.3 8.195506e-06
256202.58 7.627673e-06
257892.80000000002 9.762373e-06
259583.0 9.420464e-06
261273.31000000003 8.136193e-06
262963.52999999997 8.015422e-06
264653.75 7.595811e-06
266344.06 7.682831e-06
268034.28 8.100175e-06
269724.56 8.175484e-06
271414.77999999997 7.991117e-06
273105.03 8.253185e-06
274795.34 8.252428e-06
276485.52999999997 8.460722e-06
278175.72 8.478607e-06
279866.06 7.948048e-06
281556.28 8.035445e-06
283246.59 8.349397e-06
284936.81 8.648489e-06
286627.0 8.471176e-06
288317.31 8.563485e-06
290007.52999999997 8.638667e-06
291697.75 8.603658e-06
293388.06 8.661712e-06
295078.25 8.698234e-06
296768.56 8.649875e-06
298458.81 8.747474e-06
300149.03 8.999594e-06
301839.34 9.005007e-06
303529.52999999997 8.678967e-06
305219.75 8.572678e-06
306910.06 9.07805e-06
308600.27999999997 9.102859e-06
310290.59 8.903254e-06
311980.77999999997 8.811953e-06
313671.0 9.271611e-06
315361.31 9.476378e-06
317051.56 9.036617e-06
318741.78 9.393387e-06
320432.06 9.441998e-06
322122.24999999994 9.332058e-06
323812.59 9.555715e-06
325502.81 9.763632e-06
327193.02999999997 9.936413e-06
328883.31 1.022077e-05
330573.52999999997 1.004346e-05
332263.75 1.300012e-05
333954.09 2.293755e-05
335644.31 1.471534e-05
337334.55999999994 1.103178e-05
339024.78 1.124234e-05
340715.02999999997 1.084742e-05
342405.31 1.063383e-05
344095.53 1.022216e-05
345785.72000000003 1.228193e-05
347476.06 1.478964e-05
349166.25000000006 1.320792e-05
