102.03 4.718388e-05
103.92999999999999 5.659758e-05
106.1 6.915504e-05
108.07000000000001 8.647481e-05
110.08 0.0001224239
113.95 0.0001697721
117.96 0.0002217227
120.97999999999999 0.0008258189
124.94999999999999 0.001008752
126.97999999999999 0.001078525
127.86 0.001137134
131.14000000000001 0.001241175
132.05 0.001461561
133.88 0.001537534
137.0 0.001922221
139.87 0.002074084
143.13 0.005698983
147.14 0.01376707
150.91 0.01458258
155.14 0.01562562
159.12 0.01678199
162.08 0.01761264
165.85 0.01900475
170.10999999999999 0.02008179
172.87 0.02103041
176.9 0.02212174
180.19 0.02295225
181.85 0.02359728
186.09 0.02470924
190.85999999999999 0.0261718
193.96 0.02728122
198.03 0.02836815
202.17 0.02963708
204.99 0.03060752
209.76000000000002 0.03060883
216.13 0.03379417
220.15 0.03514178
223.21 0.03563446
226.84 0.03713975
230.0 0.05634243
233.73000000000002 0.09393723
239.73000000000002 0.118262
245.88 0.1101132
252.19 0.1169016
256.88 0.09634016
259.85 0.1126798
264.07 0.1185337
268.97999999999996 0.117719
273.97999999999996 0.1163696
279.08 0.115035
284.26 0.1145091
290.21999999999997 0.1083473
296.28999999999996 0.1083547
301.11 0.1051549
308.12 0.1056445
318.22 0.1061278
327.89 0.1041884
337.85 0.1008875
348.11 0.09768731
357.04 0.09590682
366.2 0.09546596
374.73 0.09286263
385.23 0.0866657
395.10999999999996 0.0880737
405.25 0.08686207
413.74 0.08449414
422.4 0.08143815
430.25 0.07903766
441.29 0.07759563
450.53000000000003 0.07478777
459.96000000000004 0.07191774
469.59000000000003 0.06979793
480.53 0.06852186
489.46999999999997 0.06513669
499.71000000000004 0.06469005
505.5 0.06249347
512.53 0.06514007
519.66 0.06336294
530.55 0.06064843
540.41 0.05673287
550.4599999999999 0.05455423
559.4 0.0553145
569.8000000000001 0.05531381
580.39 0.05306857
589.82 0.05209986
599.41 0.04873384
610.55 0.04186281
620.47 0.04795585
630.55 0.04579683
639.33 0.04579669
649.71 0.04403925
658.75 0.04215353
664.85 0.04273959
675.65 0.04205779
685.05 0.03915891
694.58 0.03979574
704.24 0.03663003
715.6899999999999 0.03809156
725.64 0.03722496
735.74 0.03646116
744.2600000000001 0.03522306
754.61 0.03418478
765.1099999999999 0.03039747
775.75 0.03264687
784.73 0.03082108
795.65 0.03089085
804.86 0.03053845
814.1800000000001 0.02991157
825.51 0.02943369
835.0699999999999 0.02629329
844.7399999999999 0.02791461
854.52 0.02715413
864.4100000000001 0.02684343
874.4200000000001 0.02641471
884.5500000000001 0.02587249
894.7900000000001 0.02539973
905.15 0.02465119
915.6300000000001 0.02635324
924.1099999999999 0.04817611
934.81 0.07325382
945.63 0.1027625
954.38 0.1252669
965.4300000000001 0.1342213
974.37 0.05138389
985.65 0.111387
994.77 0.1126764
1003.97 0.1471828
1015.6 0.1444849
1025.0 0.07976843
1034.48 0.1129381
1044.05 0.1769434
1056.14 0.1713303
1065.91 0.1399018
1075.78 0.1587983
1085.73 0.1273014
1095.78 0.1628632
1105.9199999999998 0.154825
1116.15 0.1485343
1123.89 0.1326823
1134.29 0.1617421
1144.78 0.1488747
1155.3700000000001 0.154111
1166.06 0.1551787
1174.15 0.109354
1185.01 0.1481977
1195.98 0.1111298
1204.27 0.08646378
1215.4099999999999 0.06263723
1223.8300000000002 0.1086017
1235.16 0.1468409
1243.72 0.1566107
1255.23 0.1495636
1263.93 0.1329963
1275.6200000000001 0.1617427
1284.46 0.1666679
1296.35 0.1345326
1305.3400000000001 0.1329964
1314.3799999999999 0.1602579
1323.49 0.1527035
1335.74 0.1360964
1345.0 0.157339
1354.32 0.1519999
1363.7099999999998 0.1364098
1376.3300000000002 0.1408769
1385.87 0.1405511
1395.48 0.1185308
1405.15 0.1207356
1414.89 0.1287747
1424.7 0.1299668
1434.57 0.1296686
1441.19 0.1348471
1447.85 0.1360965
1454.53 0.1317712
1464.6100000000001 0.1215724
1474.76 0.1210141
1484.99 0.1224141
1495.28 0.1229808
1505.64 0.1161007
1512.5900000000001 0.1039534
1516.08 0.1101126
1526.59 0.1068647
1533.64 0.09286104
1544.27 0.09746142
1554.97 0.09286208
1565.75 0.09568282
1576.6 0.10112
1583.88 0.1049139
1594.86 0.1061293
1605.91 0.1034747
1613.3300000000002 0.1032357
1624.5100000000002 0.09791187
1635.77 0.1032357
1643.3200000000002 0.1039522
1654.71 0.09678991
1666.1799999999998 0.1039533
1673.8700000000001 0.09307589
1677.73 0.1044321
1685.47 0.107607
1693.25 0.1008869
1704.99 0.09701475
1716.81 0.09158716
1724.7299999999998 0.09053883
1736.6899999999998 0.09590329
1744.7099999999998 0.0932904
1756.8 0.09859041
1764.91 0.0907478
1773.06 0.09179716
1785.35 0.09307457
1793.59 0.09858957
1806.0200000000002 0.09746195
1814.3500000000001 0.08950353
1826.9299999999998 0.09116575
1835.3600000000001 0.08746487
1843.84 0.08013595
1856.62 0.08013627
1865.1899999999998 0.08238213
1873.8 0.08827396
1886.7800000000002 0.08125175
1895.49 0.0783134
1904.24 0.08238235
1913.03 0.07903746
1926.29 0.0767074
1935.18 0.07813411
1944.1200000000001 0.08238159
1953.0900000000001 0.07706129
1966.63 0.08430079
1975.71 0.08547359
1984.83 0.08181495
1993.99 0.07958581
2003.19 0.08143908
2017.08 0.07903689
2026.39 0.08087899
2035.74 0.07795392
2045.14 0.08125125
2054.58 0.07670701
2064.06 0.07688421
2073.5899999999997 0.08276223
2078.37 0.09032917
2083.16 0.09950158
2092.77 0.09307577
2107.28 0.09264709
2117.01 0.09656834
2126.78 0.09372008
2136.6 0.08807135
2146.46 0.09679023
2156.37 0.09836268
2166.3199999999997 0.09179761
2176.3199999999997 0.09116565
2186.36 0.09927408
2196.4500000000003 0.1004233
2206.59 0.09791149
2216.7799999999997 0.0858689
2227.01 0.08991579
2237.29 0.1058855
2242.45 0.1011244
2252.8 0.0875037
2263.2 0.08515244
2273.6400000000003 0.08981967
2284.14 0.1060572
2294.68 0.09304955
2305.27 0.1030111
2315.91 0.09205718
2326.6 0.07417133
2337.34 0.07716297
2342.73 0.0659928
2353.54 0.08783579
2364.4100000000003 0.0682096
2375.3199999999997 0.07586185
2386.28 0.06154634
2397.3 0.06860973
2402.83 0.06706207
2413.92 0.07172224
2425.06 0.0950241
2436.25 0.09462858
2447.5 0.1079447
2453.14 0.1122769
2464.46 0.09942027
2475.84 0.09133893
2487.27 0.07044454
2493.0 0.07567324
2504.5099999999998 0.1023584
2510.2799999999997 0.065046
2516.07 0.06099777
2527.68 0.06144734
2533.5099999999998 0.07917656
2545.2000000000003 0.0810562
2556.9500000000003 0.1288171
2562.85 0.1014072
2574.67 0.1245271
2586.56 0.1130975
2592.52 0.1046034
2604.49 0.09413316
2616.51 0.08788865
2622.54 0.1094052
2634.65 0.1758871
2646.81 0.2277258
2652.91 0.3210094
2665.15 0.2012475
2677.46 0.2274643
2683.63 0.2648598
2696.0099999999998 0.193289
2702.23 0.2395006
2714.7 0.1756011
2727.23 0.137321
2733.52 0.1737118
2746.1400000000003 0.1083975
2752.4700000000003 0.1400037
2765.17 0.1787794
2777.94 0.1890292
2784.34 0.1220778
2797.19 0.06868264
2803.64 0.0788759
2816.5800000000004 0.1683331
2823.0699999999997 0.2378206
2836.1 0.2220616
2842.6400000000003 0.1583305
2855.7599999999998 0.1001806
2862.3500000000004 0.2192205
2875.56 0.3090923
2882.19 0.2813225
2895.49 0.3551495
2908.8599999999997 0.4871137
2929.02 0.4206771
2949.32 0.3848315
2969.77 0.4023478
2990.35 0.4082504
3011.08 0.404813
3031.95 0.4411527
3052.97 0.4591131
3067.06 0.5130358
3088.32 0.4982919
3109.73 0.595417
3131.28 0.5447123
3152.99 0.5514589
3167.54 0.613391
3189.5 0.5225045
3211.6099999999997 0.5800085
3226.4300000000003 0.4826871
3248.7899999999995 0.7031069
3271.31 0.8305717
3286.42 0.8158583
3309.19 0.7550505
3324.47 0.7164961
3332.1299999999997 0.7300153
3339.81 0.6345331
3347.51 0.8271309
3355.23 0.8048178
3362.9700000000003 0.4918299
3370.72 0.6440755
3378.4900000000002 0.7657034
3386.27 0.7399165
3394.08 0.7249487
3401.9100000000003 0.9024609
3409.7499999999995 0.7543187
3417.6099999999997 0.6377869
3425.49 0.7994609
3433.3799999999997 0.9224083
3441.2999999999997 0.7211836
3449.23 0.6732398
3457.1800000000003 0.7967025
3465.15 0.6845719
3473.1400000000003 0.8541681
3481.15 0.7390413
3489.1699999999996 0.8143243
3497.22 0.7243091
3505.28 0.9226757
3513.3599999999997 0.7837435
3521.46 0.9339054
3529.57 0.6301298
3537.71 0.882172
3545.87 0.8947126
3554.04 0.9328388
3562.23 0.8278216
3570.4399999999996 0.6487276
3578.6800000000003 0.7589148
3586.92 0.5300602
3595.1899999999996 0.8118023
3603.48 1.008278
3611.7899999999995 0.666364
3620.11 0.8726519
3628.46 1.064065
3636.82 0.7692999
3645.21 1.00979
3653.61 0.8878903
3662.03 1.243051
3670.4700000000003 1.103117
3678.94 1.144854
3687.42 1.018321
3695.9199999999996 1.164171
3704.44 1.197148
3712.98 0.8246669
3721.54 0.8677897
3730.1099999999997 0.9717349
3738.72 0.4928056
3747.33 0.7011548
3755.9700000000003 0.9056159
3764.63 0.8651356
3773.3100000000004 0.8794636
3782.01 1.107511
3790.7200000000003 0.892242
3799.46 0.7561712
3800.75 1.222928
3802.4799999999996 1.188467
3804.21 1.078156
3805.94 1.001585
3807.67 1.114956
3809.4 1.063453
3811.1299999999997 0.9551014
3812.87 1.084456
3814.6000000000004 0.9976869
3816.33 1.018737
3818.06 0.9725877
3819.79 0.649509
3821.52 0.6416826
3823.2500000000005 0.8100918
3824.98 0.8700601
3826.71 0.7508154
3828.44 0.7000723
3830.17 0.8118404
3831.8999999999996 0.5703967
3833.63 0.6459292
3835.3599999999997 0.6954348
3837.09 0.5554842
3838.82 0.6263409
3840.56 0.7461118
3842.29 0.9283568
3844.0200000000004 0.9925451
3845.75 0.7780759
3847.4799999999996 0.9925969
3849.21 1.14841
3850.94 0.7893309
3852.67 0.8211263
3854.4 0.7950093
3856.1299999999997 0.7746142
3857.86 0.7853053
3859.59 0.8081786
3861.3199999999997 0.6944734
3863.05 0.8320919
3864.7799999999997 1.016643
3866.51 1.058984
3868.2499999999995 0.9415105
3869.98 0.7666543
3871.71 0.7325403
3873.44 0.7406564
3875.17 0.8304904
3876.8999999999996 0.77271
3878.63 0.7624743
3880.36 0.8854262
3882.09 0.9145909
3883.82 0.9022453
3885.5499999999997 0.8163701
3887.28 0.868237
3889.0099999999998 0.8708265
3890.74 1.052408
3892.4700000000003 1.091303
3894.2 1.125138
3895.9300000000003 0.9852144
3897.6699999999996 1.030799
3899.4 1.112787
3901.1299999999997 0.9929739
3902.86 0.9779665
3904.59 0.9806257
3906.3199999999997 1.216951
3908.05 1.231366
3909.7799999999997 1.164395
3911.51 1.056455
3913.2400000000002 1.085985
3914.97 1.165113
3916.7000000000003 1.203273
3918.43 1.073809
3920.16 1.036117
3921.89 0.9928196
3923.62 0.9921575
3925.36 0.8670857
3927.0899999999997 0.697218
3928.82 0.6357423
3930.5499999999997 0.4675252
3932.28 0.5125401
3934.01 0.4278515
3935.74 0.4698315
3937.4700000000003 0.4715518
3939.2 0.4489395
3940.9300000000003 0.6652702
3942.66 0.6577692
3944.39 0.7357863
3946.1200000000003 0.8771598
3947.85 0.8856366
3949.58 1.114355
3951.31 1.158603
3953.05 1.033582
3954.7799999999997 1.106602
3956.5099999999998 1.142274
3958.2400000000002 1.125969
3959.97 0.9734115
3961.7000000000003 0.8777808
3963.43 0.6746214
3965.16 0.6721351
3966.8900000000003 0.7022467
3968.62 0.5697724
3970.3500000000004 0.5638055
3972.08 0.6612978
3973.81 0.8029968
3975.54 0.9858503
3977.27 1.003176
3978.9999999999995 1.136339
3980.74 1.275727
3982.4700000000003 1.308214
3984.2 1.336865
3985.93 1.462688
3987.6600000000003 1.495246
3989.39 1.509576
3991.1200000000003 1.380243
3992.85 1.377895
3994.58 1.407724
3996.31 1.44055
3998.04 1.470764
3999.7700000000004 1.409029
4001.5 1.539925
4003.23 1.679946
4004.96 1.573927
4006.69 1.589292
4008.43 1.639433
4010.16 1.593451
4011.8900000000003 1.519083
4013.62 1.648162
4015.35 1.761474
4017.08 1.625368
4018.81 1.627065
4020.5400000000004 1.629926
4022.27 1.697138
4024.0 1.720448
4025.73 1.644386
4027.46 1.582522
4029.19 1.584602
4030.92 1.55035
4032.6499999999996 1.476234
4034.38 1.558685
4036.11 1.660152
4037.85 1.700907
4039.58 1.746107
4041.3100000000004 1.719019
4043.04 1.629273
4044.7699999999995 1.570144
4046.5 1.506579
4048.23 1.611432
4049.96 1.617557
4051.69 1.677206
4053.4199999999996 1.693491
4055.15 1.635917
4056.88 1.523386
4058.61 1.514793
4060.34 1.542922
4062.0699999999997 1.506065
4063.8 1.494346
4065.5400000000004 1.656754
4067.27 1.635006
4069.0 1.54982
4070.73 1.538231
4072.46 1.612867
4074.1899999999996 1.638131
4075.92 1.546179
4077.65 1.556334
4079.38 1.708337
4081.11 1.801859
4082.8399999999997 1.755486
4084.57 1.745721
4086.2999999999997 1.786232
4088.03 1.790395
4089.76 1.825046
4091.49 1.894463
4093.23 1.857468
4094.9600000000005 1.703648
4096.69 1.625755
4098.42 1.516351
4100.150000000001 1.500977
4101.88 1.56363
4103.61 1.598409
4105.34 1.633312
4107.07 1.707557
4108.8 1.744942
4110.53 1.756008
4112.26 1.736345
4113.99 1.65233
4115.72 1.723058
4117.450000000001 1.76383
4119.18 1.767732
4120.92 1.783097
4122.65 1.769417
4124.38 1.704817
4126.11 1.792739
4127.84 1.829725
4129.570000000001 1.718757
4131.3 1.605046
4133.03 1.649854
4134.76 1.689193
4136.49 1.677075
4138.22 1.722926
4139.95 1.767996
4141.679999999999 1.708859
4143.41 1.619902
4145.14 1.611302
4146.87 1.564286
4148.61 1.627452
4150.34 1.696088
4152.07 1.542659
4153.8 1.574053
4155.53 1.617942
4157.26 1.58877
4158.99 1.700779
4160.72 1.716543
4162.45 1.751974
4164.18 1.8365
4165.91 1.752754
4167.64 1.650245
4169.37 1.642824
4171.099999999999 1.667314
4172.83 1.652331
4174.5599999999995 1.655461
4176.3 1.612605
4178.03 1.555943
4179.76 1.569883
4181.49 1.66027
4183.22 1.686844
4184.95 1.637353
4186.68 1.721359
4188.41 1.749497
4190.14 1.718103
4191.87 1.756139
4193.6 1.713681
4195.33 1.649465
4197.06 1.637876
4198.79 1.695181
4200.5199999999995 1.716675
4202.25 1.681251
4203.99 1.75561
4205.72 1.81149
4207.45 1.79899
4209.18 1.802112
4210.91 1.78336
4212.64 1.735684
4214.37 1.767729
4216.099999999999 1.806807
4217.83 1.798858
4219.56 1.858776
4221.29 1.82712
4223.02 1.689452
4224.75 1.656502
4226.4800000000005 1.587206
4228.21 1.51388
4229.94 1.605838
4231.67 1.742205
4233.41 1.775543
4235.14 1.813962
4236.87 1.888989
4238.6 1.826864
4240.33 1.896542
4242.06 1.86203
4243.79 1.599315
4245.5199999999995 1.570534
4247.25 1.621595
4248.98 1.58473
4250.71 1.684373
4252.4400000000005 1.782186
4254.17 1.755879
4255.900000000001 1.752887
4257.63 1.745458
4259.36 1.741815
4261.09 1.783629
4262.83 1.753528
4264.56 1.863071
4266.29 1.880389
4268.02 1.812794
4269.75 1.797168
4271.4800000000005 1.735296
4273.21 1.664053
4274.94 1.691669
4276.67 1.756268
4278.4 1.715764
4280.13 1.761738
4281.86 1.790005
4283.59 1.733221
4285.320000000001 1.751972
4287.05 1.620294
4288.78 1.622244
4290.5199999999995 1.680721
4292.25 1.56298
4293.9800000000005 1.579387
4295.71 1.572227
4297.4400000000005 1.499812
4299.17 1.430646
4300.9 1.387537
4302.63 1.288349
4304.36 1.238532
4306.09 1.235669
4307.82 1.260504
4309.55 1.35693
4311.28 1.461777
4313.01 1.621074
4314.740000000001 1.719284
4316.47 1.896808
4318.21 1.995923
4319.94 1.988494
4321.67 1.862547
4323.4 1.803549
4325.13 1.803024
4326.860000000001 1.848484
4328.59 1.904625
4330.32 1.931582
4332.05 1.995667
4333.78 2.076417
4335.51 2.00257
4337.24 1.913093
4338.969999999999 1.885605
4340.7 1.830644
4342.43 1.861118
4344.16 1.900066
4345.9 1.914519
4347.63 1.883385
4349.36 1.971827
4351.09 2.008822
4352.82 2.002435
4354.55 2.036434
4356.28 1.950856
4358.01 1.994493
4359.74 2.064961
4361.47 2.037473
4363.2 2.067565
4364.93 2.029397
4366.66 2.022498
4368.389999999999 1.978347
4370.12 1.905403
4371.849999999999 1.949432
4373.58 1.955036
4375.32 1.94304
4377.05 1.931973
4378.78 1.863718
4380.51 1.806022
4382.24 1.732434
4383.97 1.688016
4385.7 1.674864
4387.43 1.72735
4389.16 1.78844
4390.89 1.817619
4392.62 1.846269
4394.35 1.947997
4396.08 2.027844
4397.8099999999995 1.990587
4399.54 1.950214
4401.2699999999995 1.904623
4403.01 1.853561
4404.74 1.965317
4406.47 1.997874
4408.2 1.940309
4409.93 1.970521
4411.66 2.008037
4413.389999999999 2.039952
4415.12 2.075765
4416.85 2.100386
4418.58 2.129957
4420.31 2.154699
4422.04 2.160434
4423.77 2.116144
4425.5 2.080721
4427.23 2.135951
4428.96 2.088405
4430.7 1.995141
4432.43 2.103763
4434.16 2.129948
4435.89 2.108982
4437.62 2.191684
4439.35 2.211096
4441.08 2.203936
4442.8099999999995 2.220602
4444.54 2.261505
4446.2699999999995 2.241051
4448.0 2.247177
4449.7300000000005 2.280785
4451.46 2.257074
4453.1900000000005 2.172808
4454.92 2.148447
4456.65 2.120577
4458.389999999999 2.027054
4460.12 2.009075
4461.85 2.0096
4463.58 2.155994
4465.31 2.241831
4467.04 2.223601
4468.77 2.255116
4470.5 2.289766
4472.23 2.36792
4473.96 2.338478
4475.69 2.389931
4477.42 2.453747
4479.15 2.470293
4480.88 2.432395
4482.610000000001 2.353329
4484.34 2.397878
4486.08 2.395257
4487.8099999999995 2.363351
4489.54 2.348507
4491.27 2.332871
4493.0 2.333658
4494.7300000000005 2.436559
4496.46 2.49282
4498.1900000000005 2.44828
4499.92 2.49881
4501.65 2.551957
4503.38 2.556129
4505.11 2.594286
4506.84 2.630891
4508.57 2.656023
4510.3 2.644045
4512.030000000001 2.540633
4513.76 2.541278
4515.49 2.551051
4517.23 2.515878
4518.96 2.455176
4520.69 2.385368
4522.42 2.462079
4524.150000000001 2.435382
4525.88 2.317903
4527.610000000001 2.255118
4529.34 2.218783
4531.07 2.205622
4532.8 2.297452
4534.53 2.355808
4536.259999999999 2.360361
4537.99 2.405561
4539.72 2.460911
4541.45 2.467168
4543.18 2.444249
4544.92 2.416229
4546.65 2.417796
4548.38 2.427701
4550.11 2.459996
4551.84 2.496731
4553.57 2.519909
4555.3 2.556514
4557.030000000001 2.613698
4558.76 2.605747
4560.49 2.634797
4562.22 2.63427
4563.95 2.603275
4565.679999999999 2.636233
4567.41 2.639613
4569.139999999999 2.654988
4570.87 2.660724
4572.61 2.646118
4574.34 2.583605
4576.07 2.674512
4577.8 2.691709
4579.53 2.566806
4581.26 2.526684
4582.99 2.555994
4584.72 2.554425
4586.45 2.55951
4588.18 2.57788
4589.91 2.557946
4591.64 2.566677
4593.37 2.554569
4595.099999999999 2.489048
4596.83 2.552223
4598.5599999999995 2.611871
4600.3 2.580475
4602.03 2.563027
4603.76 2.586466
4605.49 2.609524
4607.22 2.672167
4608.95 2.711117
4610.679999999999 2.756448
4612.41 2.78171
4614.14 2.72662
4615.87 2.733659
4617.6 2.807373
4619.33 2.758926
4621.06 2.714244
4622.79 2.721544
4624.5199999999995 2.774039
4626.25 2.736521
4627.99 2.759047
4629.72 2.781833
4631.45 2.757743
4633.18 2.706951
4634.91 2.607305
4636.64 2.56485
4638.37 2.572799
4640.099999999999 2.57605
4641.83 2.573841
4643.5599999999995 2.51392
4645.29 2.496732
4647.02 2.506636
4648.75 2.457136
4650.4800000000005 2.482278
4652.21 2.587513
4653.94 2.4996
4655.679999999999 2.574878
4657.41 2.639475
4659.14 2.572792
4660.87 2.573047
4662.6 2.500504
4664.33 2.453489
4666.06 2.453744
4667.79 2.423921
4669.5199999999995 2.409469
4671.25 2.410765
4672.98 2.470945
4674.71 2.482661
4676.44 2.496473
4678.17 2.493351
4679.900000000001 2.513273
4681.63 2.541151
4683.36 2.488785
4685.099999999999 2.492427
4686.83 2.536976
4688.56 2.573961
4690.29 2.532677
4692.02 2.494519
4693.75 2.517567
4695.4800000000005 2.570583
4697.21 2.522255
4698.94 2.458047
4700.67 2.468341
4702.4 2.507671
4704.13 2.458051
4705.86 2.380026
4707.59 2.403085
4709.320000000001 2.491398
4711.05 2.532812
4712.79 2.564716
4714.5199999999995 2.549351
4716.25 2.532023
4717.98 2.604836
4719.71 2.687929
4721.4400000000005 2.685719
4723.17 2.706955
4724.900000000001 2.661883
4726.63 2.565894
4728.36 2.555599
4730.09 2.596762
4731.82 2.628287
4733.55 2.566153
4735.28 2.542452
4737.01 2.604846
4738.74 2.655116
4740.4800000000005 2.704083
4742.21 2.694959
4743.94 2.699263
4745.67 2.720629
4747.4 2.742504
4749.13 2.723232
4750.86 2.620461
4752.59 2.715286
4754.320000000001 2.677649
4756.05 2.620855
4757.78 2.548312
4759.51 2.567723
4761.24 2.568629
4762.97 2.522395
4764.7 2.502461
4766.429999999999 2.510281
4768.17 2.519784
4769.900000000001 2.544264
4771.63 2.64938
4773.36 2.667869
4775.09 2.636093
4776.82 2.61057
4778.55 2.615903
4780.28 2.610568
4782.01 2.570717
4783.74 2.598193
4785.47 2.597937
4787.2 2.546614
4788.93 2.550526
4790.66 2.606668
4792.39 2.686765
4794.12 2.672963
4795.86 2.678026
4797.59 2.668132
4799.320000000001 2.670742
4801.05 2.686106
4802.78 2.710987
4804.51 2.642471
4806.24 2.631665
4807.969999999999 2.648211
4809.7 2.707468
4811.43 2.730527
4813.16 2.736393
4814.89 2.670091
4816.62 2.738216
4818.35 2.790569
4820.08 2.761139
4821.81 2.677263
4823.55 2.656016
4825.28 2.66071
4827.01 2.613945
4828.740000000001 2.625281
4830.47 2.634793
4832.2 2.571878
4833.93 2.621638
4835.66 2.616432
4837.389999999999 2.611998
4839.12 2.602495
4840.849999999999 2.594153
4842.58 2.583998
4844.31 2.608359
4846.04 2.546876
4847.77 2.638055
4849.5 2.590248
4851.24 2.558462
4852.969999999999 2.476671
4854.7 2.421049
4856.43 2.359576
4858.16 2.298755
4859.89 2.279473
4861.62 2.198853
4863.35 2.184651
4865.08 2.289896
4866.8099999999995 2.316471
4868.54 2.386409
4870.2699999999995 2.387064
4872.0 2.373643
4873.73 2.416369
4875.46 2.389542
4877.1900000000005 2.442418
4878.92 2.474593
4880.66 2.540884
4882.389999999999 2.471847
4884.12 2.490347
4885.85 2.519517
4887.58 2.478754
4889.31 2.482926
4891.04 2.499071
4892.77 2.620989
4894.5 2.634659
4896.23 2.668007
4897.96 2.713729
4899.69 2.68038
4901.42 2.708128
4903.15 2.669839
4904.88 2.634927
4906.610000000001 2.662935
4908.34 2.672568
4910.08 2.622676
4911.8099999999995 2.626458
4913.54 2.553773
4915.2699999999995 2.539842
4917.0 2.540357
4918.7300000000005 2.529681
4920.46 2.465864
4922.1900000000005 2.389273
4923.92 2.517311
4925.65 2.534629
4927.38 2.591682
4929.11 2.648345
4930.84 2.6697
4932.57 2.702137
4934.3 2.708524
4936.03 2.700442
4937.77 2.646904
4939.5 2.672166
4941.23 2.674516
4942.96 2.686112
4944.69 2.729218
4946.42 2.746416
4948.15 2.732995
4949.88 2.784969
4951.610000000001 2.753063
4953.34 2.714503
4955.07 2.702656
4956.8 2.62386
4958.53 2.570583
4960.26 2.576709
4961.99 2.581522
4963.719999999999 2.548704
4965.46 2.592331
4967.1900000000005 2.6469
4968.92 2.656543
4970.65 2.644424
4972.38 2.696137
4974.11 2.659542
4975.84 2.611605
4977.57 2.574098
4979.3 2.510411
4981.03 2.431345
4982.76 2.477718
4984.49 2.498682
4986.22 2.489048
4987.95 2.532165
4989.68 2.598196
4991.41 2.616174
4993.15 2.572395
4994.88 2.534497
4996.610000000001 2.522649
4998.34 2.533585
5000.07 2.533329
5001.799999999999 2.518094
5003.530000000001 2.498942
5005.26 2.475111
5006.99 2.405032
5008.72 2.428611
5010.45 2.409729
5012.18 2.393964
5013.910000000001 2.371826
5015.64 2.431214
5017.37 2.462999
5019.099999999999 2.446331
5020.829999999999 2.456616
5022.57 2.430952
5024.3 2.463127
5026.030000000001 2.533847
5027.76 2.57527
5029.49 2.56771
5031.219999999999 2.57058
5032.950000000001 2.576445
5034.68 2.549218
5036.41 2.454142
5038.139999999999 2.419881
5039.87 2.450493
5041.6 2.448414
5043.33 2.424833
5045.06 2.434215
5046.79 2.498553
5048.5199999999995 2.545317
5050.259999999999 2.578785
5051.99 2.611602
5053.72 2.55586
5055.45 2.540625
5057.18 2.656671
5058.91 2.672175
5060.639999999999 2.690535
5062.370000000001 2.640003
5064.1 2.564724
5065.83 2.543228
5067.5599999999995 2.522262
5069.29 2.562764
5071.02 2.478107
5072.75 2.408688
5074.4800000000005 2.435254
5076.21 2.430829
5077.95 2.416236
5079.679999999999 2.380283
5081.41 2.354888
5083.14 2.38966
5084.87 2.439419
5086.6 2.433561
5088.33 2.491126
5090.0599999999995 2.552608
5091.790000000001 2.559896
5093.52 2.529683
5095.25 2.514188
5096.98 2.501158
5098.71 2.469642
5100.4400000000005 2.395795
5102.17 2.431608
5103.900000000001 2.480065
5105.64 2.440845
5107.37 2.392658
5109.099999999999 2.405947
5110.83 2.467028
5112.56 2.524603
5114.29 2.552471
5116.02 2.58712
5117.75 2.507153
5119.48 2.479535
5121.21 2.417541
5122.9400000000005 2.442292
5124.67 2.356584
5126.4 2.328454
5128.129999999999 2.386279
5129.860000000001 2.405951
5131.59 2.375086
5133.32 2.396702
5135.06 2.429259
5136.79 2.40099
5138.5199999999995 2.410633
5140.249999999999 2.441636
5141.9800000000005 2.347592
5143.71 2.348507
5145.44 2.377296
5147.17 2.315684
5148.9 2.342389
5150.63 2.381849
5152.360000000001 2.322721
5154.09 2.419238
5155.82 2.424444
5157.549999999999 2.342131
5159.280000000001 2.312038
5161.01 2.299408
5162.74 2.214489
5164.4800000000005 2.126429
5166.21 2.053754
5167.94 1.895896
5169.669999999999 1.822432
5171.400000000001 1.851221
5173.13 1.885081
5174.86 1.899933
5176.59 1.913482
5178.32 1.96219
5180.05 2.015596
5181.780000000001 1.988761
5183.51 2.00244
5185.24 2.025627
5186.969999999999 2.119402
5188.700000000001 2.216832
5190.43 2.296669
5192.17 2.331961
5193.900000000001 2.32415
5195.63 2.363741
5197.36 2.422878
5199.089999999999 2.393186
5200.820000000001 2.379895
5202.55 2.331577
5204.28 2.318417
5206.01 2.271402
5207.74 2.264632
5209.47 2.254338
5211.200000000001 2.302273
5212.93 2.379375
5214.66 2.491523
5216.389999999999 2.504682
5218.120000000001 2.545315
5219.86 2.50858
5221.59 2.513533
5223.320000000001 2.533586
5225.05 2.474718
5226.78 2.443453
5228.509999999999 2.512359
5230.240000000001 2.601843
5231.97 2.589595
5233.7 2.611481
5235.429999999999 2.623208
5237.16 2.654201
5238.89 2.673483
5240.62 2.640264
5242.35 2.649516
5244.08 2.627378
5245.8099999999995 2.667098
5247.549999999999 2.645733
5249.28 2.617203
5251.01 2.542444
5252.74 2.63727
5254.47 2.623979
5256.2 2.604055
5257.929999999999 2.57253
5259.660000000001 2.490477
5261.39 2.487616
5263.12 2.398
5264.849999999999 2.314515
5266.58 2.313607
5268.31 2.293544
5270.04 2.342001
5271.77 2.357365
5273.5 2.412985
5275.24 2.506498
5276.969999999999 2.561718
5278.7 2.582301
5280.43 2.604308
5282.16 2.682331
5283.89 2.716721
5285.62 2.730131
5287.349999999999 2.745766
5289.080000000001 2.760488
5290.81 2.750975
5292.54 2.783541
5294.2699999999995 2.773636
5296.0 2.733655
5297.7300000000005 2.669447
5299.46 2.659803
5301.1900000000005 2.754369
5302.93 2.789519
5304.66 2.743937
5306.389999999999 2.813755
5308.12 2.88278
5309.85 2.894247
5311.58 2.855297
5313.31 2.831987
5315.04 2.893078
5316.7699999999995 2.857906
5318.5 2.745766
5320.2300000000005 2.772602
5321.96 2.795
5323.69 2.734438
5325.419999999999 2.548178
5327.150000000001 2.51041
5328.88 2.574887
5330.620000000001 2.628664
5332.35 2.638177
5334.08 2.599888
5335.8099999999995 2.641693
5337.539999999999 2.701221
5339.27 2.700954
5341.0 2.718672
5342.73 2.705131
5344.46 2.696269
5346.19 2.734957
5347.92 2.770249
5349.650000000001 2.720629
5351.38 2.801518
5353.11 2.877577
5354.839999999999 2.886049
5356.570000000001 2.849844
5358.3 2.87198
5360.04 2.909876
5361.77 2.843704
5363.5 2.79695
5365.23 2.788098
5366.959999999999 2.731825
5368.6900000000005 2.688717
5370.42 2.722316
5372.15 2.733001
5373.88 2.750718
5375.61 2.78041
5377.34 2.831082
5379.070000000001 2.831336
5380.8 2.874062
5382.53 2.86495
5384.259999999999 2.854915
5385.990000000001 2.806597
5387.73 2.735606
5389.46 2.764125
5391.1900000000005 2.709164
5392.92 2.680635
5394.65 2.657845
5396.379999999999 2.674652
5398.110000000001 2.628669
5399.84 2.680642
5401.57 2.642604
5403.3 2.602493
5405.03 2.573712
5406.76 2.606138
5408.490000000001 2.648473
5410.22 2.698493
5411.95 2.753322
5413.679999999999 2.740041
5415.42 2.814137
5417.15 2.796558
5418.88 2.823263
5420.610000000001 2.820913
5422.34 2.845926
5424.07 2.777018
5425.799999999999 2.783796
5427.530000000001 2.739255
5429.26 2.732868
5430.99 2.738343
5432.719999999999 2.741473
5434.45 2.744984
5436.18 2.748506
5437.91 2.752017
5439.64 2.755538
5441.37 2.759059
5443.11 2.76256
5444.839999999999 2.765951
5446.57 2.770374
5448.3 2.761001
5450.03 2.690801
5451.76 2.674645
5453.49 2.740425
5455.219999999999 2.735349
5456.950000000001 2.744852
5458.68 2.697577
5460.41 2.714503
5462.139999999999 2.753842
5463.87 2.728188
5465.6 2.666836
5467.33 2.665277
5469.06 2.710077
5470.8 2.660708
5472.53 2.631276
5474.259999999999 2.669694
5475.99 2.663706
5477.72 2.612393
5479.45 2.618119
5481.18 2.603926
5482.91 2.614731
5484.639999999999 2.67491
5486.370000000001 2.734569
5488.1 2.737298
5489.83 2.764785
5491.5599999999995 2.772204
5493.29 2.69992
5495.02 2.679997
5496.75 2.726099
5498.490000000001 2.74003
5500.22 2.715418
5501.95 2.625802
5503.679999999999 2.683245
5505.41 2.713328
5507.14 2.637788
5508.87 2.669051
5510.6 2.647816
5512.33 2.628413
5514.0599999999995 2.635832
5515.79 2.628933
5517.52 2.688852
5519.25 2.742639
5520.98 2.736392
5522.709999999999 2.718282
5524.4400000000005 2.691585
5526.17 2.662804
5527.910000000001 2.637651
5529.64 2.656932
5531.37 2.664231
5533.099999999999 2.649377
5534.83 2.661364
5536.56 2.691967
5538.29 2.630755
5540.0199999999995 2.661758
5541.75 2.68103
5543.48 2.688067
5545.21 2.758136
5546.9400000000005 2.797475
5548.67 2.76114
5550.4 2.780802
5552.129999999999 2.786017
5553.860000000001 2.773127
5555.6 2.75149
5557.33 2.745111
5559.06 2.693268
5560.79 2.69184
5562.5199999999995 2.737821
5564.249999999999 2.740812
5565.9800000000005 2.741337
5567.71 2.738467
5569.44 2.728963
5571.17 2.703569
5572.9 2.725575
5574.63 2.728966
5576.360000000001 2.700315
5578.09 2.695231
5579.82 2.684945
5581.549999999999 2.689629
5583.280000000001 2.650038
5585.02 2.625936
5586.75 2.665266
5588.4800000000005 2.648859
5590.21 2.552601
5591.94 2.594675
5593.669999999999 2.659413
5595.400000000001 2.626194
5597.13 2.610959
5598.86 2.603279
5600.59 2.621899
5602.32 2.657331
5604.05 2.684157
5605.780000000001 2.690543
5607.51 2.713471
5609.24 2.750326
5610.969999999999 2.728579
5612.71 2.682847
5614.4400000000005 2.681939
5616.17 2.666574
5617.900000000001 2.63531
5619.63 2.55482
5621.36 2.555606
5623.089999999999 2.637136
5624.820000000001 2.619036
5626.55 2.649509
5628.28 2.659282
5630.009999999999 2.652773
5631.74 2.637008
5633.47 2.648735
5635.2 2.703564
5636.93 2.658502
5638.66 2.62386
5640.4 2.571486
5642.129999999999 2.653156
5643.860000000001 2.646248
5645.59 2.762173
5647.32 2.798647
5649.05 2.742114
5650.78 2.755273
5652.509999999999 2.74082
5654.240000000001 2.647557
5655.97 2.63128
5657.7 2.690016
5659.429999999999 2.656677
5661.16 2.671269
5662.89 2.655895
5664.62 2.668011
5666.35 2.725446
5668.09 2.769986
5669.82 2.783536
5671.549999999999 2.76191
5673.280000000001 2.78614
5675.01 2.806724
5676.74 2.788353
5678.47 2.832772
5680.2 2.784444
5681.929999999999 2.793436
5683.660000000001 2.766739
5685.39 2.736256
5687.12 2.734307
5688.849999999999 2.739381
5690.58 2.749935
5692.31 2.738868
5694.04 2.750065
5695.77 2.752283
5697.51 2.804638
5699.24 2.710723
5700.969999999999 2.728181
5702.700000000001 2.721272
5704.43 2.601188
5706.16 2.630237
5707.89 2.664878
5709.62 2.640656
5711.349999999999 2.685457
5713.08 2.641567
5714.81 2.68807
5716.54 2.746677
5718.2699999999995 2.76218
5719.999999999999 2.793314
5721.7300000000005 2.884483
5723.46 2.877584
5725.200000000001 2.854644
5726.93 2.87106
5728.66 2.839154
5730.389999999999 2.830162
5732.120000000001 2.828473
5733.85 2.825472
5735.58 2.82248
5737.3099999999995 2.819619
5739.04 2.816748
5740.7699999999995 2.813887
5742.5 2.811417
5744.2300000000005 2.80529
5745.96 2.817407
5747.69 2.911702
5749.419999999999 2.788491
5751.150000000001 2.719333
5752.89 2.741461
5754.62 2.81271
5756.35 2.768291
5758.08 2.748758
5759.8099999999995 2.7739
5761.540000000001 2.842405
5763.27 2.866506
5765.0 2.833296
5766.73 2.819094
5768.46 2.791095
5770.19 2.779107
5771.92 2.795913
5773.650000000001 2.796048
5775.38 2.732221
5777.11 2.689764
5778.839999999999 2.682205
5780.58 2.691707
5782.31 2.66475
5784.04 2.657972
5785.77 2.704605
5787.5 2.693138
5789.23 2.698612
5790.960000000001 2.785623
5792.6900000000005 2.847355
5794.42 2.829646
5796.15 2.854528
5797.88 2.81662
5799.61 2.858434
5801.34 2.886823
5803.070000000001 2.843585
5804.8 2.87055
5806.53 2.895683
5808.259999999999 2.834601
5810.0 2.851648
5811.7300000000005 2.848917
5813.46 2.810498
5815.1900000000005 2.794994
5816.92 2.781582
5818.65 2.818186
5820.38 2.857907
5822.110000000001 2.842281
5823.84 2.853478
5825.57 2.921732
5827.299999999999 2.884355
5829.03 2.885913
5830.76 2.852834
5832.49 2.805297
5834.22 2.833816
5835.95 2.844241
5837.69 2.865326
5839.419999999999 2.877313
5841.150000000001 2.848532
5842.88 2.875228
5844.61 2.823003
5846.34 2.777802
5848.07 2.742639
5849.8 2.73587
5851.530000000001 2.7541
5853.26 2.74173
5854.99 2.701218
5856.719999999999 2.706952
5858.45 2.667491
5860.18 2.655634
5861.91 2.696536
5863.64 2.717901
5865.37 2.712556
5867.11 2.643258
5868.839999999999 2.736511
5870.570000000001 2.708902
5872.3 2.764653
5874.03 2.710856
5875.76 2.655374
5877.49 2.666309
5879.219999999999 2.602492
5880.950000000001 2.520439
5882.68 2.522127
5884.41 2.364792
5886.139999999999 2.255907
5887.87 2.271532
5889.6 2.136859
5891.33 2.074726
5893.06 2.039823
5894.8 2.074074
5896.53 2.154564
5898.259999999999 2.146101
5899.990000000001 2.255245
5901.72 2.405164
5903.45 2.486182
5905.18 2.490606
5906.91 2.609917
5908.639999999999 2.625412
5910.370000000001 2.631277
5912.1 2.649646
5913.83 2.620856
5915.5599999999995 2.611352
5917.289999999999 2.564467
5919.02 2.636489
5920.75 2.663064
5922.490000000001 2.639084
5924.22 2.721665
5925.95 2.712422
5927.679999999999 2.72961
5929.410000000001 2.694186
5931.14 2.729748
5932.87 2.706299
5934.599999999999 2.72076
5936.33 2.721797
5938.0599999999995 2.643001
5939.79 2.69289
5941.52 2.745114
5943.25 2.674263
5944.98 2.70643
5946.709999999999 2.705653
5948.4400000000005 2.674788
5950.18 2.663051
5951.91 2.695357
5953.64 2.660845
5955.37 2.672042
5957.099999999999 2.639743
5958.830000000001 2.675166
5960.56 2.714115
5962.29 2.736782
5964.0199999999995 2.778196
5965.75 2.760356
5967.48 2.766733
5969.21 2.782758
5970.9400000000005 2.787581
5972.67 2.694709
5974.4 2.649256
5976.129999999999 2.669049
5977.87 2.67764
5979.6 2.64391
5981.33 2.689232
5983.06 2.676601
5984.79 2.658892
5986.5199999999995 2.697961
5988.250000000001 2.715679
5989.9800000000005 2.657714
5991.71 2.662276
5993.44 2.645609
5995.17 2.657977
5996.9 2.64704
5998.63 2.646775
6000.360000000001 2.648733
6002.09 2.602498
6003.82 2.631799
6005.5599999999995 2.680507
6007.29 2.656545
6009.02 2.681288
6010.75 2.605357
6012.4800000000005 2.549215
6014.21 2.621898
6015.94 2.626721
6017.67 2.617338
6019.400000000001 2.625287
6021.13 2.602749
6022.86 2.623984
6024.589999999999 2.669314
6026.32 2.742118
6028.05 2.726492
6029.78 2.694455
6031.51 2.726361
6033.24 2.748898
6034.98 2.758392
6036.709999999999 2.766993
6038.4400000000005 2.758921
6040.17 2.773243
6041.9 2.750975
6043.63 2.752794
6045.36 2.780931
6047.09 2.801645
6048.820000000001 2.77533
6050.55 2.752801
6052.28 2.775989
6054.009999999999 2.753842
6055.74 2.747073
6057.47 2.735085
6059.2 2.671658
6060.93 2.664368
6062.67 2.729218
6064.4 2.721407
6066.129999999999 2.699521
6067.860000000001 2.734171
6069.59 2.741729
6071.32 2.719191
6073.05 2.682335
6074.78 2.710082
6076.51 2.732349
6078.240000000001 2.715681
6079.97 2.69158
6081.7 2.708516
6083.429999999999 2.704092
6085.16 2.643391
6086.89 2.642353
6088.62 2.663709
6090.360000000001 2.672562
6092.09 2.660843
6093.82 2.60939
6095.549999999999 2.609134
6097.280000000001 2.637401
6099.01 2.667484
6100.74 2.71047
6102.47 2.696919
6104.2 2.642739
6105.93 2.657591
6107.660000000001 2.676082
6109.39 2.634146
6111.12 2.621377
6112.849999999999 2.622032
6114.579999999999 2.615263
6116.31 2.551306
6118.05 2.52929
6119.780000000001 2.538794
6121.51 2.527335
6123.24 2.484747
6124.969999999999 2.559245
6126.700000000001 2.570971
6128.43 2.561336
6130.16 2.521346
6131.889999999999 2.544012
6133.62 2.520303
6135.35 2.415456
6137.08 2.450497
6138.81 2.494907
6140.54 2.576707
6142.2699999999995 2.587903
6143.999999999999 2.578269
6145.7300000000005 2.549488
6147.47 2.600923
6149.2 2.625543
6150.93 2.546747
6152.66 2.556641
6154.389999999999 2.50728
6156.120000000001 2.487218
6157.85 2.444631
6159.58 2.3954
6161.3099999999995 2.407509
6163.04 2.43226
6164.77 2.397219
6166.5 2.35932
6168.2300000000005 2.393448
6169.96 2.422229
6171.69 2.45727
6173.419999999999 2.421715
6175.16 2.464815
6176.89 2.463516
6178.62 2.431731
6180.35 2.470418
6182.08 2.506631
6183.8099999999995 2.441763
6185.540000000001 2.489568
6187.27 2.46677
6189.0 2.429782
6190.73 2.47902
6192.46 2.431866
6194.1900000000005 2.367527
6195.92 2.448936
6197.650000000001 2.488918
6199.38 2.43578
6201.11 2.470682
6202.849999999999 2.522125
6204.58 2.521999
6206.31 2.523557
6208.04 2.508582
6209.77 2.492036
6211.5 2.472633
6213.23 2.396181
6214.96 2.414672
6216.6900000000005 2.382243
6218.42 2.339908
6220.15 2.35984
6221.879999999999 2.334445
6223.610000000001 2.403733
6225.34 2.405429
6227.07 2.372089
6228.8 2.38498
6230.54 2.372471
6232.2699999999995 2.369863
6233.999999999999 2.331833
6235.7300000000005 2.341084
6237.46 2.387188
6239.19 2.345642
6240.92 2.365306
6242.65 2.351503
6244.38 2.342779
6246.110000000001 2.305133
6247.84 2.320115
6249.57 2.295762
6251.299999999999 2.361924
6253.030000000001 2.319076
6254.76 2.315425
6256.49 2.286122
6258.22 2.312566
6259.96 2.354104
6261.69 2.312557
6263.419999999999 2.361657
6265.150000000001 2.417016
6266.88 2.422099
6268.61 2.426914
6270.34 2.434341
6272.07 2.42106
6273.8 2.431866
6275.530000000001 2.47394
6277.26 2.435773
6278.99 2.456095
6280.719999999999 2.440989
6282.450000000001 2.460392
6284.18 2.443724
6285.91 2.43343
6287.650000000001 2.479143
6289.38 2.485007
6291.11 2.444626
6292.839999999999 2.495166
6294.570000000001 2.422751
6296.3 2.387971
6298.03 2.393445
6299.76 2.431082
6301.49 2.421317
6303.22 2.389019
6304.950000000001 2.406728
6306.68 2.441638
6308.41 2.425874
6310.139999999999 2.394618
6311.870000000001 2.406865
6313.6 2.392533
6315.34 2.399432
6317.070000000001 2.421578
6318.8 2.381457
6320.53 2.413111
6322.259999999999 2.439678
6323.990000000001 2.46586
6325.72 2.490872
6327.45 2.414672
6329.179999999999 2.410247
6330.91 2.451531
6332.64 2.482013
6334.37 2.503768
6336.1 2.462866
6337.83 2.4841
6339.5599999999995 2.423017
6341.290000000001 2.439945
6343.02 2.432785
6344.76 2.443583
6346.49 2.47693
6348.22 2.455833
6349.95 2.39865
6351.679999999999 2.410245
6353.410000000001 2.458563
6355.14 2.404905
6356.87 2.400479
6358.599999999999 2.416366
6360.33 2.412592
6362.06 2.39813
6363.79 2.391621
6365.52 2.41038
6367.25 2.457265
6368.98 2.502726
6370.710000000001 2.50833
6372.45 2.487217
6374.18 2.539711
6375.91 2.548954
6377.64 2.502199
6379.37 2.491131
6381.099999999999 2.471329
6382.830000000001 2.498815
6384.56 2.504672
6386.29 2.493083
6388.0199999999995 2.493868
6389.75 2.47068
6391.4800000000005 2.529295
6393.21 2.517186
6394.9400000000005 2.503635
6396.67 2.50937
6398.4 2.487484
6400.139999999999 2.505453
6401.87 2.515616
6403.6 2.486306
6405.33 2.472764
6407.06 2.465335
6408.79 2.509233
6410.5199999999995 2.517572
6412.25 2.504543
6413.9800000000005 2.45388
6415.71 2.46808
6417.44 2.539062
6419.169999999999 2.518095
6420.900000000001 2.486701
6422.63 2.519527
6424.36 2.522526
6426.09 2.4798
6427.83 2.495295
6429.5599999999995 2.483439
6431.289999999999 2.489564
6433.02 2.485529
6434.75 2.478361
6436.48 2.515486
6438.21 2.536459
6439.94 2.557294
6441.67 2.562378
6443.400000000001 2.546223
6445.13 2.524996
6446.86 2.505202
6448.589999999999 2.488916
6450.320000000001 2.480714
6452.05 2.473546
6453.78 2.489179
6455.51 2.516275
6457.25 2.535539
6458.98 2.526295
6460.709999999999 2.529294
6462.4400000000005 2.543357
6464.17 2.518092
6465.9 2.531503
6467.63 2.562115
6469.36 2.537111
6471.09 2.527208
6472.820000000001 2.596243
6474.55 2.618902
6476.28 2.580352
6478.009999999999 2.559255
6479.740000000001 2.546486
6481.47 2.538675
6483.2 2.518612
6484.9400000000005 2.507276
6486.67 2.490868
6488.4 2.519519
6490.129999999999 2.513531
6491.860000000001 2.452708
6493.59 2.39774
6495.32 2.349421
6497.05 2.354627
6498.78 2.405297
6500.51 2.434475
6502.240000000001 2.441244
6503.97 2.455965
6505.7 2.488914
6507.429999999999 2.489438
6509.160000000001 2.487749
6510.89 2.523433
6512.62 2.524869
6514.360000000001 2.49595
6516.09 2.528246
6517.82 2.54388
6519.549999999999 2.566669
6521.280000000001 2.566673
6523.01 2.554954
6524.74 2.548307
6526.469999999999 2.545314
6528.2 2.559116
6529.93 2.514314
6531.66 2.522263
6533.39 2.557556
6535.12 2.526821
6536.849999999999 2.5349
6538.580000000001 2.559643
6540.31 2.560818
6542.05 2.544005
6543.78 2.530072
6545.51 2.515096
6547.24 2.552343
6548.969999999999 2.532678
6550.700000000001 2.460517
6552.43 2.438118
6554.16 2.447889
6555.889999999999 2.398261
6557.62 2.354631
6559.35 2.31556
6561.08 2.290288
6562.81 2.302534
6564.54 2.327278
6566.2699999999995 2.312432
6568.000000000001 2.309179
6569.74 2.362439
6571.47 2.360489
6573.2 2.451138
6574.93 2.478233
6576.66 2.462737
6578.389999999999 2.451922
6580.120000000001 2.48071
6581.85 2.499071
6583.58 2.455311
6585.3099999999995 2.44242
6587.04 2.45518
6588.77 2.460132
6590.5 2.442422
6592.2300000000005 2.467817
6593.96 2.427964
6595.69 2.43304
6597.429999999999 2.441111
6599.16 2.448147
6600.89 2.493079
6602.62 2.453747
6604.35 2.448142
6606.08 2.464427
6607.8099999999995 2.474068
6609.54 2.479274
6611.27 2.479278
6613.0 2.490092
6614.73 2.508323
6616.459999999999 2.517573
6618.1900000000005 2.566542
6619.92 2.545967
6621.65 2.495043
6623.38 2.480972
6625.12 2.473804
6626.849999999999 2.466767
6628.58 2.491777
6630.31 2.471072
6632.04 2.459605
6633.7699999999995 2.497121
6635.5 2.473809
6637.23 2.469898
6638.96 2.460784
6640.6900000000005 2.42418
6642.42 2.409726
6644.15 2.409077
6645.879999999999 2.387062
6647.610000000001 2.381855
6649.34 2.371691
6651.07 2.381073
6652.81 2.3347
6654.54 2.28442
6656.2699999999995 2.287028
6657.999999999999 2.287943
6659.7300000000005 2.264625
6661.46 2.22907
6663.19 2.203929
6664.92 2.201457
6666.65 2.199376
6668.38 2.248346
6670.110000000001 2.2645
6671.84 2.292369
6673.57 2.271793
6675.299999999999 2.304358
6677.030000000001 2.331055
6678.76 2.278959
6680.5 2.31855
6682.2300000000005 2.339386
6683.96 2.393833
6685.69 2.378851
6687.419999999999 2.309562
6689.150000000001 2.180489
6690.88 1.927934
6692.61 1.781147
6694.34 1.640606
6696.07 1.587076
6697.8 1.625501
6699.530000000001 1.703127
6701.26 1.762653
6702.99 1.821136
6710.0 2.380675
6725.46 2.311522
6740.969999999999 2.404904
6756.51 2.329622
6772.08 2.379507
6787.69 2.447236
6803.34 2.376256
6819.030000000001 2.410372
6834.740000000001 2.400478
6850.500000000001 2.357754
6866.290000000001 2.294456
6882.120000000001 2.365314
6897.9800000000005 2.39384
6913.89 2.395006
6929.83 2.374037
6945.8 2.458698
6961.81 2.403863
6977.860000000001 2.483704
6993.95 2.502196
7010.070000000001 2.423921
7026.23 2.504548
7042.429999999999 2.499985
7058.66 2.489567
7074.93 2.261243
7091.24 2.277915
7107.59 2.321412
7123.969999999999 2.32259
7140.4 2.23962
7156.860000000001 2.204842
7173.36 2.226331
7189.89 2.206927
7206.46 2.218261
7223.08 2.307867
7239.73 2.341082
7256.42 2.380287
7273.14 2.392407
7289.91 2.312303
7306.72 2.400343
7323.56 2.412591
7340.4400000000005 2.452972
7357.37 2.49399
7374.32 2.512625
7391.330000000001 2.519523
7408.360000000001 2.509235
7425.44 2.498946
7442.56 2.617992
7459.719999999999 2.64352
7476.91 2.596629
7494.150000000001 2.658364
7511.43 2.635314
7528.740000000001 2.630628
7546.09 2.674655
7563.490000000001 2.615126
7580.93 2.586472
7598.4 2.534634
7615.92 2.518482
7633.4800000000005 2.537237
7651.07 2.474983
7668.71 2.436687
7686.389999999999 2.483183
7704.11 2.456093
7721.87 2.362961
7739.669999999999 2.402558
7757.509999999999 2.264104
7775.389999999999 2.421711
7793.320000000001 2.400734
7811.280000000001 2.440985
7829.29 2.464818
7847.34 2.454786
7865.43 2.484485
7883.5599999999995 2.429261
7901.7300000000005 2.375079
7919.95 2.34382
7938.2 2.361273
7956.5 2.356974
7974.85 2.429912
7993.2300000000005 2.425617
8011.660000000001 2.421316
8030.12 2.490481
8048.64 2.538017
8067.19 2.557034
8085.790000000001 2.482923
8104.43 2.405425
8123.11 2.457133
8141.83 2.435777
8160.610000000001 2.448403
8179.419999999999 2.455309
8198.27 2.456614
8217.17 2.480711
8236.11 2.232589
8255.1 2.582431
8274.13 2.577872
8293.199999999999 2.480321
8312.32 2.380939
8331.48 2.382115
8350.689999999999 2.472895
8369.94 2.462867
8389.23 2.44724
8408.58 2.442936
8427.96 2.433038
8447.38 2.303445
8466.86 2.342122
8486.38 2.387061
8505.94 1.754313
8525.55 2.235322
8545.199999999999 2.145713
8564.9 2.311129
8584.64 2.349944
8604.44 2.340429
8624.27 2.363358
8644.15 2.397611
8664.07 2.285731
8684.05 2.204193
8704.07 2.357752
8724.13 2.419627
8744.25 2.328057
8764.4 2.411161
8784.6 2.418063
8804.86 2.413893
8825.15 2.471467
8845.5 2.394482
8865.89 2.457263
8886.33 2.221776
8906.81 2.295888
8927.34 2.28664
8947.93 2.325063
8968.55 2.321028
8989.22 2.248739
9009.95 2.109501
9030.72 2.210184
9051.53 2.447238
9072.4 2.301099
9093.32 2.356059
9114.28 2.330404
9135.29 2.430434
9156.35 2.279995
9177.46 2.234541
9198.61 2.325065
9219.82 2.176187
9241.07 2.167461
9262.369999999999 2.297193
9283.73 2.373903
9305.130000000001 2.087881
9326.58 2.398652
9348.08 2.389015
9369.63 2.346812
9391.22 2.391884
9412.869999999999 2.355023
9434.58 2.416756
9456.32 2.385109
9478.119999999999 2.442026
9499.97 2.449193
9521.87 2.417018
9543.82 2.379768
9565.82 2.408814
9587.869999999999 2.449452
9609.97 2.41728
9632.13 2.435513
9654.33 2.386933
9676.59 2.393834
9698.89 2.428612
9721.26 2.353063
9743.66 2.354501
9766.12 2.366744
9788.630000000001 2.330404
9811.2 2.397089
9833.82 2.376512
9856.49 2.389018
9879.210000000001 2.37404
9901.98 2.337441
9924.81 2.36596
9947.69 2.372862
9970.630000000001 2.379899
9993.61 2.370388
10016.65 2.382764
10086.07 2.359972
10132.64 2.384717
10179.400000000001 2.365831
10226.390000000001 2.374294
10273.589999999998 2.38276
10297.28 2.373255
10488.720000000001 2.311124
10708.34 2.21735
10907.420000000002 2.147013
11110.210000000001 2.045682
11290.74 2.003742
11500.65 1.989934
11687.52 1.931191
11904.8 1.861379
12098.24 1.823216
12294.82 1.79404
12494.59 1.741161
12697.609999999999 1.701565
12903.94 1.658974
13113.619999999999 1.628625
13296.05 1.577046
13512.09 1.544614
13700.05 1.516481
13890.63 1.454875
14083.87 1.389359
14312.720000000001 1.370343
14511.829999999998 1.379852
14713.71 1.329966
14884.09 1.345335
15091.15 1.354713
15301.09 1.376725
15513.95 1.360965
15693.58 1.34221
15911.900000000001 1.29967
16096.16 1.302614
16282.55 1.290722
16509.06 1.275952
16700.23 1.258446
16893.6 1.241175
17089.22 1.20735
17287.11 1.161008
17487.29 1.119015
17689.77 1.07111
17894.61 1.02762
18101.82 0.9791166
18311.440000000002 0.9502401
18480.86 0.915867
18694.86 0.876663
18911.34 0.8488545
19086.31 0.8333685
19307.33 0.8050652
19485.989999999998 0.7723851
19711.63 0.744447
19894.01 0.7191792
20078.09 0.7076781
20310.57 0.6820845
20498.51 0.6711693
20688.19 0.6528825
20879.6 0.6380216
21121.379999999997 0.6263771
21316.82 0.6121149
21514.05 0.5981784
21713.12 0.5792015
21914.04 0.5673231
22116.8 0.5493354
22321.45 0.5343567
22476.16 0.5209937
22684.14 0.5056373
22894.02 0.4516884
23105.87 0.4465175
23319.670000000002 0.3888957
23481.31 0.3654506
23698.59 0.3705435
23917.850000000002 0.3394923
24083.66 0.3279653
24306.480000000003 0.3227295
24474.98 0.2991154
24701.43 0.293658
24872.670000000002 0.2448148
25102.79 0.2403474
25276.809999999998 0.2420144
25510.71 0.2397871
25687.53 0.2436815
25925.22 0.2392401
26104.91 0.2392402
26285.88 0.2327147
26529.08 0.2295237
26712.989999999998 0.2253426
26898.140000000003 0.2217348
27084.579999999998 0.217684
27272.33 0.2132165
27524.690000000002 0.2098171
27715.47 0.2045681
27907.570000000003 0.2017548
28101.04 0.1976258
28295.81 0.1940179
28491.96 0.1900324
28689.45 0.1861379
28888.329999999998 0.1827384
29088.56 0.1789873
29290.210000000003 0.1753272
29493.22 0.1717194
29697.68 0.1689842
29903.52 0.1651288
30110.78 0.1624979
30319.52 0.1595282
30529.670000000002 0.1577047
30670.609999999997 0.1555426
30883.19 0.1530549
31097.29 0.1509448
31312.829999999998 0.1488738
31529.89 0.1465034
31675.420000000002 0.1441589
31894.969999999998 0.1421791
32116.07 0.1398998
32264.300000000003 0.1379851
32487.93 0.1360965
32713.14 0.1345336
32864.13 0.1339213
33091.96 0.1317722
33321.32 0.1278896
33475.11 0.1255556
33707.17 0.1229805
33862.74 0.1204576
34097.49 0.118259
34333.83 0.1163678
34492.29 0.1142447
34731.4 0.1119016
34891.71 0.1098593
35133.58 0.1081023
35295.740000000005 0.1058854
35540.38 0.1039525
35704.46 0.1020548
35869.25 0.1001922
36117.86 0.09836357
36284.6 0.09656875
36536.1 0.09458763
36704.77 0.09264695
36874.18 0.09074796
37129.759999999995 0.08888668
37301.17 0.08746435
37473.329999999994 0.08547419
37733.07 0.08430063
37907.259999999995 0.08257226
38082.22 0.08106529
38257.99 0.07976931
38523.200000000004 0.07831313
38701.01 0.07670712
38879.63 0.07530701
39059.119999999995 0.07393288
39329.85 0.07258349
39511.37 0.07109477
39693.78 0.06979616
39876.98 0.06820848
40061.030000000006 0.06711698
40338.74 0.06604376
40524.93 0.06468914
40711.969999999994 0.0635091
40899.92 0.06249314
41088.69 0.06149414
41278.33 0.06051079
41468.9 0.05940626
41660.29 0.05832261
41852.58 0.05725715
42142.71 0.05621257
42337.22 0.05556913
42532.62 0.05455452
42728.979999999996 0.05368315
42926.19 0.05138426
43124.31 0.04907238
43323.35 0.04895905
43523.35 0.04686337
43724.24 0.04590213
43926.04 0.03887132
44128.83 0.03836335
44332.51 0.03785145
44537.12 0.03733828
44742.73 0.03682641
44949.24 0.0363471
45052.85 0.03610615
45260.79 0.03562423
45469.74 0.03513839
45679.600000000006 0.03466169
45890.43 0.03420843
46102.29 0.03375255
46315.07 0.03329409
46528.840000000004 0.03283431
46743.64 0.03240709
46851.39000000001 0.03219217
47067.63 0.03176105
47284.87 0.03132863
47503.159999999996 0.03090011
47722.41 0.03049504
47942.67 0.03008867
48053.18 0.02988548
48275.02 0.0294752
48497.83 0.02907664
48721.67 0.02869371
48946.6 0.02830948
49059.42 0.02811671
49285.85 0.02772987
49513.33 0.02735867
49741.91 0.02699788
49856.57 0.02681553
50086.68 0.02645214
50317.86 0.02608614
50550.15 0.02574098
50666.67 0.02557035
50783.46 0.02539973
50900.52 0.0252278
51017.85 0.02505588
51135.450000000004 0.02488395
51253.380000000005 0.02471071
51371.520000000004 0.02453748
51489.93 0.02437728
51608.619999999995 0.02421577
51727.58 0.02405557
51846.81999999999 0.02389275
51966.39 0.02373125
52086.170000000006 0.02356844
52206.229999999996 0.02340564
52326.579999999994 0.02324281
52447.19 0.02308391
52568.09 0.02293283
52689.26 0.02278043
52810.77 0.02262804
52932.49999999999 0.02247566
53054.52 0.02232195
53176.810000000005 0.02216827
53299.39000000001 0.02201457
53422.24 0.02186089
53545.39 0.021715
53668.87 0.02157173
53792.58 0.02142716
53916.579999999994 0.02128389
54040.86 0.02113931
54165.43 0.02099473
54290.28 0.02085016
54415.48 0.02070428
54540.91 0.02056101
54666.64 0.02042554
54792.65 0.02029008
54918.950000000004 0.02015333
55045.54 0.02001787
55172.43 0.0198811
55299.659999999996 0.01974434
55427.13 0.01960759
55554.9 0.01946952
55682.95 0.01933798
55811.31 0.01921033
55939.95 0.01908269
56068.96 0.01895374
56198.21 0.01882609
56327.75 0.01869715
56457.58 0.01856691
56587.72 0.01843796
56718.159999999996 0.01830771
56848.9 0.01818788
56980.009999999995 0.01806675
57111.35 0.01794561
57242.990000000005 0.01782449
57374.94 0.01770335
57507.19 0.01758092
57639.75 0.01745979
57772.62 0.01733735
57905.85 0.01721753
58039.329999999994 0.01710422
58173.11 0.0169896
58307.21 0.01687497
58441.61 0.01676036
58576.32 0.01664574
58711.409999999996 0.01653112
58846.740000000005 0.0164152
58982.39 0.01630058
59118.35 0.01619117
59254.619999999995 0.01608306
59391.2 0.01597627
59528.10999999999 0.01586816
59665.39 0.01575874
59802.920000000006 0.01565064
59940.77 0.01554254
60078.94 0.01543313
60217.42 0.01532502
60356.23 0.01522473
60495.42 0.01512313
60634.87 0.01502024
60774.64 0.01491865
60914.72 0.01481706
61055.14000000001 0.01471416
61195.880000000005 0.01461126
61336.93 0.01450837
61478.39 0.01440937
61620.100000000006 0.01431429
61762.14 0.01421791
61904.51 0.01412152
62047.2 0.01402514
62190.22 0.01392876
62333.65 0.01383237
62477.33 0.01373469
62621.34 0.01363831
62765.69 0.01354713
62910.37 0.01345726
63055.380000000005 0.01336609
63200.729999999996 0.01327621
63346.479999999996 0.01318504
63492.49999999999 0.01309387
63638.85 0.01300204
63785.54 0.01291048
63932.58 0.01282126
64079.94 0.01273607
64227.65 0.01265063
64375.770000000004 0.01256506
64524.16 0.01247935
64672.9 0.01239339
64821.98 0.01230716
64971.39 0.01222081
65121.149999999994 0.01213433
65271.33 0.01205253
65421.79 0.01197217
65572.6 0.01189154
65723.74 0.01181066
65875.24 0.01172965
66027.08 0.0116485
66179.28 0.0115671
66331.9 0.01148556
66484.81 0.01140493
66638.06 0.01132913
66791.67 0.01125319
66945.62000000001 0.011177
67099.94 0.01110068
67254.68000000001 0.01102422
67409.71 0.0109475
67565.09 0.01087066
67720.83 0.01079368
67876.93 0.01071983
68033.40000000001 0.01064832
68190.22 0.01057655
68347.48 0.01050466
68505.01999999999 0.0104325
68662.93 0.01036034
68821.2 0.01028793
68979.84 0.01021538
69138.84999999999 0.01014257
69298.29 0.0100751
69458.03 0.0100075
69618.13 0.009939774
69778.61 0.009871912
69939.45 0.009803794
70100.67 0.009735543
70262.26000000001 0.009667293
70424.29000000001 0.009598655
70586.62 0.009531967
70749.34 0.009468271
70912.41 0.009404584
71075.87 0.009340628
71239.71 0.009276416
71403.92 0.009212203
71568.59 0.009147859
71733.56 0.009083259
71898.91 0.009018528
72064.65 0.008957569
72230.76 0.008897395
72397.26 0.008837219
72564.22 0.008776782
72731.48 0.008716219
72899.13 0.008655654
73067.17 0.008594828
73235.59 0.008533871
73404.41 0.008473697
73573.61 0.00841704
73743.28 0.00836025
73913.27 0.008303462
74083.64 0.008246413
74254.41 0.008189236
74425.56999999999 0.008132056
74597.13 0.008074616
74769.16 0.008017047
74941.51 0.007961952
75114.25 0.00790855
75287.4 0.007854888
75460.95 0.007801223
75634.88 0.007747433
75809.23 0.00769351
75984.06 0.007639456
76159.21 0.007585271
76334.76 0.00753096
76510.72 0.007480554
76687.08 0.007430148
76863.84999999999 0.007379479
77041.03 0.007328813
77218.69 0.007278018
77396.69 0.007227091
77575.09 0.007176163
77753.91 0.007124976
77933.14 0.00707522
78112.78 0.00702768
78292.92 0.006980008
78473.39 0.006932338
78654.28 0.006884538
78835.58 0.006836607
79017.31 0.006788542
79199.44 0.006740353
79382.0 0.00669203
79565.08 0.006646573
79748.48 0.006601637
79932.3 0.006556702
80116.54999999999 0.006511767
80301.22 0.006466571
80486.31999999999 0.006421374
80671.94 0.006375917
80857.89 0.006330461
81044.28 0.006285524
81231.09 0.006243324
81418.34 0.006200992
81606.01 0.006158663
81794.12 0.006116203
81982.75 0.00607348
82171.73000000001 0.006030759
82361.12999999999 0.005988038
82550.98 0.005945056
82741.27 0.005904028
82932.0 0.005864171
83123.25 0.005824184
83314.86 0.005784198
83506.90999999999 0.005744081
83699.39 0.005703966
83892.33 0.005663589
84085.7 0.005623212
84279.51999999999 0.005582705
84473.89 0.005545193
84668.61 0.005507551
84863.76999999999 0.005469909
85059.39 0.005432137
85255.46 0.005394236
85451.98 0.005356333
85648.95 0.0053183
85846.47 0.005280138
86044.35 0.005243147
86242.7 0.005207719
86441.49 0.005172292
86640.73999999999 0.005136735
86840.46 0.005101045
87040.73 0.005065358
87241.36 0.00502954
87442.45 0.004993722
87644.02 0.004957642
87846.05 0.004923779
88048.53 0.004890434
88251.48999999999 0.004856961
88455.02 0.004823356
88658.90999999999 0.004789754
88863.28000000001 0.004756018
89068.12000000001 0.004722284
89273.42 0.004688419
89479.2 0.004654945
89685.56 0.004623555
89892.29 0.004592035
90099.5 0.004560516
90307.18000000001 0.004528865
90515.34999999999 0.004497083
90723.99 0.004465304
90933.11 0.004433524
91142.81999999999 0.004401483
91352.91 0.004370874
91563.49 0.004341308
91774.55 0.004311611
91986.1 0.004281784
92198.13 0.004251957
92410.76 0.004222
92623.77 0.004192043
92837.27 0.004161955
93051.27 0.004131869
93265.76 0.004103866
93480.75 0.004075861
93696.23000000001 0.004047858
93912.3 0.004019725
94128.78 0.003991591
94345.75 0.003963457
94563.22 0.003935064
94781.20000000001 0.003906799
94999.68000000001 0.003879186
95218.65999999999 0.003852876
95438.25 0.003826436
95658.23999999999 0.003799996
95878.73999999999 0.003773555
96099.75 0.003746984
96321.26 0.003720284
96543.29000000001 0.003693713
96765.94 0.003666882
96988.99 0.003641744
97212.56 0.003616866
97436.64000000001 0.003591989
97661.23999999999 0.003566981
97886.34999999999 0.003542104
98111.99 0.003516965
98338.24999999999 0.003491829
98564.92 0.00346669
98792.13 0.003441812
99019.84999999999 0.003418498
99248.1 0.003395053
99476.87 0.003371609
99706.28 0.003348034
99936.11 0.003324459
100166.47 0.003300884
100397.36 0.003277179
100628.78 0.003253473
100860.74 0.00323068
101093.23 0.003208668
101326.37000000001 0.003186656
101559.93000000001 0.003164514
101794.03000000001 0.003142241
102028.68000000001 0.003120099
102263.86 0.003097827
102499.59000000001 0.003075423
102735.86 0.003053021
102972.78 0.003032312
103210.15 0.003011472
103448.04999999999 0.002990763
103686.5 0.002969793
103925.51 0.002948954
104165.06 0.002927983
104405.29 0.002907013
104645.95 0.002885913
104887.17 0.002865333
105128.93999999999 0.002845796
105371.27 0.002826259
105614.15999999999 0.002806591
105857.61 0.002786924
106101.73 0.002767256
106346.3 0.002747459
106591.44 0.002727661
106837.14 0.002707733
107083.4 0.002689107
107330.24 0.002670612
107577.77 0.002652116
107825.73 0.002633622
108074.28 0.002615126
108323.40000000001 0.002596501
108573.1 0.002577875
108823.36 0.00255925
109074.20999999999 0.002540754
109325.76 0.002523431
109577.76000000001 0.002505978
109830.34 0.002488655
110083.51 0.002471202
110337.26 0.002453618
110591.6 0.002436165
110846.64 0.002418581
111102.15000000001 0.002400998
111358.25 0.002384066
111614.93000000001 0.002367785
111872.20999999999 0.002351373
112130.09 0.002334962
112388.56 0.002318551
112647.73999999999 0.002302009
112907.41 0.002285468
113167.65999999999 0.002268927
113428.52 0.002252254
113689.98 0.002236885
113952.05 0.002221516
114214.72 0.002206016
114478.11 0.002190647
114741.99 0.002175147
115006.48 0.002159518
115271.58 0.002144018
115537.29000000001 0.002128388
115803.61 0.002113149
116070.67000000001 0.002098692
116338.23 0.002084104
116606.39 0.002069646
116875.18000000001 0.002055058
117144.58 0.00204034
117414.60999999999 0.002025752
117685.26 0.002011034
117956.66 0.001996317
118228.56 0.00198251
118501.08 0.001968834
118774.23999999999 0.001955158
119048.02 0.001941352
119322.44 0.001927676
119597.61 0.001913869
119873.3 0.001900063
120149.61 0.001886257
120426.56 0.00187258
120704.16 0.001859686
120982.39 0.001846792
121261.26 0.001833897
121540.90999999999 0.001821002
121821.07 0.001807977
122101.88 0.001795083
122383.33 0.001782058
122665.43000000001 0.001769033
122948.18 0.001756529
123231.72 0.001744416
123515.78 0.001732303
123800.48999999999 0.00172006
124085.86 0.001707947
124371.89 0.001695703
124658.58 0.00168346
124945.92000000001 0.001671216
125234.07 0.001658843
125522.74 0.001647511
125812.08 0.00163605
126102.08 0.001624718
126392.76000000001 0.001613256
126684.11 0.001601664
126976.12 0.001590202
127268.95000000001 0.00157874
127562.32 0.001567148
127856.36 0.001555816
128151.06999999999 0.001545136
128446.47 0.001534456
128742.54000000001 0.001523645
129039.45 0.001512834
129336.89 0.001502024
129635.03 0.001491213
129933.84000000001 0.001480272
130233.34999999999 0.001469462
130533.55 0.001459172
130834.43000000001 0.001449013
131136.16 0.001438854
131438.45 0.001428824
131741.41 0.001418665
132045.09 0.001408375
132349.45 0.001398216
132654.53 0.001387926
132960.47 0.001377767
133266.95 0.001368259
133574.13 0.001358751
133882.03 0.001349243
134190.63 0.001339735
134499.97 0.001330096
134810.0 0.001320458
135120.87 0.00131095
135432.34 0.001301233
135744.55000000002 0.001291998
136057.44 0.00128305
136371.05 0.001274089
136685.39 0.001265102
137000.44999999998 0.001256089
137316.42 0.001247063
137632.94 0.00123801
137950.19999999998 0.001228945
138268.19 0.001219854
138586.91 0.001211427
138906.34 0.001203
139226.69 0.001194547
139547.61 0.001186081
139869.3 0.001177601
140191.7 0.001169096
140514.84 0.001160565
140838.73 0.001152021
141163.38 0.001143711
141488.94 0.001135792
141815.06 0.001127846
142141.97 0.001119888
142469.61000000002 0.001111917
142798.02 0.00110392
143127.16999999998 0.00109591
143457.25 0.001087873
143787.94 0.001079824
144119.38 0.001072243
144451.58 0.00106478
144784.55000000002 0.001057304
145118.3 0.001049815
145452.8 0.001042299
145788.23 0.001034771
146124.3 0.001027217
146461.13 0.001019649
146798.72 0.001012173
147137.09 0.001005166
147476.27 0.000998145
147816.38 0.0009910987
148157.09 0.0009840393
148498.61000000002 0.0009769538
148840.91 0.0009698682
149183.98 0.0009627568
149527.88 0.0009556322
149872.55 0.000948807
150218.17 0.0009422034
150564.44 0.0009355868
150911.52 0.0009289571
151259.38 0.0009223015
151608.03 0.0009156459
151957.48 0.0009089642
152307.77 0.0009022695
152659.02000000002 0.0008955615
153010.91 0.0008893356
153363.61000000002 0.0008831228
153717.13 0.0008768839
154071.45 0.0008706451
154426.59 0.0008643802
154782.73 0.000858102
155139.52 0.0008518111
155497.13 0.0008455071
155855.55 0.0008393725
156214.81 0.0008335243
156574.89 0.0008276762
156935.81 0.000821802
157297.73 0.0008159147
157660.31 0.0008100276
158023.72999999998 0.0008041143
158387.98 0.0007981879
158753.09 0.0007922485
159119.02 0.000786661
159485.98 0.0007811513
159853.59 0.0007756421
160222.08 0.0007701194
160591.41 0.0007645707
160961.58 0.0007590223
161332.59 0.0007534607
161704.48 0.000747886
162077.40999999997 0.0007423635
162451.0 0.0007371926
162825.47 0.0007320218
163200.80000000002 0.0007268249
163576.97999999998 0.0007216278
163954.05 0.0007164049
164332.13999999998 0.0007111821
164710.94 0.0007059331
165090.61 0.000700684
165471.16 0.0006956565
165852.58 0.0006907851
166234.87 0.0006859138
166618.06 0.0006810296
167002.31 0.0006761192
167387.27000000002 0.0006712088
167773.09 0.0006662985
168159.83 0.0006613621
168547.45 0.0006564127
168935.98 0.0006518278
169325.38 0.0006472561
169715.88 0.0006426584
170107.06 0.0006380607
170499.19 0.0006334499
170892.2 0.000628826
171286.12 0.0006241891
171680.95 0.0006195392
172076.88 0.0006150197
172473.52 0.0006107216
172871.09 0.0006064103
173269.56 0.000602086
173668.94999999998 0.0005977488
174069.3 0.0005934114
174470.53 0.0005890612
174872.88 0.0005846979
175275.98 0.0005803215
175680.02 0.0005762056
176084.95 0.000572155
176490.84 0.0005680912
176897.68999999997 0.0005640274
177305.63 0.0005599507
177714.33 0.0005558609
178123.98 0.000551771
178534.56000000003 0.0005476552
178946.09 0.0005436046
179358.58 0.0005398012
179772.02 0.0005359849
180186.59 0.0005321557
180601.94 0.0005283264
181018.22999999998 0.0005244971
181435.5 0.0005206417
181853.72999999998 0.0005167863
182272.91 0.000512931
182693.05 0.000509219
183114.37999999998 0.0005056371
183536.48 0.0005020553
183959.53 0.0004984604
184383.58000000002 0.0004948526
184808.59 0.0004912446
185234.59 0.0004876238
185661.77 0.0004839899
186089.72999999998 0.0004803559
186518.69 0.0004769825
186948.62 0.0004736091
187379.56 0.0004702356
187811.48 0.0004668491
188244.41 0.0004634626
188678.53 0.0004600632
189113.44 0.0004566508
189549.37000000002 0.0004532381
189986.28 0.0004499168
190424.2 0.0004467519
190863.16 0.0004435738
191303.31000000003 0.0004403958
191744.30000000002 0.0004372176
192186.28 0.0004340266
192629.28 0.0004308225
193073.30000000002 0.0004276183
193518.34 0.0004244012
193964.42 0.0004213794
194411.72999999998 0.0004183968
194859.86000000002 0.0004154141
195309.03 0.0004124184
195759.22999999998 0.0004094226
196210.47 0.000406427
196662.77000000002 0.0004034051
197116.3 0.0004003964
197570.65999999997 0.0003974137
198026.06 0.0003946134
198482.55000000002 0.0003918131
198940.05 0.0003889997
199398.62999999998 0.0003861864
199858.24999999997 0.000383373
200319.16 0.0003805466
200780.91 0.0003777072
201243.72999999998 0.0003748678
201707.59 0.0003721456
202172.56 0.0003695276
202638.58 0.0003668835
203105.69 0.0003642525
203574.08 0.0003615954
204043.33000000002 0.0003589384
204513.66 0.0003562813
204985.08000000002 0.0003536243
205457.56 0.0003509412
205931.19 0.0003484794
206406.09000000003 0.0003460047
206881.88 0.000343517
207358.73 0.0003410293
207836.72 0.0003385415
208315.8 0.0003360407
208795.98 0.0003335399
209277.27000000002 0.0003310392
209759.91 0.0003285905
210243.42 0.0003262721
210728.05 0.0003239407
211213.78 0.0003216092
211700.64 0.0003192777
212188.62999999998 0.0003169333
212677.97999999998 0.0003145888
213168.2 0.0003122313
213659.58 0.0003098738
214152.06000000003 0.0003076466
214645.69999999998 0.0003054584
215140.47999999998 0.0003032703
215636.41 0.0003010821
216133.68999999997 0.0002988809
216631.88999999998 0.0002966797
217131.27 0.0002944655
217631.75 0.0002922512
218133.41 0.0002900631
218636.23 0.0002880182
219140.44 0.0002859602
219645.56000000003 0.0002839023
220151.87 0.0002818314
220659.33000000002 0.0002797604
221167.96999999997 0.0002776895
221677.77000000002 0.0002756185
222188.77 0.0002735346
222701.16 0.0002715418
223214.5 0.0002696141
223729.03 0.0002676734
224244.72999999998 0.0002657457
224761.64 0.000263805
225279.72999999998 0.0002618513
225799.02000000002 0.0002598976
226319.77 0.0002579438
226841.44 0.0002559901
227364.33000000002 0.0002541796
227888.41 0.0002523562
228413.7 0.0002505457
228940.23 0.0002487222
229468.19999999998 0.0002468987
229997.14 0.0002450623
230527.30000000002 0.0002432258
231058.68999999997 0.0002413893
231591.28 0.0002396049
232125.13 0.0002378986
232660.19 0.0002361923
233196.73 0.0002344861
233734.28 0.0002327798
234273.05000000002 0.0002310606
234813.06 0.0002293413
235354.33000000002 0.000227609
235896.84 0.0002258767
236440.84 0.0002242486
236985.86 0.0002226596
237532.12999999998 0.0002210445
238079.66 0.0002194424
238628.45 0.0002178274
239178.5 0.0002162123
239729.83 0.0002145972
240282.69 0.0002129691
240836.56000000003 0.000211367
241391.7 0.0002098691
241948.13 0.0002083713
242505.83 0.0002068604
243064.83 0.0002053495
243625.13 0.0002038256
244186.94999999998 0.0002023147
244749.81 0.0002007909
245313.97999999998 0.000199267
245879.45 0.0001978082
246446.22999999998 0.0001963885
247014.3 0.0001949818
247583.95 0.000193562
248154.66 0.0001921424
248726.67 0.0001907096
249299.98 0.0001892899
249874.66 0.0001878572
255695.11 0.0001744286
261650.86 0.0001620289
267745.66 0.0001504759
273982.09 0.0001397174
280364.08999999997 0.0001297013
286894.44 0.0001203716
293577.22 0.0001116997
300415.38 0.0001037063
307413.09 9.626524e-05
314573.47 8.933736e-05
321901.03 8.288874e-05
329398.88000000006 7.68882e-05
337071.72 7.130446e-05
