100.02000000000001 7.104633e-05
102.11 8.924691e-05
104.01 0.0001022273
105.95 0.0001209275
107.91 0.0001450706
109.92 0.0002044286
114.05 0.0002676411
118.05 0.0003315634
121.08000000000001 0.001053402
125.05000000000001 0.001260477
127.08000000000001 0.001347642
127.96 0.001411097
130.94 0.001536688
131.85 0.001764297
133.98999999999998 0.001856121
137.10999999999999 0.002257156
139.98 0.002435482
142.92 0.005451911
146.92000000000002 0.01105502
151.04 0.01184589
154.91 0.0128108
158.88 0.01391827
161.84 0.01467394
165.98999999999998 0.01590595
169.86 0.01696558
173.01 0.01784769
177.04000000000002 0.01894905
179.92000000000002 0.01979527
182.0 0.02039785
185.82000000000002 0.021555
191.02 0.02299256
194.11999999999998 0.02402164
198.19 0.02515161
201.87 0.02645906
205.14999999999998 0.02738977
209.93 0.02777064
215.81 0.03073166
219.82999999999998 0.03210161
222.89 0.03277483
227.03 0.03424283
230.19000000000003 0.05158531
233.93 0.08522002
239.93 0.1097918
246.08 0.1038878
251.80999999999997 0.1105578
257.09 0.09027075
260.06 0.1075459
264.29 0.1139104
269.2 0.1136496
274.21000000000004 0.1128649
279.31 0.1118307
283.84 0.1120966
289.79 0.1067961
295.86 0.107287
300.65999999999997 0.103174
307.67 0.1046075
317.75 0.1063067
328.15999999999997 0.1048463
338.13000000000005 0.1022242
347.59999999999997 0.09944321
357.34000000000003 0.09830565
365.66 0.09876063
375.04 0.09651148
384.66 0.09048645
395.44000000000005 0.09259135
404.65000000000003 0.09216582
414.08 0.08985635
421.78000000000003 0.0868079
429.62 0.08444258
440.64 0.08347503
450.9 0.08101611
460.34 0.07808634
469.97999999999996 0.07595748
479.82 0.07491525
489.87 0.07138015
500.13 0.07137964
505.91999999999996 0.06895348
511.78000000000003 0.07270311
520.09 0.07072361
529.76 0.06785265
539.61 0.06346918
549.64 0.06131731
559.86 0.06274258
570.27 0.0627421
579.54 0.06047141
590.31 0.05936937
599.9 0.05578983
609.65 0.04859159
619.56 0.0552798
629.62 0.05291457
639.85 0.05303472
650.25 0.05123622
657.7800000000001 0.04915428
665.4 0.04983827
674.65 0.04915491
685.62 0.04597832
695.15 0.04683669
704.82 0.04320945
716.28 0.04503663
726.2399999999999 0.04411347
734.65 0.04330707
744.87 0.04193446
755.23 0.04088393
765.74 0.03669084
774.61 0.03922572
785.38 0.03720139
794.48 0.03737416
805.53 0.03703027
814.86 0.03635439
824.2900000000001 0.03585673
835.76 0.03217885
845.4399999999999 0.03424303
855.23 0.03338592
865.1300000000001 0.03308056
875.15 0.03270235
885.28 0.0321036
895.53 0.03159091
905.9000000000001 0.03080094
914.28 0.03262725
924.87 0.06661537
935.58 0.1075379
944.2399999999999 0.1620175
955.1700000000001 0.2034994
964.01 0.2246798
975.1700000000001 0.07439944
984.19 0.1947923
995.5899999999999 0.1956897
1004.8 0.2561911
1014.1 0.2463574
1025.84 0.1249025
1035.34 0.1886076
1044.92 0.3066062
1054.58 0.2982371
1064.34 0.2452275
1074.19 0.2796189
1084.1299999999999 0.2257186
1094.16 0.285463
1104.28 0.2732534
1114.5 0.2633684
1124.82 0.2368997
1135.22 0.2861367
1145.73 0.2627607
1156.33 0.2726259
1164.34 0.2764197
1175.1200000000001 0.1988685
1185.99 0.2639756
1194.21 0.1947903
1205.26 0.1498163
1213.62 0.1003597
1224.84 0.1855967
1236.18 0.2573756
1244.75 0.2770508
1256.2599999999998 0.2658093
1264.97 0.2347276
1273.7399999999998 0.2867791
1285.53 0.2961876
1294.44 0.2418605
1306.42 0.2379905
1315.47 0.2854634
1324.59 0.2726232
1333.77 0.2441007
1346.1100000000001 0.2808959
1355.44 0.2713704
1364.84 0.2452246
1374.3 0.2532601
1383.8200000000002 0.2538464
1393.4199999999998 0.2185576
1406.3100000000002 0.2236476
1416.0600000000002 0.2336492
1425.87 0.2358112
1435.76 0.2341892
1442.39 0.2440972
1445.71 0.2463557
1455.73 0.238541
1465.82 0.2215986
1475.98 0.2200744
1486.21 0.2221102
1496.52 0.2231347
1503.42 0.2116247
1510.3600000000001 0.1903566
1517.3300000000002 0.2011721
1524.34 0.1956895
1534.8999999999999 0.1716185
1545.54 0.1822074
1556.2599999999998 0.1728077
1563.44 0.1764275
1574.2800000000002 0.1860224
1585.1899999999998 0.1925613
1596.18 0.195689
1603.55 0.1899151
1614.66 0.1894797
1625.8500000000001 0.179709
1633.3600000000001 0.1890457
1644.68 0.1903556
1656.0800000000002 0.1768344
1663.72 0.1903578
1671.4 0.1708317
1675.26 0.1907914
1686.8700000000001 0.1961394
1694.65 0.1847408
1706.3999999999999 0.1772412
1714.28 0.1684872
1726.1599999999999 0.1669421
1734.13 0.1760211
1746.1499999999999 0.171619
1754.21 0.1805355
1766.37 0.1661737
1774.52 0.1692635
1786.8200000000002 0.1712249
1795.07 0.1805362
1803.35 0.1784697
1815.85 0.1654128
1824.24 0.1680974
1836.8799999999999 0.1612751
1845.3600000000001 0.1481031
1853.8799999999999 0.1487852
1866.73 0.1529561
1875.3400000000001 0.1627667
1884.0000000000002 0.1505087
1897.0600000000002 0.1450671
1905.82 0.1522527
1914.61 0.1467452
1923.4499999999998 0.1427486
1936.78 0.144068
1945.72 0.1526037
1954.7 0.1434058
1968.25 0.1554413
1977.34 0.1576037
1981.9 0.1508564
1995.6399999999999 0.1467435
2004.85 0.1494715
2014.1000000000001 0.1454006
2023.3999999999999 0.1484438
2032.74 0.1437356
2046.83 0.14913
2056.27 0.1414375
2065.77 0.1417638
2075.2999999999997 0.1519043
2080.09 0.1576025
2084.88 0.1680988
2094.5 0.1583321
2104.17 0.1576038
2113.88 0.1627657
2123.64 0.1597967
2133.44 0.1498172
2143.29 0.1605331
2153.1800000000003 0.1631405
2163.12 0.1540152
2173.11 0.1529563
2183.14 0.1609022
2193.21 0.164651
2203.34 0.1601638
2213.5099999999998 0.145067
2223.73 0.1481029
2233.99 0.1680978
2244.2999999999997 0.1609022
2254.66 0.143737
2265.0699999999997 0.1417636
2275.52 0.1474223
2286.03 0.1654118
2296.58 0.149133
2307.1800000000003 0.1598277
2312.5 0.1467883
2323.17 0.1193354
2333.8900000000003 0.1275987
2344.67 0.1132206
2355.4900000000002 0.14093
2366.36 0.1151032
2377.2799999999997 0.1253634
2382.7599999999998 0.1054884
2393.76 0.1156887
2404.81 0.1125552
2415.91 0.1184255
2427.06 0.1467332
2432.6600000000003 0.1440694
2443.89 0.1601961
2455.17 0.1635831
2466.5 0.1502506
2472.19 0.1392711
2483.6 0.117204
2495.06 0.1210669
2506.58 0.1531473
2512.36 0.1084316
2518.15 0.1037989
2523.95 0.1033318
2535.6 0.1231193
2547.31 0.1245669
2553.18 0.1759744
2564.96 0.1470758
2576.8 0.1728318
2582.7400000000002 0.1605694
2594.66 0.150921
2606.64 0.1379861
2612.65 0.1305805
2624.71 0.1548726
2636.82 0.2233875
2642.9 0.2806168
2655.1000000000004 0.3734071
2667.3599999999997 0.2530925
2673.51 0.2801116
2685.8500000000004 0.318736
2692.04 0.2418019
2704.46 0.2894393
2716.9500000000003 0.2216354
2723.2099999999996 0.1826796
2735.7799999999997 0.2217055
2742.0899999999997 0.1495612
2754.74 0.1840412
2767.46 0.2259492
2773.84 0.2382611
2786.6400000000003 0.1648713
2793.07 0.100505
2805.96 0.1130557
2812.4300000000003 0.2149467
2825.41 0.2873654
2831.92 0.2675955
2844.9900000000002 0.1997902
2858.12 0.1382501
2864.7099999999996 0.2616466
2877.94 0.3522044
2884.57 0.3257379
2897.8900000000003 0.3989777
2911.2599999999998 0.5333936
2931.44 0.4668725
2951.7599999999998 0.4288923
2972.22 0.4430945
2992.8199999999997 0.4504595
3006.64 0.4453903
3027.48 0.4807076
3048.46 0.5012396
3069.5899999999997 0.5523289
3090.87 0.5349898
3112.3 0.628788
3126.66 0.5775923
3148.34 0.5817914
3170.1600000000003 0.6440517
3192.14 0.5560227
3206.87 0.612627
3229.1 0.5204244
3251.48 0.7353903
3266.4900000000002 0.8602511
3289.13 0.8468082
3311.9300000000003 0.7851295
3319.57 0.7345201
3327.2200000000003 0.7569241
3334.89 0.8415951
3342.58 0.762361
3350.2799999999997 0.8170072
3358.0 0.8595541
3365.75 0.6044184
3373.5 0.5746222
3381.2799999999997 0.7558623
3389.07 0.8194149
3396.8900000000003 0.6943267
3404.72 0.9132976
3412.5699999999997 0.7685472
3420.43 0.8011831
3428.32 0.8124113
3436.22 0.7995291
3444.14 0.5319933
3452.08 0.8589331
3460.04 0.7852445
3468.02 0.7853535
3476.0099999999998 0.7313547
3484.02 0.815045
3492.0499999999997 0.7468739
3500.11 0.7182743
3508.17 0.9043914
3516.2599999999998 0.7201253
3524.37 0.7806763
3532.49 0.8861852
3540.63 0.9409991
3548.7999999999997 0.9900377
3556.98 0.8525183
3565.18 0.9457314
3573.4 0.6249207
3581.63 0.7110231
3589.89 0.5211235
3598.1600000000003 0.8974221
3606.46 0.8223557
3614.77 0.7872621
3623.11 0.6564037
3631.46 1.151425
3639.83 0.9338848
3648.22 0.8817902
3656.63 1.112799
3665.06 1.217524
3673.5099999999998 1.05813
3681.9800000000005 0.9741053
3690.4700000000003 0.8583427
3698.97 1.065919
3707.5000000000005 0.8826278
3716.05 1.131987
3724.6099999999997 0.615037
3733.2 0.9659837
3741.8 0.7586378
3750.4300000000003 0.6195729
3759.0800000000004 1.135404
3767.74 0.8814807
3776.4300000000003 1.079641
3785.13 1.228395
3793.86 0.9213059
3802.61 0.7438177
3811.37 0.9989186
3820.1600000000003 0.8083223
3828.96 0.6318979
3837.79 0.5555472
3846.64 0.8928487
3855.5 0.9502713
3864.39 0.7394521
3873.3 0.8749251
3882.23 0.8280115
3891.1800000000003 0.727938
3892.52 1.387702
3894.2900000000004 1.566596
3896.06 1.149498
3897.84 1.290736
3899.61 1.441173
3901.3799999999997 1.134681
3903.16 1.730437
3904.93 1.354682
3906.7000000000003 0.7234313
3908.47 0.6801849
3910.25 0.5503927
3912.02 1.357907
3913.79 1.22464
3915.5699999999997 0.6828719
3917.34 0.9416721
3919.11 0.5055235
3920.88 0.5644551
3922.66 0.33103
3924.43 0.2296211
3926.2000000000003 0.8180154
3927.98 0.318342
3929.75 0.5564422
3931.52 1.093422
3933.29 1.083505
3935.07 0.8837472
3936.8399999999997 0.6591225
3938.61 1.148232
3940.39 1.172429
3942.1600000000003 0.9702116
3943.93 1.279394
3945.7 1.118994
3947.48 0.9785295
3949.2500000000005 1.503348
3951.02 1.346365
3952.8 1.443608
3954.57 1.376581
3956.3399999999997 1.088323
3958.11 1.17955
3959.89 0.8231363
3961.6600000000003 0.6857297
3963.43 0.8180439
3965.2 0.7588046
3966.98 0.8719569
3968.75 0.515944
3970.52 0.4868983
3972.3 0.7055866
3974.07 1.263909
3975.84 1.859029
3977.6099999999997 1.600741
3979.39 1.60155
3981.1600000000003 1.019981
3982.9300000000003 0.9270243
3984.71 2.080213
3986.48 1.775506
3988.25 1.72224
3990.0200000000004 1.982332
3991.7999999999997 1.667673
3993.57 1.707702
3995.34 1.512488
3997.12 1.766093
3998.89 1.84469
4000.66 1.616595
4002.4300000000003 1.86413
4004.2100000000005 1.653336
4005.98 1.751539
4007.75 1.718737
4009.53 1.400503
4011.2999999999997 1.422347
4013.07 1.567995
4014.84 2.064366
4016.6200000000003 1.819252
4018.39 1.27427
4020.16 1.535341
4021.94 1.775922
4023.7099999999996 1.918434
4025.48 1.913454
4027.25 2.026997
4029.03 1.909554
4030.7999999999997 1.462965
4032.5699999999997 1.719099
4034.35 1.605186
4036.1200000000003 1.318749
4037.89 1.866871
4039.66 2.151554
4041.44 1.663056
4043.21 1.355157
4044.98 1.650482
4046.7599999999998 1.805253
4048.53 1.314096
4050.3 1.700364
4052.0699999999997 1.900294
4053.85 1.577009
4055.62 1.393138
4057.3900000000003 1.51442
4059.1699999999996 1.918877
4060.94 1.651459
4062.71 1.336061
4064.4799999999996 1.644151
4066.2599999999998 1.81105
4068.03 1.78834
4069.8 1.765482
4071.5800000000004 1.618351
4073.35 1.554413
4075.12 1.607318
4076.8900000000003 1.542987
4078.6699999999996 1.492989
4080.44 1.651514
4082.21 1.624687
4083.9900000000002 1.525674
4085.7599999999998 1.678765
4087.5299999999997 2.179785
4089.3 1.927183
4091.0800000000004 1.824968
4092.85 1.85483
4094.62 1.799342
4096.4 1.72831
4098.17 1.560517
4099.9400000000005 1.564127
4101.71 1.758538
4103.49 1.635074
4105.26 1.867681
4107.03 1.715208
4108.81 1.532982
4110.58 1.847877
4112.35 1.549845
4114.12 1.733194
4115.900000000001 1.587259
4117.67 1.586171
4119.44 1.922838
4121.22 1.522166
4122.990000000001 1.557602
4124.76 1.576204
4126.53 1.21002
4128.31 1.456967
4130.08 1.76372
4131.85 1.715822
4133.62 1.512262
4135.400000000001 1.380956
4137.17 1.39196
4138.94 1.501533
4140.72 2.009911
4142.49 1.867457
4144.26 1.348467
4146.04 1.28693
4147.81 1.379495
4149.58 1.47061
4151.349999999999 1.441038
4153.13 1.483097
4154.900000000001 1.650676
4156.67 1.727368
4158.44 1.675185
4160.22 1.633029
4161.99 1.77022
4163.76 1.850209
4165.54 1.70585
4167.31 1.444985
4169.08 1.249175
4170.849999999999 1.513663
4172.63 1.570706
4174.4 1.500522
4176.17 1.611692
4177.950000000001 1.549986
4179.72 1.553092
4181.49 1.598106
4183.259999999999 1.540827
4185.04 1.534494
4186.81 1.599646
4188.58 1.702154
4190.360000000001 1.701283
4192.13 1.407199
4193.9 1.445904
4195.67 1.623174
4197.45 1.329223
4199.22 1.185958
4200.99 1.462937
4202.77 1.720639
4204.54 1.574965
4206.3099999999995 1.618019
4208.08 1.894355
4209.860000000001 1.788612
4211.63 1.724618
4213.4 1.762658
4215.18 2.016262
4216.95 1.913981
4218.72 1.703867
4220.49 1.677032
4222.27 1.587851
4224.04 1.809991
4225.8099999999995 1.581943
4227.59 1.300204
4229.36 1.660284
4231.13 1.714029
4232.9 1.643957
4234.68 1.633591
4236.45 1.585358
4238.219999999999 1.662022
4240.0 1.602697
4241.77 2.02604
4243.54 1.900568
4245.3099999999995 1.816521
4247.09 1.991085
4248.86 1.51013
4250.63 1.548366
4252.41 1.734191
4254.18 1.740498
4255.95 1.841278
4257.72 1.776771
4259.5 1.850542
4261.2699999999995 1.729347
4263.04 1.773325
4264.820000000001 1.838946
4266.59 1.676102
4268.36 1.753102
4270.13 1.738935
4271.91 1.617424
4273.68 1.675322
4275.45 1.374431
4277.2300000000005 1.512672
4279.0 1.751476
4280.7699999999995 1.754001
4282.54 1.709241
4284.32 1.760886
4286.09 1.701569
4287.86 1.582586
4289.64 1.443522
4291.41 1.435067
4293.179999999999 1.481139
4294.95 1.420729
4296.7300000000005 1.545896
4298.5 1.582808
4300.2699999999995 1.434816
4302.05 1.316955
4303.82 1.277937
4305.59 1.453357
4307.36 1.417679
4309.14 1.370951
4310.91 1.626084
4312.68 1.700255
4314.46 1.84782
4316.23 1.9635
4318.0 2.010532
4319.77 1.867209
4321.55 2.06811
4323.32 1.849818
4325.09 1.68689
4326.860000000001 1.949446
4328.64 2.000978
4330.41 1.835389
4332.18 2.072794
4333.96 2.033439
4335.73 2.038981
4337.5 2.165529
4339.27 2.299921
4341.05 2.145468
4342.82 1.884492
4344.59 2.12438
4346.37 2.124376
4348.139999999999 1.792959
4349.91 1.855554
4351.68 1.896844
4353.46 2.040356
4355.23 2.052349
4357.0 2.038482
4358.78 2.087689
4360.55 2.10435
4362.32 2.091361
4364.09 2.090918
4365.87 2.186245
4367.639999999999 2.102479
4369.41 2.012969
4371.19 1.961337
4372.96 1.872921
4374.73 1.759576
4376.5 1.935157
4378.28 1.900144
4380.05 1.762628
4381.82 1.805338
4383.6 1.84365
4385.37 1.805424
4387.14 1.840347
4388.91 1.831081
4390.69 1.807271
4392.46 1.814466
4394.2300000000005 1.932723
4396.01 1.845613
4397.78 1.920897
4399.55 1.995013
4401.320000000001 1.852119
4403.099999999999 1.831577
4404.87 2.039601
4406.64 2.083972
4408.42 2.079926
4410.19 2.129254
4411.96 2.166344
4413.7300000000005 2.097552
4415.51 2.120767
4417.28 2.312407
4419.05 2.20992
4420.83 2.091077
4422.599999999999 2.257145
4424.37 2.301058
4426.14 2.222277
4427.92 2.177683
4429.69 2.081051
4431.46 2.252973
4433.24 2.334743
4435.01 2.115388
4436.78 2.199056
4438.55 2.288035
4440.33 2.197087
4442.1 2.208296
4443.87 2.29439
4445.65 2.341553
4447.42 2.301563
4449.1900000000005 2.24473
4450.96 2.147492
4452.74 1.996018
4454.51 1.971816
4456.280000000001 2.014591
4458.0599999999995 1.973975
4459.83 2.13149
4461.6 2.190426
4463.37 2.217516
4465.15 2.287524
4466.92 2.218965
4468.6900000000005 2.243815
4470.46 2.376124
4472.24 2.428522
4474.01 2.472027
4475.78 2.439337
4477.5599999999995 2.337802
4479.33 2.500902
4481.1 2.25574
4482.87 2.246812
4484.65 2.392144
4486.42 2.344693
4488.1900000000005 2.419119
4489.969999999999 2.413821
4491.74 2.319485
4493.51 2.291455
4495.28 2.49189
4497.06 2.533327
4498.83 2.479278
4500.6 2.480545
4502.38 2.58825
4504.150000000001 2.592879
4505.92 2.557372
4507.69 2.649599
4509.47 2.596882
4511.240000000001 2.458321
4513.01 2.535323
4514.79 2.546326
4516.56 2.507194
4518.33 2.408415
4520.1 2.526758
4521.88 2.416586
4523.650000000001 2.361584
4525.42 2.538744
4527.2 2.408854
4528.97 2.314248
4530.74 2.448667
4532.51 2.397016
4534.29 2.405583
4536.06 2.415784
4537.83 2.525237
4539.61 2.501202
4541.38 2.51244
4543.150000000001 2.422641
4544.92 2.367751
4546.7 2.450624
4548.47 2.332228
4550.24 2.506979
4552.0199999999995 2.453255
4553.79 2.364885
4555.56 2.557085
4557.33 2.584177
4559.11 2.625501
4560.88 2.733201
4562.65 2.550089
4564.43 2.574776
4566.2 2.746559
4567.97 2.704694
4569.74 2.484711
4571.52 2.521314
4573.29 2.608399
4575.06 2.437096
4576.84 2.376706
4578.610000000001 2.564257
4580.38 2.665531
4582.15 2.524712
4583.93 2.443679
4585.7 2.438073
4587.47 2.589157
4589.25 2.55896
4591.02 2.597188
4592.79 2.515298
4594.5599999999995 2.519198
4596.34 2.557246
4598.110000000001 2.563443
4599.88 2.683399
4601.66 2.613569
4603.43 2.398696
4605.2 2.493427
4606.97 2.692955
4608.75 2.706143
4610.52 2.62595
4612.29 2.631952
4614.07 2.579264
4615.84 2.668578
4617.61 2.644694
4619.38 2.633666
4621.16 2.604801
4622.93 2.714854
4624.7 2.689093
4626.4800000000005 2.591888
4628.25 2.611697
4630.02 2.721582
4631.79 2.620103
4633.570000000001 2.449835
4635.34 2.612852
4637.11 2.556943
4638.89 2.419669
4640.66 2.557365
4642.43 2.480954
4644.2 2.42696
4645.9800000000005 2.549437
4647.75 2.481849
4649.5199999999995 2.429872
4651.3 2.367661
4653.070000000001 2.520695
4654.84 2.686932
4656.61 2.602662
4658.39 2.553212
4660.16 2.468913
4661.93 2.376323
4663.71 2.423168
4665.4800000000005 2.356682
4667.25 2.338875
4669.0199999999995 2.410517
4670.8 2.48185
4672.57 2.497962
4674.34 2.428497
4676.11 2.498469
4677.89 2.387103
4679.66 2.549912
4681.429999999999 2.517765
4683.21 2.40188
4684.9800000000005 2.622228
4686.75 2.567255
4688.5199999999995 2.445032
4690.3 2.593939
4692.07 2.484684
4693.84 2.47034
4695.62 2.460757
4697.39 2.437517
4699.16 2.481878
4700.929999999999 2.402621
4702.71 2.390966
4704.48 2.434066
4706.25 2.344838
4708.030000000001 2.445973
4709.8 2.648133
4711.57 2.564871
4713.34 2.62983
4715.12 2.701096
4716.89 2.71267
4718.66 2.717551
4720.4400000000005 2.601581
4722.21 2.618673
4723.98 2.787458
4725.75 2.768912
4727.53 2.558005
4729.3 2.469253
4731.07 2.534116
4732.85 2.621863
4734.62 2.685364
4736.389999999999 2.602455
4738.16 2.746006
4739.9400000000005 2.889349
4741.71 2.781204
4743.48 2.753314
4745.26 2.685194
4747.03 2.732832
4748.8 2.7881
4750.57 2.719487
4752.35 2.675245
4754.12 2.691077
4755.889999999999 2.753823
4757.67 2.612561
4759.44 2.46768
4761.21 2.698561
4762.98 2.646293
4764.76 2.572879
4766.53 2.558069
4768.3 2.469614
4770.08 2.588786
4771.85 2.675311
4773.62 2.661555
4775.39 2.596245
4777.17 2.398474
4778.94 2.533499
4780.71 2.605935
4782.49 2.657091
4784.26 2.498796
4786.03 2.389765
4787.8 2.616545
4789.58 2.608811
4791.349999999999 2.651642
4793.12 2.719726
4794.900000000001 2.604692
4796.67 2.677829
4798.44 2.68998
4800.21 2.768663
4801.99 2.605649
4803.76 2.600745
4805.53 2.64492
4807.3 2.569136
4809.08 2.635473
4810.849999999999 2.741324
4812.62 2.708673
4814.4 2.750838
4816.17 2.863019
4817.94 2.861066
4819.71 2.718442
4821.49 2.610354
4823.26 2.702173
4825.03 2.7795
4826.81 2.732497
4828.58 2.633018
4830.35 2.611895
4832.12 2.570842
4833.9 2.545434
4835.67 2.559799
4837.4400000000005 2.576807
4839.22 2.608928
4840.99 2.579907
4842.76 2.507764
4844.530000000001 2.477885
4846.3099999999995 2.523945
4848.08 2.629936
4849.85 2.525778
4851.63 2.550776
4853.4 2.516808
4855.17 2.495808
4856.9400000000005 2.403797
4858.72 2.453227
4860.49 2.510529
4862.26 2.430824
4864.04 2.33716
4865.8099999999995 2.34483
4867.58 2.436564
4869.35 2.563308
4871.13 2.553267
4872.9 2.546636
4874.67 2.614059
4876.45 2.544107
4878.219999999999 2.441462
4879.99 2.43724
4881.76 2.60736
4883.54 2.565595
4885.3099999999995 2.483705
4887.08 2.449195
4888.86 2.485574
4890.63 2.623774
4892.4 2.618139
4894.17 2.646575
4895.95 2.842013
4897.72 2.740591
4899.49 2.792749
4901.2699999999995 2.807842
4903.04 2.736388
4904.81 2.727685
4906.58 2.679685
4908.36 2.715017
4910.13 2.763618
4911.900000000001 2.75231
4913.68 2.801953
4915.45 2.679563
4917.22 2.551207
4918.99 2.674441
4920.7699999999995 2.541453
4922.54 2.578991
4924.31 2.63083
4926.09 2.748826
4927.86 2.806726
4929.63 2.690907
4931.400000000001 2.654615
4933.179999999999 2.625359
4934.95 2.629063
4936.72 2.689932
4938.5 2.69777
4940.2699999999995 2.768487
4942.04 2.754574
4943.81 2.719347
4945.59 2.872817
4947.36 2.883748
4949.13 3.004179
4950.91 2.964403
4952.68 2.694465
4954.45 2.759076
4956.22 2.746032
4958.0 2.667576
4959.77 2.771623
4961.54 2.742389
4963.32 2.661917
4965.09 2.61035
4966.860000000001 2.629878
4968.63 2.665035
4970.41 2.718768
4972.18 2.718187
4973.95 2.740348
4975.73 2.71661
4977.5 2.624721
4979.27 2.592098
4981.04 2.627553
4982.82 2.524142
4984.59 2.480203
4986.360000000001 2.555934
4988.139999999999 2.598951
4989.91 2.669707
4991.68 2.614778
4993.45 2.563473
4995.23 2.581675
4997.0 2.463476
4998.77 2.414663
5000.55 2.500674
5002.32 2.545736
5004.09 2.589351
5005.86 2.410187
5007.639999999999 2.426167
5009.41 2.462135
5011.179999999999 2.417495
5012.96 2.425213
5014.73 2.34674
5016.5 2.381812
5018.27 2.523251
5020.05 2.387127
5021.820000000001 2.483482
5023.59 2.515015
5025.36 2.452534
5027.14 2.51034
5028.91 2.61618
5030.679999999999 2.578907
5032.46 2.504951
5034.23 2.578928
5036.000000000001 2.462615
5037.77 2.385
5039.55 2.354328
5041.320000000001 2.389092
5043.09 2.467792
5044.87 2.508176
5046.64 2.422336
5048.41 2.541733
5050.179999999999 2.620835
5051.96 2.580079
5053.73 2.53571
5055.500000000001 2.586327
5057.28 2.654328
5059.05 2.684264
5060.820000000001 2.592068
5062.59 2.567875
5064.37 2.502573
5066.14 2.552994
5067.91 2.516225
5069.69 2.412469
5071.46 2.42085
5073.23 2.495974
5074.999999999999 2.439898
5076.78 2.399422
5078.549999999999 2.323637
5080.320000000001 2.308005
5082.1 2.355111
5083.87 2.359767
5085.64 2.506247
5087.41 2.434635
5089.1900000000005 2.404691
5090.96 2.441967
5092.73 2.380074
5094.51 2.408975
5096.28 2.413901
5098.049999999999 2.44847
5099.820000000001 2.431586
5101.599999999999 2.342198
5103.370000000001 2.426762
5105.14 2.327141
5106.92 2.376648
5108.6900000000005 2.394074
5110.46 2.342573
5112.23 2.381361
5114.01 2.275738
5115.78 2.467126
5117.549999999999 2.505158
5119.33 2.433536
5121.099999999999 2.4593
5122.870000000001 2.296745
5124.64 2.359742
5126.42 2.419835
5128.1900000000005 2.355646
5129.96 2.28255
5131.74 2.259654
5133.51 2.348671
5135.28 2.423039
5137.049999999999 2.268737
5138.83 2.310158
5140.599999999999 2.384946
5142.370000000001 2.419785
5144.15 2.424123
5145.92 2.274592
5147.6900000000005 2.204344
5149.46 2.330079
5151.240000000001 2.314895
5153.01 2.335618
5154.78 2.333075
5156.55 2.320616
5158.33 2.217337
5160.099999999999 2.229834
5161.87 2.089601
5163.65 1.923221
5165.419999999999 2.003917
5167.1900000000005 1.888752
5168.96 1.779936
5170.740000000001 1.944903
5172.51 1.913762
5174.28 2.020024
5176.06 2.040886
5177.83 1.912136
5179.599999999999 2.022655
5181.37 2.040809
5183.15 2.069123
5184.919999999999 2.156254
5186.6900000000005 2.206283
5188.469999999999 2.264509
5190.240000000001 2.326067
5192.01 2.370103
5193.78 2.504577
5195.56 2.506693
5197.33 2.480931
5199.099999999999 2.322801
5200.88 2.384435
5202.65 2.33607
5204.419999999999 2.344665
5206.1900000000005 2.450935
5207.969999999999 2.342959
5209.740000000001 2.420707
5211.51 2.516642
5213.290000000001 2.550444
5215.06 2.528706
5216.83 2.617975
5218.599999999999 2.617701
5220.38 2.642335
5222.15 2.653908
5223.92 2.55779
5225.7 2.616705
5227.469999999999 2.543946
5229.240000000001 2.615625
5231.01 2.736618
5232.790000000001 2.649677
5234.56 2.770147
5236.33 2.758128
5238.110000000001 2.829685
5239.88 2.744322
5241.65 2.665418
5243.42 2.923242
5245.2 2.676652
5246.969999999999 2.717681
5248.74 2.625399
5250.5199999999995 2.510085
5252.289999999999 2.592538
5254.06 2.59893
5255.83 2.743628
5257.610000000001 2.717006
5259.38 2.662956
5261.15 2.647138
5262.93 2.476861
5264.7 2.418693
5266.469999999999 2.424469
5268.24 2.554144
5270.0199999999995 2.620017
5271.79 2.552438
5273.56 2.604558
5275.339999999999 2.803078
5277.110000000001 2.800676
5278.88 2.75768
5280.65 2.78379
5282.43 2.776521
5284.2 2.934439
5285.97 2.872827
5287.75 2.816516
5289.5199999999995 2.852373
5291.29 2.824931
5293.06 2.812604
5294.839999999999 2.756891
5296.610000000001 2.749055
5298.38 2.833609
5300.160000000001 2.871136
5301.93 2.82857
5303.7 2.900547
5305.47 3.007826
5307.25 2.96553
5309.0199999999995 2.984011
5310.79 3.052359
5312.57 2.960487
5314.339999999999 2.934715
5316.11 2.936402
5317.88 2.827456
5319.660000000001 2.873655
5321.43 2.788601
5323.2 2.873108
5324.9800000000005 2.879536
5326.75 2.621557
5328.5199999999995 2.696262
5330.29 2.678277
5332.07 2.615898
5333.84 2.82017
5335.61 2.821847
5337.389999999999 2.766162
5339.16 2.708359
5340.93 2.739052
5342.7 2.751915
5344.4800000000005 2.794903
5346.25 2.851532
5348.02 2.874506
5349.8 2.928558
5351.57 2.889903
5353.34 2.843976
5355.11 2.986265
5356.889999999999 2.889341
5358.66 2.844814
5360.43 2.828576
5362.200000000001 2.894392
5363.9800000000005 2.874222
5365.75 2.799614
5367.52 2.92716
5369.3 2.850133
5371.07 2.781464
5372.84 2.808124
5374.61 2.779421
5376.389999999999 2.895222
5378.16 2.861338
5379.93 2.871708
5381.709999999999 2.890459
5383.4800000000005 2.829967
5385.25 2.865825
5387.02 2.874504
5388.8 2.704069
5390.57 2.692115
5392.34 2.646906
5394.12 2.671913
5395.889999999999 2.721046
5397.66 2.696059
5399.429999999999 2.654361
5401.21 2.599601
5402.98 2.648864
5404.75 2.624867
5406.530000000001 2.528682
5408.3 2.796887
5410.07 2.749839
5411.84 2.707805
5413.62 2.820441
5415.39 2.917076
5417.16 2.78253
5418.94 2.8885
5420.71 2.880664
5422.48 2.901397
5424.250000000001 2.835293
5426.03 2.743282
5427.8 2.768831
5429.570000000001 2.689396
5431.35 2.770364
5433.12 2.758187
5434.89 2.792633
5436.66 2.868627
5438.44 2.813446
5440.21 2.763307
5441.98 2.858542
5443.759999999999 2.837813
5445.53 2.735522
5447.3 2.789416
5449.070000000001 2.941173
5450.85 2.776861
5452.62 2.590527
5454.39 2.744962
5456.17 2.788735
5457.94 2.780003
5459.71 2.745633
5461.48 2.740289
5463.26 2.784651
5465.03 2.72695
5466.8 2.676177
5468.58 2.563383
5470.35 2.588643
5472.12 2.72365
5473.89 2.746791
5475.67 2.639253
5477.4400000000005 2.657073
5479.21 2.712899
5480.99 2.787024
5482.76 2.718494
5484.53 2.689427
5486.299999999999 2.867501
5488.08 2.813721
5489.849999999999 2.826051
5491.620000000001 2.812603
5493.400000000001 2.770167
5495.17 2.838094
5496.9400000000005 2.743085
5498.71 2.806726
5500.49 2.801401
5502.26 2.714628
5504.03 2.746535
5505.8099999999995 2.6415
5507.58 2.58618
5509.349999999999 2.695699
5511.120000000001 2.70139
5512.9 2.744482
5514.67 2.817926
5516.4400000000005 2.783062
5518.21 2.793953
5519.99 2.703146
5521.76 2.841179
5523.53 2.798938
5525.3099999999995 2.763587
5527.08 2.712282
5528.849999999999 2.805322
5530.63 2.921833
5532.4 2.815128
5534.17 2.74936
5535.9400000000005 2.807288
5537.72 2.836973
5539.490000000001 2.819604
5541.26 2.904756
5543.03 2.916516
5544.81 2.949281
5546.58 3.040315
5548.349999999999 3.213963
5550.13 3.154021
5551.9 2.96133
5553.670000000001 2.964968
5555.4400000000005 2.547396
5557.22 2.169559
5558.990000000001 2.636231
5560.76 2.852099
5562.54 2.812603
5564.31 2.698885
5566.08 2.821008
5567.849999999999 2.846502
5569.63 2.836965
5571.4 2.888227
5573.169999999999 2.859945
5574.95 2.894381
5576.719999999999 2.854895
5578.490000000001 2.684694
5580.26 2.743873
5582.04 2.806159
5583.81 2.77827
5585.58 2.796612
5587.36 2.768067
5589.13 2.710292
5590.9 2.607162
5592.669999999999 2.574425
5594.45 2.728019
5596.219999999999 2.663176
5597.990000000001 2.789109
5599.7699999999995 2.815685
5601.54 2.771372
5603.31 2.864982
5605.08 2.792279
5606.860000000001 2.869176
5608.63 2.920718
5610.4 2.75539
5612.18 2.873376
5613.95 2.83333
5615.719999999999 2.762363
5617.490000000001 2.740233
5619.2699999999995 2.707431
5621.040000000001 2.803367
5622.81 2.792271
5624.59 2.73177
5626.360000000001 2.836685
5628.13 2.755327
5629.9 2.779252
5631.68 2.733557
5633.45 2.724012
5635.219999999999 2.928564
5637.0 2.865811
5638.7699999999995 2.842851
5640.540000000001 2.772836
5642.31 2.771263
5644.09 2.837528
5645.860000000001 2.746899
5647.63 2.817925
5649.41 2.832205
5651.18 2.826889
5652.95 2.921834
5654.719999999999 2.906716
5656.5 2.747793
5658.2699999999995 2.835567
5660.04 2.831932
5661.82 2.842852
5663.589999999999 2.663399
5665.360000000001 2.817647
5667.13 2.797711
5668.910000000001 2.784449
5670.68 2.76709
5672.45 2.824094
5674.2300000000005 2.846487
5676.0 2.907271
5677.7699999999995 3.001946
5679.54 2.960769
5681.32 2.915393
5683.089999999999 2.811767
5684.860000000001 2.871142
5686.639999999999 2.938638
5688.410000000001 2.984858
5690.18 2.952365
5691.95 2.930804
5693.7300000000005 2.832491
5695.5 2.844811
5697.2699999999995 2.798351
5699.05 2.850976
5700.82 2.84509
5702.589999999999 2.864422
5704.360000000001 2.845383
5706.139999999999 2.781734
5707.910000000001 2.635648
5709.68 2.75749
5711.45 2.862182
5713.2300000000005 2.904471
5715.0 2.75297
5716.7699999999995 2.853779
5718.55 3.061037
5720.32 2.934726
5722.089999999999 2.880385
5723.86 2.998868
5725.639999999999 2.998013
5727.41 2.887106
5729.18 2.91372
5730.960000000001 3.036663
5732.7300000000005 2.961607
5734.5 2.933325
5736.2699999999995 2.89579
5738.05 2.959926
5739.82 2.970015
5741.59 2.888787
5743.37 3.017341
5745.139999999999 2.996341
5746.91 2.967209
5748.68 3.113419
5750.459999999999 2.93024
5752.2300000000005 2.865537
5754.0 2.82129
5755.780000000001 2.691664
5757.55 2.919313
5759.32 2.953209
5761.09 2.990186
5762.87 2.905586
5764.639999999999 2.735834
5766.41 2.84258
5768.19 2.738627
5769.959999999999 2.878424
5771.7300000000005 2.957694
5773.5 2.921279
5775.280000000001 2.908391
5777.05 2.827173
5778.82 2.847056
5780.6 2.785937
5782.37 2.655256
5784.139999999999 2.6806
5785.91 2.849021
5787.69 2.895511
5789.46 2.967489
5791.2300000000005 2.922122
5793.009999999999 2.92939
5794.780000000001 2.801958
5796.55 2.874506
5798.32 2.96609
5800.1 3.0137
5801.87 3.02659
5803.64 3.021825
5805.42 3.040027
5807.19 2.999701
5808.96 2.980651
5810.73 2.984579
5812.509999999999 2.96861
5814.28 3.11341
5816.05 2.910076
5817.830000000001 2.900268
5819.6 3.003896
5821.37 2.957128
5823.14 3.096056
5824.92 2.985409
5826.69 3.00222
5828.46 3.07757
5830.24 3.050387
5832.009999999999 3.001659
5833.78 2.876468
5835.55 2.941724
5837.329999999999 3.11061
5839.1 2.899713
5840.87 2.926318
5842.64 2.924923
5844.42 2.844816
5846.19 2.787086
5847.96 2.804766
5849.74 2.778406
5851.51 2.799773
5853.28 2.82157
5855.0599999999995 2.767846
5856.83 2.84565
5858.6 2.879546
5860.37 2.654028
5862.150000000001 2.735296
5863.92 2.72519
5865.6900000000005 2.739481
5867.46 2.617416
5869.24 2.647438
5871.01 2.881231
5872.78 2.744014
5874.5599999999995 2.640406
5876.33 2.682033
5878.1 2.667185
5879.879999999999 2.594528
5881.650000000001 2.402928
5883.42 2.407294
5885.1900000000005 2.316187
5886.97 2.150318
5888.74 2.144182
5890.51 2.002464
5892.28 2.042317
5894.0599999999995 2.144097
5895.83 2.185722
5897.599999999999 2.30019
5899.379999999999 2.382504
5901.15 2.535014
5902.92 2.596238
5904.700000000001 2.590745
5906.47 2.610384
5908.24 2.592987
5910.01 2.593609
5911.79 2.602232
5913.5599999999995 2.792882
5915.33 2.775186
5917.099999999999 2.586415
5918.88 2.627688
5920.65 2.653825
5922.42 2.607925
5924.2 2.756329
5925.97 2.796667
5927.74 2.855181
5929.51 2.783477
5931.29 2.706282
5933.06 2.848178
5934.83 2.777734
5936.61 2.785293
5938.38 2.813447
5940.15 2.791905
5941.920000000001 2.917361
5943.7 2.838093
5945.47 2.835009
5947.240000000001 2.866104
5949.02 2.658895
5950.79 2.749218
5952.56 2.810366
5954.33 2.772337
5956.11 2.838088
5957.88 2.806724
5959.65 2.813452
5961.429999999999 2.879538
5963.2 2.845094
5964.97 2.915391
5966.740000000001 2.908395
5968.52 2.90167
5970.29 2.928004
5972.06 2.884587
5973.84 2.848173
5975.61 2.901665
5977.38 2.903912
5979.15 2.752924
5980.93 2.772545
5982.7 2.795966
5984.469999999999 2.873387
5986.25 2.86077
5988.0199999999995 2.83921
5989.79 2.814288
5991.56 2.791374
5993.34 2.839769
5995.110000000001 2.92128
5996.88 2.96693
5998.66 2.729555
6000.43 2.775999
6002.2 2.756977
6003.969999999999 2.719928
6005.75 2.852097
6007.5199999999995 2.878141
6009.290000000001 2.852659
6011.07 2.726701
6012.84 2.610659
6014.610000000001 2.708302
6016.38 2.680635
6018.16 2.714317
6019.93 2.791122
6021.7 2.770569
6023.48 2.739047
6025.25 2.881503
6027.0199999999995 2.844258
6028.790000000001 2.840054
6030.57 2.901949
6032.34 2.869465
6034.110000000001 2.836692
6035.89 2.87982
6037.66 2.940885
6039.43 3.023226
6041.2 2.890752
6042.98 2.838933
6044.75 2.898588
6046.5199999999995 2.95181
6048.289999999999 2.870302
6050.07 2.819883
6051.84 2.925201
6053.610000000001 2.868349
6055.39 2.864695
6057.160000000001 2.776166
6058.93 2.839499
6060.7 2.823251
6062.4800000000005 2.836972
6064.25 2.951522
6066.0199999999995 2.852379
6067.8 2.924357
6069.57 2.885142
6071.339999999999 2.740876
6073.110000000001 2.907
6074.889999999999 2.871416
6076.660000000001 2.904751
6078.43 2.843139
6080.21 2.762406
6081.9800000000005 2.850134
6083.75 2.701359
6085.5199999999995 2.774318
6087.3 2.750759
6089.07 2.772192
6090.839999999999 2.816246
6092.62 2.659395
6094.389999999999 2.797173
6096.160000000001 2.843412
6097.93 2.74987
6099.71 2.727852
6101.4800000000005 2.66567
6103.25 2.88627
6105.03 2.862179
6106.8 2.87702
6108.57 2.755357
6110.339999999999 2.732732
6112.12 2.77434
6113.889999999999 2.886547
6115.660000000001 2.721387
6117.44 2.752381
6119.21 2.778322
6120.9800000000005 2.884592
6122.75 2.841735
6124.530000000001 2.650771
6126.3 2.581539
6128.07 2.733173
6129.85 2.878421
6131.62 2.807286
6133.389999999999 2.667016
6135.16 2.609437
6136.94 2.751072
6138.710000000001 2.724544
6140.4800000000005 2.773257
6142.26 2.714539
6144.030000000001 2.834729
6145.8 2.717155
6147.57 2.674831
6149.35 2.701099
6151.12 2.647188
6152.889999999999 2.674045
6154.67 2.645277
6156.44 2.631027
6158.209999999999 2.597637
6159.9800000000005 2.610022
6161.759999999999 2.50678
6163.530000000001 2.44824
6165.3 2.591872
6167.08 2.621586
6168.85 2.515179
6170.62 2.570388
6172.389999999999 2.506814
6174.17 2.672921
6175.94 2.703567
6177.71 2.697187
6179.49 2.801673
6181.259999999999 2.740958
6183.030000000001 2.657806
6184.8 2.700683
6186.580000000001 2.550107
6188.35 2.574423
6190.12 2.486362
6191.89 2.486787
6193.67 2.569045
6195.44 2.600439
6197.21 2.545352
6198.99 2.56966
6200.759999999999 2.685696
6202.530000000001 2.685113
6204.3099999999995 2.580974
6206.080000000001 2.646735
6207.85 2.651782
6209.62 2.665287
6211.400000000001 2.581614
6213.17 2.492833
6214.94 2.469171
6216.71 2.415952
6218.49 2.439784
6220.259999999999 2.48435
6222.03 2.495411
6223.8099999999995 2.51773
6225.579999999999 2.490195
6227.35 2.481601
6229.13 2.490701
6230.900000000001 2.524288
6232.67 2.54504
6234.44 2.465865
6236.22 2.452578
6237.99 2.509356
6239.759999999999 2.371671
6241.53 2.376822
6243.3099999999995 2.369677
6245.08 2.426679
6246.85 2.374272
6248.629999999999 2.311811
6250.400000000001 2.228883
6252.17 2.165889
6253.950000000001 2.312482
6255.72 2.395251
6257.49 2.442863
6259.26 2.445304
6261.04 2.451911
6262.8099999999995 2.427709
6264.58 2.42553
6266.35 2.470908
6268.129999999999 2.379506
6269.900000000001 2.475188
6271.67 2.53303
6273.450000000001 2.535651
6275.22 2.503195
6276.99 2.470486
6278.76 2.457656
6280.54 2.56428
6282.3099999999995 2.51922
6284.08 2.48978
6285.86 2.527476
6287.629999999999 2.50233
6289.400000000001 2.585176
6291.17 2.634055
6292.950000000001 2.558737
6294.72 2.507843
6296.49 2.47998
6298.27 2.528151
6300.04 2.618055
6301.8099999999995 2.590808
6303.58 2.587452
6305.36 2.515068
6307.13 2.552548
6308.9 2.510568
6310.679999999999 2.538705
6312.45 2.534817
6314.22 2.44642
6315.99 2.552324
6317.77 2.575288
6319.54 2.601193
6321.31 2.572798
6323.09 2.554505
6324.86 2.602705
6326.63 2.622232
6328.4 2.613218
6330.179999999999 2.65872
6331.95 2.565233
6333.72 2.540086
6335.499999999999 2.582257
6337.27 2.586967
6339.04 2.616101
6340.81 2.591142
6342.59 2.569741
6344.36 2.598258
6346.13 2.563497
6347.91 2.521985
6349.679999999999 2.573834
6351.45 2.499945
6353.22 2.486926
6354.999999999999 2.448803
6356.77 2.589879
6358.54 2.642063
6360.320000000001 2.598535
6362.09 2.579123
6363.86 2.60061
6365.63 2.615292
6367.41 2.645669
6369.18 2.584532
6370.95 2.552831
6372.73 2.533075
6374.5 2.664131
6376.27 2.677496
6378.04 2.583329
6379.820000000001 2.619065
6381.59 2.687298
6383.360000000001 2.681497
6385.14 2.681998
6386.91 2.627863
6388.68 2.62842
6390.45 2.68517
6392.23 2.574646
6394.0 2.662225
6395.7699999999995 2.638255
6397.540000000001 2.523137
6399.32 2.570693
6401.09 2.662117
6402.860000000001 2.628868
6404.64 2.637772
6406.41 2.62719
6408.18 2.638362
6409.95 2.655816
6411.73 2.656402
6413.5 2.579628
6415.2699999999995 2.520758
6417.049999999999 2.619682
6418.82 2.704096
6420.59 2.651641
6422.360000000001 2.704135
6424.14 2.715494
6425.91 2.587697
6427.68 2.534962
6429.46 2.591724
6431.23 2.659762
6433.0 2.638284
6434.7699999999995 2.727656
6436.55 2.633041
6438.32 2.62722
6440.09 2.663151
6441.87 2.579767
6443.64 2.649317
6445.41 2.632985
6447.18 2.615457
6448.96 2.634752
6450.7300000000005 2.535571
6452.5 2.586831
6454.28 2.565654
6456.05 2.557137
6457.82 2.571566
6459.589999999999 2.660722
6461.37 2.661327
6463.14 2.669986
6464.910000000001 2.656239
6466.6900000000005 2.580157
6468.46 2.655057
6470.2300000000005 2.776731
6472.0 2.697632
6473.78 2.725133
6475.55 2.69136
6477.32 2.554368
6479.099999999999 2.667771
6480.87 2.529218
6482.639999999999 2.53745
6484.410000000001 2.531993
6486.19 2.453223
6487.96 2.473646
6489.7300000000005 2.465556
6491.51 2.467562
6493.28 2.409085
6495.05 2.433317
6496.82 2.471742
6498.6 2.528428
6500.37 2.522887
6502.139999999999 2.517311
6503.92 2.575565
6505.69 2.604503
6507.46 2.614219
6509.2300000000005 2.53496
6511.01 2.534005
6512.780000000001 2.618447
6514.55 2.561567
6516.33 2.643768
6518.1 2.628473
6519.87 2.642342
6521.639999999999 2.629519
6523.42 2.692723
6525.19 2.716759
6526.960000000001 2.601118
6528.74 2.663173
6530.51 2.711745
6532.280000000001 2.620471
6534.05 2.672955
6535.83 2.697403
6537.6 2.731607
6539.37 2.742723
6541.139999999999 2.688812
6542.92 2.638198
6544.69 2.664999
6546.459999999999 2.661699
6548.24 2.653181
6550.01 2.574419
6551.780000000001 2.598847
6553.56 2.658922
6555.33 2.667546
6557.1 2.5535
6558.87 2.552833
6560.650000000001 2.61206
6562.42 2.565207
6564.19 2.507767
6565.959999999999 2.606325
6567.74 2.598956
6569.509999999999 2.545457
6571.280000000001 2.600583
6573.0599999999995 2.691887
6574.830000000001 2.782463
6576.6 2.750734
6578.38 2.889065
6580.150000000001 2.774984
6581.92 2.809523
6583.69 2.919882
6585.47 2.880098
6587.24 2.788628
6589.009999999999 2.715447
6590.780000000001 2.703093
6592.5599999999995 2.638502
6594.330000000001 2.588287
6596.1 2.647186
6597.88 2.645083
6599.650000000001 2.607192
6601.42 2.600243
6603.19 2.62666
6604.97 2.593159
6606.74 2.643375
6608.509999999999 2.609994
6610.29 2.658306
6612.0599999999995 2.540052
6613.830000000001 2.603439
6615.6 2.616692
6617.38 2.549461
6619.150000000001 2.591927
6620.92 2.632992
6622.7 2.629452
6624.47 2.612736
6626.24 2.610052
6628.009999999999 2.595849
6629.79 2.519859
6631.5599999999995 2.526586
6633.33 2.654834
6635.11 2.662253
6636.879999999999 2.544146
6638.650000000001 2.569043
6640.42 2.593751
6642.200000000001 2.569353
6643.97 2.616992
6645.74 2.521824
6647.52 2.606911
6649.29 2.626822
6651.0599999999995 2.544594
6652.83 2.585212
6654.61 2.582596
6656.379999999999 2.591899
6658.150000000001 2.63601
6659.929999999999 2.544952
6661.700000000001 2.496782
6663.47 2.461853
6665.24 2.494543
6667.02 2.489863
6668.79 2.585117
6670.5599999999995 2.560054
6672.34 2.517647
6674.11 2.437344
6675.879999999999 2.501684
6677.650000000001 2.546586
6679.429999999999 2.641915
6681.200000000001 2.510701
6682.97 2.457966
6684.75 2.558338
6686.52 2.580133
6688.29 2.68024
6690.0599999999995 2.547785
6691.84 2.588927
6693.61 2.495187
6695.38 2.497229
6697.16 2.573605
6698.929999999999 2.462837
6700.700000000001 2.536496
6702.47 2.577813
6704.250000000001 2.495046
6706.02 2.540108
6707.79 2.493003
6709.570000000001 2.637383
6711.34 2.646035
6713.11 2.530309
6714.88 2.700829
6716.66 2.589232
6718.429999999999 2.5293
6720.2 2.60756
6721.98 2.46944
6723.749999999999 2.580694
6725.52 2.613665
6727.29 2.610413
6729.070000000001 2.60943
6730.84 2.585515
6732.61 2.62943
6734.39 2.53543
6736.16 2.535568
6737.929999999999 2.555823
6739.7 2.46438
6741.48 2.531478
6743.249999999999 2.582654
6745.02 2.489363
6746.79 2.473115
6748.570000000001 2.424041
6750.34 2.507987
6752.11 2.517255
6753.89 2.448604
6755.66 2.535826
6757.429999999999 2.546915
6759.2 2.486953
6760.98 2.519105
6762.75 2.530781
6764.52 2.539637
6766.299999999999 2.448354
6768.070000000001 2.525879
6769.84 2.462529
6771.610000000001 2.571262
6773.39 2.507308
6775.16 2.495969
6776.93 2.497851
6778.71 2.488822
6780.48 2.568566
6782.25 2.554371
6784.0199999999995 2.543501
6785.799999999999 2.473617
6787.570000000001 2.468608
6789.34 2.439897
6791.120000000001 2.395389
6792.89 2.556582
6794.66 2.561592
6796.43 2.475947
6798.21 2.571005
6799.98 2.522688
6801.75 2.439395
6803.53 2.461659
6805.299999999999 2.414575
6807.07 2.45564
6808.84 2.387695
6810.62 2.427373
6812.39 2.436144
6814.16 2.447492
6815.9400000000005 2.442889
6817.71 2.450652
6819.48 2.492613
6821.25 2.502413
6823.03 2.458521
6824.8 2.434152
6826.57 2.535154
6828.349999999999 2.58551
6830.12 2.454288
6831.89 2.421187
6833.66 2.332432
6835.4400000000005 2.216497
6837.21 1.829032
6838.9800000000005 1.739885
6840.76 1.540263
6842.53 1.491867
6844.3 1.632612
6846.07 1.716608
6847.849999999999 1.93692
6849.62 2.089513
6851.39 2.155806
6853.169999999999 2.153816
6854.9400000000005 2.105785
6856.71 2.053631
6858.4800000000005 2.081587
6860.26 1.875471
6862.03 2.002879
6863.8 2.022125
6865.58 1.958907
6867.349999999999 2.031419
6869.12 2.019043
6870.889999999999 2.131893
6872.669999999999 2.20507
6874.4400000000005 2.129844
6876.21 2.227765
6877.990000000001 2.194706
6879.76 2.232382
6881.53 2.258237
6883.3 2.208184
6885.08 2.31733
6886.85 2.320947
6888.62 2.329851
6890.389999999999 2.438221
6892.17 2.277085
6893.94 2.336377
6895.71 2.456369
6897.49 2.404131
6899.26 2.470984
6901.030000000001 2.434437
6902.81 2.494625
6904.58 2.538595
6906.35 2.44704
6908.12 2.530839
6909.9 2.414965
6911.67 2.95993
6913.44 6.528195
6919.6 2.511937
6935.55 2.500984
6951.540000000001 2.595453
6967.57 2.572267
6983.629999999999 2.451435
6999.73 2.591334
7015.860000000001 2.556384
7032.040000000001 2.481599
7048.25 2.696735
7064.49 2.517345
7080.78 2.535407
7097.099999999999 2.383157
7113.46 2.416876
7129.86 2.411916
7146.3 2.373905
7162.77 2.402001
7179.29 2.413677
7195.83 2.242779
7212.42 2.306159
7229.05 2.409899
7245.71 2.444016
7262.420000000001 2.507311
7279.16 2.467844
7295.94 2.390152
7312.76 2.532409
7329.61 2.580139
7346.51 2.665308
7363.450000000001 2.482325
7380.42 2.678975
7397.43 2.553136
7414.490000000001 2.649621
7431.58 2.613941
7448.709999999999 2.614588
7465.88 2.682343
7483.09 2.658419
7500.34 2.604561
7517.629999999999 2.635401
7534.960000000001 2.728692
7552.330000000001 2.723121
7569.749999999999 2.692614
7587.1900000000005 2.699535
7604.68 2.638758
7622.21 2.66999
7639.79 2.568175
7657.4 2.604552
7675.05 2.156981
7692.74 2.523254
7710.48 2.312458
7728.25 2.512972
7746.070000000001 2.531032
7763.92 2.479784
7781.820000000001 2.452051
7799.76 2.475383
7817.74 2.464657
7835.76 2.528546
7853.820000000001 2.546752
7871.93 2.547419
7890.07 2.495835
7908.26 2.485018
7926.5 2.379281
7944.7699999999995 2.418578
7963.08 2.475582
7981.44 2.528092
7999.84 2.534619
8018.28 2.52364
8036.759999999999 2.433033
8055.290000000001 2.461855
8073.860000000001 2.578594
8092.47 2.497454
8111.13 2.56812
8129.82 2.574758
8148.56 2.540111
8167.349999999999 2.582096
8186.179999999999 2.443959
8205.050000000001 2.323859
8223.960000000001 2.554648
8242.92 2.497174
8261.92 2.550166
8280.97 2.515884
8300.06 2.487763
8319.19 2.443061
8338.37 2.472022
8357.59 2.444405
8376.86 2.560331
8396.17 2.308956
8415.53 2.538287
8434.92 2.385955
8454.37 2.375669
8473.86 2.35455
8493.39 2.443594
8512.97 2.3722
8532.59 2.405899
8552.27 1.525449
8571.98 2.418388
8591.74 2.358562
8611.55 2.419759
8631.4 2.370827
8651.29 2.415589
8671.24 1.442599
8691.23 2.340299
8711.26 2.368083
8731.34 2.474715
8751.47 2.396906
8771.65 2.436565
8791.87 2.471181
8812.140000000001 2.426786
8832.449999999999 2.307586
8852.81 2.45068
8873.220000000001 2.261593
8893.67 2.314953
8914.17 2.353266
8934.720000000001 2.327026
8955.32 2.233196
8975.96 2.20323
8996.66 2.061501
9017.4 2.230058
9038.18 2.319772
9059.02 2.509438
9079.9 2.22692
9100.83 2.295292
9121.81 2.443258
9142.84 2.291394
9163.92 2.056994
9185.039999999999 2.062346
9206.210000000001 2.251625
9227.44 2.19597
9248.71 2.252997
9270.03 2.290302
9291.4 2.280473
9312.82 2.383177
9334.289999999999 2.394915
9355.8 2.384666
9377.37 2.347244
9398.99 2.380632
9420.65 2.348705
9442.37 2.365731
9464.14 2.410457
9485.949999999999 2.41122
9507.83 2.367939
9529.74 2.385087
9551.71 2.347693
9573.73 2.375618
9595.8 2.409422
9617.92 2.377129
9640.09 2.388839
9662.32 2.351388
9684.59 2.379369
9706.91 2.336686
9729.29 2.316017
9751.720000000001 2.31142
9774.199999999999 2.322849
9796.73 2.286439
9819.31 2.345846
9841.95 2.335815
9864.64 2.320467
9887.38 2.315875
9910.17 2.279605
9933.01 2.301424
9955.92 2.312819
9978.86 2.308231
10024.92 2.304447
10071.2 2.279548
10117.689999999999 2.296858
10164.38 2.272071
10234.85 2.279573
10282.08 2.281118
10305.78 2.266162
10497.380000000001 2.200232
10692.550000000001 2.116233
10891.34 2.049096
11093.820000000002 1.956893
11300.07 1.912329
11510.15 1.886087
11697.169999999998 1.830491
11887.25 1.764278
12108.25 1.724112
12304.99 1.692632
12504.93 1.646501
12708.12 1.605328
12914.6 1.565196
13094.269999999999 1.533067
13307.029999999999 1.487862
13492.15 1.460723
13711.38 1.434058
13902.12 1.382188
14095.519999999999 1.326059
14291.609999999999 1.304856
14490.43 1.310878
14692.019999999999 1.266371
14896.39 1.278108
15103.619999999999 1.28399
15313.730000000001 1.30186
15491.060000000001 1.286958
15706.560000000001 1.269314
15888.439999999999 1.231866
16109.47 1.234723
16296.0 1.223379
16484.7 1.20383
16714.03 1.187305
16907.57 1.165654
17103.36 1.133864
17301.39 1.090339
17501.73 1.05334
17704.4 1.010572
17909.41 0.9717796
18116.78 0.9280306
18284.42 0.9027385
18496.15 0.8720974
18710.31 0.8347626
18883.44 0.8101428
19102.1 0.7935345
19278.84 0.76659
19502.079999999998 0.7354732
19682.54 0.7121421
19910.46 0.6879705
20094.68 0.6753948
20280.62 0.6524837
20515.46 0.6420372
20705.28 0.6245594
20896.87 0.608931
21090.21 0.5964392
21285.370000000003 0.5828549
21482.329999999998 0.569607
21681.09 0.5502531
21881.71 0.5402259
22084.16 0.5230853
22288.510000000002 0.508829
22494.760000000002 0.4960848
22702.879999999997 0.4825851
22912.96 0.4320857
23124.95 0.4271283
23285.260000000002 0.3737443
23500.73 0.3528217
23718.16 0.3569113
23882.579999999998 0.3277546
24103.55 0.316635
24326.59 0.3122937
24495.2 0.2914555
24721.86 0.2861339
24893.21 0.2413037
25123.56 0.2374468
25297.69 0.2385422
25473.07 0.2363545
25708.75 0.2401945
25886.969999999998 0.235811
26126.510000000002 0.2347272
26307.59 0.2288567
26489.940000000002 0.2257169
26673.57 0.221597
26920.39 0.2180539
27106.98 0.2140738
27294.86 0.2092004
27484.079999999998 0.2058562
27674.579999999998 0.2011703
27930.66 0.1984115
28124.25 0.1938939
28319.22 0.1907933
28515.5 0.186452
28713.18 0.182626
28912.19 0.1792931
29112.62 0.1756155
29314.399999999998 0.1720137
29517.62 0.1684874
29722.21 0.165412
29928.25 0.1620175
30066.39 0.1590625
30274.78 0.1561581
30484.65 0.1540155
30695.95 0.1515535
30908.739999999998 0.1491308
31122.969999999998 0.1467445
31266.62 0.1447334
31483.370000000003 0.1420895
31701.59 0.139818
31921.35 0.1375829
32068.68 0.1353842
32290.99 0.1332192
32514.81 0.1313902
32664.870000000003 0.1295894
32891.32 0.1289927
33119.29 0.1269314
33272.15 0.1229037
33502.8 0.1201057
33735.02 0.1176437
33890.76 0.1152294
34125.66 0.1128655
34283.17 0.1108069
34520.83 0.1087847
34680.15 0.1067989
34920.57 0.1046086
35081.74 0.1026984
35324.9 0.1005922
35487.98 0.09875763
35733.950000000004 0.09672988
35898.92 0.09496528
36064.61 0.09323156
36314.58 0.09153147
36482.23 0.08965212
36735.090000000004 0.08781475
36904.64 0.08601381
37075.01 0.0842493
37331.99 0.08290206
37504.29 0.08082945
37677.43 0.07972034
37938.58 0.07808463
38113.68 0.07665904
38289.64 0.07543222
38466.36 0.07388617
38733.02 0.07237094
38911.79 0.07104895
39091.39 0.06975212
39271.81 0.06848057
39544.05 0.06707455
39726.57 0.06585057
39909.97 0.06435213
40094.17 0.06332421
40279.22 0.06231033
40465.13 0.06103314
40745.649999999994 0.06005844
40933.700000000004 0.0589605
41122.63 0.05801943
41312.48 0.05708954
41503.15 0.05604764
41694.71 0.05502532
41887.2 0.05414584
42080.520000000004 0.05315717
42274.74 0.05242895
42469.91 0.05147105
42665.93 0.05064759
42862.850000000006 0.04859178
43060.729999999996 0.04640432
43259.47 0.04629792
43459.130000000005 0.04441854
43659.72 0.04340743
43861.280000000006 0.04251676
44063.72 0.04095669
44267.09 0.04033212
44471.45 0.03970472
44676.71 0.03907172
44882.91 0.03846674
45090.12 0.03788417
45298.23 0.0373016
45507.299999999996 0.03671341
45717.33 0.03613365
45928.39 0.03559309
46140.369999999995 0.03504973
46246.729999999996 0.03477804
46460.229999999996 0.03423187
46674.670000000006 0.0336997
46890.090000000004 0.03319556
47106.51 0.03268861
47323.979999999996 0.03217886
47542.4 0.03167192
47651.99 0.03143945
47871.98 0.03096889
48092.93 0.03049556
48314.899999999994 0.03002222
48537.9 0.02955447
48649.829999999994 0.02933601
48874.37 0.02889908
49099.950000000004 0.02845655
49326.57 0.02801401
49554.28999999999 0.02758827
49668.51 0.02738438
49897.76 0.0269749
50128.11 0.02656346
50243.659999999996 0.02635732
50475.560000000005 0.02594923
50708.53 0.02556887
50825.409999999996 0.02537814
50942.63 0.02518656
51060.049999999996 0.02499499
51177.75 0.02480284
51295.719999999994 0.02461014
51413.96000000001 0.02441717
51532.47 0.02423596
51651.31 0.02405839
51770.37 0.02388081
51889.71 0.02370239
52009.32 0.02352398
52129.200000000004 0.02334501
52249.35999999999 0.02316548
52369.8 0.02298566
52490.57 0.02280753
52611.57 0.02264228
52732.840000000004 0.02247647
52854.39 0.02231066
52976.229999999996 0.022144
53098.340000000004 0.02197736
53220.799999999996 0.02180987
53343.48 0.02164238
53466.43 0.02147433
53589.68 0.02131384
53713.21 0.02115951
53837.020000000004 0.02100463
53961.119999999995 0.02084974
54085.56 0.02069401
54210.229999999996 0.02053829
54335.19 0.020382
54460.439999999995 0.02022543
54585.97 0.02006859
54711.8 0.01992378
54837.91 0.01977954
54964.380000000005 0.01963501
55091.07 0.01948994
55218.06 0.01934457
55345.34 0.01919893
55472.92 0.019053
55600.79 0.01890679
55729.01 0.01876424
55857.469999999994 0.0186298
55986.229999999996 0.01849479
56115.28 0.01835979
56244.630000000005 0.01822424
56374.28 0.01808839
56504.23 0.01795227
56634.53 0.01781587
56765.08 0.01767919
56895.93 0.01755063
57027.08 0.01742487
57158.53 0.01729883
57290.28 0.01717252
57422.4 0.01704564
57554.77 0.01691876
57687.44 0.01679132
57820.41 0.01666388
57953.69 0.01653756
58087.280000000006 0.01642021
58221.170000000006 0.01630257
58355.439999999995 0.01618466
58489.950000000004 0.01606646
58624.770000000004 0.01594799
58759.909999999996 0.01582923
58895.350000000006 0.0157102
59031.11 0.01559088
59167.18 0.01547689
59303.63 0.0153671
59440.33 0.01525703
59577.35 0.01514667
59714.68 0.01503603
59852.32 0.0149254
59990.29 0.01481421
60128.64000000001 0.01470301
60267.24 0.01459126
60406.16 0.01448819
60545.4 0.01438568
60684.96 0.01428261
60824.84 0.01417954
60965.049999999996 0.0140759
61105.64 0.01397227
61246.49 0.01386836
61387.67 0.01376417
61529.17999999999 0.01366278
61671.009999999995 0.01356671
61813.159999999996 0.01347064
61955.71 0.01337429
62098.53 0.01327766
62241.67 0.01318076
62385.14000000001 0.01308385
62528.94 0.01298666
62673.07 0.01288919
62817.54 0.0127976
62962.41 0.01270769
63107.54 0.01261751
63253.009999999995 0.01252732
63398.81 0.01243714
63544.95 0.01234639
63691.43 0.01225564
63838.31 0.01216433
63985.46 0.01207442
64132.95 0.0119904
64280.78 0.01190638
64428.95 0.01182207
64577.47 0.01173748
64726.32 0.0116529
64875.590000000004 0.01156803
65025.14 0.01148289
65175.020000000004 0.01139774
65325.25 0.01131624
65475.84 0.01123754
65626.76 0.01115883
65778.03 0.01107985
65929.73 0.01100058
66081.7 0.01092132
66234.03 0.01084205
66386.71 0.01076223
66539.73 0.01068241
66693.1 0.01060875
66846.91 0.01053508
67001.0 0.01046114
67155.44 0.0103872
67310.23999999999 0.01031297
67465.40000000001 0.01023875
67620.9 0.01016425
67776.78 0.01008975
67933.08 0.01001693
68089.68000000001 0.009948306
68246.63 0.009879123
68403.94 0.009809946
68561.61 0.009740766
68719.65000000001 0.009671305
68878.13 0.009601565
69036.9 0.009531822
69196.04 0.00946208
69355.53 0.009396263
69515.41 0.009331562
69675.65 0.009266862
69836.25 0.009202161
69997.31 0.009137182
70158.65 0.009072205
70320.37 0.009006946
70482.47 0.008941405
70644.94 0.008876705
70807.78 0.008816206
70971.07 0.00875571
71134.66 0.008695213
71298.64 0.008634432
71462.99 0.008573373
71627.71 0.008512597
71792.81999999999 0.008451259
71958.31 0.008389919
72124.26 0.008331103
72290.51 0.008274523
72457.15 0.008217946
72624.16 0.00816109
72791.56 0.008103951
72959.35 0.008046817
73127.53 0.007989677
73296.17 0.00793226
73465.13 0.007874843
73634.47 0.007821629
73804.21 0.007768411
73974.33 0.007715198
74144.84 0.007661981
74315.83 0.007608484
74487.12999999999 0.007554988
74658.83 0.007501213
74830.93000000001 0.007447436
75003.42 0.007395059
75176.31 0.007345204
75349.6 0.00729535
75523.36 0.007245496
75697.45 0.00719536
75871.94 0.007145225
76046.83 0.007095091
76222.12 0.007044676
76397.82 0.00699426
76574.0 0.006946646
76750.51 0.006899873
76927.43000000001 0.006853097
77104.75 0.006806325
77282.49 0.006759269
77460.63 0.006712214
77639.18000000001 0.006665161
77818.23 0.006617827
77997.61 0.006571051
78177.4 0.006527359
78357.59999999999 0.006483387
78538.22 0.006439693
78719.26 0.006395719
78900.70999999999 0.006351466
79082.67 0.006307212
79264.96 0.00626296
79447.67 0.006218706
79630.8 0.006176135
79814.36 0.006134962
79998.34 0.006094069
80182.81999999999 0.006052618
80367.65000000001 0.006011445
80552.9 0.005969995
80738.58 0.005928542
80924.70000000001 0.005887087
81111.23 0.005845355
81298.18999999999 0.005806704
81485.69 0.005768052
81673.51999999999 0.005729399
81861.78 0.005690747
82050.47 0.005652098
82239.60999999999 0.005613165
82429.17 0.005574234
82619.27 0.005535022
82809.70999999999 0.00549693
83000.6 0.005460799
83191.92 0.005424668
83383.68 0.005388538
83575.88 0.005352127
83768.54 0.005315716
83961.72 0.005279025
84155.26 0.005242334
84349.24 0.005205643
84543.67 0.005171191
84738.55 0.005137304
84933.87999999999 0.005103132
85129.75000000001 0.005068961
85325.98 0.005034793
85522.67 0.00500062
85719.8 0.004966451
85917.39 0.004932001
86115.44 0.004897831
86313.94 0.004865901
86512.99 0.004834251
86712.41 0.004802043
86912.29 0.004770112
87112.63 0.004737902
87313.43000000001 0.004705693
87514.69 0.004673483
87716.42 0.004641273
87918.71 0.004610184
88121.37 0.004580215
88324.5 0.004550246
88528.09000000001 0.004520277
88732.15 0.004490029
88936.68999999999 0.004459778
89141.79000000001 0.00442953
89347.27 0.004399281
89553.22 0.004368751
89759.65000000001 0.004340743
89966.55 0.004312455
90173.93000000001 0.004284165
90381.78 0.004256158
90590.22 0.00422759
90799.04000000001 0.004199301
91008.34000000001 0.004170732
91218.12 0.004142164
91428.37999999999 0.004114435
91639.13 0.004088107
91850.47000000002 0.004061499
92062.18 0.004035172
92274.4 0.004008564
92487.1 0.003981674
92700.29 0.003955066
92913.97 0.003928459
93128.14 0.003901571
93342.91 0.003876084
93558.07 0.003851156
93773.73000000001 0.003826509
93989.87999999999 0.003801301
94206.54000000001 0.003776374
94423.68999999999 0.003751447
94641.45 0.003726239
94859.6 0.003701032
95078.26 0.003676104
95297.43 0.003652577
95517.09000000001 0.00362933
95737.27 0.003605802
95957.95000000001 0.003582275
96179.24 0.003558749
96400.93999999999 0.003535222
96623.15 0.003511694
96845.87000000001 0.003487888
97069.11 0.003465201
97292.86 0.003443074
97517.13 0.003421227
97742.02 0.003399101
97967.33 0.003376974
98193.14 0.003354848
98419.48999999999 0.00333244
98646.34999999999 0.003310314
98873.73 0.003287907
99101.76 0.003267181
99330.20000000001 0.003246454
99559.16 0.003225729
99788.65000000001 0.003205002
100018.67000000001 0.003184276
100249.22 0.00316327
100480.3 0.003142264
100712.03 0.003121538
100944.17 0.003101091
101176.86000000002 0.003081485
101410.07 0.00306216
101643.84 0.003042553
101878.13 0.003022947
102113.08 0.003003341
102348.45 0.002983736
102584.37000000001 0.00296385
102820.84 0.002944244
103057.85 0.002925478
103295.41 0.002907273
103533.51 0.002888787
103772.26999999999 0.002870582
104011.48 0.002852097
104251.23 0.002833611
104491.54 0.002815125
104732.40000000001 0.0027965
104973.81000000001 0.002778098
105215.79 0.002760873
105458.43 0.00274362
105701.52 0.002726338
105945.17 0.002709001
106189.38 0.002691608
106434.16 0.002674216
106679.49 0.002656766
106925.51999999999 0.00263926
107171.99 0.002622455
107419.03000000001 0.00260621
107666.62999999999 0.002589965
107914.81 0.002573665
108163.57 0.002557336
108412.89 0.002540951
108662.91 0.002524538
108913.37999999999 0.002508069
109164.44 0.0024916
109416.06999999999 0.002476251
109668.28 0.002460958
109921.07 0.002445638
110174.57 0.002430262
110428.52999999998 0.002414856
110683.07 0.002399425
110938.2 0.002383936
111193.93000000001 0.002368419
111450.23999999999 0.002353294
111707.14 0.002338898
111964.76000000001 0.002324474
112222.84 0.002309994
112481.51999999999 0.002295513
112740.8 0.002280977
113000.67 0.002266441
113261.15 0.002251848
113522.35 0.0022372
113784.03 0.002223363
114046.31 0.002209807
114309.18999999999 0.002196196
114572.68 0.002182555
114836.78 0.002168887
115101.49 0.002155191
115366.93 0.002141439
115632.86 0.002127687
115899.40000000001 0.002114019
116166.56000000001 0.002101247
116434.33 0.002088447
116702.72 0.002075591
116971.73 0.002062735
117241.49 0.002049823
117511.74 0.002036883
117782.61 0.002023944
118054.1 0.002010948
118326.23 0.001998456
118598.98 0.001986412
118872.49 0.001974313
119146.5 0.001962185
119421.14 0.001950057
119696.40999999999 0.001937874
119972.32 0.00192569
120248.87 0.00191345
120526.05 0.001901183
120803.99999999999 0.001889783
121082.45999999999 0.001878384
121361.57 0.001866984
121641.32 0.001855529
121921.71 0.001844074
122202.74 0.00183259
122484.56 0.001821051
122766.90000000001 0.001809511
123049.89000000001 0.001798252
123333.51999999999 0.001787525
123617.81999999999 0.001776769
123902.76999999999 0.001765986
124188.37 0.001755203
124474.76999999999 0.001744363
124761.69 0.001733525
125049.28 0.001722629
125337.53000000001 0.001711734
125626.44 0.001701427
125916.01000000001 0.001691288
126206.4 0.001681149
126497.31 0.001670953
126788.90000000001 0.001660759
127081.15 0.001650536
127374.09 0.001640284
127667.69 0.001630034
127961.98000000001 0.001619838
128257.08 0.001610288
128552.71999999999 0.001600709
128849.04000000001 0.00159113
129146.05 0.001581495
129443.74 0.00157186
129742.12 0.001562225
130041.18000000001 0.001552534
130341.08 0.001542815
130641.53 0.001533488
130942.65999999999 0.00152447
131244.47999999998 0.001515423
131547.02 0.001506376
131850.22999999998 0.001497274
132154.31 0.001488171
132458.94 0.00147904
132764.27 0.00146991
133070.3 0.001460723
133377.05 0.00145218
133684.48 0.001443665
133992.63 0.001435123
134301.63999999998 0.001426552
134611.22 0.001417954
134921.5 0.001409355
135232.52 0.001400729
135544.23 0.001392074
135856.66 0.001383615
136169.98 0.001375577
136483.86000000002 0.001367511
136798.45 0.001359444
137113.8 0.00135135
137429.84 0.001343227
137746.63999999998 0.001335105
138064.16 0.001326926
138382.55 0.001318748
138701.53 0.001311018
139021.27 0.001303399
139341.7 0.001295781
139662.91 0.001288135
139984.81 0.001280489
140307.5 0.001272814
140631.08 0.001265112
140955.23 0.00125741
141280.16 0.001249763
141605.81 0.001242565
141932.23 0.001235395
142259.41 0.001228169
142587.47 0.001220942
142916.13 0.001213689
143245.56 0.001206434
143575.77 0.001199152
143906.72 0.00119187
144238.42 0.00118484
144570.91 0.001178062
144904.31 0.001171256
145238.31 0.001164422
145573.11000000002 0.001157588
145908.66999999998 0.001150725
146245.0 0.001143863
146582.09 0.001136974
146920.16 0.001130083
147258.81 0.001123641
147598.25 0.001117199
147938.48 0.001110786
148279.47999999998 0.001104316
148621.28 0.001097846
148963.88 0.001091376
149307.39 0.00108485
149651.56 0.001078352
149996.53 0.001071966
150342.28 0.001065916
150688.83 0.001059838
151036.17 0.001053732
151384.48 0.001047627
151733.44 0.001041493
152083.2 0.001035359
152433.75 0.001029197
152785.13 0.001023035
153137.31 0.001017181
153490.30000000002 0.00101144
153844.27000000002 0.00100567
154198.88999999998 0.0009999002
154554.34 0.0009941305
154910.59 0.0009883328
155267.66999999998 0.0009825071
155625.56 0.0009766814
155984.31 0.0009709116
156344.05 0.0009654777
156704.41 0.0009600442
157065.63 0.0009545827
157427.69 0.0009491209
157790.56 0.0009436313
158154.28 0.0009381416
158519.02000000002 0.000932624
158884.41 0.0009271063
159250.64 0.0009218128
159617.73 0.0009166592
159985.66999999998 0.0009115056
160354.43999999997 0.000906352
160724.06 0.0009011706
161094.72 0.0008959611
161466.06 0.0008907794
161838.27000000002 0.0008855698
162211.3 0.0008803322
162585.2 0.0008754589
162959.98 0.0008705853
163335.80000000002 0.0008656838
163712.30000000002 0.0008607824
164089.66 0.0008558811
164467.88999999998 0.0008509795
164847.02 0.0008460499
165226.97999999998 0.0008410925
165607.84000000003 0.0008362752
165989.78 0.0008316537
166372.39 0.0008270323
166755.88999999998 0.0008224109
167140.28 0.0008177895
167525.55000000002 0.00081314
167911.7 0.0008084628
168298.94 0.0008037853
168686.87999999998 0.0007991079
169075.7 0.0007946547
169465.45 0.0007903132
169856.06 0.000785916
170247.59 0.0007815467
170640.05000000002 0.0007771492
171033.56000000003 0.0007727241
171427.81 0.0007682987
171822.95 0.0007638733
172219.02 0.0007594761
172616.02 0.0007553588
173013.90999999997 0.0007512134
173412.7 0.0007470682
173812.61 0.0007428951
174213.27000000002 0.0007387498
174614.84 0.0007345487
175017.34 0.0007303753
175420.77 0.0007261741
175825.12000000002 0.0007221128
176230.62 0.0007181916
176636.84 0.0007142704
177044.02000000002 0.0007103492
177452.09 0.0007064001
177861.13 0.000702451
178271.13 0.0006984737
178682.05 0.0006944966
179094.13 0.0006905192
179506.93999999997 0.0006867943
179920.72 0.0006830691
180335.45 0.000679344
180751.13999999998 0.0006756188
181167.8 0.0006718656
181585.59 0.0006681125
182004.16 0.0006643595
182423.69 0.0006606063
182844.19 0.0006569092
183265.66 0.0006533801
183688.09 0.0006498511
184111.5 0.0006463221
184536.11 0.000642793
184961.47 0.000639236
185387.81 0.0006356789
185815.16 0.0006320937
186243.47 0.0006285368
186672.77 0.0006251197
187103.06 0.0006217867
187534.55 0.0006184537
187966.84 0.0006150926
188400.11000000002 0.0006117316
188834.38999999998 0.0006083426
189269.66 0.0006049817
189705.94999999998 0.0006015926
190143.44 0.0005982316
190581.73 0.0005950667
191021.05000000002 0.0005919017
191461.36 0.0005887087
191902.69 0.0005855158
192345.05 0.0005823227
192788.41 0.0005791299
193233.02000000002 0.0005759369
193678.44 0.0005727159
194124.88 0.000569607
194572.33 0.0005666101
195020.84 0.0005635852
195470.38 0.0005605883
195921.16 0.0005575634
196372.80000000002 0.0005545104
196825.44 0.0005514855
197279.13 0.0005484327
197733.88 0.0005453797
198189.66 0.0005425229
198646.5 0.000539666
199104.61000000002 0.0005368092
199563.56 0.0005339523
200023.56 0.0005310675
200484.63999999998 0.0005281826
200946.77000000002 0.0005252977
201409.98 0.0005224128
201874.45 0.000519584
202339.8 0.0005168671
202806.19 0.0005141784
203273.69 0.0005114616
203742.23 0.0005087447
204211.88999999998 0.0005059999
204682.61 0.0005032551
205154.64 0.0005005103
205627.53 0.0004977655
206101.52 0.0004951607
206576.59 0.0004925839
207052.77 0.0004900072
207530.05000000002 0.0004874304
208008.41999999998 0.0004848536
208488.13 0.0004822488
208968.7 0.000479644
209450.38 0.0004770393
209933.19 0.0004744625
210417.09 0.0004720257
210902.12000000002 0.000469589
211388.50000000003 0.0004671243
211875.77000000002 0.0004646875
212364.15999999997 0.0004622227
212853.66 0.0004597581
213344.31 0.0004572933
213836.08 0.0004548006
214328.98 0.0004524199
214823.27000000002 0.0004500952
215318.45 0.0004477705
215814.78 0.0004454457
216312.22999999998 0.0004431211
216810.86000000002 0.0004407964
217310.62999999998 0.0004384437
217811.78 0.000436091
218313.84 0.0004337383
218817.08 0.0004315255
219321.44999999998 0.0004293129
219827.02 0.0004271282
220333.73 0.0004249156
220841.63 0.0004226749
221350.91 0.0004204623
221861.13999999998 0.0004182216
222372.56 0.0004160089
222885.12 0.0004138243
223398.91 0.0004117236
223913.86000000002 0.000409623
224430.23 0.0004075223
224947.56 0.0004054217
225466.09 0.0004033211
225985.8 0.0004011925
226506.7 0.0003990918
227028.81000000003 0.0003969632
227552.16 0.0003949186
228076.91999999998 0.00039293
228602.66 0.0003909413
229129.59 0.0003889528
229657.77 0.0003869362
230187.13999999998 0.0003849476
230717.73 0.0003829309
231249.56 0.0003809143
231782.87 0.0003788977
232317.14 0.0003770212
232852.66 0.0003751166
233389.37999999998 0.0003732401
233927.34 0.0003713356
234466.59 0.0003694309
235007.30000000002 0.0003675264
235549.02 0.0003655937
236091.97000000003 0.0003636892
236636.19 0.0003618406
237181.63 0.0003600201
237728.38 0.0003582275
238276.34 0.000356435
238825.84000000003 0.0003546145
239376.36000000002 0.0003527939
239928.12 0.0003509734
240481.19 0.0003491528
241035.52000000002 0.0003473323
241591.13 0.0003456237
242148.27 0.0003439153
242706.44 0.0003421787
243265.88999999998 0.0003404702
243826.63999999998 0.0003387617
244388.69 0.0003370252
244952.0 0.0003352887
245516.63999999998 0.0003335521
246082.84000000003 0.0003318436
246650.08000000002 0.0003302192
247218.63 0.0003285947
247788.48 0.0003269702
248359.66 0.0003253177
248932.14 0.0003236932
249505.95 0.0003220407
250081.34 0.0003203882
255906.34000000003 0.0003047035
261867.30000000002 0.0002899711
267966.81 0.0002760481
274208.72 0.0002628673
280595.69 0.0002503896
287131.75 0.0002385757
293819.75 0.0002273891
300663.83999999997 0.0002168831
307667.06 0.0002069289
314833.69 0.0001974929
322166.93999999994 0.0001885414
329671.34 0.0001800521
337350.19 0.0001719969
345208.25 0.0002848175
