100.02000000000001 1.261188e-09
102.12 1.617316e-09
104.01 1.89149e-09
105.95 2.300023e-09
107.92 2.829741e-09
109.92 4.403921e-09
114.05 6.177062e-09
118.06 8.162026e-09
121.09 2.397541e-08
125.05000000000001 3.189943e-08
127.08000000000001 3.645803e-08
127.97 3.915335e-08
130.95000000000002 4.685393e-08
131.85 5.343022e-08
134.0 5.981268e-08
137.12 7.616947e-08
139.98999999999998 9.010452e-08
142.92 1.555254e-07
146.92000000000002 2.647345e-07
151.04 3.219725e-07
154.91 3.915944e-07
158.89000000000001 4.729271e-07
161.84 5.429723e-07
165.98999999999998 6.498148e-07
169.86 7.687598e-07
173.02 8.685283e-07
177.04999999999998 1.015762e-06
179.92999999999998 1.137037e-06
182.01 1.22963e-06
185.82000000000002 1.418373e-06
191.02999999999997 1.681849e-06
194.13 1.865369e-06
198.20000000000002 2.122139e-06
201.88000000000002 2.40877e-06
205.16 2.634985e-06
209.94 2.963252e-06
215.82 3.60401e-06
219.82999999999998 4.025309e-06
222.89 4.322967e-06
227.04 4.805676e-06
230.19000000000003 7.461391e-06
233.93 1.311589e-05
239.93 1.757128e-05
246.09 1.835597e-05
251.82 2.059661e-05
257.09 1.827346e-05
260.07 2.201939e-05
264.3 2.397599e-05
269.21 2.528184e-05
274.21999999999997 2.653173e-05
279.31 2.778375e-05
283.85 2.909295e-05
289.8 2.942891e-05
295.86 3.153639e-05
300.67 3.182772e-05
307.68 3.410169e-05
317.76 3.747703e-05
328.17 3.988188e-05
338.14 4.195604e-05
347.61 4.403427e-05
357.35 4.600249e-05
365.67 4.817159e-05
375.04999999999995 4.986382e-05
384.67 5.009603e-05
395.45 5.318492e-05
404.66 5.518033e-05
414.09000000000003 5.646685e-05
421.79 5.724774e-05
429.63 5.791712e-05
440.65 5.967688e-05
450.90999999999997 6.050354e-05
460.36 6.10652e-05
470.0 6.191166e-05
479.84 6.30646e-05
489.88 6.30661e-05
500.14000000000004 6.438428e-05
505.93 6.588417e-05
511.79 7.66993e-05
520.11 7.723248e-05
529.78 7.776384e-05
539.63 7.651943e-05
549.66 8.142992e-05
559.88 8.685304e-05
570.2900000000001 9.073685e-05
579.55 8.969947e-05
590.33 9.523354e-05
599.92 9.501564e-05
609.67 9.633422e-05
619.5699999999999 0.0001080925
629.6400000000001 0.000111121
639.87 0.0001137075
650.27 0.0001196133
657.8000000000001 0.0001221209
665.4200000000001 0.0001275767
674.67 0.000130556
685.64 0.0001290541
695.17 0.0001471611
704.84 0.0001421684
716.3 0.0001621034
726.26 0.0001670313
734.6700000000001 0.0001724961
744.89 0.0001848357
755.25 0.000193108
765.7600000000001 0.000198057
774.63 0.0002146791
785.4 0.0002268765
794.5000000000001 0.0002364711
805.5500000000001 0.0002464855
814.88 0.0002551397
824.32 0.0002740189
835.78 0.0002459189
845.4599999999999 0.0002916006
855.25 0.0003025401
865.15 0.0003226958
875.17 0.0003425994
885.31 0.0003654128
895.56 0.0003844058
905.9300000000001 0.0003924482
914.31 0.0005582086
924.9 0.003182626
935.61 0.006914565
944.26 0.01345208
955.1999999999999 0.01865438
964.0400000000001 0.02258308
975.1999999999999 0.004839332
984.2199999999999 0.02300287
995.62 0.02300287
1004.83 0.02977033
1014.13 0.02727626
1025.87 0.01113777
1035.3600000000001 0.02088318
1044.94 0.03679492
1054.61 0.03671003
1064.3700000000001 0.03124558
1074.22 0.03595767
1084.16 0.03046381
1094.19 0.037393
1104.32 0.03620675
1114.53 0.03571021
1124.85 0.03294488
1135.25 0.03897527
1145.76 0.03603989
1153.7 0.03765241
1164.38 0.03906486
1175.1499999999999 0.02963353
1186.02 0.03765226
1194.24 0.0283002
1205.29 0.02176671
1213.65 0.01190653
1224.88 0.02545569
1236.21 0.0367948
1244.78 0.04062478
1256.3 0.03997529
1265.01 0.03562749
1273.78 0.04332954
1285.56 0.04495641
1294.47 0.0386179
1306.45 0.03826369
1315.51 0.04485258
1324.6299999999999 0.04342923
1333.81 0.04015931
1346.15 0.04505913
1355.48 0.04413541
1364.8799999999999 0.04090555
1374.34 0.04234332
1383.8600000000001 0.04293244
1393.46 0.03844055
1406.3500000000001 0.03979119
1416.1000000000001 0.04100031
1425.9099999999999 0.04138026
1435.8000000000002 0.04138005
1442.43 0.04303135
1445.75 0.04342969
1455.7700000000002 0.04273554
1465.86 0.04043782
1476.0200000000002 0.04025239
1486.26 0.04062408
1496.5600000000002 0.04109457
1503.46 0.03960888
1510.4 0.03654192
1517.38 0.03835178
1524.3799999999999 0.03756542
1534.9499999999998 0.03394597
1545.59 0.03603995
1556.3 0.03441811
1563.4799999999998 0.03513862
1574.32 0.03705011
1585.23 0.03817586
1596.22 0.0390654
1603.59 0.03800044
1614.71 0.03800002
1625.9 0.03662571
1633.4 0.03826373
1644.72 0.03861779
1656.13 0.03637363
1663.77 0.03906504
1671.4499999999998 0.03603979
1675.3000000000002 0.03924529
1686.92 0.04025197
1694.7 0.03844077
1706.4499999999998 0.03730689
1714.33 0.03612293
1726.21 0.03587414
1734.1799999999998 0.03765215
1746.2 0.03687933
1754.26 0.03870674
1766.4199999999998 0.03603988
1774.57 0.03705005
1786.8700000000001 0.03747885
1795.1200000000001 0.03915528
1803.4 0.03897515
1815.91 0.03696472
1824.2900000000002 0.03739233
1836.93 0.03645784
1845.41 0.03402434
1853.93 0.03426009
1866.7800000000002 0.03513844
1875.4 0.03696465
1884.05 0.03481658
1897.11 0.0337122
1905.8700000000001 0.03522019
1914.67 0.03433857
1923.5 0.03371233
1936.84 0.03410245
1945.78 0.03587431
1954.7600000000002 0.03410249
1968.3100000000002 0.0363739
1977.3899999999999 0.03713558
1981.95 0.03562782
1995.69 0.03481655
2004.9 0.03538234
2014.16 0.03473668
2023.45 0.03554608
2032.79 0.03457731
2046.88 0.03546397
2056.33 0.03386801
2065.8199999999997 0.03426001
2075.36 0.03637387
2080.14 0.03571009
2084.94 0.03662576
2094.56 0.03505835
2104.23 0.03530099
2113.94 0.03562779
2123.7 0.03587422
2133.5 0.03402441
2143.35 0.03489692
2153.24 0.03571002
2163.1800000000003 0.03457718
2173.17 0.03441796
2183.2 0.03449742
2193.2799999999997 0.03570981
2203.4 0.03481643
2213.57 0.03324947
2223.79 0.0327932
2234.0499999999997 0.03489695
2244.36 0.03363459
2254.7200000000003 0.0323437
2265.13 0.03256809
2275.59 0.03340306
2286.09 0.03441804
2296.64 0.03267075
2307.2400000000002 0.03324669
2312.56 0.03221407
2323.2400000000002 0.02739252
2333.96 0.0302852
2344.73 0.02889516
2355.56 0.03158013
2366.43 0.02904164
2377.35 0.03017277
2382.83 0.02772828
2393.83 0.02927675
2404.88 0.02858445
2415.98 0.02915681
2427.13 0.03135764
2432.73 0.03038445
2443.96 0.03193475
2455.24 0.03175991
2466.5699999999997 0.0313684
2472.26 0.03025512
2483.67 0.03009029
2495.13 0.02877674
2506.65 0.03226012
2512.43 0.02844319
2518.22 0.02846393
2524.02 0.02783577
2535.67 0.02865731
2547.38 0.02863284
2553.2500000000005 0.03105832
2565.04 0.02997824
2576.8799999999997 0.03165499
2582.82 0.03124402
2594.74 0.03071834
2606.71 0.0296515
2612.7200000000003 0.02913192
2624.7799999999997 0.03076142
2636.8999999999996 0.03285898
2642.9799999999996 0.03613883
2655.18 0.03816143
2667.4300000000003 0.03414116
2673.58 0.03561199
2685.92 0.03641253
2692.1099999999997 0.03369647
2704.5400000000004 0.03525642
2717.02 0.03272612
2723.29 0.03207922
2735.86 0.03395354
2742.1600000000003 0.02918894
2754.82 0.0306115
2767.54 0.03247496
2773.92 0.03379723
2786.72 0.03065874
2793.14 0.02465419
2806.0400000000004 0.02621521
2812.5 0.03325826
2825.49 0.03602255
2832.0 0.0349067
2845.07 0.03308171
2858.2000000000003 0.03028798
2864.79 0.0355313
2878.02 0.03700807
2884.65 0.03644501
2897.9700000000003 0.03735294
2911.34 0.04159224
2931.5200000000004 0.03972378
2951.84 0.03882349
2972.2999999999997 0.03964071
2992.91 0.03992035
3006.72 0.04035473
3027.5600000000004 0.04082791
3048.5499999999997 0.04159322
3069.6800000000003 0.04227597
3090.96 0.04228294
3112.38 0.04357546
3126.75 0.0424584
3148.42 0.04256495
3170.25 0.04386746
3192.2200000000003 0.04132736
3206.96 0.04334831
3229.19 0.04074518
3251.5699999999997 0.04583375
3266.58 0.04885704
3289.22 0.04853372
3312.02 0.04788156
3319.66 0.04661651
3327.31 0.04730575
3334.98 0.05061666
3342.6699999999996 0.04717062
3350.37 0.04955026
3358.1 0.04982189
3365.84 0.04205325
3373.6 0.04209008
3381.3700000000003 0.04705006
3389.17 0.04931049
3396.98 0.0462725
3404.81 0.05078098
3412.6600000000003 0.04699854
3420.5299999999997 0.048805
3428.41 0.0495279
3436.3199999999997 0.04945716
3444.2400000000002 0.04222906
3452.1800000000003 0.0516417
3460.14 0.04801535
3468.1099999999997 0.04850311
3476.11 0.04722309
3484.12 0.04926547
3492.15 0.04796565
3500.2 0.04595311
3508.27 0.05031576
3516.36 0.04624793
3524.4700000000003 0.04858271
3532.5899999999997 0.0512707
3540.7300000000005 0.05275488
3548.8999999999996 0.0549088
3557.0800000000004 0.05176599
3565.28 0.05400517
3573.5 0.0450636
3581.73 0.0471217
3589.9900000000002 0.040515
3598.27 0.05128703
3606.56 0.04902333
3614.87 0.04828384
3619.08 0.05305773
3621.81 0.03413518
3624.55 0.05022285
3627.2900000000004 0.04776895
3630.03 0.0584493
3632.77 0.06365667
3635.5 0.05731461
3638.24 0.05637513
3640.9799999999996 0.05707013
3643.72 0.03945328
3646.46 0.05691253
3649.19 0.04639578
3651.93 0.04064363
3654.67 0.04455433
3657.41 0.05237413
3660.1499999999996 0.05007607
3662.88 0.04765881
3665.62 0.05389574
3668.36 0.04944682
3671.1 0.04698097
3673.8399999999997 0.0549794
3676.57 0.06337998
3679.31 0.05187629
3682.05 0.05296605
3684.79 0.06242951
3687.5200000000004 0.05726033
3690.26 0.05132735
3693.0 0.03994313
3695.7400000000002 0.04722536
3698.48 0.05940496
3701.2099999999996 0.0503728
3703.95 0.04741172
3706.69 0.04539819
3709.4300000000003 0.04314466
3712.17 0.05649987
3714.9 0.04617316
3717.64 0.05237861
3720.3799999999997 0.05552257
3723.12 0.08041939
3725.8599999999997 0.1107408
3728.59 0.1349703
3731.33 0.1251472
3734.0699999999997 0.08110909
3736.81 0.05413728
3739.5499999999997 0.05675506
3742.28 0.05563127
3745.02 0.04061215
3747.7599999999998 0.04870183
3750.5 0.05320928
3753.24 0.0485209
3755.9700000000003 0.05385672
3758.71 0.05622309
3761.4500000000003 0.05740679
3764.19 0.05300457
3766.93 0.04958519
3769.6600000000003 0.04467715
3772.4 0.05457234
3775.1400000000003 0.06268482
3777.88 0.06422689
3780.62 0.05939949
3783.35 0.06218537
3786.0899999999997 0.05950828
3788.8300000000004 0.05942133
3791.57 0.05393363
3794.3100000000004 0.05013036
3797.04 0.05086091
3799.7799999999997 0.05046012
3802.52 0.05381422
3805.2599999999998 0.05748273
3807.99 0.05716802
3810.73 0.06436825
3813.47 0.06453651
3816.21 0.05733617
3818.95 0.05442559
3821.6800000000003 0.05730376
3824.42 0.05438775
3827.16 0.05122196
3829.9 0.05335103
3832.64 0.05152973
3835.3700000000003 0.04207777
3838.11 0.0413349
3840.85 0.04608726
3843.59 0.05425458
3846.33 0.0541595
3849.0600000000004 0.05718972
3851.8 0.0631899
3854.54 0.0651338
3857.28 0.06297799
3860.02 0.06610564
3862.75 0.06978209
3865.49 0.06800637
3868.2299999999996 0.06305407
3870.9700000000003 0.06520431
3873.71 0.06260325
3876.44 0.05778701
3879.18 0.05797701
3881.9199999999996 0.05750453
3884.66 0.05634786
3887.3999999999996 0.05576679
3890.13 0.05504481
3892.87 0.05001486
3895.61 0.05144401
3898.35 0.05700489
3901.0899999999997 0.06139232
3903.82 0.06478095
3906.56 0.06133278
3909.3 0.06134901
3912.04 0.06651837
3914.77 0.07049346
3917.51 0.06378724
3920.25 0.06309755
3922.9900000000002 0.06229383
3925.73 0.06030636
3928.4599999999996 0.05614173
3931.2000000000003 0.04836904
3933.94 0.04113721
3936.6800000000003 0.04195928
3939.42 0.04622239
3942.1499999999996 0.05317363
3944.89 0.05658693
3947.6299999999997 0.06122416
3950.3700000000003 0.06529121
3953.11 0.06484046
3955.8399999999997 0.0599482
3958.58 0.06223421
3961.3199999999997 0.05683664
3964.06 0.04971993
3966.7999999999997 0.04684031
3969.53 0.04514631
3972.27 0.04767995
3975.0099999999998 0.05258109
3977.75 0.05402326
3980.49 0.05884021
3983.2200000000003 0.0655086
3985.96 0.07025985
3988.7 0.0758582
3991.44 0.07952885
3994.18 0.07529874
3996.9100000000003 0.07161201
3999.65 0.0739686
4002.3900000000003 0.07053671
4005.13 0.07202991
4007.87 0.07155198
4010.6000000000004 0.07270344
4013.34 0.07267622
4016.0800000000004 0.07861666
4018.82 0.07810615
4021.56 0.07841558
4024.29 0.07470171
4027.0299999999997 0.08739174
4029.7699999999995 0.0789696
4032.51 0.07521734
4035.24 0.07493527
4037.98 0.07723212
4040.72 0.07446813
4043.46 0.07776955
4046.2 0.07491869
4048.93 0.0795617
4051.67 0.08135898
4054.41 0.08035434
4057.15 0.07547262
4059.89 0.08061482
4062.6200000000003 0.07129166
4065.36 0.07403378
4068.1 0.0828413
4070.84 0.08085381
4073.58 0.07341453
4076.3100000000004 0.07015133
4079.05 0.06917928
4081.79 0.06950501
4084.53 0.07535857
4087.27 0.0829443
4089.9999999999995 0.07741135
4092.7400000000002 0.07415323
4095.48 0.07270875
4098.22 0.07273039
4100.96 0.06980353
4103.69 0.06400989
4106.429999999999 0.0675991
4109.17 0.07018919
4111.91 0.07635225
4114.650000000001 0.07194297
4117.38 0.07209529
4120.12 0.07586369
4122.86 0.07823657
4125.599999999999 0.07923018
4128.34 0.08190714
4131.07 0.0758692
4133.81 0.07736237
4136.55 0.07767182
4139.29 0.08134246
4142.03 0.07936042
4144.76 0.07476145
4147.5 0.077042
4150.24 0.07855147
4152.98 0.07517391
4155.71 0.07292613
4158.45 0.07937699
4161.1900000000005 0.07621662
4163.93 0.08112532
4166.67 0.07684093
4169.4 0.08070745
4172.139999999999 0.0763633
4174.88 0.07450071
4177.62 0.07113398
4180.360000000001 0.07135112
4183.09 0.07590724
4185.83 0.07548904
4188.57 0.07403371
4191.3099999999995 0.07343632
4194.049999999999 0.07555942
4196.78 0.07606471
4199.5199999999995 0.07349076
4202.26 0.07816057
4205.0 0.07521739
4207.74 0.0768952
4210.47 0.07963225
4213.21 0.07929008
4215.95 0.07802479
4218.69 0.07612963
4221.43 0.07685718
4224.16 0.07564656
4226.900000000001 0.07597229
4229.64 0.07356669
4232.38 0.07566806
4235.12 0.07333306
4237.85 0.07410441
4240.59 0.07509805
4243.33 0.07589075
4246.07 0.07731338
4248.81 0.07615668
4251.54 0.07207355
4254.28 0.07503288
4257.02 0.07616769
4259.76 0.07879578
4262.5 0.07893144
4265.23 0.07712352
4267.97 0.07552157
4270.71 0.07976239
4273.45 0.07554858
4276.18 0.07608643
4278.92 0.07902405
4281.66 0.07630892
4284.4 0.07706907
4287.139999999999 0.0721059
4289.87 0.0685386
4292.61 0.07178573
4295.35 0.07134039
4298.09 0.07119915
4300.83 0.06762609
4303.56 0.0627827
4306.3 0.06277722
4309.04 0.06477542
4311.78 0.06605686
4314.52 0.06883699
4317.25 0.07216046
4319.99 0.07674337
4322.7300000000005 0.07838861
4325.47 0.07386529
4328.21 0.0728498
4330.94 0.07286637
4333.679999999999 0.07248618
4336.42 0.07601024
4339.16 0.08201583
4341.900000000001 0.0801641
4344.63 0.07946934
4347.37 0.07554331
4350.11 0.07117204
4352.849999999999 0.0746472
4355.59 0.07627074
4358.32 0.07978972
4361.0599999999995 0.08125575
4363.8 0.07866553
4366.54 0.08405751
4369.28 0.07906722
4372.01 0.07944218
4374.75 0.08037607
4377.49 0.08061491
4380.23 0.07794325
4382.96 0.07592897
4385.7 0.07338762
4388.4400000000005 0.07596141
4391.18 0.07445177
4393.92 0.07937136
4396.65 0.07876347
4399.39 0.07469082
4402.13 0.08078332
4404.87 0.07923022
4407.610000000001 0.07121538
4410.34 0.08022415
4413.08 0.08042498
4415.82 0.08270555
4418.56 0.08104387
4421.3 0.08292261
4424.03 0.08158167
4426.7699999999995 0.08310201
4429.51 0.08113626
4432.25 0.07646088
4434.99 0.07862739
4437.72 0.08289574
4440.46 0.08252641
4443.2 0.08056065
4445.94 0.08258057
4448.68 0.08471993
4451.41 0.0825482
4454.15 0.08327033
4456.89 0.08374809
4459.63 0.07959945
4462.37 0.08082656
4465.1 0.08275453
4467.84 0.0853229
4470.58 0.08403589
4473.32 0.08657708
4476.06 0.08274338
4478.79 0.0879131
4481.530000000001 0.08593648
4484.27 0.08337341
4487.01 0.08693547
4489.75 0.08556157
4492.48 0.08331382
4495.219999999999 0.08356895
4497.96 0.08628392
4500.7 0.08916177
4503.43 0.08750591
4506.17 0.08830949
4508.91 0.08866235
4511.65 0.08981889
4514.389999999999 0.0916976
4517.12 0.08858106
4519.86 0.08948781
4522.6 0.08732111
4525.34 0.08937362
4528.08 0.08038133
4530.81 0.0794585
4533.55 0.08219521
4536.29 0.08208108
4539.03 0.08430736
4541.7699999999995 0.08579511
4544.5 0.08838556
4547.24 0.08851579
4549.9800000000005 0.08011539
4552.72 0.08770112
4555.46 0.08330812
4558.19 0.08623524
4560.93 0.09085072
4563.67 0.0875546
4566.41 0.08693548
4569.150000000001 0.08435613
4571.88 0.08649588
4574.62 0.08684874
4577.36 0.09007414
4580.099999999999 0.08722327
4582.84 0.08637067
4585.57 0.08445958
4588.3099999999995 0.08450838
4591.05 0.08240143
4593.79 0.08719069
4596.53 0.08292801
4599.26 0.0862135
4602.0 0.08840717
4604.74 0.08737536
4607.48 0.0892378
4610.22 0.08659327
4612.95 0.08914571
4615.6900000000005 0.09025881
4618.43 0.09018813
4621.17 0.08911834
4623.900000000001 0.08734844
4626.64 0.08674562
4629.38 0.09218649
4632.12 0.089732
4634.86 0.08997629
4637.59 0.09130153
4640.33 0.08538265
4643.070000000001 0.08344405
4645.81 0.08857539
4648.55 0.08360682
4651.28 0.08670767
4654.0199999999995 0.08928688
4656.76 0.08870579
4659.5 0.08818985
4662.240000000001 0.08736982
4664.97 0.08688684
4667.71 0.0875221
4670.45 0.08367751
4673.19 0.08435621
4675.929999999999 0.09075274
4678.66 0.08664791
4681.4 0.08953122
4684.14 0.08329197
4686.88 0.08670199
4689.62 0.08599057
4692.35 0.08396544
4695.09 0.08567585
4697.83 0.08548571
4700.57 0.08713096
4703.31 0.08665304
4706.04 0.08619721
4708.78 0.08597994
4711.52 0.08588211
4714.26 0.08795089
4717.0 0.08305833
4719.73 0.09029148
4722.469999999999 0.0911222
4725.21 0.08565946
4727.95 0.08284118
4730.68 0.08270569
4733.42 0.0885104
4736.16 0.08802161
4738.9 0.08518705
4741.639999999999 0.08463852
4744.37 0.08832584
4747.11 0.0885647
4749.849999999999 0.08669124
4752.59 0.09170857
4755.33 0.08567024
4758.06 0.08910233
4760.8 0.09125801
4763.54 0.08373183
4766.28 0.0833951
4769.0199999999995 0.08620237
4771.75 0.08627325
4774.49 0.09026428
4777.2300000000005 0.0908018
4779.97 0.09249588
4782.71 0.08930293
4785.4400000000005 0.08664792
4788.18 0.08614284
4790.92 0.08445402
4793.66 0.08761967
4796.400000000001 0.09002513
4799.13 0.08640899
4801.87 0.08706594
4804.610000000001 0.08812474
4807.35 0.09076911
4810.09 0.0892975
4812.82 0.08904258
4815.5599999999995 0.09093759
4818.3 0.09130677
4821.04 0.09074195
4823.78 0.0912849
4826.51 0.08929235
4829.25 0.09257747
4831.99 0.09060084
4834.73 0.09163248
4837.47 0.08620233
4840.2 0.08795109
4842.94 0.0901828
4845.68 0.0874188
4848.42 0.08748933
4851.150000000001 0.08527414
4853.89 0.08480164
4856.63 0.0911059
4859.37 0.1021126
4862.11 0.1216228
4864.84 0.1180339
4867.58 0.100576
4870.320000000001 0.08363953
4873.06 0.08399241
4875.8 0.07705815
4878.53 0.08015898
4881.2699999999995 0.08248842
4884.009999999999 0.08109282
4886.75 0.08059317
4889.49 0.08216239
4892.22 0.08403061
4894.96 0.08772843
4897.7 0.09028591
4900.44 0.08973742
4903.179999999999 0.08972105
4905.91 0.09075305
4908.65 0.08474732
4911.39 0.08432912
4914.13 0.08462228
4916.87 0.08803229
4919.6 0.08636554
4922.34 0.08371016
4925.08 0.08094618
4927.82 0.08514356
4930.5599999999995 0.08392172
4933.29 0.08746241
4936.03 0.08764153
4938.77 0.08583866
4941.51 0.08570286
4944.25 0.08608832
4946.9800000000005 0.08770676
4949.72 0.08883613
4952.46 0.09507522
4955.2 0.09567787
4957.9400000000005 0.09296821
4960.67 0.09537403
4963.41 0.09269147
4966.15 0.09013927
4968.89 0.08787486
4971.62 0.08967249
4974.36 0.09119829
4977.099999999999 0.08766866
4979.84 0.08520877
4982.58 0.08489375
4985.31 0.08666964
4988.05 0.08322691
4990.79 0.08358522
4993.53 0.08605042
4996.2699999999995 0.08468739
4999.0 0.08627868
5001.74 0.08923257
5004.4800000000005 0.09868084
5007.22 0.107282
5009.96 0.1070538
5012.69 0.09598224
5015.429999999999 0.08596908
5018.169999999999 0.08266209
5020.91 0.08160859
5023.65 0.0838783
5026.38 0.08432926
5029.12 0.08571386
5031.860000000001 0.08514364
5034.6 0.08368288
5037.34 0.0847634
5040.07 0.08127211
5042.8099999999995 0.08421515
5045.55 0.08833652
5048.29 0.08372087
5051.03 0.08480683
5053.76 0.08826606
5056.5 0.08713653
5059.240000000001 0.08751112
5061.9800000000005 0.08880342
5064.72 0.09010655
5067.45 0.0867076
5070.19 0.08454637
5072.93 0.08279782
5075.67 0.08599063
5078.41 0.08474164
5081.139999999999 0.08527406
5083.879999999999 0.08410653
5086.62 0.08503499
5089.360000000001 0.08581687
5092.09 0.08677283
5094.83 0.08729948
5097.57 0.08568668
5100.31 0.0869844
5103.05 0.08361768
5105.78 0.0851818
5108.5199999999995 0.08558899
5111.259999999999 0.08727225
5114.0 0.08354715
5116.74 0.08883595
5119.47 0.08857016
5122.21 0.08415001
5124.950000000001 0.08594729
5127.6900000000005 0.0834494
5130.43 0.08332443
5133.16 0.0848234
5135.9 0.08543151
5138.64 0.08335171
5141.38 0.08295526
5144.12 0.08353077
5146.849999999999 0.08352559
5149.589999999999 0.08439978
5152.330000000001 0.08213536
5155.070000000001 0.08234166
5157.81 0.08387286
5160.54 0.08457904
5163.28 0.08636547
5166.02 0.08037058
5168.76 0.07540201
5171.5 0.07129138
5174.23 0.07535331
5176.969999999999 0.07666189
5179.71 0.08148918
5182.45 0.07829622
5185.19 0.0755214
5187.92 0.08198344
5190.66 0.08182046
5193.400000000001 0.0818204
5196.14 0.08195609
5198.87 0.08555105
5201.61 0.08763615
5204.349999999999 0.08253723
5207.09 0.07985472
5209.83 0.07955599
5212.56 0.08458449
5215.3 0.08480164
5218.040000000001 0.08497533
5220.780000000001 0.08754369
5223.52 0.0845788
5226.25 0.08314551
5228.99 0.08110917
5231.73 0.0823906
5234.47 0.08317246
5237.21 0.08838527
5239.94 0.08501889
5242.679999999999 0.08753838
5245.419999999999 0.08757632
5248.16 0.08662056
5250.9 0.08185832
5253.63 0.08403604
5256.37 0.08355811
5259.110000000001 0.08553461
5261.85 0.08688119
5264.59 0.08211353
5267.32 0.07953992
5270.0599999999995 0.07679223
5272.799999999999 0.08008823
5275.54 0.08334621
5278.28 0.08515437
5281.01 0.08647956
5283.75 0.08611024
5286.490000000001 0.08831478
5289.2300000000005 0.09047046
5291.97 0.09180617
5294.7 0.08767958
5297.44 0.08656094
5300.18 0.08851026
5302.92 0.09019895
5305.66 0.09074188
5308.389999999999 0.09283273
5311.129999999999 0.09159462
5313.870000000001 0.09338646
5316.610000000001 0.090389
5319.34 0.08954761
5322.08 0.08839635
5324.82 0.0851491
5327.56 0.08676719
5330.3 0.08338419
5333.03 0.086409
5335.7699999999995 0.08694652
5338.509999999999 0.08837456
5341.25 0.08860255
5343.99 0.08812463
5346.72 0.08896656
5349.46 0.08731031
5352.200000000001 0.09183893
5354.9400000000005 0.09217553
5357.68 0.0912795
5360.41 0.09191508
5363.15 0.09504818
5365.889999999999 0.09029678
5368.63 0.08609927
5371.37 0.08646844
5374.1 0.08639811
5376.84 0.08892847
5379.580000000001 0.08971033
5382.320000000001 0.09348418
5385.06 0.0917899
5387.79 0.09093223
5390.53 0.09087787
5393.27 0.08723421
5396.01 0.08505126
5398.75 0.08418238
5401.48 0.08855927
5404.219999999999 0.08534459
5406.959999999999 0.0861156
5409.7 0.08717439
5412.44 0.08570822
5415.17 0.08988964
5417.91 0.09057918
5420.650000000001 0.08953656
5423.39 0.08879255
5426.13 0.08735895
5428.86 0.09081818
5431.599999999999 0.08266211
5434.34 0.08547485
5437.08 0.0858766
5439.81 0.08884168
5442.55 0.08904254
5445.29 0.08677811
5448.030000000001 0.08620247
5450.77 0.08706579
5453.5 0.084389
5456.24 0.08542064
5458.98 0.08891757
5461.72 0.09257736
5464.46 0.08931926
5467.19 0.09063903
5469.929999999999 0.08585505
5472.669999999999 0.08886868
5475.410000000001 0.08942248
5478.150000000001 0.08766308
5480.88 0.09230606
5483.62 0.08558897
5486.36 0.09093211
5489.1 0.09006866
5491.84 0.09007403
5494.57 0.08958015
5497.3099999999995 0.09127425
5500.049999999999 0.08935738
5502.79 0.0924796
5505.53 0.08782054
5508.26 0.08816832
5511.0 0.09227882
5513.740000000001 0.09099724
5516.4800000000005 0.09014466
5519.22 0.08991652
5521.95 0.09636229
5524.69 0.08885786
5527.43 0.08832564
5530.17 0.08925956
5532.91 0.08528467
5535.639999999999 0.08422062
5538.38 0.08701705
5541.120000000001 0.08921616
5543.860000000001 0.08726672
5546.59 0.08960733
5549.33 0.0863655
5552.07 0.09021538
5554.81 0.08876547
5557.55 0.08836902
5560.28 0.08978109
5563.0199999999995 0.08673473
5565.759999999999 0.09074752
5568.5 0.08685407
5571.24 0.09166505
5573.97 0.08885252
5576.71 0.09319653
5579.45 0.09005244
5582.1900000000005 0.09315838
5584.93 0.08970478
5587.66 0.08638182
5590.4 0.0876687
5593.139999999999 0.08305306
5595.88 0.09095377
5598.62 0.08853188
5601.35 0.08729407
5604.09 0.08510027
5606.830000000001 0.08773378
5609.570000000001 0.08636535
5612.31 0.0889337
5615.04 0.08792938
5617.78 0.08928685
5620.5199999999995 0.08974833
5623.26 0.08936817
5626.0 0.08501862
5628.73 0.08779906
5631.469999999999 0.08768496
5634.209999999999 0.09059542
5636.95 0.08947132
5639.6900000000005 0.08783682
5642.42 0.08522519
5645.16 0.08893387
5647.900000000001 0.09284347
5650.64 0.08670741
5653.38 0.08820063
5656.11 0.0897213
5658.849999999999 0.08984069
5661.589999999999 0.08890665
5664.33 0.09218092
5667.06 0.08838012
5669.8 0.08548583
5672.54 0.09033481
5675.280000000001 0.09017186
5678.02 0.08983513
5680.75 0.0892978
5683.49 0.09041633
5686.23 0.09016106
5688.97 0.08922158
5691.71 0.09043242
5694.44 0.09144267
5697.179999999999 0.08801079
5699.920000000001 0.09214846
5702.660000000001 0.09173027
5705.400000000001 0.08971565
5708.13 0.08927064
5710.87 0.08845605
5713.61 0.0888904
5716.35 0.0896614
5719.09 0.08956904
5721.82 0.092659
5724.5599999999995 0.09222995
5727.299999999999 0.09145882
5730.04 0.0883256
5732.78 0.09410313
5735.51 0.09238206
5738.25 0.09106248
5740.990000000001 0.09099725
5743.7300000000005 0.09127955
5746.47 0.09252297
5749.2 0.09141006
5751.94 0.08939001
5754.679999999999 0.08930849
5757.42 0.09155106
5760.16 0.08942239
5762.89 0.08671846
5765.63 0.09017193
5768.370000000001 0.08928677
5771.110000000001 0.09284341
5773.85 0.08919975
5776.58 0.08866243
5779.32 0.09041086
5782.06 0.08719075
5784.8 0.0872287
5787.53 0.08564336
5790.2699999999995 0.08868413
5793.009999999999 0.09025881
5795.749999999999 0.08904241
5798.49 0.08961249
5801.22 0.09030779
5803.96 0.08897193
5806.7 0.0932236
5809.4400000000005 0.08842336
5812.18 0.08556708
5814.91 0.08878735
5817.65 0.09175756
5820.389999999999 0.09254484
5823.13 0.08906411
5825.87 0.09013376
5828.6 0.09225716
5831.34 0.08952579
5834.08 0.09293037
5836.820000000001 0.09670422
5839.56 0.09396196
5842.29 0.09573784
5845.03 0.09214308
5847.7699999999995 0.09143709
5850.51 0.0941575
5853.25 0.09391851
5855.98 0.09003083
5858.719999999999 0.08744604
5861.459999999999 0.0874134
5864.200000000001 0.09385341
5866.9400000000005 0.08529012
5869.67 0.08994937
5872.41 0.08912935
5875.150000000001 0.0940598
5877.89 0.08790204
5880.63 0.09339721
5883.36 0.08949867
5886.099999999999 0.08673468
5888.839999999999 0.08379153
5891.58 0.08213529
5894.32 0.07769344
5897.05 0.08016977
5899.79 0.0846278
5902.530000000001 0.08697355
5905.27 0.09136641
5908.0 0.08979194
5910.74 0.08659354
5913.48 0.08756547
5916.22 0.08981347
5918.96 0.08874911
5921.69 0.08799457
5924.43 0.08767955
5927.17 0.08826053
5929.910000000001 0.09078544
5932.650000000001 0.08902604
5935.38 0.08846698
5938.12 0.08737547
5940.86 0.08857003
5943.6 0.09044877
5946.34 0.09273478
5949.07 0.09381017
5951.8099999999995 0.08559439
5954.549999999999 0.08438886
5957.29 0.0839924
5960.03 0.08870023
5962.76 0.08918917
5965.5 0.08540434
5968.24 0.08782608
5970.9800000000005 0.08856995
5973.72 0.08700059
5976.45 0.08906968
5979.19 0.0868053
5981.929999999999 0.08948225
5984.67 0.08393266
5987.41 0.0847634
5990.14 0.09344634
5992.88 0.08731028
5995.620000000001 0.08652285
5998.360000000001 0.08823328
6001.1 0.08806488
6003.83 0.08872215
6006.57 0.08552379
6009.3099999999995 0.08418791
6012.05 0.0906931
6014.78 0.08727238
6017.5199999999995 0.09224627
6020.259999999999 0.0897701
6022.999999999999 0.08943337
6025.740000000001 0.08739159
6028.47 0.08623522
6031.21 0.08454641
6033.95 0.08674553
6036.6900000000005 0.08853197
6039.43 0.09024237
6042.16 0.08939552
6044.9 0.09121997
6047.639999999999 0.09005787
6050.379999999999 0.08942793
6053.12 0.09029667
6055.85 0.091687
6058.59 0.08825515
6061.33 0.08832568
6064.070000000001 0.09008495
6066.81 0.09007403
6069.54 0.08821175
6072.28 0.09107334
6075.0199999999995 0.08694643
6077.76 0.08839077
6080.5 0.08970478
6083.23 0.0889448
6085.97 0.08626228
6088.710000000001 0.0918715
6091.450000000001 0.09073112
6094.1900000000005 0.08975364
6096.92 0.08846695
6099.66 0.09003076
6102.4 0.09089409
6105.14 0.0881301
6107.88 0.08993827
6110.61 0.08952039
6113.349999999999 0.09102988
6116.089999999999 0.08829849
6118.83 0.08904778
6121.57 0.08822779
6124.3 0.08786421
6127.04 0.08745145
6129.780000000001 0.09079632
6132.52 0.09052475
6135.25 0.09012316
6137.99 0.08946063
6140.73 0.08537715
6143.469999999999 0.08965599
6146.21 0.09076367
6148.9400000000005 0.08883622
6151.68 0.08929228
6154.42 0.08832025
6157.160000000001 0.08739165
6159.900000000001 0.08474171
6162.63 0.08314549
6165.37 0.08308027
6168.11 0.08097877
6170.85 0.08230366
6173.59 0.08625671
6176.32 0.08444871
6179.0599999999995 0.0843509
6181.799999999999 0.08729396
6184.539999999999 0.08728846
6187.28 0.0829878
6190.01 0.08291199
6192.75 0.08423144
6195.49 0.08529567
6198.2300000000005 0.08633277
6200.97 0.08696802
6203.7 0.08861355
6206.44 0.08985157
6209.179999999999 0.08870575
6211.92 0.08600695
6214.66 0.08546932
6217.39 0.08013176
6220.13 0.08012086
6222.870000000001 0.0835689
6225.610000000001 0.08280321
6228.35 0.08594173
6231.08 0.08694652
6233.82 0.08172273
6236.5599999999995 0.08275981
6239.3 0.08460056
6242.04 0.08485027
6244.7699999999995 0.08084309
6247.509999999999 0.08324857
6250.250000000001 0.08464947
6252.990000000001 0.08596892
6255.72 0.08203776
6258.46 0.08221147
6261.2 0.078671
6263.9400000000005 0.0824883
6266.68 0.08280318
6269.41 0.08390028
6272.15 0.08317802
6274.889999999999 0.08759804
6277.629999999999 0.08796182
6280.37 0.08299865
6283.1 0.08352558
6285.84 0.08186937
6288.58 0.08507305
6291.320000000001 0.08593639
6294.06 0.08532815
6296.79 0.08720174
6299.53 0.09548801
6302.2699999999995 0.0908941
6305.01 0.09065513
6307.75 0.08842329
6310.4800000000005 0.08775562
6313.22 0.08621342
6315.96 0.08722336
6318.700000000001 0.08626217
6321.4400000000005 0.08315613
6324.17 0.08786965
6326.91 0.08504594
6329.65 0.08691384
6332.39 0.08957451
6335.13 0.08720151
6337.86 0.08756555
6340.599999999999 0.08763608
6343.339999999999 0.0865826
6346.08 0.08715812
6348.82 0.08548018
6351.55 0.09171956
6354.29 0.08389475
6357.03 0.08732109
6359.77 0.08454625
6362.5 0.08575738
6365.24 0.08761983
6367.98 0.08341147
6370.719999999999 0.08441598
6373.46 0.08750564
6376.1900000000005 0.08824435
6378.93 0.08776101
6381.67 0.08865693
6384.410000000001 0.0896397
6387.150000000001 0.08591462
6389.88 0.08376452
6392.62 0.08877643
6395.36 0.09170862
6398.099999999999 0.08815729
6400.84 0.0854042
6403.57 0.08640354
6406.3099999999995 0.08867326
6409.049999999999 0.08788585
6411.790000000001 0.08670202
6414.530000000001 0.08665854
6417.26 0.08605058
6420.0 0.08636546
6422.74 0.08530111
6425.4800000000005 0.08366117
6428.22 0.08355795
6430.95 0.08821716
6433.69 0.08956378
6436.429999999999 0.08611018
6439.169999999999 0.0823471
6441.91 0.08447019
6444.64 0.08569217
6447.38 0.08242864
6450.12 0.08130998
6452.860000000001 0.08070721
6455.6 0.08137505
6458.33 0.08501884
6461.07 0.08741888
6463.8099999999995 0.08697898
6466.55 0.08470917
6469.29 0.08452449
6472.02 0.09024257
6474.76 0.08523055
6477.500000000001 0.0889121
6480.240000000001 0.09315292
6482.97 0.09097025
6485.71 0.08900451
6488.45 0.08533371
6491.19 0.08789666
6493.93 0.08531188
6496.66 0.0823907
6499.4 0.0828848
6502.139999999999 0.08622967
6504.879999999999 0.08395443
6507.62 0.08604494
6510.35 0.08476366
6513.09 0.08590935
6515.83 0.08780983
6518.570000000001 0.09062798
6521.31 0.09654126
6524.04 0.08857014
6526.78 0.08537177
6529.5199999999995 0.0892162
6532.259999999999 0.08344941
6535.0 0.08412811
6537.7300000000005 0.08882534
6540.47 0.08222772
6543.21 0.09171404
6545.950000000001 0.1060059
6548.6900000000005 0.1155302
6551.42 0.112077
6554.16 0.106283
6556.9 0.1089057
6559.64 0.1591555
6562.38 0.2542903
6565.11 0.3004086
6567.849999999999 0.2473185
6570.589999999999 0.1573962
6573.329999999999 0.1183159
6576.070000000001 0.09923456
6578.8 0.1018901
6581.54 0.1367186
6584.28 0.1702492
6587.02 0.167382
6589.76 0.1338784
6592.49 0.1033888
6595.23 0.09067692
6597.969999999999 0.08790752
6600.71 0.09119266
6603.4400000000005 0.09207256
6606.18 0.09163266
6608.92 0.0917032
6611.660000000001 0.08890664
6614.400000000001 0.08648478
6617.13 0.08627865
6619.87 0.08905336
6622.61 0.08804875
6625.349999999999 0.08457887
6628.09 0.08663139
6630.82 0.08917831
6633.5599999999995 0.08683789
6636.3 0.08441603
6639.040000000001 0.0852522
6641.780000000001 0.08492091
6644.51 0.08541526
6647.25 0.08791303
6649.99 0.0870496
6652.7300000000005 0.0860287
6655.47 0.08922695
6658.2 0.08999823
6660.94 0.08618626
6663.679999999999 0.08341686
6666.419999999999 0.0862839
6669.16 0.087359
6671.89 0.08451927
6674.63 0.08403595
6677.37 0.09129047
6680.110000000001 0.0868812
6682.85 0.08472541
6685.58 0.08323776
6688.32 0.08431288
6691.0599999999995 0.08493728
6693.8 0.08509472
6696.54 0.08546933
6699.27 0.08603968
6702.01 0.08252094
6704.75 0.08241772
6707.490000000001 0.0866857
6710.2300000000005 0.08797258
6712.96 0.09761662
6715.7 0.1142598
6718.44 0.1319563
6721.18 0.1243161
6723.91 0.1068858
6726.65 0.09917505
6729.389999999999 0.1094378
6732.129999999999 0.1121257
6734.87 0.1153619
6737.6 0.1009182
6740.34 0.09052492
6743.08 0.08512736
6745.82 0.08203761
6748.56 0.08019676
6751.29 0.08230925
6754.03 0.08140781
6756.7699999999995 0.08361779
6759.509999999999 0.08684321
6762.25 0.08333533
6764.9800000000005 0.08565418
6767.72 0.08050096
6770.46 0.07957238
6773.200000000001 0.08205387
6775.9400000000005 0.0810927
6778.67 0.08223322
6781.41 0.08158699
6784.15 0.08163037
6786.889999999999 0.08392181
6789.63 0.08319956
6792.36 0.08422062
6795.099999999999 0.08258068
6797.84 0.07868183
6809.16 0.08544229
6824.85 0.08602332
6840.580000000001 0.08581701
6856.360000000001 0.08501855
6872.160000000001 0.08268931
6888.0 0.08382963
6903.88 0.08420431
6919.8 0.08438869
6935.750000000001 0.08399228
6951.74 0.08613197
6967.759999999999 0.08552922
6983.82 0.0824232
6999.919999999999 0.08570295
7016.0599999999995 0.08451374
7032.2300000000005 0.08353654
7048.4400000000005 0.08786971
7064.6900000000005 0.08428581
7080.9800000000005 0.08486137
7097.299999999999 0.08121773
7113.660000000001 0.08233628
7130.06 0.0815706
7146.5 0.08118501
7162.969999999999 0.08154899
7179.49 0.08097877
7196.03 0.07678692
7212.62 0.07820409
7229.25 0.08113085
7245.92 0.08186926
7262.62 0.08318868
7279.360000000001 0.08222228
7296.139999999999 0.07960511
7312.959999999999 0.08277076
7329.820000000001 0.08410647
7346.72 0.08585484
7363.650000000001 0.08160322
7380.63 0.08504579
7397.639999999999 0.08309651
7414.6900000000005 0.08346587
7431.79 0.08345489
7448.92 0.08325408
7466.089999999999 0.08479067
7483.3 0.08419347
7500.55 0.08264598
7517.84 0.08243949
7535.17 0.08532838
7552.55 0.08551286
7569.96 0.08530094
7587.4 0.08548586
7604.889999999999 0.08276545
7622.43 0.08390019
7640.0 0.08141847
7657.610000000001 0.08272718
7675.26 0.07040114
7692.96 0.07989821
7710.69 0.07438128
7728.469999999999 0.07987092
7746.28 0.08097348
7764.14 0.07948002
7782.03 0.07748198
7799.98 0.07982759
7817.96 0.07889907
7835.9800000000005 0.0807236
7854.04 0.08108741
7872.15 0.08070189
7890.29 0.07958328
7908.490000000001 0.0793876
7926.72 0.07667799
7944.99 0.07719947
7963.31 0.07808437
7981.660000000001 0.07952351
8000.06 0.07950721
8018.499999999999 0.07931714
8036.990000000001 0.07731884
8055.51 0.07766654
8074.08 0.08038154
8092.700000000001 0.07817689
8111.35 0.08035431
8130.05 0.08034341
8148.8 0.07959401
8167.58 0.07903485
8186.41 0.07616227
8205.28 0.07189418
8224.19 0.07918148
8243.15 0.07736777
8262.15 0.07970281
8281.199999999999 0.07860044
8300.29 0.07715053
8319.42 0.07660764
8338.609999999999 0.07606979
8357.83 0.07711247
8377.09 0.07889907
8396.41 0.0729476
8415.76 0.0783289
8435.16 0.07496215
8454.6 0.07460928
8474.1 0.07442457
8493.63 0.07685188
8513.21 0.07422921
8532.84 0.07542372
8552.5 0.05005348
8572.220000000001 0.07557047
8591.98 0.07383829
8611.79 0.07416941
8631.640000000001 0.07347442
8651.539999999999 0.07414218
8671.48 0.04753388
8691.47 0.07176931
8711.51 0.07225262
8731.59 0.07460931
8751.72 0.07189973
8771.89 0.07339301
8792.12 0.07405533
8812.38 0.07169343
8832.7 0.07037375
8853.06 0.07317027
8873.47 0.06749583
8893.92 0.0709928
8914.42 0.07213328
8934.98 0.07096564
8955.57 0.06917929
8976.21 0.06759369
8996.91 0.06321703
9017.65 0.06679544
9038.43 0.070906
9059.27 0.07544008
9080.16 0.06753386
9101.09 0.06925516
9122.07 0.07317563
9143.1 0.06875568
9164.17 0.06254919
9185.3 0.06267933
9206.47 0.06808779
9227.699999999999 0.06668134
9248.97 0.06775102
9270.289999999999 0.06900003
9291.66 0.06882621
9313.08 0.0707431
9334.550000000001 0.07073218
9356.07 0.07055292
9377.630000000001 0.06973321
9399.25 0.07020554
9420.92 0.0700317
9442.64 0.06937458
9464.4 0.06984177
9486.22 0.06967336
9508.09 0.0690218
9530.01 0.06869048
9551.98 0.06649676
9574.0 0.06819086
9596.07 0.06880992
9618.19 0.06832125
9640.36 0.06815295
9662.58 0.06736019
9684.859999999999 0.06765873
9707.19 0.06718092
9729.560000000001 0.06686057
9751.99 0.06654021
9774.47 0.06652937
9797.0 0.06590492
9819.59 0.06650209
9842.220000000001 0.06618187
9864.91 0.06571488
9887.65 0.06555197
9910.449999999999 0.06523689
9933.300000000001 0.06522603
9956.19 0.06521528
9979.14 0.06505237
10025.2 0.06384142
10071.48 0.0629401
10117.970000000001 0.06335275
10164.67 0.06259789
10235.13 0.06241883
10282.37 0.06210922
10306.07 0.06166944
10497.669999999998 0.05961685
10692.85 0.05724935
10891.64 0.05492522
11094.13 0.05343031
11300.380000000001 0.05173506
11510.480000000001 0.05079136
11697.51 0.04929319
11887.58 0.04772927
12108.58 0.04642883
12305.330000000002 0.04547635
12505.28 0.04433928
12708.470000000001 0.04323051
12885.26 0.0420522
13094.630000000001 0.04118935
13307.4 0.04015922
13492.53 0.03951736
13711.76 0.03870668
13902.509999999998 0.0377385
14095.92 0.03671004
14292.01 0.03604001
14490.84 0.03587431
14692.42 0.03505824
14896.82 0.03497728
15104.05 0.03473677
15314.160000000002 0.03489694
15491.490000000002 0.03465692
15707.0 0.03402433
15888.880000000001 0.03309687
16109.92 0.03317342
16296.470000000001 0.0328688
16485.16 0.03212111
16714.489999999998 0.03153466
16908.04 0.03067508
17103.829999999998 0.0299078
17301.87 0.02869363
17502.22 0.02797631
17704.89 0.02702658
17909.91 0.02622945
18117.3 0.02516462
18284.93 0.02459174
18496.66 0.0238663
18710.850000000002 0.02295023
18883.97 0.02237625
19102.64 0.02186692
19279.4 0.02112464
19502.63 0.02031338
19683.09 0.01980568
19911.02 0.01922138
20095.239999999998 0.01887061
20281.18 0.01822987
20516.03 0.01789754
20705.85 0.01740939
20897.45 0.01697389
21090.82 0.0165878
21285.96 0.01621042
21482.920000000002 0.0158048
21681.69 0.0152683
21882.320000000003 0.01502394
22084.800000000003 0.01461451
22289.13 0.0142165
22495.379999999997 0.01386082
22703.51 0.01351439
22913.600000000002 0.01226818
23125.62 0.01218402
23285.91 0.0108341
23501.379999999997 0.01029869
23718.82 0.01041816
23883.25 0.009633506
24104.22 0.009392408
24327.269999999997 0.009327791
24495.879999999997 0.008785866
24722.55 0.008705503
24893.91 0.007652065
25124.260000000002 0.007564639
25298.43 0.007599394
25473.77 0.007512517
25709.49 0.007564642
25887.690000000002 0.00740934
26127.24 0.0073583
26308.329999999998 0.007174217
26490.7 0.007092227
26674.31 0.006946701
26921.14 0.006851672
27107.739999999998 0.006741984
27295.65 0.006603519
27484.84 0.006498179
27675.350000000002 0.006364595
27931.44 0.00626305
28125.06 0.006149022
28320.0 0.00603662
28516.29 0.005912817
28713.98 0.005791722
28913.000000000004 0.005698865
29113.43 0.005582121
29315.22 0.005467548
29518.44 0.005367687
29723.039999999997 0.005269729
29929.09 0.005161613
30067.219999999998 0.005067405
30275.620000000003 0.004963475
30485.5 0.004895381
30696.8 0.004806055
30909.6 0.004718304
31123.84 0.004642882
31267.53 0.004568649
31484.25 0.004485245
31702.469999999998 0.004413568
31922.239999999998 0.004352969
32069.57 0.004293239
32291.89 0.004253923
32515.710000000003 0.004283409
32665.79 0.004464666
32892.229999999996 0.005079134
33120.21 0.004997899
33273.11 0.004224604
33503.74 0.003906506
33736.0 0.00373068
33891.7 0.003612305
34126.61 0.003522004
34284.159999999996 0.00344973
34521.79 0.003371209
34681.12 0.003302086
34921.54 0.003234373
35082.72 0.003175292
35325.92 0.003110187
35488.97 0.003046383
35734.95 0.002990778
35899.92 0.002936206
36065.61 0.002882612
36315.590000000004 0.002823478
36483.24 0.002771948
36736.119999999995 0.002715092
36905.67 0.002659435
37076.05 0.00261089
37333.020000000004 0.002569134
37505.37 0.002510652
37678.479999999996 0.002476225
37939.64 0.002430991
38114.79 0.002386628
38290.700000000004 0.00234851
38467.43 0.002310934
38734.1 0.002263528
38912.87 0.002227364
39092.47 0.002186693
39272.95 0.002151723
39545.149999999994 0.002112464
39727.67 0.002078689
39911.08 0.002036063
40095.28999999999 0.002003482
40280.34 0.001976006
40466.3 0.001935497
40746.78 0.001913343
40934.840000000004 0.001882718
41123.82 0.001852635
41313.630000000005 0.001827222
41504.310000000005 0.001798008
41695.92 0.001769228
41888.36 0.001744956
42081.7 0.001717045
42275.92 0.001693532
42471.090000000004 0.001666437
42667.11 0.001647378
42864.04 0.001587755
43061.93 0.001530359
43260.68 0.001526829
43460.340000000004 0.001474973
43660.98 0.001444727
43862.50000000001 0.001424907
44064.94 0.001379729
44268.32 0.001363927
44472.69 0.001342098
44677.95 0.001308541
44884.159999999996 0.001305554
45091.37 0.001281716
45299.490000000005 0.001255434
45508.57 0.001249624
45718.66 0.001238166
45929.67 0.001207215
46141.66 0.001207215
46248.02 0.001190654
46461.52 0.001177024
46675.97 0.001171648
46891.4 0.001155521
47107.869999999995 0.001142326
47325.299999999996 0.001139665
47543.73 0.001124081
47653.32 0.001113763
47873.31 0.001103555
48094.270000000004 0.001085907
48316.24 0.001088406
48539.3 0.001073472
48651.18 0.001058757
48875.729999999996 0.001051426
49101.32 0.001039425
49328.0 0.001032258
49555.670000000006 0.00102042
49669.9 0.001018086
49899.15 0.001010049
50129.51 0.001010103
50245.06 0.001006628
50476.96 0.0009997318
50709.939999999995 0.001002012
50826.89 0.001003152
50944.04 0.001002013
51061.47 0.0009985373
51179.170000000006 0.0009973968
51297.14 0.0009985374
51415.39 0.0009973428
51533.96 0.000996148
51652.75 0.0009995689
51771.81 0.001000709
51891.15 0.0009995147
52010.759999999995 0.0009983201
52130.65 0.0009971258
52250.81999999999 0.0009959306
52371.32 0.0009970167
52492.04 0.0009981027
52613.03 0.00100147
52734.310000000005 0.00100489
52855.869999999995 0.001003641
52977.7 0.001000112
53099.88 0.001001198
53222.28 0.001002284
53344.96 0.00100337
53467.92 0.001006737
53591.170000000006 0.001007823
53714.700000000004 0.001008855
53838.520000000004 0.00100994
53962.68 0.001013307
54087.07 0.001014393
54211.74 0.001015425
54336.700000000004 0.001014176
54461.950000000004 0.001019878
54587.49 0.001023299
54713.32 0.00102433
54839.5 0.001025416
54965.909999999996 0.001028837
55092.61 0.001032258
55219.6 0.001038068
55346.88 0.001046322
55474.46 0.001044964
55602.4 0.00104844
55730.560000000005 0.001056748
55859.03 0.001060223
55987.79 0.001063752
56116.840000000004 0.001069726
56246.200000000004 0.001075699
56375.85 0.001081726
56505.85999999999 0.001090305
56636.11 0.001098939
56766.66 0.00110513
56897.51 0.001111266
57028.66 0.001120063
57160.12 0.001134126
57291.939999999995 0.001143086
57424.0 0.001154761
57556.37 0.001166598
57689.04 0.00117849
57822.02 0.00119326
57955.3 0.001208247
58088.89 0.00122622
58222.85 0.001241588
58357.06 0.001262928
58491.58 0.001284648
58626.41 0.001306748
58761.53999999999 0.00133227
58896.990000000005 0.001358335
59293.92 0.0001563917
59602.409999999996 0.001531282
59910.9 0.001734422
60219.41 0.001689949
60527.9 0.002553223
60836.39 0.00236594
61144.9 0.002758642
61453.39 0.002382447
61761.88 0.004561429
62070.38 0.006527497
62378.869999999995 0.004630283
62687.369999999995 0.004872627
62995.869999999995 0.003902543
63304.36 0.002901563
63612.87 0.002282642
63921.36 0.001611539
64229.85 0.00198502
64538.35 0.001816524
64846.84 0.001163666
65155.34 0.001218781
65463.84 0.001026882
65772.33 0.001428219
66080.81999999999 0.0009716584
66389.33 0.001450375
66697.81999999999 0.001769554
67006.31 0.002019609
67314.81 0.002223618
67623.31 0.001964657
67931.81 0.001139665
68240.31 0.0003205429
68548.8 0.000910787
68857.3 0.001082649
69165.79 0.0008493186
69474.29 0.001376742
69782.78 0.002600302
70091.28 0.001863494
70399.78 0.001780143
70708.27 0.001742838
71016.76999999999 0.001345628
71325.26999999999 0.00120021
71633.76000000001 0.001762658
71942.27 0.001353936
72250.75 0.00201217
72559.25 0.001716394
72867.76 0.002004025
73176.24 0.003367463
73484.74 0.004049481
73793.24 0.00378129
74101.73000000001 0.003105898
74410.23000000001 0.003595527
74718.72 0.003796439
75007.03 0.004370508
75027.22 0.004199135
75335.73 0.00384846
75625.24 0.006030646
75644.21 0.004841785
76243.47 0.00576783
76861.68000000001 0.00581453
77479.91 0.005160911
78098.13 0.004533355
78716.36 0.004694901
79334.58 0.004340316
79952.79 0.003413946
80571.03 0.002768905
81189.24 0.00256897
81807.45999999999 0.002109911
82425.69 0.002379569
83043.9 0.002182023
83662.14 0.002221988
84280.34999999999 0.002398846
84898.58 0.002657318
85516.79999999999 0.003032808
86135.03 0.003110295
86753.24 0.002499845
87371.45999999999 0.002216287
87989.69 0.001639721
88607.91 0.001421541
89226.12000000001 0.0009225162
89844.34999999999 0.001112677
90462.57 0.001016456
91080.79999999999 0.001002501
91699.02 0.0007838318
92317.24 0.001049906
92935.47 0.0008326483
93553.68000000001 0.0007869815
94171.9 0.0007567359
94790.12000000001 0.0006151738
95408.34999999999 0.0005481122
96026.57 0.0006995028
96644.79 0.0007011318
97263.02 0.0006384687
97881.24 0.0007451698
98499.45999999999 0.0006990684
99117.69 0.0007150327
99735.87 0.0006694201
100354.14 0.0007107974
100972.32 0.0006987968
101590.6 0.0006613837
102208.78000000001 0.0006183231
102827.05 0.0004870618
103445.25000000001 0.0005689094
104063.43 0.0005462658
104681.70000000001 0.0006457449
105299.87999999999 0.0006243505
105918.16 0.0007208974
106536.34 0.0008327569
107154.52 0.0008986238
107772.79999999999 0.000882062
108390.98999999999 0.0007437579
109009.26 0.0008037603
109627.44 0.001173223
110245.71999999999 0.001299418
110863.9 0.001622725
111482.08 0.002150474
112100.36 0.003535905
112718.54 0.003467051
113336.81999999999 0.00271265
113955.0 0.002137007
114573.28 0.001654436
115191.45 0.001257389
115809.63 0.001247669
116427.92 0.001024276
117046.1 0.0009572686
117664.37 0.0009335392
118282.55 0.000913448
118900.84 0.001139068
119519.01 0.001242457
120137.19 0.001152371
120755.48 0.001193151
121373.66 0.001030575
121991.93 0.001088731
122610.11 0.001075916
123228.3 0.001260593
123846.58 0.001159322
124464.75 0.001295508
125083.03 0.001343347
125701.22 0.001441903
126319.49 0.001479479
126937.68000000001 0.001533672
127555.85999999999 0.001785953
128174.14 0.002242568
128792.31000000001 0.001553274
129410.59 0.000847201
130028.77 0.0007906195
130646.95 0.0008804329
131265.23 0.0008368837
131883.42 0.0008894469
132501.7 0.0008481782
133119.88 0.0007890446
133738.16 0.0008090273
134356.33 0.0007344725
134974.52 0.0008219511
135592.8 0.0008518708
136210.97 0.0006443332
136829.25 0.0007312688
137447.44 0.0007185081
138065.7 0.0007631435
138683.88 0.0006490032
139302.06 0.0007812256
139920.34 0.0007391424
140538.55000000002 0.0006964075
141156.8 0.0006638272
141774.98 0.0006649131
142393.27 0.0007151415
143011.45 0.000636731
143629.63 0.0006246763
144247.92 0.0005809099
144779.88 0.0006361338
145692.75 0.0005873174
146605.72999999998 0.0005773803
147518.63 0.0005432794
148431.5 0.0005958426
149344.38 0.0005645111
150257.37 0.0005609272
151170.27 0.0005897609
152083.12 0.0005510988
152996.11000000002 0.0006067028
153909.0 0.0005558772
154821.88 0.0006495461
155734.77000000002 0.000752446
156647.75 0.0006809319
157560.64 0.0006354822
158473.52000000002 0.0006295634
159386.5 0.0006640443
160299.38999999998 0.000644496
161212.27000000002 0.0006210924
162125.23 0.0006853303
163038.12 0.000798819
163951.02000000002 0.0009427702
164863.91 0.0009984284
165776.88999999998 0.0009287064
166689.75 0.0009132851
167602.63999999998 0.0008714191
168515.53 0.0008883066
169428.52 0.0009529788
170341.41 0.001080206
171254.30000000002 0.001040892
172167.28 0.0009651966
173080.15999999997 0.0009470601
173993.05 0.0009670427
174906.02 0.00090009
175818.90999999997 0.0008086472
176731.8 0.0007533691
177644.65999999997 0.0008000679
178557.64 0.0007682477
179470.53 0.0007552155
180383.41 0.0007402827
181296.39 0.0006840814
182209.28 0.0007093855
183122.16 0.0007913253
184035.14 0.0007928458
184948.03 0.0007845378
185860.92 0.0008284671
186773.8 0.001190708
187686.77 0.001161168
188599.66 0.0008350376
189512.55 0.0007617857
190425.53000000003 0.0007687906
191338.42 0.0007532606
192251.28000000003 0.0007740578
193164.17 0.0006959732
194077.17 0.000745767
194990.05000000002 0.0007006974
195902.94 0.0006603519
196815.91999999998 0.0007247526
197728.80000000002 0.0007126435
198641.69 0.0007009689
199554.56000000003 0.0007276849
200467.55000000002 0.0007406085
201380.44 0.0007236123
202293.31 0.0007647724
203206.30000000002 0.0007455499
204301.56 0.0007628719
206059.16 0.0007732975
207817.80000000002 0.0007976244
209577.36000000002 0.0007679761
211338.0 0.0008025115
213099.66 0.0007877959
214862.41 0.0007723201
216626.03 0.0008201049
218390.77 0.0008573552
220156.52 0.0008034345
221923.33000000002 0.0007561386
223691.16999999998 0.0008279785
225459.98 0.0008095705
227229.88 0.0008254806
229000.8 0.0008043033
230772.69 0.0008275984
232545.69 0.0008161408
234319.7 0.0008739169
236094.78 0.0008265666
237870.95 0.0008083216
239648.14 0.0008245032
241426.31000000003 0.0008411736
243205.59 0.0008369381
244985.86 0.0008525224
246767.33 0.0008419339
248549.69 0.0008184215
250333.13 0.0008517622
252117.69 0.0008445945
253903.33 0.000843617
255689.95 0.0008614279
257477.69 0.0008550203
259266.52000000002 0.0008900987
261056.44999999998 0.0008837996
262847.38 0.0008556719
264639.38 0.0008671292
266432.5 0.000866152
268226.59 0.0008493186
270021.91 0.0008673465
271818.19 0.000901013
273615.59 0.0008891212
275414.09 0.0008925964
277213.66 0.0008867863
279014.33999999997 0.0008910759
280816.09 0.000912742
282618.97000000003 0.0009272947
284422.94 0.000906063
286228.0 0.0008886868
288034.16 0.0008889039
289841.38 0.0009089953
291649.75 0.0009078548
293459.19 0.0009318559
295269.72000000003 0.0009064974
297081.44 0.0009133393
298894.27999999997 0.0009025335
300708.06 0.0009085609
302523.09 0.0009443993
304339.19 0.0009436392
306156.5 0.0009512956
307974.81 0.0009328334
309794.31 0.0009286521
311615.0 0.0009495579
313436.69 0.0009271318
315259.59 0.0009442907
317083.62 0.0009628616
318908.69 0.0009603638
320734.93999999994 0.0009865911
322562.44 0.001041869
324390.97 0.0009919126
326220.59 0.001010701
328051.47 0.001033616
329883.49999999994 0.001046702
331716.63 0.001078577
333550.88 0.001212048
335386.31 0.001487461
337222.94 0.001153892
339060.72000000003 0.00104301
340899.62 0.001007225
342739.66000000003 0.000991804
344580.94 0.001054521
346423.38 0.001184843
348266.94000000006 0.00144174
