100.09 0.000223331
101.94999999999999 0.0002564023
104.09 0.0002715704
106.02000000000001 0.0002991943
108.0 0.000332535
110.0 0.0004601662
113.86999999999999 0.000535631
117.87 0.0005982754
120.89000000000001 0.001475529
125.14000000000001 0.001666889
126.88 0.001757752
128.06 0.001810836
131.04 0.001940529
131.95 0.002137515
134.09 0.002223082
136.9 0.002540499
140.09 0.002703297
143.02 0.004415186
147.03 0.006916916
151.15 0.007394874
155.03 0.007978073
159.0 0.008588776
161.95999999999998 0.009055403
166.11 0.009748273
169.98 0.01035017
173.14 0.01086259
177.18 0.0115055
180.06 0.01199186
182.14000000000001 0.01232876
185.95000000000002 0.01299998
191.16 0.01380232
193.82 0.01438577
197.88 0.01506306
202.03 0.01577191
204.83999999999997 0.01628959
210.09 0.01663133
215.98 0.01819239
219.99 0.01896321
223.04999999999998 0.01936116
227.20000000000002 0.02017944
229.83 0.03012252
234.1 0.04953442
240.11 0.06485209
246.26999999999998 0.06178669
252.0 0.0653037
257.28000000000003 0.05210731
260.26 0.06308552
263.88 0.0666674
268.79 0.06651048
273.78 0.06605831
278.87 0.06499973
284.06 0.06530163
290.01 0.06207223
296.08 0.06221549
300.89 0.05860149
307.90000000000003 0.05969031
317.98 0.06066333
327.65000000000003 0.05955562
338.38 0.05779745
347.85999999999996 0.05596533
356.78000000000003 0.05545255
365.94 0.05557867
375.32000000000005 0.05406687
384.95 0.05057286
394.83 0.05151365
404.95000000000005 0.05115899
414.39 0.04976218
422.09000000000003 0.04807468
429.94 0.04665636
440.96999999999997 0.04601634
451.23999999999995 0.04465953
459.63 0.04294499
470.33 0.04167919
480.18 0.04101289
490.24 0.03898635
500.5 0.03889823
506.3 0.03766143
512.16 0.03998596
520.48 0.03871678
530.16 0.03706
540.02 0.03466636
550.06 0.03341157
560.28 0.03426941
569.39 0.03411208
579.97 0.03287719
589.39 0.03220564
600.35 0.03033281
610.11 0.02678608
620.02 0.02998581
630.0999999999999 0.02863635
640.33 0.02863688
650.7400000000001 0.02766362
658.27 0.02654156
664.3599999999999 0.02684892
675.1600000000001 0.02647899
684.5500000000001 0.02482763
695.6700000000001 0.02517305
705.35 0.02332943
716.81 0.02415055
726.79 0.02365385
735.2 0.0232225
745.43 0.02248535
755.8 0.02187311
764.55 0.01985721
775.19 0.02093694
784.16 0.01994909
795.0699999999999 0.01994884
804.28 0.01972029
815.4699999999999 0.01936006
824.91 0.01905094
834.46 0.01729472
844.12 0.01819354
855.87 0.01773822
865.78 0.01757556
875.8000000000001 0.01725501
885.94 0.01694022
894.14 0.01663079
904.5 0.01621456
914.9699999999999 0.01599236
925.56 0.02684905
934.13 0.03792469
944.9399999999999 0.04863141
955.89 0.05443812
964.73 0.05860216
975.9 0.03075624
984.93 0.05163195
994.05 0.04930746
1005.5600000000001 0.05661121
1014.86 0.05583506
1024.25 0.03604992
1036.11 0.04885577
1045.7 0.06236002
1055.3700000000001 0.06038385
1065.1399999999999 0.05332392
1074.99 0.05700689
1084.9399999999998 0.04829724
1094.98 0.05700611
1105.11 0.05443883
1115.34 0.05320064
1125.66 0.04840803
1136.07 0.05406555
1143.95 0.05127503
1154.53 0.05139351
1165.22 0.05103914
1176.0 0.03934719
1184.15 0.04851935
1195.1100000000001 0.04196709
1206.16 0.0361346
1214.52 0.02593642
1225.76 0.03971242
1234.26 0.04612176
1245.68 0.04730572
1254.31 0.04612195
1265.92 0.04374387
1274.69 0.04752467
1283.53 0.04774269
1295.4099999999999 0.04216098
1304.39 0.04196715
1316.46 0.04612159
1325.5800000000002 0.04424914
1334.7700000000002 0.04129757
1344.02 0.04424945
1356.4599999999998 0.04314255
1365.8600000000001 0.0403557
1375.33 0.04035553
1384.86 0.04026465
1394.4599999999998 0.0339552
1404.13 0.03356767
1413.8600000000001 0.03766161
1423.6599999999999 0.03680483
1433.53 0.03723209
1443.47 0.0377484
1446.79 0.03766186
1453.47 0.0366356
1463.5500000000002 0.03498797
1473.69 0.03474783
1483.9099999999999 0.03466749
1494.19 0.03434941
1504.55 0.03295556
1511.49 0.03075603
1518.47 0.03154415
1525.4799999999998 0.0311835
1536.05 0.02804874
1546.7 0.02722076
1553.84 0.02654175
1564.61 0.02785509
1575.4599999999998 0.02890126
1586.38 0.02923538
1593.7 0.02937119
1604.75 0.02850498
1615.8700000000001 0.02811333
1623.3300000000002 0.02734749
1634.58 0.02817805
1645.9099999999999 0.02791961
1653.51 0.02709588
1664.97 0.0279843
1672.6499999999999 0.02611644
1676.51 0.0283737
1684.25 0.02843825
1695.9199999999998 0.02722061
1703.75 0.02647924
1715.56 0.02557995
1723.48 0.02540404
1735.43 0.02647914
1743.44 0.02593591
1755.5200000000002 0.02690889
1763.6299999999999 0.02534602
1775.85 0.02546411
1784.0500000000002 0.02593604
1796.4099999999999 0.02715835
1804.71 0.02690868
1813.04 0.02534609
1825.6 0.02575802
1834.0300000000002 0.02517247
1846.74 0.02285053
1855.27 0.02376301
1863.83 0.0249988
1876.75 0.02569791
1885.4099999999999 0.02442889
1894.12 0.02454238
1902.8600000000001 0.02511448
1916.05 0.024883
1924.8899999999999 0.02338491
1933.78 0.0218229
1947.18 0.02593595
1956.17 0.02499864
1965.2 0.02760135
1974.27 0.02690891
1983.3799999999999 0.02728536
1997.13 0.02728512
2006.3500000000001 0.02690881
2015.61 0.02722068
2024.91 0.02552197
2034.26 0.02785502
2043.6499999999999 0.02964292
2053.08 0.02766367
2067.31 0.02753679
2072.08 0.03075579
2076.86 0.04035556
2086.44 0.04548964
2096.0699999999997 0.0423549
2105.75 0.04101233
2115.4700000000003 0.04507292
2125.23 0.04101246
2135.04 0.03907548
2144.8999999999996 0.04644206
2154.8 0.04633504
2164.74 0.04129727
2174.73 0.04187189
2184.77 0.04942104
2194.8599999999997 0.05010879
2204.99 0.04840819
2215.17 0.03980348
2225.39 0.04455681
2235.66 0.05596408
2245.98 0.05332352
2256.35 0.04235492
2266.7599999999998 0.04026431
2277.23 0.04294457
2282.48 0.05456579
2293.01 0.0463355
2303.6 0.05481962
2314.23 0.0480783
2324.91 0.03953411
2335.64 0.03614144
2346.42 0.02698018
2357.25 0.04508886
2362.69 0.02884574
2373.5899999999997 0.03590093
2384.55 0.02361179
2395.56 0.02825789
2406.61 0.02813134
2417.72 0.0323745
2423.2999999999997 0.0517873
2434.48 0.05143575
2445.7200000000003 0.06043407
2457.01 0.06328615
2462.67 0.05588836
2474.04 0.04901785
2485.46 0.03201823
2496.93 0.03770648
2502.69 0.05667847
2514.24 0.02744548
2520.0299999999997 0.02210402
2525.8399999999997 0.02446235
2537.4999999999995 0.03832744
2543.35 0.04032001
2555.0899999999997 0.06863618
2566.88 0.0520706
2572.8 0.06555479
2584.68 0.05816106
2596.6099999999997 0.05219928
2602.59 0.04494394
2614.61 0.04052237
2626.6800000000003 0.05491974
2632.73 0.09305801
2644.88 0.1255396
2657.0899999999997 0.1717161
2663.2200000000003 0.1131945
2675.5099999999998 0.1276009
2687.86 0.1471924
2694.05 0.1066365
2706.49 0.1312006
2712.73 0.09439604
2725.25 0.07602948
2737.83 0.09638603
2744.14 0.05470599
2756.81 0.07534584
2763.16 0.09932953
2775.92 0.1059499
2782.31 0.06210422
2795.16 0.02780605
2808.06 0.0334341
2814.53 0.09230116
2827.52 0.1349701
2834.04 0.1253861
2847.1200000000003 0.08959436
2853.69 0.0505006
2866.86 0.1236892
2873.4700000000003 0.1676292
2886.73 0.1528915
2893.3799999999997 0.1863792
2906.74 0.2520145
2926.89 0.2200307
2947.18 0.2030179
2967.61 0.2106609
2988.18 0.2146039
3008.8900000000003 0.2146287
3029.75 0.2294833
3050.75 0.2419951
3071.89 0.2611206
3093.19 0.2534607
3107.47 0.292376
3129.0099999999998 0.2691338
3150.69 0.2673323
3172.53 0.2965393
3187.18 0.2600952
3209.27 0.2878568
3231.52 0.2456021
3246.4300000000003 0.3429791
3268.94 0.4002607
3291.5899999999997 0.3930053
3306.79 0.3667996
3322.0499999999997 0.3376596
3329.71 0.3867912
3337.3799999999997 0.3626605
3345.0800000000004 0.3593432
3352.79 0.3269953
3360.52 0.3824295
3368.27 0.3686243
3376.0299999999997 0.2861428
3383.81 0.3038193
3391.61 0.3763956
3399.43 0.3878386
3407.27 0.3799129
3415.12 0.3628149
3423.0 0.4322298
3430.89 0.394205
3438.79 0.4062067
3446.72 0.2702478
3454.67 0.4025306
3462.6299999999997 0.3317595
3470.61 0.3748377
3478.6099999999997 0.2977417
3486.63 0.3663329
3494.67 0.3280186
3502.73 0.4063608
3510.8 0.4073179
3518.89 0.3572287
3527.0099999999998 0.3334054
3535.14 0.4027087
3543.29 0.4645317
3551.46 0.4477455
3559.64 0.4207876
3567.8500000000004 0.3936267
3576.07 0.330445
3584.3199999999997 0.2600947
3592.5800000000004 0.3148607
3600.86 0.4668278
3609.1600000000003 0.3759955
3617.48 0.4141757
3625.82 0.4317407
3634.1800000000003 0.4190283
3642.5600000000004 0.5049619
3650.95 0.3813168
3659.3700000000003 0.5349266
3667.8100000000004 0.5156022
3676.26 0.5411844
3684.73 0.4553637
3693.23 0.4564295
3701.7400000000002 0.5424994
3710.28 0.3736116
3718.8300000000004 0.5603308
3727.4 0.4369949
3735.9900000000002 0.3753956
3744.6099999999997 0.4726143
3753.24 0.2726062
3761.89 0.3780438
3770.56 0.40792
3779.2599999999998 0.5053635
3787.97 0.5657393
3796.7000000000003 0.4252391
3805.4500000000003 0.4894022
3814.23 0.5244182
3823.0199999999995 0.367023
3831.83 0.3031955
3840.6600000000003 0.2869227
3849.52 0.4454086
3858.39 0.4413586
3867.29 0.4664704
3876.2000000000003 0.3612788
3885.1400000000003 0.4044456
3894.09 0.4072746
3896.31 0.5407833
3898.08 0.5301634
3899.8500000000004 0.6897227
3901.6299999999997 0.52591
3903.4 0.6069261
3905.17 0.6121125
3906.94 0.5168302
3908.72 0.4902231
3910.49 0.575647
3912.26 0.6091962
3914.04 0.5954593
3915.81 0.5842604
3917.58 0.5451471
3919.35 0.5582592
3921.13 0.4704991
3922.9 0.5367521
3924.67 0.600715
3926.44 0.4549159
3928.2200000000003 0.3266824
3929.99 0.2211749
3931.76 0.2748556
3933.53 0.2007571
3935.3100000000004 0.3856117
3937.08 0.3750829
3938.85 0.4363494
3940.6200000000003 0.4200547
3942.3999999999996 0.278506
3944.17 0.4143099
3945.94 0.4421824
3947.71 0.4653374
3949.49 0.6552573
3951.2599999999998 0.6150087
3953.03 0.5621563
3954.8100000000004 0.5630238
3956.58 0.5519363
3958.35 0.4106589
3960.12 0.4208325
3961.9 0.3499253
3963.67 0.2769033
3965.44 0.292377
3967.21 0.2352726
3968.9900000000002 0.2739204
3970.7599999999998 0.2864095
3972.53 0.3618591
3974.3 0.4385093
3976.0800000000004 0.6261166
3977.85 0.5645596
3979.62 0.5477533
3981.3900000000003 0.531167
3983.1699999999996 0.5750907
3984.94 0.6521188
3986.71 0.6990734
3988.4900000000002 0.6280513
3990.2599999999998 0.6598671
3992.0299999999997 0.5200566
3993.8 0.6792151
3995.5800000000004 0.6490896
3997.35 0.7047044
3999.12 0.657462
4000.89 0.6945099
4002.6699999999996 0.6592414
4004.44 0.5988897
4006.21 0.6668792
4007.98 0.7214257
4009.76 0.709711
4011.5299999999997 0.7672851
4013.3 0.768798
4015.07 0.7386794
4016.8500000000004 0.7267643
4018.62 0.7424845
4020.39 0.7480939
4022.17 0.6386496
4023.9399999999996 0.6135143
4025.71 0.6472669
4027.48 0.6328844
4029.26 0.6684594
4031.0299999999997 0.6153399
4032.8 0.562112
4034.57 0.7574443
4036.3500000000004 0.7079757
4038.12 0.7505856
4039.89 0.71479
4041.6600000000003 0.7666835
4043.4399999999996 0.6801475
4045.21 0.6064127
4046.98 0.6624949
4048.75 0.6213748
4050.5299999999997 0.6682371
4052.2999999999997 0.6968438
4054.07 0.6232012
4055.84 0.6272968
4057.62 0.6474215
4059.39 0.6219746
4061.16 0.6255166
4062.94 0.629765
4064.7100000000005 0.6126473
4066.48 0.7420818
4068.25 0.7090689
4070.03 0.6683685
4071.7999999999997 0.6278751
4073.57 0.5845957
4075.34 0.6793258
4077.1200000000003 0.6116879
4078.89 0.6305245
4080.66 0.7216226
4082.4300000000003 0.7638355
4084.2099999999996 0.695685
4085.98 0.6665679
4087.75 0.7067067
4089.52 0.7549528
4091.2999999999997 0.7157882
4093.0699999999997 0.7381648
4094.84 0.6880951
4096.62 0.6192805
4098.39 0.5707473
4100.16 0.5275819
4101.929999999999 0.5956828
4103.71 0.6430794
4105.4800000000005 0.616497
4107.25 0.6346657
4109.0199999999995 0.7185097
4110.8 0.6950851
4112.57 0.6873181
4114.34 0.6862041
4116.11 0.6977164
4117.89 0.7381635
4119.66 0.6819048
4121.429999999999 0.6660117
4123.21 0.6899657
4124.98 0.6460629
4126.75 0.6481134
4128.5199999999995 0.6839778
4130.3 0.6767419
4132.07 0.7229583
4133.84 0.7323113
4135.61 0.6837554
4137.39 0.6729571
4139.16 0.7211105
4140.93 0.7558208
4142.7 0.7028124
4144.48 0.6788123
4146.25 0.6873603
4148.02 0.6543918
4149.79 0.6739823
4151.57 0.6524312
4153.34 0.667391
4155.110000000001 0.7190429
4156.88 0.7138103
4158.66 0.7578897
4160.43 0.6841771
4162.2 0.6791258
4163.98 0.7490042
4165.75 0.7128525
4167.52 0.7646792
4169.29 0.709114
4171.07 0.6691261
4172.84 0.6628281
4174.610000000001 0.6775875
4176.38 0.7094704
4178.16 0.713273
4179.93 0.7275236
4181.7 0.7115159
4183.47 0.7391244
4185.25 0.7371387
4187.02 0.729149
4188.79 0.7886786
4190.5599999999995 0.7553985
4192.34 0.7362037
4194.11 0.677277
4195.88 0.7059506
4197.66 0.7319524
4199.43 0.6972441
4201.2 0.765059
4202.969999999999 0.8140138
4204.75 0.7434623
4206.52 0.7929514
4208.29 0.8449155
4210.0599999999995 0.8100956
4211.84 0.7932866
4213.61 0.7606708
4215.38 0.8225193
4217.15 0.8316461
4218.93 0.8276379
4220.7 0.8393025
4222.47 0.7096472
4224.24 0.6806604
4226.0199999999995 0.7079982
4227.79 0.698892
4229.56 0.7356726
4231.34 0.7821304
4233.11 0.7289699
4234.88 0.7561071
4236.650000000001 0.7739869
4238.43 0.8555303
4240.2 0.82254
4241.97 0.8307094
4243.74 0.8448491
4245.5199999999995 0.8012541
4247.29 0.8098949
4249.06 0.8116751
4250.83 0.7685772
4252.61 0.7425255
4254.38 0.7710913
4256.150000000001 0.8041059
4257.92 0.8034854
4259.7 0.7735596
4261.47 0.8040399
4263.24 0.8463381
4265.01 0.8609681
4266.79 0.8196213
4268.56 0.7561752
4270.33 0.6967776
4272.11 0.7396326
4273.88 0.6750478
4275.65 0.7334452
4277.42 0.7535477
4279.2 0.7479141
4280.97 0.7445107
4282.74 0.7313304
4284.51 0.7482305
4286.29 0.7226462
4288.06 0.6941937
4289.83 0.7025226
4291.599999999999 0.7262126
4293.38 0.7337778
4295.15 0.7203782
4296.92 0.6148075
4298.69 0.6445498
4300.47 0.6150732
4302.24 0.5775403
4304.01 0.5707274
4305.78 0.5400068
4307.5599999999995 0.5692122
4309.33 0.6537681
4311.1 0.6607802
4312.88 0.7106923
4314.65 0.8128328
4316.42 0.8267945
4318.1900000000005 0.8353425
4319.97 0.846584
4321.74 0.8284167
4323.51 0.7913078
4325.280000000001 0.8045533
4327.0599999999995 0.8214496
4328.83 0.8501898
4330.6 0.8774423
4332.37 0.8975446
4334.15 0.8684019
4335.92 0.8757031
4337.6900000000005 0.8849006
4339.46 0.8230537
4341.24 0.8177096
4343.01 0.819401
4344.78 0.8196486
4346.5599999999995 0.819911
4348.33 0.8201809
4350.1 0.8204917
4351.87 0.8208063
4353.65 0.8211579
4355.42 0.8215168
4357.1900000000005 0.8219167
4358.96 0.8963441
4360.74 0.8861648
4362.51 0.9360588
4364.28 0.9302027
4366.05 0.9162025
4367.83 0.9126574
4369.6 0.9268644
4371.37 0.8730098
4373.139999999999 0.8532879
4374.92 0.8503
4376.69 0.7960932
4378.46 0.7788833
4380.240000000001 0.785138
4382.01 0.7399219
4383.78 0.7319766
4385.549999999999 0.7711136
4387.33 0.7901919
4389.1 0.8195109
4390.87 0.8009243
4392.64 0.8069344
4394.42 0.8771724
4396.19 0.9050444
4397.96 0.9032441
4399.7300000000005 0.8923789
4401.51 0.8406394
4403.28 0.8654614
4405.05 0.8287086
4406.820000000001 0.8130571
4408.599999999999 0.8573141
4410.37 0.8807558
4412.14 0.8826513
4413.91 0.954737
4415.69 0.9504838
4417.46 0.9282646
4419.2300000000005 0.9111476
4421.01 0.9171089
4422.78 0.9380391
4424.55 0.9661782
4426.320000000001 0.926576
4428.099999999999 0.96297
4429.87 0.8942262
4431.64 0.9138164
4433.41 0.9508869
4435.19 0.9563584
4436.96 0.9596119
4438.7300000000005 0.9030636
4440.5 0.9399784
4442.28 0.9957856
4444.05 0.9880192
4445.82 0.9924484
4447.59 1.008214
4449.37 0.9638876
4451.14 0.92368
4452.91 0.9509953
4454.69 0.9219415
4456.46 0.9075144
4458.2300000000005 0.8674001
4460.0 0.9068932
4461.78 0.9232552
4463.55 0.9639059
4465.32 0.9291349
4467.09 0.9613926
4468.87 0.9593209
4470.64 1.053918
4472.41 1.017273
4474.179999999999 1.00098
4475.96 1.025374
4477.73 1.040312
4479.5 0.9847027
4481.280000000001 1.047193
4483.05 1.021456
4484.82 1.040784
4486.59 1.086889
4488.37 1.03221
4490.14 1.056342
4491.91 1.027204
4493.68 0.9911592
4495.46 1.062065
4497.23 1.050376
4499.0 1.040005
4500.77 1.079209
4502.55 1.107214
4504.32 1.113958
4506.09 1.138584
4507.860000000001 1.12832
4509.639999999999 1.11623
4511.41 1.104831
4513.18 1.069859
4514.95 1.08611
4516.73 1.110086
4518.5 1.09626
4520.27 1.095083
4522.04 1.067053
4523.82 1.042652
4525.59 1.038555
4527.360000000001 0.9967045
4529.139999999999 0.9648633
4530.91 0.9571634
4532.68 0.9776441
4534.45 0.988868
4536.23 1.031073
4538.0 1.006943
4539.77 1.048529
4541.54 1.082238
4543.32 1.086329
4545.09 1.05955
4546.86 1.058748
4548.63 1.076873
4550.41 1.045031
4552.18 1.039425
4553.95 1.07077
4555.7300000000005 1.11211
4557.5 1.102158
4559.27 1.115563
4561.04 1.117878
4562.820000000001 1.137
4564.59 1.140494
4566.36 1.142502
4568.13 1.083014
4569.91 1.118589
4571.68 1.129074
4573.45 1.132394
4575.22 1.084951
4577.0 1.112177
4578.7699999999995 1.071747
4580.54 1.061577
4582.31 1.08838
4584.09 1.104185
4585.86 1.110729
4587.63 1.087914
4589.41 1.091158
4591.18 1.100779
4592.95 1.129786
4594.72 1.122087
4596.5 1.111083
4598.2699999999995 1.093277
4600.04 1.087154
4601.81 1.134577
4603.59 1.153138
4605.36 1.156548
4607.13 1.170928
4608.900000000001 1.142591
4610.679999999999 1.15906
4612.45 1.159954
4614.22 1.233397
4615.99 1.204081
4617.7699999999995 1.182124
4619.54 1.173935
4621.31 1.161578
4623.08 1.174762
4624.86 1.163223
4626.63 1.191745
4628.4 1.132058
4630.18 1.166096
4631.95 1.190228
4633.72 1.117744
4635.49 1.11565
4637.27 1.109393
4639.04 1.082499
4640.81 1.098754
4642.58 1.078677
4644.360000000001 1.072772
4646.13 1.075264
4647.9 1.073286
4649.67 1.089608
4651.45 1.101646
4653.22 1.086177
4654.99 1.115095
4656.76 1.107352
4658.54 1.149378
4660.3099999999995 1.150005
4662.08 1.119214
4663.860000000001 1.084083
4665.63 1.037753
4667.4 1.078608
4669.17 1.080366
4670.95 1.054006
4672.72 1.02651
4674.49 1.030966
4676.26 1.079988
4678.04 1.0935
4679.8099999999995 1.09341
4681.58 1.092011
4683.35 1.086421
4685.13 1.053539
4686.9 1.109461
4688.67 1.092545
4690.4400000000005 1.11376
4692.219999999999 1.086487
4693.99 1.086709
4695.76 1.096953
4697.54 1.060904
4699.3099999999995 1.057969
4701.08 1.076223
4702.85 1.074847
4704.63 1.045855
4706.4 1.053361
4708.17 1.050488
4709.9400000000005 1.047642
4711.719999999999 1.044786
4713.49 1.041962
4715.26 1.129454
4717.03 1.105814
4718.81 1.120012
4720.58 1.165142
4722.35 1.14978
4724.12 1.149583
4725.900000000001 1.110595
4727.67 1.107727
4729.44 1.071816
4731.21 1.052963
4732.990000000001 1.072771
4734.76 1.087312
4736.53 1.115228
4738.31 1.128384
4740.08 1.140472
4741.85 1.211627
4743.62 1.171353
4745.400000000001 1.122908
4747.17 1.143211
4748.94 1.158865
4750.71 1.147532
4752.49 1.127227
4754.26 1.150624
4756.03 1.118057
4757.8 1.09537
4759.58 1.100156
4761.349999999999 1.09637
4763.12 1.093212
4764.89 1.093968
4766.67 1.07491
4768.44 1.062397
4770.21 1.106815
4771.99 1.1384
4773.76 1.123042
4775.53 1.124755
4777.3 1.139831
4779.08 1.124842
4780.849999999999 1.13522
4782.62 1.124377
4784.39 1.090474
4786.17 1.099017
4787.94 1.08927
4789.71 1.098686
4791.4800000000005 1.143905
4793.259999999999 1.175
4795.03 1.144771
4796.8 1.198757
4798.58 1.163469
4800.349999999999 1.154207
4802.12 1.182573
4803.89 1.170506
4805.67 1.152717
4807.44 1.151558
4809.21 1.150871
4810.9800000000005 1.150603
4812.76 1.156635
4814.53 1.160841
4816.3 1.17959
4818.07 1.187381
4819.85 1.192277
4821.62 1.180215
4823.39 1.147176
4825.16 1.128919
4826.9400000000005 1.151337
4828.71 1.150668
4830.48 1.142055
4832.25 1.140122
4834.030000000001 1.108415
4835.8 1.147378
4837.57 1.145863
4839.34 1.143546
4841.12 1.140428
4842.89 1.113538
4844.66 1.135733
4846.4400000000005 1.125781
4848.21 1.10434
4849.98 1.085131
4851.75 1.101916
4853.53 1.090072
4855.3 1.04599
4857.07 1.036309
4858.84 1.008079
4860.62 1.000019
4862.389999999999 0.9796697
4864.16 1.023642
4865.93 1.03052
4867.71 1.018853
4869.48 1.046013
4871.25 1.043322
4873.03 1.061216
4874.8 1.078584
4876.57 1.081522
4878.34 1.081191
4880.12 1.101734
4881.889999999999 1.107904
4883.66 1.101892
4885.43 1.119639
4887.21 1.103538
4888.98 1.092454
4890.75 1.10639
4892.52 1.118259
4894.3 1.142275
4896.07 1.16719
4897.84 1.177853
4899.61 1.196691
4901.39 1.187379
4903.16 1.199917
4904.93 1.162603
4906.71 1.164249
4908.4800000000005 1.133459
4910.25 1.140475
4912.02 1.162069
4913.8 1.137913
4915.570000000001 1.139114
4917.34 1.083171
4919.11 1.111088
4920.89 1.050443
4922.66 1.115516
4924.43 1.102495
4926.2 1.204969
4927.9800000000005 1.158284
4929.75 1.18502
4931.5199999999995 1.173981
4933.29 1.17752
4935.07 1.163604
4936.84 1.163915
4938.61 1.136469
4940.38 1.112936
4942.16 1.178053
4943.93 1.184953
4945.7 1.196667
4947.4800000000005 1.222753
4949.25 1.250407
4951.0199999999995 1.196129
4952.79 1.210604
4954.57 1.172774
4956.34 1.154856
4958.11 1.108348
4959.88 1.124314
4961.66 1.141984
4963.429999999999 1.133127
4965.2 1.138981
4966.97 1.187607
4968.75 1.140894
4970.5199999999995 1.133283
4972.29 1.198957
4974.06 1.152209
4975.84 1.178451
4977.61 1.122308
4979.38 1.098419
4981.16 1.110774
4982.93 1.084948
4984.7 1.040671
4986.47 1.049753
4988.25 1.105965
4990.02 1.08762
4991.79 1.109708
4993.56 1.087221
4995.34 1.079896
4997.110000000001 1.118854
4998.88 1.061643
5000.65 1.060377
5002.43 1.039823
5004.2 1.032475
5005.969999999999 1.015959
5007.740000000001 1.031653
5009.5199999999995 1.047482
5011.290000000001 1.032836
5013.06 1.021124
5014.84 1.009191
5016.610000000001 1.015045
5018.38 1.013801
5020.15 1.03259
5021.93 1.043475
5023.7 1.029248
5025.469999999999 1.044457
5027.24 1.083616
5029.0199999999995 1.08524
5030.790000000001 1.066071
5032.56 1.076538
5034.33 1.070147
5036.110000000001 1.070436
5037.88 1.0329
5039.65 1.050179
5041.42 1.016361
5043.2 1.049464
5044.969999999999 1.065715
5046.74 1.076805
5048.51 1.059907
5050.289999999999 1.08435
5052.06 1.070368
5053.83 1.086645
5055.610000000001 1.102291
5057.38 1.126071
5059.15 1.135242
5060.92 1.120463
5062.7 1.111174
5064.47 1.110353
5066.24 1.080008
5068.009999999999 1.057615
5069.79 1.075821
5071.56 1.04381
5073.33 1.077738
5075.1 1.05973
5076.88 1.030294
5078.650000000001 1.041985
5080.42 1.025821
5082.19 1.02155
5083.97 1.090893
5085.74 1.076047
5087.509999999999 1.071616
5089.280000000001 1.078298
5091.0599999999995 1.079739
5092.830000000001 1.077917
5094.6 1.079897
5096.38 1.071014
5098.150000000001 1.080808
5099.92 1.082214
5101.69 1.058147
5103.47 1.066094
5105.24 1.066516
5107.009999999999 1.057369
5108.780000000001 1.044367
5110.5599999999995 1.057456
5112.330000000001 1.081498
5114.1 1.117256
5115.88 1.09717
5117.650000000001 1.100935
5119.42 1.101624
5121.19 1.054742
5122.96 1.051647
5124.74 1.030162
5126.509999999999 1.036194
5128.28 1.04675
5130.0599999999995 1.060748
5131.829999999999 1.059215
5133.6 1.047393
5135.37 1.051714
5137.150000000001 1.061861
5138.92 1.063044
5140.69 1.042161
5142.46 1.02776
5144.24 1.030938
5146.009999999999 1.050622
5147.78 1.070234
5149.55 1.032636
5151.33 1.024527
5153.1 1.026734
5154.87 1.044654
5156.64 1.042476
5158.42 1.034078
5160.1900000000005 1.048863
5161.96 1.014689
5163.74 0.957228
5165.51 0.8905285
5167.28 0.8419538
5169.049999999999 0.810429
5170.83 0.8108957
5172.6 0.8321112
5174.370000000001 0.8604319
5176.14 0.8594515
5177.92 0.8745226
5179.6900000000005 0.8967211
5181.46 0.9093876
5183.23 0.9030456
5185.01 0.8949822
5186.78 0.9139972
5188.549999999999 0.9537575
5190.33 0.9907572
5192.099999999999 1.041181
5193.870000000001 1.052048
5195.64 1.053851
5197.41 1.063044
5199.1900000000005 1.067718
5200.96 1.073488
5202.73 1.032011
5204.51 1.036418
5206.28 1.004226
5208.049999999999 1.013267
5209.82 1.013689
5211.599999999999 1.027536
5213.370000000001 1.082301
5215.14 1.10194
5216.91 1.118168
5218.6900000000005 1.128119
5220.46 1.168636
5222.23 1.137939
5224.0 1.095349
5225.78 1.118524
5227.549999999999 1.078338
5229.32 1.110155
5231.099999999999 1.135974
5232.87 1.120794
5234.64 1.166231
5236.41 1.17652
5238.1900000000005 1.170415
5239.96 1.180258
5241.73 1.18088
5243.5 1.212519
5245.28 1.18965
5247.05 1.145395
5248.82 1.149179
5250.59 1.136937
5252.37 1.140984
5254.14 1.135288
5255.91 1.179211
5257.68 1.1651
5259.46 1.128762
5261.2300000000005 1.11799
5263.0 1.063312
5264.78 1.074175
5266.55 1.011594
5268.32 1.017808
5270.089999999999 1.004649
5271.87 1.025219
5273.64 1.084214
5275.410000000001 1.105745
5277.18 1.13433
5278.96 1.176717
5280.7300000000005 1.166431
5282.5 1.221445
5284.2699999999995 1.193705
5286.05 1.19564
5287.82 1.227898
5289.589999999999 1.260249
5291.360000000001 1.233622
5293.139999999999 1.241702
5294.910000000001 1.195283
5296.68 1.20368
5298.45 1.20428
5300.2300000000005 1.161935
5302.0 1.190408
5303.7699999999995 1.23153
5305.55 1.236044
5307.32 1.270911
5309.089999999999 1.257486
5310.86 1.281755
5312.639999999999 1.259643
5314.410000000001 1.263809
5316.18 1.26973
5317.95 1.237475
5319.7300000000005 1.245127
5321.5 1.190432
5323.2699999999995 1.181681
5325.04 1.162383
5326.82 1.122884
5328.59 1.136222
5330.36 1.128295
5332.13 1.114741
5333.91 1.195326
5335.68 1.200584
5337.45 1.204723
5339.2300000000005 1.198912
5341.0 1.209664
5342.77 1.20094
5344.54 1.178632
5346.32 1.198066
5348.09 1.193394
5349.86 1.229014
5351.63 1.236471
5353.41 1.240031
5355.18 1.287071
5356.950000000001 1.309872
5358.72 1.274322
5360.5 1.259689
5362.27 1.272311
5364.04 1.254037
5365.8099999999995 1.209466
5367.59 1.185354
5369.36 1.189343
5371.129999999999 1.18431
5372.91 1.196242
5374.679999999999 1.220129
5376.450000000001 1.218596
5378.22 1.237229
5380.0 1.251698
5381.77 1.223669
5383.54 1.234425
5385.3099999999995 1.229192
5387.09 1.21216
5388.86 1.219083
5390.629999999999 1.163051
5392.400000000001 1.165721
5394.179999999999 1.199337
5395.950000000001 1.149846
5397.72 1.125538
5399.49 1.150093
5401.27 1.157661
5403.04 1.116497
5404.8099999999995 1.121999
5406.58 1.140253
5408.36 1.143102
5410.13 1.155256
5411.9 1.167838
5413.679999999999 1.172107
5415.450000000001 1.191345
5417.22 1.220063
5418.99 1.230708
5420.77 1.240743
5422.54 1.227923
5424.31 1.209644
5426.08 1.211428
5427.86 1.191631
5429.63 1.159176
5431.4 1.182885
5433.17 1.188943
5434.95 1.169859
5436.72 1.184065
5438.490000000001 1.194884
5440.26 1.214701
5442.04 1.24081
5443.81 1.220821
5445.58 1.183263
5447.36 1.213784
5449.13 1.212781
5450.9 1.211761
5452.669999999999 1.21078
5454.45 1.209777
5456.22 1.208797
5457.990000000001 1.207842
5459.76 1.206884
5461.54 1.205926
5463.31 1.204967
5465.08 1.197624
5466.849999999999 1.185868
5468.63 1.195618
5470.4 1.180612
5472.169999999999 1.176786
5473.9400000000005 1.172711
5475.719999999999 1.174046
5477.490000000001 1.163292
5479.26 1.155726
5481.04 1.167141
5482.81 1.134997
5484.58 1.189629
5486.349999999999 1.212273
5488.13 1.179453
5489.9 1.200717
5491.669999999999 1.196864
5493.4400000000005 1.206997
5495.219999999999 1.196639
5496.990000000001 1.202654
5498.76 1.19239
5500.53 1.182798
5502.31 1.177004
5504.08 1.187626
5505.85 1.164361
5507.63 1.156168
5509.4 1.184462
5511.17 1.196688
5512.94 1.150024
5514.71 1.18725
5516.49 1.253031
5518.26 1.19996
5520.030000000001 1.216501
5521.81 1.234977
5523.58 1.244794
5525.35 1.195931
5527.12 1.195819
5528.9 1.175893
5530.67 1.235177
5532.44 1.220465
5534.210000000001 1.23037
5535.99 1.211468
5537.76 1.219081
5539.530000000001 1.209935
5541.3 1.239592
5543.08 1.233019
5544.85 1.263032
5546.62 1.258712
5548.4 1.256819
5550.17 1.273893
5551.94 1.258179
5553.709999999999 1.243908
5555.49 1.292061
5557.26 1.246221
5559.030000000001 1.243508
5560.8 1.217349
5562.58 1.216724
5564.35 1.216099
5566.12 1.21548
5567.889999999999 1.214877
5569.67 1.214275
5571.44 1.213673
5573.209999999999 1.213075
5574.9800000000005 1.212473
5576.759999999999 1.211893
5578.530000000001 1.252455
5580.3 1.215346
5582.08 1.206347
5583.85 1.20468
5585.62 1.153697
5587.389999999999 1.149738
5589.17 1.144724
5590.94 1.143013
5592.71 1.154722
5594.48 1.153567
5596.259999999999 1.191565
5598.030000000001 1.189876
5599.8 1.193793
5601.57 1.170777
5603.35 1.205301
5605.12 1.198269
5606.89 1.198669
5608.66 1.231487
5610.44 1.220729
5612.21 1.226387
5613.98 1.211225
5615.750000000001 1.193596
5617.53 1.190296
5619.3 1.177075
5621.070000000001 1.189407
5622.85 1.219595
5624.62 1.213472
5626.39 1.194885
5628.16 1.1793
5629.94 1.198178
5631.71 1.219772
5633.48 1.209468
5635.250000000001 1.219396
5637.03 1.216746
5638.8 1.186066
5640.570000000001 1.160779
5642.34 1.207485
5644.12 1.232463
5645.89 1.218392
5647.66 1.206462
5649.429999999999 1.204658
5651.21 1.220575
5652.98 1.222622
5654.749999999999 1.211605
5656.53 1.204476
5658.3 1.205748
5660.070000000001 1.197866
5661.84 1.194775
5663.62 1.197552
5665.39 1.184287
5667.16 1.199202
5668.929999999999 1.217972
5670.71 1.226093
5672.48 1.222891
5674.25 1.232173
5676.02 1.276791
5677.799999999999 1.251027
5679.570000000001 1.269219
5681.34 1.270376
5683.11 1.242462
5684.89 1.252141
5686.66 1.244018
5688.43 1.255839
5690.21 1.224625
5691.98 1.258441
5693.75 1.249517
5695.5199999999995 1.252833
5697.299999999999 1.220106
5699.070000000001 1.235756
5700.84 1.186247
5702.610000000001 1.201652
5704.39 1.175358
5706.16 1.170437
5707.93 1.172711
5709.7 1.170221
5711.48 1.183774
5713.25 1.168322
5715.0199999999995 1.207998
5716.790000000001 1.229836
5718.57 1.239742
5720.34 1.245823
5722.110000000001 1.288366
5723.88 1.270243
5725.66 1.265767
5727.43 1.272156
5729.2 1.266927
5730.98 1.247179
5732.75 1.259712
5734.5199999999995 1.26724
5736.289999999999 1.254104
5738.07 1.237362
5739.84 1.252187
5741.610000000001 1.276769
5743.38 1.271714
5745.16 1.298673
5746.93 1.273604
5748.7 1.270357
5750.469999999999 1.249229
5752.25 1.251543
5754.0199999999995 1.236047
5755.79 1.224719
5757.56 1.249941
5759.339999999999 1.265101
5761.110000000001 1.288276
5762.88 1.261786
5764.660000000001 1.312918
5766.43 1.284603
5768.2 1.265211
5769.97 1.269289
5771.75 1.253856
5773.5199999999995 1.259113
5775.29 1.254481
5777.06 1.23447
5778.839999999999 1.211646
5780.610000000001 1.236984
5782.38 1.209822
5784.150000000001 1.238188
5785.93 1.271799
5787.7 1.226721
5789.47 1.251787
5791.24 1.242151
5793.0199999999995 1.254524
5794.79 1.270267
5796.5599999999995 1.306599
5798.330000000001 1.275746
5800.110000000001 1.304815
5801.88 1.329508
5803.650000000001 1.298139
5805.43 1.34411
5807.2 1.309023
5808.97 1.279484
5810.74 1.288922
5812.5199999999995 1.287051
5814.29 1.282508
5816.0599999999995 1.318377
5817.830000000001 1.308781
5819.61 1.30386
5821.38 1.313365
5823.150000000001 1.31417
5824.92 1.316551
5826.7 1.316393
5828.47 1.334536
5830.24 1.318889
5832.009999999999 1.327348
5833.79 1.318219
5835.5599999999995 1.29433
5837.329999999999 1.336432
5839.11 1.335915
5840.88 1.322761
5842.650000000001 1.332756
5844.42 1.311142
5846.200000000001 1.29513
5847.97 1.274763
5849.74 1.291192
5851.51 1.318534
5853.29 1.297579
5855.0599999999995 1.253925
5856.83 1.231817
5858.6 1.237186
5860.379999999999 1.247221
5862.150000000001 1.248582
5863.92 1.231416
5865.700000000001 1.2962
5867.47 1.289587
5869.24 1.239655
5871.01 1.260826
5872.79 1.268705
5874.5599999999995 1.216343
5876.33 1.199916
5878.1 1.164072
5879.879999999999 1.156546
5881.650000000001 1.12816
5883.42 1.104788
5885.1900000000005 1.085129
5886.97 1.05819
5888.74 0.9835421
5890.51 0.9286227
5892.28 0.9383507
5894.0599999999995 0.9224766
5895.83 0.9569608
5897.599999999999 1.011908
5899.370000000001 1.060399
5901.15 1.076913
5902.92 1.119193
5904.6900000000005 1.183798
5906.46 1.193125
5908.24 1.159752
5910.01 1.18656
5911.78 1.209757
5913.5599999999995 1.167835
5915.33 1.189874
5917.099999999999 1.20063
5918.870000000001 1.202366
5920.65 1.207975
5922.42 1.214007
5924.1900000000005 1.248428
5925.96 1.26479
5927.74 1.218483
5929.51 1.215477
5931.28 1.212251
5933.049999999999 1.192637
5934.83 1.19395
5936.599999999999 1.20508
5938.37 1.218329
5940.15 1.212692
5941.920000000001 1.251432
5943.6900000000005 1.248359
5945.46 1.234136
5947.240000000001 1.214384
5949.01 1.228123
5950.78 1.22643
5952.55 1.226411
5954.33 1.241856
5956.099999999999 1.234935
5957.87 1.237895
5959.64 1.190523
5961.419999999999 1.241055
5963.1900000000005 1.301457
5964.96 1.255773
5966.7300000000005 1.258826
5968.51 1.26964
5970.28 1.245288
5972.05 1.242504
5973.83 1.257085
5975.599999999999 1.243816
5977.37 1.249919
5979.139999999999 1.232219
5980.919999999999 1.210311
5982.6900000000005 1.231082
5984.46 1.221066
5986.2300000000005 1.234378
5988.01 1.247201
5989.78 1.226518
5991.55 1.256108
5993.32 1.246735
5995.099999999999 1.260692
5996.87 1.24415
5998.639999999999 1.245622
6000.410000000001 1.229948
6002.19 1.219551
6003.96 1.2474
6005.7300000000005 1.197424
6007.5 1.250007
6009.28 1.245576
6011.05 1.220797
6012.82 1.246001
6014.6 1.222041
6016.37 1.189007
6018.139999999999 1.250406
6019.910000000001 1.207665
6021.69 1.234931
6023.46 1.258466
6025.2300000000005 1.249382
6027.0 1.27737
6028.780000000001 1.272266
6030.55 1.266013
6032.32 1.278925
6034.09 1.282401
6035.87 1.264341
6037.639999999999 1.270333
6039.41 1.274049
6041.18 1.269177
6042.960000000001 1.281439
6044.7300000000005 1.272915
6046.5 1.277968
6048.280000000001 1.291213
6050.05 1.279212
6051.82 1.260025
6053.59 1.279794
6055.37 1.279592
6057.139999999999 1.266011
6058.91 1.257799
6060.68 1.265857
6062.459999999999 1.267147
6064.2300000000005 1.24386
6066.0 1.265346
6067.77 1.300569
6069.55 1.314723
6071.32 1.291814
6073.09 1.292663
6074.86 1.31085
6076.639999999999 1.290123
6078.41 1.257021
6080.179999999999 1.235336
6081.96 1.252455
6083.7300000000005 1.254948
6085.5 1.252613
6087.27 1.24442
6089.05 1.270488
6090.82 1.247802
6092.59 1.261296
6094.36 1.279773
6096.14 1.263743
6097.91 1.241279
6099.679999999999 1.260917
6101.450000000001 1.256219
6103.23 1.250475
6105.0 1.250919
6106.77 1.252502
6108.54 1.268197
6110.320000000001 1.276299
6112.09 1.280039
6113.86 1.259627
6115.63 1.243975
6117.41 1.232776
6119.179999999999 1.213361
6120.95 1.229216
6122.73 1.20844
6124.500000000001 1.220821
6126.27 1.244307
6128.04 1.213543
6129.820000000001 1.23756
6131.59 1.216435
6133.36 1.218594
6135.13 1.219643
6136.91 1.202963
6138.679999999999 1.219329
6140.45 1.218104
6142.22 1.25257
6143.999999999999 1.242235
6145.77 1.222624
6147.54 1.289167
6149.31 1.239012
6151.09 1.217835
6152.86 1.226765
6154.63 1.202298
6156.41 1.188917
6158.179999999999 1.159952
6159.95 1.157907
6161.72 1.129677
6163.499999999999 1.104586
6165.27 1.134417
6167.04 1.126717
6168.81 1.143613
6170.59 1.13562
6172.36 1.13671
6174.13 1.180704
6175.9 1.167568
6177.68 1.174914
6179.45 1.193658
6181.219999999999 1.195598
6183.0 1.17549
6184.77 1.183129
6186.54 1.159463
6188.31 1.176964
6190.09 1.162333
6191.860000000001 1.163894
6193.63 1.171307
6195.4 1.153232
6197.18 1.171216
6198.95 1.179567
6200.719999999999 1.177897
6202.490000000001 1.193795
6204.2699999999995 1.191475
6206.040000000001 1.176094
6207.81 1.183663
6209.58 1.161403
6211.360000000001 1.140739
6213.13 1.15372
6214.9 1.128919
6216.67 1.099268
6218.45 1.116161
6220.219999999999 1.10147
6221.99 1.099822
6223.76 1.10844
6225.540000000001 1.136286
6227.31 1.108127
6229.08 1.119636
6230.860000000001 1.134016
6232.63 1.110551
6234.4 1.099422
6236.17 1.092253
6237.95 1.104852
6239.719999999999 1.108347
6241.49 1.085931
6243.26 1.079608
6245.039999999999 1.093432
6246.81 1.10051
6248.58 1.096528
6250.35 1.086999
6252.13 1.111621
6253.9 1.113111
6255.67 1.076692
6257.45 1.085685
6259.219999999999 1.086909
6260.99 1.080322
6262.76 1.097441
6264.54 1.092606
6266.31 1.039378
6268.08 1.048149
6269.85 1.045436
6271.63 1.061731
6273.4 1.071303
6275.17 1.092433
6276.94 1.12429
6278.72 1.12558
6280.49 1.1122
6282.259999999999 1.139029
6284.030000000001 1.121218
6285.8099999999995 1.112156
6287.580000000001 1.110508
6289.35 1.108885
6291.13 1.107256
6292.900000000001 1.105633
6294.67 1.104007
6296.44 1.102385
6298.21 1.100781
6299.99 1.114004
6301.759999999999 1.125068
6303.530000000001 1.119327
6305.3099999999995 1.111976
6307.080000000001 1.135532
6308.85 1.142656
6310.62 1.145909
6312.400000000001 1.123886
6314.17 1.121396
6315.94 1.118812
6317.71 1.116611
6319.49 1.138246
6321.259999999999 1.157373
6323.03 1.163672
6324.8 1.147512
6326.580000000001 1.144836
6328.35 1.167546
6330.12 1.165297
6331.900000000001 1.143256
6333.67 1.178096
6335.44 1.169149
6337.21 1.146886
6338.99 1.140718
6340.759999999999 1.159218
6342.53 1.160846
6344.3 1.153654
6346.08 1.167389
6347.85 1.193012
6349.62 1.180348
6351.39 1.189118
6353.17 1.163961
6354.94 1.173689
6356.71 1.173001
6358.48 1.130256
6360.26 1.127762
6362.03 1.104163
6363.799999999999 1.135066
6365.58 1.127002
6367.35 1.141253
6369.12 1.176115
6370.89 1.180192
6372.67 1.200759
6374.4400000000005 1.203077
6376.21 1.197955
6377.98 1.2088
6379.76 1.19989
6381.53 1.194149
6383.299999999999 1.180034
6385.070000000001 1.176519
6386.849999999999 1.177672
6388.620000000001 1.1852
6390.39 1.178119
6392.16 1.169484
6393.9400000000005 1.17656
6395.71 1.182929
6397.48 1.154677
6399.26 1.171462
6401.03 1.171929
6402.799999999999 1.159353
6404.570000000001 1.185088
6406.349999999999 1.172419
6408.120000000001 1.175847
6409.89 1.161847
6411.66 1.168547
6413.4400000000005 1.175715
6415.21 1.13947
6416.98 1.159153
6418.75 1.167167
6420.53 1.174357
6422.299999999999 1.169859
6424.07 1.186514
6425.84 1.178009
6427.62 1.149935
6429.39 1.159154
6431.16 1.176407
6432.93 1.162403
6434.71 1.182104
6436.48 1.166742
6438.25 1.172689
6440.03 1.184443
6441.8 1.186691
6443.57 1.195866
6445.34 1.179034
6447.12 1.168213
6448.89 1.151382
6450.66 1.129656
6452.43 1.155925
6454.21 1.143903
6455.9800000000005 1.168435
6457.75 1.162379
6459.5199999999995 1.160044
6461.3 1.153966
6463.07 1.150291
6464.839999999999 1.142747
6466.610000000001 1.149492
6468.39 1.149001
6470.160000000001 1.153631
6471.93 1.139764
6473.71 1.153807
6475.4800000000005 1.166433
6477.25 1.147709
6479.0199999999995 1.163719
6480.8 1.152271
6482.57 1.145484
6484.339999999999 1.151138
6486.110000000001 1.129813
6487.889999999999 1.15472
6489.660000000001 1.164763
6491.43 1.139672
6493.2 1.121709
6494.9800000000005 1.098507
6496.75 1.09546
6498.5199999999995 1.103473
6500.29 1.122243
6502.07 1.113401
6503.839999999999 1.122754
6505.61 1.134151
6507.389999999999 1.126247
6509.160000000001 1.131656
6510.93 1.163383
6512.7 1.151093
6514.4800000000005 1.156258
6516.25 1.159351
6518.0199999999995 1.191301
6519.79 1.178877
6521.57 1.211202
6523.34 1.175648
6525.11 1.162204
6526.88 1.185557
6528.66 1.176428
6530.43 1.172175
6532.2 1.18529
6533.97 1.182017
6535.75 1.176495
6537.52 1.188427
6539.29 1.155191
6541.0599999999995 1.190232
6542.84 1.174313
6544.61 1.193058
6546.38 1.163495
6548.16 1.153985
6549.93 1.165965
6551.700000000001 1.152562
6553.47 1.123378
6555.25 1.127604
6557.02 1.108928
6558.79 1.066806
6560.5599999999995 1.054119
6562.34 1.068385
6564.11 1.057546
6565.879999999999 1.06596
6567.650000000001 1.078786
6569.43 1.095456
6571.200000000001 1.099266
6572.97 1.10305
6574.75 1.119212
6576.52 1.151937
6578.29 1.14742
6580.0599999999995 1.160866
6581.83 1.157351
6583.61 1.15265
6585.379999999999 1.163895
6587.150000000001 1.168035
6588.929999999999 1.166275
6590.700000000001 1.173443
6592.47 1.157773
6594.24 1.141564
6596.02 1.147642
6597.79 1.143834
6599.5599999999995 1.141899
6601.33 1.144169
6603.11 1.152851
6604.879999999999 1.171818
6606.65 1.164207
6608.429999999999 1.153698
6610.200000000001 1.159129
6611.97 1.15715
6613.74 1.179991
6615.51 1.174759
6617.29 1.165585
6619.0599999999995 1.160824
6620.83 1.166656
6622.61 1.171931
6624.38 1.155812
6626.15 1.145815
6627.92 1.157684
6629.7 1.145929
6631.47 1.140785
6633.240000000001 1.133374
6635.01 1.127385
6636.79 1.138582
6638.56 1.152718
6640.33 1.143303
6642.099999999999 1.139607
6643.88 1.158018
6645.65 1.130745
6647.420000000001 1.131549
6649.2 1.153006
6650.97 1.140764
6652.740000000001 1.144392
6654.51 1.139564
6656.29 1.133793
6658.06 1.135042
6659.83 1.124712
6661.599999999999 1.100537
6663.38 1.124399
6665.15 1.115095
6666.919999999999 1.125202
6668.6900000000005 1.151608
6670.469999999999 1.120681
6672.240000000001 1.126939
6674.01 1.118056
6675.78 1.136202
6677.56 1.116518
6679.33 1.095081
6681.099999999999 1.127718
6682.87 1.124047
6684.65 1.12756
6686.419999999999 1.12921
6688.1900000000005 1.132081
6689.96 1.131483
6691.740000000001 1.117987
6693.51 1.109842
6695.28 1.100468
6697.06 1.086665
6698.83 1.103606
6700.599999999999 1.111712
6702.37 1.115674
6704.15 1.117766
6705.92 1.105721
6707.69 1.099623
6709.46 1.096305
6711.240000000001 1.091228
6713.01 1.078983
6714.78 1.085086
6716.55 1.072996
6718.33 1.086286
6720.1 1.081165
6721.87 1.080544
6723.65 1.070656
6725.42 1.096772
6727.19 1.094078
6728.960000000001 1.087869
6730.74 1.095723
6732.51 1.099288
6734.280000000001 1.081255
6736.05 1.107883
6737.83 1.106632
6739.6 1.100089
6741.37 1.083548
6743.139999999999 1.086066
6744.92 1.088533
6746.69 1.077894
6748.459999999999 1.052224
6750.2300000000005 1.049177
6752.01 1.083702
6753.780000000001 1.076402
6755.55 1.069567
6757.33 1.084682
6759.1 1.105831
6760.87 1.102895
6762.639999999999 1.098241
6764.42 1.103049
6766.19 1.100844
6767.959999999999 1.07638
6769.7300000000005 1.078138
6771.509999999999 1.099866
6773.280000000001 1.088511
6775.05 1.103919
6776.82 1.107302
6778.6 1.108014
6780.37 1.094477
6782.139999999999 1.091675
6783.91 1.097752
6785.69 1.10512
6787.46 1.101271
6789.2300000000005 1.086822
6791.0 1.076847
6792.780000000001 1.07137
6794.55 1.096415
6796.32 1.121685
6798.1 1.090583
6799.87 1.100801
6801.64 1.090385
6803.41 1.089427
6805.19 1.090027
6806.96 1.080987
6808.73 1.103386
6810.5 1.098465
6812.28 1.100446
6814.05 1.101202
6815.820000000001 1.088715
6817.59 1.117211
6819.37 1.120972
6821.14 1.127072
6822.91 1.13756
6824.679999999999 1.115474
6826.46 1.117254
6828.23 1.119257
6830.000000000001 1.108307
6831.78 1.099598
6833.55 1.115674
6835.320000000001 1.106301
6837.09 1.108084
6838.87 1.108637
6840.64 1.100357
6842.41 1.089025
6844.179999999999 1.093413
6845.96 1.10946
6847.73 1.085597
6849.499999999999 1.089938
6851.27 1.090831
6853.05 1.115271
6854.820000000001 1.030787
6856.59 0.9300026
6858.36 0.847009
6860.14 0.7159677
6861.91 0.6778999
6863.679999999999 0.6995834
6865.46 0.7596923
6867.23 0.828528
6869.0 0.9064938
6870.77 0.9737265
6872.549999999999 0.9989051
6874.320000000001 1.000619
6876.09 0.9888883
6877.86 0.9499946
6879.64 0.935345
6881.41 0.9154192
6883.18 0.9052695
6884.95 0.9274425
6886.73 0.9574075
6888.5 0.9420678
6890.2699999999995 0.9437841
6892.04 0.9865502
6893.820000000001 1.001109
6895.59 0.9756401
6897.360000000001 0.9584553
6899.13 1.012998
6900.91 1.037642
6902.68 1.032588
6904.45 1.059662
6906.23 1.026509
6908.0 1.038288
6909.7699999999995 1.061441
6911.540000000001 1.09359
6913.32 1.063087
6915.09 1.065093
6916.860000000001 1.042785
6918.63 1.036197
6920.41 1.066849
6922.18 1.016604
6923.95 1.035149
6925.719999999999 1.032813
6927.5 1.033834
6929.2699999999995 1.021547
6931.040000000001 1.024307
6932.81 0.9986621
6934.59 1.035414
6936.360000000001 1.063846
6938.13 1.050844
6939.91 1.056609
6941.68 1.071836
6943.45 1.035417
6945.219999999999 1.027847
6947.0 1.030005
6948.7699999999995 1.013842
6956.75 1.126201
6972.79 1.118546
6988.86 1.108393
7004.97 1.116184
7021.12 1.080875
7037.299999999999 1.126717
7053.53 1.153075
7069.78 1.076204
7086.09 1.111576
7102.42 1.064092
7118.79 1.047171
7135.200000000001 1.040069
7151.650000000001 1.049797
7168.139999999999 1.057165
7184.660000000001 1.037977
7201.22 1.014447
7217.820000000001 1.059907
7234.46 1.077249
7251.14 1.062555
7267.860000000001 1.060216
7284.610000000001 1.082523
7301.400000000001 1.100224
7318.23 1.100337
7335.1 1.108061
7352.02 1.100555
7368.96 1.100646
7385.95 1.16062
7402.97 1.136935
7420.04 1.116296
7437.150000000001 1.14241
7454.29 1.10884
7471.4800000000005 1.11663
7488.700000000001 1.124488
7505.96 1.142857
7523.2699999999995 1.153564
7540.61 1.151025
7557.99 1.148489
7575.41 1.148602
7592.879999999999 1.135574
7610.38 1.125268
7627.92 1.094726
7645.51 1.094836
7663.13 1.097462
7680.8 1.065202
7698.5 1.070237
7716.25 1.06053
7734.04 1.048507
7751.87 1.055875
7769.740000000001 1.058414
7787.650000000001 1.032054
7805.6 1.034548
7823.59 1.08591
7841.63 1.032367
7859.7 1.066319
7877.83 1.07876
7895.9800000000005 1.086356
7914.19 1.071569
7932.43 1.049708
7950.72 1.028291
7969.039999999999 1.05964
7987.419999999999 1.057321
8005.830000000001 1.045323
8024.280000000001 1.092187
8042.780000000001 1.102404
8061.32 1.097463
8079.91 1.062754
8098.530000000001 1.067787
8117.2 1.092766
8135.91 1.105544
8154.670000000001 1.08299
8173.47 1.058458
8192.310000000001 1.00859
8211.19 1.061131
8230.119999999999 1.051512
8249.1 1.103717
8268.109999999999 1.088691
8287.17 1.066496
8306.28 1.064157
8325.42 1.069189
8344.61 1.047373
8363.85 1.064491
8383.13 1.057301
8402.460000000001 1.072126
8421.83 1.033457
8441.24 1.064982
8460.7 1.033679
8480.2 1.012597
8499.75 1.04588
8519.35 1.029293
8538.98 1.019968
8558.67 0.9719234
8578.4 1.024909
8598.17 1.027381
8618.0 1.011061
8637.86 1.025243
8657.77 0.9792267
8677.73 0.9636854
8697.74 0.9161774
8717.789999999999 1.000062
8737.88 1.000198
8758.03 1.004916
8778.22 1.011996
8798.45 1.002847
8818.74 0.966668
8839.06 1.007701
8859.439999999999 1.010148
8879.86 0.9737267
8900.34 0.9693617
8920.85 0.9716997
8941.41 0.9695873
8962.029999999999 0.9630402
8982.69 0.9283108
9003.39 0.9610374
9024.15 0.9094771
9044.95 1.027648
9065.800000000001 1.037286
9086.699999999999 0.9771323
9107.65 0.9727469
9128.64 0.9037551
9149.69 0.9596325
9170.779999999999 0.9708776
9191.92 0.9576538
9213.11 0.9688723
9234.35 0.9232564
9255.640000000001 0.9233678
9276.97 1.010237
9298.36 0.9172235
9319.79 0.9761754
9341.279999999999 0.9718118
9362.81 0.9608145
9384.4 0.9698287
9406.029999999999 0.9566292
9427.710000000001 0.9678274
9449.45 0.9590761
9471.230000000001 0.96807
9493.06 0.9659574
9514.949999999999 0.9572283
9536.88 0.9595457
9558.86 0.9421585
9580.9 0.9509966
9602.99 0.9467426
9625.12 0.9490598
9647.31 0.9361475
9669.55 0.9341215
9691.84 0.940711
9714.18 0.9322065
9736.58 0.9259061
9759.02 0.9239025
9781.52 0.9134388
9804.07 0.926262
9826.67 0.9221209
9849.32 0.9222319
9872.02 0.9160226
9894.779999999999 0.9140185
9917.59 0.9036885
9940.449999999999 0.9079625
9963.37 0.9060032
9986.34 0.9019512
10032.43 0.8980548
10078.75 0.8859654
10125.26 0.886191
10172.000000000002 0.8762816
10218.96 0.8724979
10266.12 0.8707178
10289.779999999999 0.86484
10505.24 0.8365004
10700.56 0.8033724
10899.5 0.774297
11102.13 0.7445767
11308.53 0.7209555
11492.279999999999 0.7077981
11705.93 0.6837776
11896.150000000001 0.6620935
12089.449999999999 0.6425687
12285.89 0.6293884
12514.289999999999 0.6108219
12688.390000000001 0.595549
12894.55 0.5793202
13104.070000000002 0.5674321
13286.37 0.5519597
13502.259999999998 0.5418965
13690.089999999998 0.5307876
13912.539999999999 0.5151367
14106.080000000002 0.4999316
14302.32 0.4908033
14501.28 0.4896907
14703.02 0.4763327
14907.539999999999 0.4763333
15114.93 0.4752423
15289.960000000001 0.4785365
15502.66 0.4741513
15682.179999999998 0.4676503
15900.34 0.4548938
16084.44 0.4548943
16308.199999999999 0.4507308
16497.05 0.4414918
16688.08 0.4324309
16881.32 0.4206542
17116.17 0.4091883
17314.350000000002 0.3925581
17514.84 0.3809817
17717.66 0.3672012
17881.59 0.3555577
18088.649999999998 0.3419109
18298.11 0.3325826
18510.0 0.322787
18681.26 0.3103865
18897.58 0.3012366
19116.41 0.2937119
19293.28 0.2830925
19516.690000000002 0.2715828
19697.28 0.2635906
19879.530000000002 0.2557984
20109.73 0.2505668
20295.809999999998 0.2420623
20483.59 0.2370978
20720.78 0.2301075
20912.52 0.2243414
21106.01 0.2192364
21301.31 0.2132611
21498.420000000002 0.2079293
21697.320000000003 0.2013329
21898.1 0.197203
22100.7 0.1909474
22305.21 0.1857444
22511.600000000002 0.1810983
22719.89 0.1761626
22877.390000000003 0.1588221
23089.050000000003 0.1573662
23302.7 0.1383294
23518.33 0.1311941
23681.34 0.1327125
23900.47 0.1221555
24121.61 0.1188271
24288.820000000003 0.117467
24513.55 0.1103851
24683.480000000003 0.1093745
24911.86 0.09395309
25084.55 0.09266409
25316.640000000003 0.09330751
25492.14 0.09266411
25728.0 0.09352121
25906.36 0.09160429
26085.92 0.09118356
26327.3 0.08890163
26509.78 0.08768163
26693.55 0.0858851
26878.570000000003 0.08451147
27127.28 0.08296867
27315.309999999998 0.08126775
27504.66 0.07996766
27695.3 0.07814657
27887.300000000003 0.07689762
28080.59 0.0753214
28275.25 0.07377638
28471.23 0.07226253
28668.6 0.07061733
28867.31 0.0693283
29067.42 0.06790573
29268.89 0.06636068
29471.76 0.06500044
29676.07 0.0638138
29881.760000000002 0.06236004
30088.9 0.06122248
30297.46 0.05996681
30507.49 0.05887372
30718.94 0.05779844
30931.890000000003 0.05674321
31074.66 0.05557885
31290.04 0.05469056
31506.949999999997 0.05356853
31725.33 0.05247098
31871.79 0.05151369
32092.7 0.05057196
32315.18 0.04953451
32464.33 0.0487442
32689.339999999997 0.04796278
32915.95 0.04752421
33067.87 0.04665596
33297.07 0.04496845
33527.9 0.04394435
33682.64 0.04294477
33916.14 0.04196743
34072.68 0.04101236
34308.84 0.04026435
34467.23 0.03943838
34706.130000000005 0.03854121
34866.35 0.03774865
35108.02 0.03697611
35270.06 0.03621696
35514.56 0.03547339
35678.47 0.03474764
35925.81 0.03403299
36091.62 0.03341186
36341.78 0.03272839
36509.55 0.03205608
36678.06 0.03139932
36932.28 0.03068469
37102.78 0.03005466
37274.03 0.02950699
37532.38 0.02883465
37705.65 0.02837382
37879.68 0.02779054
38142.23 0.02728518
38318.310000000005 0.02678649
38495.17 0.02623659
38672.85 0.02569784
38940.94 0.02523033
39120.67 0.02476948
39301.22 0.02431756
39482.659999999996 0.02376321
39664.89 0.02332909
39939.86 0.02279924
40124.2 0.02243413
40309.39 0.02207571
40495.44 0.02162288
40682.39 0.02127713
40870.16 0.02088888
41058.79 0.02055472
41343.42 0.02017959
41534.240000000005 0.019857
41725.94 0.01949456
41918.57 0.0191388
42112.04 0.0187895
42306.41 0.0185317
42501.72 0.01819331
42697.880000000005 0.01790256
42894.95 0.01717568
43092.98 0.01647841
43291.87 0.01640272
43491.68 0.01573662
43692.42 0.01537841
43894.130000000005 0.0150979
44096.719999999994 0.01398476
44300.240000000005 0.01378819
44504.76 0.01359071
44710.17 0.01339235
44916.530000000006 0.01320045
45123.89 0.01301634
45332.15 0.01283134
45541.38 0.01264522
45751.58 0.0124611
45857.09 0.01237495
46068.740000000005 0.01220175
46281.369999999995 0.01202809
46495.03 0.01185333
46709.62 0.01168302
46925.21 0.01152095
47141.78999999999 0.01135799
47250.509999999995 0.01127628
47468.59 0.01111221
47687.68 0.01095481
47907.83 0.01080254
48128.950000000004 0.01064937
48351.090000000004 0.01049553
48462.54 0.0104185
48686.27 0.01027313
48910.98 0.01012976
49136.73 0.009985937
49249.99 0.009913805
49477.35 0.009768877
49705.71 0.009634634
49935.13 0.009500165
50050.23 0.009432709
50281.29 0.009297131
50513.36 0.009162885
50746.5 0.009037104
50863.48 0.008973874
50980.78 0.008910426
51098.29 0.008847203
51216.08 0.008783528
51334.13 0.00871986
51452.46 0.008655966
51571.07 0.008595632
51689.99999999999 0.008536413
51809.149999999994 0.008477194
51928.57 0.008417976
52048.27 0.00835831
52168.24 0.008298872
52288.50000000001 0.008238983
52409.020000000004 0.008179098
52529.89000000001 0.008119655
52650.97 0.008064222
52772.34 0.008008787
52893.98 0.00795313
53015.91 0.007897249
53138.11 0.007841371
53260.659999999996 0.007785269
53383.43 0.007728945
53506.479999999996 0.007672621
53629.82 0.007618742
53753.44 0.007566647
53877.340000000004 0.007514334
54001.530000000006 0.007462016
54126.07000000001 0.007409473
54250.840000000004 0.007356933
54375.89 0.00730417
54501.229999999996 0.00725141
54626.86 0.007198424
54752.770000000004 0.007149448
54878.98 0.007100469
55005.55 0.007051265
55132.34 0.007002067
55259.42 0.006952867
55386.8 0.006903221
55514.469999999994 0.006853796
55642.43 0.006804152
55770.75 0.00675562
55899.31 0.006709758
56028.159999999996 0.006663674
56157.310000000005 0.006617367
56286.759999999995 0.006571283
56416.5 0.006524755
56546.55 0.006478224
56676.950000000004 0.006431696
56807.600000000006 0.006384944
56938.54 0.006340864
57069.78999999999 0.006297674
57201.34 0.006254485
57333.189999999995 0.006211072
57465.409999999996 0.006167437
57597.87 0.006123804
57730.64 0.006080169
57863.71 0.006036311
57997.09 0.005992898
58130.78 0.00595238
58264.78 0.005911638
58399.15 0.005870899
58533.76 0.005830157
58668.68 0.005789196
58803.92 0.005748007
58939.46 0.005707045
59075.33 0.005665859
59211.5 0.005626232
59348.049999999996 0.005588162
59484.85 0.005549871
59621.969999999994 0.005511579
59759.399999999994 0.005473065
59897.15 0.00543455
60035.22 0.005396036
60173.67 0.005357298
60312.38 0.00531856
60451.4 0.005282496
60590.74 0.005246653
60730.409999999996 0.005210809
60870.4 0.005174745
61010.71 0.005138455
61151.41 0.005102389
61292.369999999995 0.005066101
61433.65 0.005029591
61575.259999999995 0.004994194
61717.2 0.004960353
61859.46000000001 0.004926736
62002.11 0.004892898
62145.04 0.004858836
62288.29 0.004824997
62431.85999999999 0.004790935
62575.770000000004 0.004756651
62720.02 0.004722366
62864.59 0.004690085
63009.560000000005 0.004658473
63154.81 0.004626635
63300.38 0.004594801
63446.3 0.004562963
63592.54 0.004530907
63739.13 0.004498848
63886.12 0.00446679
64033.38 0.004434955
64180.99 0.004405123
64328.93 0.00437529
64477.21 0.004345457
64625.83 0.004315404
64774.799999999996 0.004285348
64924.18 0.004255294
65073.840000000004 0.004225239
65223.84 0.004194961
65374.18 0.004165798
65524.880000000005 0.004137971
65675.91 0.004109919
65827.3 0.004081645
65979.11 0.004053594
66131.2 0.004025319
66283.64 0.003996824
66436.43 0.00396855
66589.56 0.003940054
66743.05 0.003913562
66896.98 0.003887292
67051.18 0.003860799
67205.74 0.003834306
67360.66 0.003807812
67515.93 0.003781321
67671.55 0.003754606
67827.54 0.003727891
67983.96 0.003701843
68140.67 0.003677132
68297.73999999999 0.003652197
68455.17 0.003627263
68612.97 0.003602329
68771.12000000001 0.003577395
68929.72 0.003552461
69088.61 0.003527303
69247.86 0.003502147
69407.48 0.003478326
69567.47 0.003455173
69727.83 0.003431797
69888.56 0.003408419
70049.73 0.003384823
70211.2 0.003361446
70373.04 0.003337848
70535.26 0.003314249
70697.85 0.003290651
70860.81 0.003268833
71024.23 0.003246794
71187.94 0.003224976
71352.04 0.003202936
71516.51 0.003180673
71681.36 0.003158633
71846.59 0.003136371
72012.21 0.003114107
72178.28 0.003092736
72344.65 0.003072254
72511.40999999999 0.00305155
72678.55 0.003030845
72846.08 0.00301014
73014.0 0.002989436
73182.3 0.002968509
73351.06999999999 0.002947582
73520.15 0.002926656
73689.62 0.002907065
73859.48 0.002887696
74029.74 0.002868327
74200.38 0.002848736
74371.48999999999 0.002829367
74542.92 0.002809776
74714.75 0.002789962
74886.98 0.002770371
75059.59 0.002751226
75232.61 0.00273297
75406.03 0.002714715
75579.93 0.002696236
75754.15 0.002677981
75928.76000000001 0.002659503
76103.79 0.002641025
76279.20999999999 0.002622547
76455.04 0.002604069
76631.36 0.002586704
76808.0 0.002569339
76985.04 0.002552197
77162.5 0.002535055
77340.37 0.00251769
77518.64 0.002500325
77697.33 0.00248296
77876.51000000001 0.002465595
78056.02 0.00244823
78235.95 0.002432201
78416.29000000001 0.002415949
78597.04 0.002399698
78778.22 0.002383445
78959.8 0.002367194
79141.9 0.002350941
79324.33 0.002334467
79507.17 0.002317993
79690.44 0.00230241
79874.14 0.002287048
80058.25 0.00227191
80242.88 0.002256548
80427.84 0.002241187
80613.24 0.002225937
80799.05 0.002210554
80985.31 0.002195125
81171.98 0.002179675
81359.08 0.002165316
81546.72 0.002150978
81734.69 0.002136619
81923.09 0.002122237
82111.93 0.002107811
82301.2 0.00209334
82490.91 0.002078847
82681.15 0.00206431
82871.73 0.002050151
83062.76000000001 0.002036682
83254.23000000001 0.002023168
83446.13 0.002009655
83638.48000000001 0.001996075
83831.28 0.001982494
84024.61 0.001968847
84218.29000000001 0.0019552
84412.41 0.001941509
84606.99 0.001928574
84802.02 0.001915884
84997.5 0.001903172
85193.51000000001 0.001890415
85389.89000000001 0.001877615
85586.72 0.001864813
85784.0 0.001851968
85981.74 0.0018391
86179.93000000001 0.001826344
86378.58 0.001814411
86577.79 0.001802433
86777.36 0.001790456
86977.37999999999 0.001778434
87177.87 0.00176639
87378.83 0.001754324
87580.24 0.001742212
87782.12 0.00173008
87984.56 0.001718436
88187.37000000001 0.001707194
88390.65 0.001695906
88594.4 0.001684597
88798.61 0.001673288
89003.3 0.001661933
89208.56000000001 0.001650535
89414.19 0.001639136
89620.29 0.001627693
89826.87000000001 0.001617074
90033.94 0.001606477
90241.46 0.001595835
90449.48 0.001585194
90658.06999999999 0.001574508
90867.05 0.001563799
91076.5 0.001553069
91286.44 0.001542316
91496.86000000002 0.00153183
91707.76 0.001521857
91919.26000000001 0.001511838
92131.13999999998 0.00150182
92343.51 0.00149178
92556.37 0.001481717
92769.72 0.001471631
92983.56 0.001461524
93197.89 0.001451373
93412.81999999999 0.0014418
93628.14 0.001432383
93843.97 0.001422966
94060.28 0.001413504
94277.09999999999 0.001404042
94494.41 0.001394558
94712.33 0.00138503
94930.65 0.001375502
95149.46999999999 0.00136604
95368.8 0.001357202
95588.63 0.001348319
95808.97 0.001339436
96029.82 0.001330531
96251.27 0.001321604
96473.14 0.001312654
96695.51999999999 0.001303682
96918.41 0.001294688
97141.81 0.00128605
97365.73 0.001277702
97590.17 0.001269331
97815.23 0.00126096
98040.7 0.001252544
98266.69 0.001244129
98493.20000000001 0.001235692
98720.23000000001 0.001227232
98947.79 0.00121875
99175.98 0.001210869
99404.59000000001 0.001202988
99633.72 0.001195107
99863.38999999998 0.001187203
100093.58 0.001179278
100324.3 0.00117133
100555.56 0.001163382
100787.46 0.00115539
101019.77 0.001147598
101252.63 0.001140185
101486.03 0.001132771
101719.96 0.001125335
101954.43 0.001117878
102189.56 0.001110397
102425.11 0.001102917
102661.21 0.001095392
102897.85 0.001087867
103135.04 0.001080743
103372.77 0.001073775
103611.05 0.001066762
103850.0 0.001059749
104089.37999999999 0.001052714
104329.31 0.001045657
104569.8 0.0010386
104810.84 0.00103152
105052.43999999999 0.001024485
105294.59 0.001017918
105537.41 0.001011306
105780.68999999999 0.001004716
106024.51999999999 0.0009980816
106268.91 0.0009914476
106513.87 0.0009847912
106759.39 0.0009781344
107005.59999999999 0.0009714554
107252.26 0.0009650216
107499.48 0.0009588104
107747.27 0.000952599
107995.64 0.0009463656
108244.58 0.0009401319
108494.09 0.0009338537
108744.29 0.0009275756
108994.95999999999 0.0009212975
109246.20000000001 0.0009149749
109498.02 0.0009091199
109750.42 0.0009032647
110003.4 0.0008973875
110257.09000000001 0.0008915101
110511.23000000001 0.0008856105
110765.97 0.0008797109
111021.29 0.0008737891
111277.20999999999 0.0008678448
111533.71 0.0008620566
111790.8 0.0008565354
112048.62000000001 0.0008510142
112306.9 0.0008454708
112565.77 0.0008399274
112825.24 0.0008343619
113085.31 0.0008287738
113345.98 0.000823186
113607.37000000001 0.0008175759
113869.25 0.0008122772
114131.73000000001 0.0008070899
114394.8 0.0008018584
114658.49 0.0007966488
114922.79 0.0007913948
115187.7 0.0007861406
115453.34000000001 0.0007808867
115719.47 0.0007756105
115986.20999999999 0.0007703788
116253.56999999999 0.0007654809
116521.54 0.0007605609
116790.12999999999 0.0007556408
117059.34 0.0007507208
117329.3 0.0007457562
117599.75000000001 0.0007408137
117870.81999999999 0.0007358494
118142.52 0.0007308624
118414.85 0.000726076
118687.81 0.0007214453
118961.52 0.0007168146
119235.74 0.0007121617
119510.58 0.0007075089
119786.06 0.0007028337
120062.18000000001 0.0006981585
120338.93000000001 0.000693461
120616.31999999999 0.0006887636
120894.48000000001 0.0006843779
121173.15 0.0006800144
121452.46 0.0006756287
121732.42 0.000671243
122013.02 0.0006668572
122294.26999999999 0.0006624491
122576.3 0.0006580188
122858.85 0.0006536109
123142.04999999999 0.0006492697
123425.9 0.000645151
123710.40000000001 0.0006410325
123995.56999999999 0.0006369139
124281.38 0.0006327729
124568.0 0.0006286098
124855.14 0.0006244467
125142.94 0.0006202836
125431.4 0.0006160982
125720.53 0.0006121355
126010.32 0.0006082617
126300.92 0.0006043658
126592.06 0.0006004474
126883.86 0.0005965516
127176.34 0.000592611
127469.49 0.0005886928
127763.31000000001 0.0005847523
128057.82 0.0005808563
128353.14 0.000577183
128649.0 0.0005735097
128945.55 0.0005698363
129242.77 0.0005661407
129540.69 0.0005624673
129839.29 0.0005587494
130138.58 0.0005550316
130438.7 0.0005513137
130739.38 0.0005477516
131040.74 0.0005442786
131342.80000000002 0.0005408279
131645.55 0.000537355
131948.98 0.0005338598
132253.3 0.0005303645
132558.14 0.0005268693
132863.7 0.0005233741
133169.95 0.0005198566
133476.94 0.0005165838
133784.61 0.0005133112
134092.98 0.0005100386
134402.22999999998 0.000506766
134712.05 0.0005034711
135022.55 0.0005001763
135333.8 0.0004968814
135645.75 0.0004935643
135958.41999999998 0.0004903361
136271.97 0.0004872416
136586.09 0.0004841693
136900.92 0.0004810749
137216.48 0.0004779804
137532.78 0.0004748635
137849.81 0.0004717468
138167.56 0.00046863
138486.19 0.000465491
138805.41 0.00046253
139125.38 0.0004596359
139446.06 0.0004567195
139767.5 0.0004537808
140089.67 0.0004508644
140412.59 0.0004479256
140736.41 0.000444987
141060.81 0.0004420261
141385.97 0.0004391097
141711.88 0.0004363713
142038.55000000002 0.0004336107
142365.94999999998 0.0004308724
142694.27 0.0004281118
143023.17 0.0004253291
143352.86 0.0004225685
143683.3 0.0004197856
144014.5 0.0004170028
144346.45 0.000414309
144679.19 0.0004117265
145012.84 0.0004091218
145347.09 0.0004065171
145682.13999999998 0.0004039123
146017.94999999998 0.0004013076
146354.55000000002 0.0003986805
146691.88999999998 0.0003960536
147030.19 0.0003934266
147369.09 0.0003909554
147708.8 0.0003885065
148049.28 0.0003860576
148390.55 0.0003836087
148732.59 0.0003811375
149075.44 0.0003786664
149419.22 0.0003761952
149763.66 0.0003737018
150108.88 0.0003712751
150454.88 0.0003689599
150801.69 0.0003666446
151149.3 0.0003643292
151497.88 0.0003620139
151847.09 0.0003596763
152197.11000000002 0.0003573387
152547.92 0.0003550012
152899.55000000002 0.0003526636
153252.02000000002 0.0003504372
153605.27 0.0003482555
153959.48 0.0003460516
154314.38 0.0003438698
154670.09 0.0003416658
155026.63 0.0003394618
155383.97 0.0003372578
155742.13 0.0003350538
156101.13999999998 0.0003328497
156461.13 0.0003307793
156821.78 0.0003287311
157183.27 0.0003266607
157545.59 0.0003245903
157908.75 0.0003224976
158272.73 0.0003204272
158637.73 0.0003183345
159003.41 0.0003162418
159369.92 0.0003142381
159737.28 0.000312279
160105.48 0.0003103422
160474.53 0.000308383
160844.44999999998 0.0003064239
161215.38 0.0003044425
161587.0 0.0003024834
161959.47 0.000300502
162332.80000000002 0.0002985206
162706.97999999998 0.0002966728
163082.03 0.0002948473
163458.13 0.0002929995
163834.91 0.0002911517
164212.56 0.0002893039
164591.06 0.0002874339
164970.47999999998 0.000285586
165350.73 0.0002837159
165731.88999999998 0.0002818904
166114.09 0.000280154
166497.0 0.0002784174
166880.8 0.0002766586
167265.45 0.0002749222
167651.02 0.0002731634
168037.47 0.0002714047
168424.97999999998 0.0002696459
168813.22 0.0002678872
169202.34 0.0002661952
169592.38 0.00026457
169983.3 0.0002629226
170375.11 0.0002612752
170767.84 0.0002596054
171161.66 0.000257958
171556.19999999998 0.0002562883
171951.66 0.0002546186
172348.02 0.0002529711
172745.3 0.000251435
173143.47999999998 0.0002498767
173542.58000000002 0.0002483182
173942.8 0.0002467599
174343.75 0.0002451792
174745.64 0.0002436208
175148.44 0.0002420401
175552.16 0.0002404818
175956.81 0.0002389457
176362.61000000002 0.0002374986
176769.12999999998 0.0002360292
177176.61 0.0002345376
177585.00000000003 0.0002330683
177994.34000000003 0.000231599
178404.66 0.0002301073
178815.88 0.0002286158
179228.25 0.0002271242
179641.38999999998 0.0002257439
180055.48 0.0002243413
180470.52000000002 0.000222961
180886.52 0.0002215674
181303.48 0.0002201715
181721.59 0.0002187712
182140.47 0.0002173664
182560.31 0.0002159616
182981.13 0.0002145858
183402.92 0.0002132768
183825.67 0.0002119632
184249.41 0.0002106475
184674.31000000003 0.0002093296
185100.00000000003 0.0002080072
185526.66999999998 0.0002066825
185954.31000000003 0.0002053557
186382.97 0.0002040244
186812.58 0.0002027621
187243.19999999998 0.0002015243
187675.02 0.0002002798
188107.62 0.0001990353
188541.22 0.0001977886
188975.81 0.0001965374
189411.41999999998 0.000195284
189848.05000000002 0.0001940284
190285.84 0.0001927817
190724.48 0.0001916107
191164.11 0.0001904374
191604.77 0.000189262
192046.41999999998 0.0001880843
192489.09000000003 0.0001869043
192932.8 0.00018572
193377.72999999998 0.0001845334
193823.48 0.0001833446
194270.27 0.0001822002
194718.06 0.0001810915
195166.91 0.0001799829
195616.8 0.0001788697
196067.91 0.0001777544
196519.86000000002 0.0001766368
196972.84 0.000175517
197426.88999999998 0.0001743949
197881.97 0.0001732684
198338.09 0.0001722176
198795.28 0.0001711691
199253.73 0.0001701183
199713.03 0.0001690652
200173.37999999998 0.00016801
200634.8 0.0001669525
201097.27 0.0001658928
201560.83 0.0001648309
202025.66 0.0001637912
202491.34000000003 0.0001628005
202958.09 0.0001618076
203425.93999999997 0.0001608147
203894.84 0.0001598173
204364.84 0.0001588177
204835.91 0.0001578159
205308.30000000002 0.0001568118
205781.55 0.0001558056
206255.89 0.0001548527
206731.31000000003 0.0001539155
207207.84 0.000152976
207685.47999999998 0.0001520343
208164.22 0.0001510903
208644.28 0.0001501441
209125.2 0.0001491958
209607.27 0.0001482451
210090.42 0.0001473034
210574.69 0.0001464174
211060.08 0.0001455291
211546.81 0.0001446408
212034.44999999998 0.0001437481
212523.2 0.0001428553
213013.08 0.0001419604
213504.09 0.000141061
213996.22999999998 0.0001401616
214489.52 0.0001392955
214984.17 0.0001384562
215479.72 0.0001376169
215976.42 0.0001367732
216474.24999999997 0.0001359294
216973.23 0.0001350834
217473.39 0.0001342352
217974.91999999998 0.0001333848
218477.36000000002 0.0001325321
218980.97 0.0001317373
219485.73 0.0001309426
219991.65999999997 0.0001301478
220498.77 0.0001293486
221007.02 0.0001285493
221516.69999999998 0.0001277479
222027.31 0.0001269464
222539.11 0.0001261405
223052.06 0.0001253524
223566.22 0.0001246022
224081.56000000003 0.0001238497
224598.33 0.0001230972
225116.05 0.0001223402
225634.94999999998 0.0001215833
226155.06 0.0001208242
226676.36000000002 0.000120065
227198.86 0.0001193014
227722.58000000002 0.0001185779
228247.73 0.0001178677
228773.88 0.0001171553
229301.19999999998 0.0001164406
229829.77000000002 0.000115726
230359.55000000002 0.0001150091
230890.53 0.0001142901
231422.77 0.0001135687
231956.44999999998 0.0001128541
232491.13999999998 0.0001121818
233027.05 0.0001115072
233564.19 0.0001108327
234102.56 0.0001101581
234642.2 0.0001094791
235183.31 0.0001088001
235725.44 0.0001081188
236268.8 0.0001074354
236813.41 0.0001067786
237359.28 0.0001061419
237906.41999999998 0.000105503
238454.81 0.000104864
239004.69999999998 0.0001042229
239555.66 0.0001035817
240107.83 0.0001029383
240661.31 0.0001022927
241216.05 0.0001016449
241772.06000000003 0.0001010415
242329.63 0.0001004382
242888.2 9.983267e-05
243448.09000000003 9.922711e-05
244009.27 9.861934e-05
244571.72 9.801157e-05
245135.47 9.740157e-05
245700.52000000002 9.678936e-05
246267.15999999997 9.619271e-05
246834.81 9.562056e-05
247403.8 9.505062e-05
247974.06 9.447848e-05
248545.65999999997 9.390411e-05
249118.58 9.33275e-05
249692.83000000002 9.275089e-05
250268.65999999997 9.217429e-05
256098.02 8.669099e-05
262063.44 8.158614e-05
268167.52999999997 7.678408e-05
274414.09 7.226921e-05
280805.88 6.802147e-05
287346.81 6.402532e-05
294039.81 6.026738e-05
300889.02999999997 5.676546e-05
307897.47 5.347281e-05
315069.47000000003 5.037161e-05
322408.22000000003 4.745297e-05
329918.27999999997 4.470574e-05
337602.83999999997 4.211882e-05
345466.81 8.201804e-05
