102.05000000000001 2.299428e-06
103.95 2.713812e-06
105.88 3.27048e-06
108.10000000000001 4.032443e-06
110.11 5.631277e-06
113.98 7.596232e-06
117.99000000000001 9.672103e-06
121.01 3.408864e-05
124.98 4.088203e-05
127.01 4.340759e-05
127.89 4.555625e-05
130.87 4.938155e-05
132.07999999999998 5.76152e-05
133.92 6.019664e-05
137.04 7.421942e-05
139.9 7.935927e-05
143.16 0.0002058791
146.84 0.0004972103
150.95000000000002 0.0005219111
154.82 0.0005553809
159.16 0.0005950918
162.12 0.0006216445
165.89 0.0006677156
170.14999999999998 0.0006991707
172.91 0.0007304674
176.94000000000003 0.000763122
179.82000000000002 0.0007880573
181.9 0.0008064531
186.14 0.000840563
190.91 0.0008822711
194.01000000000002 0.0009153972
198.07999999999998 0.0009452775
202.22 0.0009831014
205.04000000000002 0.001010569
209.81 0.001005998
216.19 0.001100456
220.20999999999998 0.00113906
222.76000000000002 0.001149652
226.89999999999998 0.00119284
230.05999999999997 0.001830352
233.79 0.002914565
239.79 0.003536652
245.94000000000003 0.003285266
252.25 0.003440119
256.94 0.002867898
259.92 0.003277755
264.14 0.003408599
269.05 0.003361694
274.05 0.003300522
279.15 0.003240167
283.68 0.003203331
290.29 0.003009985
295.69 0.003003067
301.18 0.002914727
308.2 0.002887888
318.29999999999995 0.002854693
327.96999999999997 0.002764207
337.92999999999995 0.002658128
348.2 0.002550216
357.13 0.002480857
366.3 0.002440977
374.83000000000004 0.00235819
385.33 0.002190742
395.21 0.002195792
405.35 0.002145686
413.84 0.002068112
421.53000000000003 0.001984255
430.35999999999996 0.001916806
441.4 0.001864541
450.64 0.001788954
460.08 0.001712324
469.71 0.001650379
479.54999999999995 0.001609054
489.59000000000003 0.001522567
499.84000000000003 0.001498261
505.63 0.001457374
511.48 0.00160172
519.8 0.001561538
529.46 0.001505137
540.55 0.001411168
550.6 0.00144073
559.54 0.001484494
569.94 0.001508611
580.54 0.001434114
589.97 0.00149131
599.5600000000001 0.001444028
609.3 0.00138858
620.63 0.001550817
630.71 0.001550831
639.49 0.001536627
649.88 0.00159061
657.4000000000001 0.001605328
665.0200000000001 0.001642766
674.27 0.001616503
685.22 0.001558099
694.76 0.001788898
704.4200000000001 0.001684918
715.87 0.001877395
725.8299999999999 0.001894799
734.23 0.001912438
744.4399999999999 0.002053892
754.8000000000001 0.002116248
765.3 0.002135884
774.16 0.002293893
784.93 0.002385526
795.85 0.002441043
805.0699999999999 0.002497928
814.39 0.002538429
825.72 0.002713785
835.2800000000001 0.002262399
844.95 0.002764291
854.7399999999999 0.002802649
864.63 0.002955099
874.65 0.003115796
884.77 0.003331035
895.02 0.003463991
905.3799999999999 0.003424327
915.87 0.005182851
924.34 0.03512212
935.0400000000001 0.07808659
945.87 0.1508593
954.62 0.2145699
965.6800000000001 0.2407566
974.61 0.0368622
985.9 0.2002536
995.02 0.2116264
1004.23 0.3094368
1015.86 0.2941508
1025.26 0.1212155
1034.74 0.1984223
1044.32 0.3868776
1053.98 0.3763418
1066.18 0.2927988
1076.05 0.3480007
1086.01 0.2701306
1096.06 0.3602222
1106.2 0.342432
1113.87 0.3255084
1124.17 0.2901234
1134.57 0.368621
1145.07 0.3308026
1155.67 0.3504087
1163.68 0.360221
1174.44 0.2458052
1185.31 0.3440088
1196.28 0.2309749
1204.57 0.1620253
1215.72 0.105821
1224.1399999999999 0.2226248
1235.47 0.3416436
1244.03 0.3746019
1255.55 0.3544627
1264.25 0.3003173
1275.9499999999998 0.3895529
1284.7900000000002 0.4069859
1293.7 0.3159122
1305.6699999999998 0.3101512
1314.72 0.3895563
1323.83 0.3694685
1336.0800000000002 0.323275
1345.34 0.3850962
1354.67 0.3703202
1364.06 0.3277737
1373.51 0.3432212
1386.22 0.3455978
1395.8300000000002 0.2989332
1405.5 0.3094416
1415.2500000000002 0.3137482
1425.06 0.3210519
1434.94 0.3166482
1441.5600000000002 0.333865
1448.21 0.3385167
1454.9 0.3270145
1464.9799999999998 0.2996281
1475.14 0.2968731
1485.3600000000001 0.3010021
1495.66 0.305195
1506.03 0.2867919
1512.9799999999998 0.2538434
1516.46 0.2713831
1523.46 0.2621674
1534.0300000000002 0.2262363
1544.6599999999999 0.2486396
1555.3700000000001 0.233117
1566.15 0.2363599
1573.38 0.2515173
1584.2800000000002 0.262774
1595.26 0.2670409
1606.32 0.2603636
1613.74 0.2603603
1624.92 0.2446728
1636.18 0.259766
1643.74 0.2627708
1655.1299999999999 0.2413123
1666.6000000000001 0.2627734
1670.45 0.2336505
1678.1599999999999 0.263378
1685.8999999999999 0.2738874
1693.6799999999998 0.2556045
1705.42 0.2441083
1713.3000000000002 0.2309745
1725.17 0.2288647
1733.1399999999999 0.2435388
1745.15 0.2363623
1753.2 0.2521058
1765.36 0.2293852
1773.51 0.2347286
1785.8 0.2379944
1794.0400000000002 0.2538445
1806.48 0.2503662
1814.82 0.2304511
1823.19 0.234197
1835.83 0.2241693
1844.3000000000002 0.2044483
1857.0900000000001 0.205386
1865.66 0.2116253
1874.2700000000002 0.2278082
1882.9199999999998 0.2092048
1895.9699999999998 0.2007152
1904.73 0.2116242
1913.52 0.2035083
1926.78 0.1984212
1935.6799999999998 0.2016417
1944.61 0.2126061
1953.5900000000001 0.1988667
1967.1299999999999 0.217054
1976.2099999999998 0.2215992
1985.33 0.2096836
1994.4899999999998 0.2030394
2003.6999999999998 0.2077637
2012.95 0.2002555
2026.9 0.2077653
2036.26 0.1979616
2045.66 0.2053845
2055.1 0.1947935
2064.58 0.1952423
2074.11 0.2092058
2078.89 0.2021013
2083.69 0.2096847
2093.2999999999997 0.1975041
2102.9700000000003 0.197503
2112.67 0.1993278
2127.32 0.2007126
2137.14 0.1860254
2147.0 0.1916793
2156.91 0.1979626
2166.87 0.190356
2176.87 0.1886179
2186.92 0.1864531
2197.01 0.1943469
2207.15 0.1881803
2217.3399999999997 0.1776528
2222.45 0.1724165
2232.71 0.1851726
2243.02 0.1764247
2253.37 0.1677119
2263.77 0.1704414
2274.2200000000003 0.1752203
2284.7200000000003 0.1801273
2295.26 0.1688849
2305.86 0.1705171
2316.5 0.1621546
2327.19 0.1288534
2332.56 0.1486609
2343.32 0.1420263
2354.1400000000003 0.1557864
2365.0099999999998 0.1408307
2375.92 0.146176
2386.8900000000003 0.1333653
2392.39 0.1422714
2403.44 0.1365541
2414.53 0.1401061
2425.67 0.1505381
2436.87 0.1448207
2442.49 0.1530761
2453.76 0.15104
2465.09 0.1490227
2476.4700000000003 0.142708
2482.17 0.1440537
2493.63 0.135115
2505.1400000000003 0.1530668
2510.9199999999996 0.1327356
2516.7099999999996 0.1346123
2522.51 0.1300688
2534.15 0.132842
2545.85 0.1310818
2557.6 0.1418122
2563.5 0.136714
2575.33 0.1445431
2587.2099999999996 0.1422934
2593.18 0.139402
2605.15 0.1341112
2617.1699999999996 0.1311146
2623.21 0.1385913
2635.31 0.145184
2647.48 0.1592638
2653.58 0.1645109
2665.83 0.1463465
2671.98 0.1536311
2684.31 0.1540585
2696.7000000000003 0.1448315
2702.9199999999996 0.1499614
2715.39 0.1403302
2727.9300000000003 0.1394338
2734.21 0.1463674
2746.83 0.124352
2753.1699999999996 0.1284581
2765.8700000000003 0.1345706
2772.25 0.1409485
2785.05 0.1294921
2797.8999999999996 0.103144
2804.35 0.1102929
2817.2999999999997 0.1373217
2823.79 0.1475192
2836.8199999999997 0.1422504
2843.3599999999997 0.1377707
2856.49 0.1292262
2863.0699999999997 0.146037
2876.2900000000004 0.1471138
2882.92 0.1454607
2896.23 0.1451934
2909.59 0.1592855
2929.76 0.1515197
2950.07 0.1481806
2970.52 0.1513918
2991.11 0.1511565
3011.84 0.1530129
3032.72 0.1524267
3046.72 0.1528526
3067.84 0.1536742
3089.1000000000004 0.1544958
3110.52 0.1546124
3132.08 0.1515619
3146.53 0.1519897
3168.35 0.1527985
3190.31 0.1437009
3212.42 0.1492156
3227.25 0.1402877
3249.62 0.1511356
3272.14 0.1576635
3287.25 0.1555728
3310.0299999999997 0.154986
3325.3100000000004 0.1557859
3332.98 0.1598285
3340.66 0.1481707
3348.36 0.1636373
3356.0800000000004 0.1570346
3363.82 0.1399884
3371.5699999999997 0.1413331
3379.34 0.1571623
3387.1299999999997 0.1564796
3394.94 0.1508582
3402.77 0.1650767
3410.61 0.14785
3418.48 0.1495992
3426.36 0.1534817
3434.25 0.1626239
3442.17 0.1486931
3450.11 0.1532574
3458.06 0.1515408
3466.0299999999997 0.1488207
3474.02 0.1558712
3482.0299999999997 0.1495884
3490.06 0.1556043
3498.1 0.1432637
3506.17 0.1549747
3514.25 0.1463461
3522.3500000000004 0.1554232
3530.47 0.1454178
3538.6099999999997 0.1558602
3546.77 0.1591774
3554.9399999999996 0.1595834
3563.1400000000003 0.1552846
3571.35 0.1436258
3579.58 0.1426771
3587.8300000000004 0.1316689
3596.11 0.145418
3604.3999999999996 0.1530125
3612.7 0.1408852
3621.03 0.1489383
3628.1400000000003 0.1584957
3630.89 0.1657376
3633.63 0.1500473
3636.37 0.1348049
3639.1099999999997 0.1315731
3641.86 0.1426658
3644.6 0.1400313
3647.34 0.1435622
3650.08 0.1525864
3652.8300000000004 0.1376952
3655.57 0.1593806
3658.3100000000004 0.1737275
3661.05 0.1543891
3663.7999999999997 0.1478819
3666.54 0.1502607
3669.2799999999997 0.1632956
3672.0199999999995 0.1590185
3674.77 0.1594552
3677.5099999999998 0.1515941
3680.25 0.1613649
3683.0 0.1535457
3685.7400000000002 0.1465379
3688.48 0.1517435
3691.2200000000003 0.1594877
3693.97 0.1456311
3696.7100000000005 0.1478713
3699.4500000000003 0.1648635
3702.19 0.161045
3704.94 0.1476365
3707.68 0.1401381
3710.4199999999996 0.1568102
3713.16 0.1704637
3715.91 0.1666764
3718.65 0.1737593
3721.39 0.1851195
3724.13 0.216117
3726.88 0.2919665
3729.6200000000003 0.4359236
3732.36 0.5565212
3735.1099999999997 0.5645616
3737.85 0.455315
3740.5899999999997 0.2803509
3743.3300000000004 0.2072102
3746.08 0.1884255
3748.8199999999997 0.1640205
3751.56 0.1595834
3754.2999999999997 0.1526717
3757.05 0.1601377
3759.79 0.1653112
3762.53 0.1716368
3765.27 0.1870823
3768.0200000000004 0.1868043
3770.76 0.1881378
3773.5 0.1709755
3776.2400000000002 0.1716584
3778.99 0.1822923
3781.73 0.1924472
3784.47 0.1977275
3787.2099999999996 0.2033811
3789.96 0.2101962
3792.7 0.2235831
3795.44 0.1999568
3798.19 0.1906655
3800.9300000000003 0.1769058
3803.67 0.1578554
3806.41 0.1637116
3809.16 0.1854815
3811.8999999999996 0.213919
3814.6400000000003 0.2042873
3817.38 0.2271782
3820.13 0.2389853
3822.87 0.2116897
3825.6099999999997 0.1954127
3828.35 0.1978663
3831.1 0.1854816
3833.84 0.1807672
3836.58 0.1612049
3839.32 0.1410024
3842.07 0.1542818
3844.81 0.165258
3847.55 0.1773435
3850.29 0.1843624
3853.04 0.2000203
3855.7799999999997 0.2189325
3858.5199999999995 0.2233595
3861.27 0.2153693
3864.0099999999998 0.2270815
3866.75 0.2310392
3869.49 0.2499941
3872.2400000000002 0.2338226
3874.98 0.2356576
3877.7200000000003 0.2320099
3880.46 0.2277649
3883.2100000000005 0.2183881
3885.9500000000003 0.1993058
3888.69 0.1885008
3891.4300000000003 0.1962663
3894.18 0.1942069
3896.9199999999996 0.1900152
3899.66 0.1918608
3902.3999999999996 0.1953917
3905.15 0.2015136
3907.89 0.2116258
3910.63 0.2195408
3913.38 0.215988
3916.1200000000003 0.2170229
3918.86 0.2320845
3921.6 0.2295674
3924.35 0.2280413
3927.0899999999997 0.2210549
3929.8300000000004 0.2193912
3932.57 0.2095462
3935.3199999999997 0.1839456
3938.06 0.1860792
3940.7999999999997 0.1773114
3943.54 0.1880316
3946.29 0.2076362
3949.03 0.2117324
3951.77 0.2269753
3954.5099999999998 0.217973
3957.26 0.2110282
3960.0 0.2065592
3962.7400000000002 0.2002555
3965.48 0.1921917
3968.23 0.1808204
3970.97 0.1554767
3973.7099999999996 0.146133
3976.46 0.1598603
3979.2 0.1640952
3981.94 0.1821647
3984.68 0.2055569
3987.4300000000003 0.2117001
3990.17 0.2205643
3992.91 0.2388152
3995.65 0.2402449
3998.3999999999996 0.238836
4001.1400000000003 0.2387403
4003.88 0.2495033
4006.6200000000003 0.2538875
4009.37 0.2508253
4012.1099999999997 0.2405003
4014.85 0.2433806
4017.5899999999997 0.2421436
4020.34 0.2440094
4023.08 0.2510177
4025.82 0.2501113
4028.57 0.2494064
4031.31 0.2425161
4034.05 0.2389538
4036.79 0.2485967
4039.54 0.2470385
4042.2799999999997 0.2477428
4045.0199999999995 0.2546658
4047.76 0.2491941
4050.5099999999998 0.2412039
4053.25 0.2433162
4055.99 0.2529805
4058.73 0.2618022
4061.48 0.2574812
4064.2200000000003 0.2430389
4066.96 0.2373859
4069.7 0.2350289
4072.4500000000003 0.247092
4075.19 0.2519243
4077.9300000000003 0.243882
4080.67 0.238293
4083.4199999999996 0.2400308
4086.16 0.2389538
4088.8999999999996 0.2346554
4091.65 0.2320413
4094.39 0.2229109
4097.13 0.2146873
4099.87 0.2196688
4102.62 0.2177161
4105.36 0.2136844
4108.1 0.2123086
4110.84 0.2054076
4113.59 0.2133961
4116.33 0.2124684
4119.070000000001 0.2216633
4121.81 0.2251836
4124.5599999999995 0.2252575
4127.3 0.2328097
4130.04 0.230506
4132.78 0.2298023
4135.53 0.2289908
4138.27 0.2401164
4141.01 0.2465807
4143.76 0.2415345
4146.5 0.2345162
4149.24 0.2331191
4151.9800000000005 0.2439994
4154.73 0.2514225
4157.469999999999 0.2321589
4160.21 0.2300579
4162.95 0.2326928
4165.7 0.2477106
4168.44 0.2473376
4171.18 0.2443192
4173.92 0.2317649
4176.67 0.2280094
4179.41 0.2311563
4182.15 0.233866
4184.89 0.2213116
4187.64 0.240628
4190.38 0.2352097
4193.12 0.2350393
4195.860000000001 0.235605
4198.61 0.2283829
4201.349999999999 0.2390284
4204.09 0.2274234
4206.84 0.232052
4209.58 0.2365109
4212.32 0.2426658
4215.0599999999995 0.2395301
4217.81 0.2337693
4220.55 0.2442762
4223.29 0.2381539
4226.03 0.2334502
4228.78 0.236308
4231.5199999999995 0.2215564
4234.26 0.23169
4237.0 0.2304422
4239.75 0.2382494
4242.49 0.2248844
4245.23 0.23169
4247.97 0.2241596
4250.72 0.2352094
4253.46 0.2373431
4256.2 0.2361487
4258.95 0.2369692
4261.6900000000005 0.2362442
4264.43 0.2308151
4267.17 0.2294181
4269.92 0.2434119
4272.66 0.2339829
4275.4 0.2274125
4278.14 0.2309755
4280.89 0.2270067
4283.63 0.2242017
4286.37 0.2281699
4289.11 0.2325649
4291.86 0.2201588
4294.6 0.2173111
4297.34 0.2173327
4300.08 0.2126076
4302.83 0.2155829
4305.570000000001 0.2171298
4308.31 0.2172367
4311.05 0.2052904
4313.8 0.203199
4316.54 0.2116579
4319.28 0.2137595
4322.03 0.225428
4324.77 0.2243722
4327.51 0.2237112
4330.25 0.2218448
4333.0 0.2185907
4335.74 0.2111457
4338.4800000000005 0.2146979
4341.22 0.2372581
4343.969999999999 0.238004
4346.71 0.2416416
4349.45 0.2250553
4352.1900000000005 0.2163196
4354.94 0.2031989
4357.68 0.2077111
4360.42 0.2277433
4363.16 0.2181649
4365.91 0.2291615
4368.65 0.2346444
4371.39 0.2281593
4374.13 0.2347517
4376.88 0.2276256
4379.62 0.2281911
4382.360000000001 0.2269434
4385.11 0.219924
4387.849999999999 0.2269856
4390.59 0.2182606
4393.33 0.2256528
4396.08 0.223252
4398.82 0.2262497
4401.5599999999995 0.2254179
4404.3 0.2239782
4407.05 0.2280628
4409.79 0.233471
4412.53 0.2288527
4415.27 0.2263782
4418.0199999999995 0.2278174
4420.76 0.2352204
4423.5 0.2285647
4426.24 0.2264529
4428.99 0.2329908
4431.73 0.2251831
4434.47 0.224106
4437.22 0.2359772
4439.96 0.2304629
4442.7 0.2296631
4445.44 0.2231888
4448.1900000000005 0.229684
4450.93 0.2340682
4453.67 0.2432098
4456.41 0.2335888
4459.16 0.2283614
4461.9 0.2273803
4464.64 0.2313806
4467.38 0.2318502
4470.13 0.2269641
4472.87 0.230175
4475.61 0.2277966
4478.349999999999 0.2321276
4481.1 0.2378441
4483.84 0.2370124
4486.58 0.2314233
4489.32 0.2374183
4492.070000000001 0.2391455
4494.81 0.2341644
4497.55 0.2368421
4500.3 0.2359239
4503.04 0.2390389
4505.78 0.2440952
4508.5199999999995 0.2413541
4511.27 0.2440413
4514.01 0.2475189
4516.75 0.2491832
4519.49 0.2461541
4522.24 0.2411613
4524.9800000000005 0.2404683
4527.72 0.2329699
4530.46 0.2344315
4533.21 0.2244468
4535.95 0.2285217
4538.6900000000005 0.225738
4541.43 0.2256316
4544.18 0.2356468
4546.92 0.2346764
4549.66 0.2354233
4552.41 0.2325533
4555.15 0.2270176
4557.89 0.2256098
4560.63 0.2210661
4563.38 0.228852
4566.12 0.2355616
4568.860000000001 0.2396685
4571.6 0.2396901
4574.349999999999 0.2396147
4577.09 0.2396683
4579.83 0.2384099
4582.570000000001 0.2407675
4585.32 0.2307828
4588.0599999999995 0.2283724
4590.8 0.2299087
4593.54 0.2309222
4596.29 0.2335028
4599.03 0.2342391
4601.77 0.2310927
4604.51 0.2326396
4607.26 0.2328202
4610.0 0.2350178
4612.74 0.238442
4615.49 0.2435932
4618.23 0.2370549
4620.969999999999 0.2352845
4623.71 0.2411621
4626.46 0.2380787
4629.2 0.2386336
4631.94 0.2376525
4634.68 0.2396901
4637.43 0.236116
4640.17 0.2339616
4642.91 0.2327886
4645.65 0.2347409
4648.4 0.2394014
4651.14 0.2330124
4653.88 0.228586
4656.62 0.2354555
4659.37 0.2359028
4662.11 0.2333644
4664.849999999999 0.234122
4667.59 0.2355303
4670.34 0.2325962
4673.08 0.2297911
4675.82 0.2262821
4678.570000000001 0.229492
4681.31 0.2316682
4684.05 0.2330339
4686.79 0.2315834
4689.54 0.2311347
4692.28 0.231103
4695.0199999999995 0.2345592
4697.76 0.2315302
4700.51 0.2273268
4703.25 0.2277004
4705.99 0.2290766
4708.73 0.2265062
4711.4800000000005 0.2247988
4714.22 0.2262284
4716.96 0.2287567
4719.7 0.2312635
4722.45 0.2339188
4725.1900000000005 0.2327351
4727.93 0.2278394
4730.68 0.2284253
4733.42 0.2287669
4736.16 0.2216632
4738.9 0.2185594
4741.65 0.2239561
4744.39 0.2240736
4747.13 0.2304632
4749.87 0.2318928
4752.62 0.236404
4755.360000000001 0.233087
4758.1 0.2245112
4760.84 0.2249488
4763.59 0.2245855
4766.33 0.2249164
4769.070000000001 0.2233487
4771.81 0.2222715
4774.5599999999995 0.2254922
4777.3 0.2283724
4780.04 0.2329487
4782.78 0.2331729
4785.53 0.2274336
4788.27 0.2266978
4791.01 0.2290234
4793.76 0.2268467
4796.5 0.2296843
4799.24 0.2322871
4801.9800000000005 0.2278501
4804.73 0.2275614
4807.469999999999 0.229055
4810.21 0.2271779
4812.95 0.2313914
4815.7 0.2301214
4818.44 0.2349003
4821.18 0.2391566
4823.92 0.2331728
4826.67 0.2316148
4829.41 0.2293217
4832.15 0.2328633
4834.89 0.2309649
4837.64 0.2237962
4840.38 0.2277431
4843.12 0.227914
4845.87 0.2248307
4848.61 0.217983
4851.349999999999 0.2126072
4854.09 0.2089808
4856.84 0.2090122
4859.58 0.2251616
4862.32 0.2670391
4865.0599999999995 0.3152632
4867.81 0.3320835
4870.55 0.3033587
4873.29 0.2538871
4876.03 0.2183675
4878.78 0.2111776
4881.5199999999995 0.2055245
4884.26 0.2039247
4887.0 0.2095356
4889.75 0.2166709
4892.49 0.2139084
4895.23 0.214186
4897.97 0.2143996
4900.72 0.2209909
4903.46 0.2281271
4906.2 0.2296847
4908.95 0.2257374
4911.6900000000005 0.2219936
4914.43 0.2224739
4917.17 0.2218554
4919.92 0.2216521
4922.66 0.2208523
4925.4 0.2186339
4928.139999999999 0.2136528
4930.89 0.2118815
4933.63 0.2200417
4936.37 0.2218019
4939.11 0.2221329
4941.860000000001 0.2213642
4944.6 0.2193698
4947.34 0.2255353
4950.08 0.2274875
4952.83 0.2289482
4955.570000000001 0.2306551
4958.31 0.2407993
4961.05 0.2580795
4963.8 0.2671134
4966.54 0.264895
4969.28 0.24865
4972.03 0.238804
4974.77 0.2318282
4977.51 0.2262712
4980.25 0.2237861
4983.0 0.2210015
4985.74 0.2219083
4988.4800000000005 0.2193912
4991.22 0.2141115
4993.969999999999 0.2157642
4996.71 0.2190284
4999.45 0.2227833
5002.19 0.2232849
5004.94 0.2470494
5007.68 0.2953801
5010.42 0.342175
5013.16 0.3539086
5015.91 0.3175558
5018.65 0.2689163
5021.39 0.2351993
5024.14 0.2131401
5026.88 0.206047
5029.62 0.2110605
5032.360000000001 0.2145701
5035.110000000001 0.2087562
5037.85 0.2156577
5040.59 0.2180046
5043.33 0.2132048
5046.079999999999 0.2061536
5048.820000000001 0.2075831
5051.56 0.2121806
5054.3 0.2151142
5057.049999999999 0.2130549
5059.79 0.2162551
5062.53 0.2172687
5065.2699999999995 0.2165115
5068.0199999999995 0.2165643
5070.759999999999 0.2180791
5073.5 0.219626
5076.24 0.2163089
5078.99 0.2127563
5081.73 0.2087672
5084.47 0.2058554
5087.22 0.2085001
5089.96 0.211487
5092.7 0.2119566
5095.44 0.2119995
5098.1900000000005 0.2168308
5100.93 0.2153804
5103.67 0.2138446
5106.41 0.2112635
5109.160000000001 0.2150708
5111.900000000001 0.2160951
5114.64 0.214506
5117.38 0.2141542
5120.13 0.2111669
5122.870000000001 0.2156151
5125.610000000001 0.2155407
5128.35 0.2089062
5131.099999999999 0.2034657
5133.839999999999 0.2049912
5136.58 0.2030287
5139.33 0.2044148
5142.07 0.2076044
5144.8099999999995 0.2052366
5147.549999999999 0.2050555
5150.3 0.2073802
5153.04 0.207999
5155.78 0.207338
5158.5199999999995 0.2005008
5161.27 0.2037429
5164.01 0.2099511
5166.75 0.2059407
5169.49 0.2028688
5172.24 0.186271
5174.9800000000005 0.1747939
5177.72 0.1780261
5180.46 0.1883196
5183.21 0.1904311
5185.950000000001 0.1951992
5188.6900000000005 0.1960101
5191.43 0.1949969
5194.18 0.1998817
5196.92 0.2027619
5199.660000000001 0.2017274
5202.41 0.2054175
5205.15 0.2011831
5207.889999999999 0.2023779
5210.63 0.1981755
5213.38 0.1943989
5216.12 0.2011084
5218.86 0.2050446
5221.599999999999 0.2058768
5224.349999999999 0.2064629
5227.09 0.2081378
5229.83 0.2028473
5232.57 0.2037222
5235.32 0.2002443
5238.0599999999995 0.2004578
5240.8 0.205162
5243.54 0.2066236
5246.29 0.204799
5249.03 0.2073165
5251.77 0.2070501
5254.52 0.2043508
5257.26 0.2035617
5260.0 0.2057272
5262.74 0.2084581
5265.490000000001 0.2074228
5268.2300000000005 0.2003404
5270.97 0.1957966
5273.71 0.1949862
5276.459999999999 0.1957109
5279.2 0.2020471
5281.9400000000005 0.200746
5284.68 0.2023248
5287.429999999999 0.2063989
5290.169999999999 0.2089378
5292.91 0.2076047
5295.65 0.2103675
5298.4 0.2131296
5301.139999999999 0.2151991
5303.88 0.209258
5306.62 0.2088529
5309.37 0.2117643
5312.11 0.2136738
5314.849999999999 0.218538
5317.6 0.2184948
5320.34 0.2140577
5323.08 0.2075086
5325.82 0.2028261
5328.570000000001 0.2100575
5331.31 0.2049057
5334.05 0.201834
5336.79 0.2072421
5339.54 0.2081802
5342.280000000001 0.2105164
5345.02 0.2133006
5347.76 0.2084902
5350.51 0.2085216
5353.250000000001 0.2126818
5355.990000000001 0.2116793
5358.7300000000005 0.2186129
5361.48 0.2206922
5364.219999999999 0.2218444
5366.959999999999 0.21681
5369.7 0.2089062
5372.45 0.2077643
5375.19 0.2035192
5377.929999999999 0.2066981
5380.68 0.2127775
5383.42 0.2112524
5386.16 0.2092686
5388.9 0.2112635
5391.65 0.2101322
5394.39 0.214623
5397.13 0.2099086
5399.87 0.2007568
5402.62 0.2034763
5405.360000000001 0.2023032
5408.1 0.198794
5410.84 0.1992742
5413.59 0.1994763
5416.33 0.1969379
5419.070000000001 0.2000847
5421.81 0.2010236
5424.56 0.1995617
5427.3 0.2069432
5430.040000000001 0.2108474
5432.79 0.2043295
5435.53 0.2000524
5438.2699999999995 0.1997539
5441.009999999999 0.2045968
5443.759999999999 0.2123829
5446.5 0.2111137
5449.24 0.2083832
5451.98 0.2069968
5454.73 0.2068469
5457.47 0.2054391
5460.21 0.2071246
5462.95 0.2054075
5465.7 0.199071
5468.44 0.1961699
5471.18 0.2032527
5473.92 0.2087462
5476.67 0.207391
5479.41 0.2051512
5482.15 0.2045754
5484.89 0.2065596
5487.64 0.2058763
5490.38 0.2075726
5493.12 0.2034127
5495.870000000001 0.2061322
5498.610000000001 0.2107191
5501.35 0.2079566
5504.09 0.2061435
5506.839999999999 0.2021642
5509.58 0.2035938
5512.320000000001 0.208106
5515.06 0.2090235
5517.8099999999995 0.2081376
5520.549999999999 0.2082551
5523.29 0.2078713
5526.03 0.2086929
5528.78 0.2087243
5531.5199999999995 0.2031458
5534.259999999999 0.208266
5537.0 0.1988582
5539.75 0.202271
5542.49 0.2057805
5545.23 0.2110287
5547.9800000000005 0.2019402
5550.72 0.2072737
5553.46 0.2019086
5556.2 0.2021007
5558.950000000001 0.2069749
5561.6900000000005 0.212255
5564.43 0.2013646
5567.17 0.2008101
5569.92 0.2064096
5572.660000000001 0.2084044
5575.400000000001 0.200426
5578.14 0.2092581
5580.889999999999 0.1994336
5583.63 0.2035192
5586.370000000001 0.2095246
5589.110000000001 0.1979516
5591.86 0.2027083
5594.599999999999 0.2026552
5597.339999999999 0.2015674
5600.08 0.1987516
5602.83 0.1977697
5605.57 0.2005752
5608.3099999999995 0.2034554
5611.0599999999995 0.2055989
5613.8 0.2062497
5616.54 0.2060899
5619.28 0.2080848
5622.03 0.2046496
5624.77 0.2027831
5627.51 0.2053326
5630.25 0.2054075
5633.0 0.2066976
5635.74 0.2060898
5638.4800000000005 0.207434
5641.22 0.2058342
5643.97 0.2035403
5646.71 0.2025912
5649.450000000001 0.203626
5652.1900000000005 0.2080742
5654.9400000000005 0.203711
5657.68 0.2051512
5660.42 0.2085327
5663.160000000001 0.2044582
5665.91 0.1981537
5668.65 0.2010872
5671.389999999999 0.2039034
5674.139999999999 0.2020149
5676.88 0.2008098
5679.62 0.2047992
5682.36 0.2088528
5685.11 0.2079563
5687.849999999999 0.2047778
5690.59 0.2031993
5693.33 0.2027088
5696.08 0.1966283
5698.82 0.2036792
5701.56 0.198602
5704.3 0.2035622
5707.05 0.199135
5709.79 0.2010872
5712.53 0.2005967
5715.27 0.2002129
5718.02 0.2008097
5720.76 0.2010979
5723.5 0.2010127
5726.250000000001 0.2047242
5728.990000000001 0.204223
5731.7300000000005 0.2088632
5734.47 0.2052047
5737.219999999999 0.2055562
5739.959999999999 0.2037858
5742.7 0.2044473
5745.4400000000005 0.2029755
5748.19 0.2049589
5750.929999999999 0.2067404
5753.67 0.2048846
5756.41 0.2069862
5759.16 0.2027403
5761.9 0.2033592
5764.639999999999 0.1980687
5767.38 0.2034982
5770.13 0.2045643
5772.87 0.2039565
5775.61 0.2031674
5778.349999999999 0.1976316
5781.1 0.1985057
5783.84 0.2007139
5786.58 0.1988048
5789.33 0.1972576
5792.070000000001 0.1942178
5794.81 0.1957219
5797.55 0.2044048
5800.3 0.2025376
5803.040000000001 0.1994124
5805.780000000001 0.1967887
5808.52 0.2054821
5811.2699999999995 0.199999
5814.009999999999 0.2036792
5816.750000000001 0.2000207
5819.490000000001 0.1955835
5822.24 0.203071
5824.98 0.2024632
5827.719999999999 0.2085007
5830.459999999999 0.2009809
5833.21 0.2045217
5835.95 0.2070072
5838.69 0.2033594
5841.44 0.2090975
5844.18 0.1991244
5846.92 0.2085539
5849.66 0.2026127
5852.41 0.2035829
5855.15 0.2043618
5857.89 0.195498
5860.63 0.1981328
5863.38 0.199359
5866.12 0.1988258
5868.860000000001 0.190698
5871.6 0.2027088
5874.35 0.1960097
5877.09 0.1979832
5879.83 0.1957753
5882.570000000001 0.1965862
5885.320000000001 0.1951137
5888.06 0.1891832
5890.8 0.1737595
5893.540000000001 0.1741116
5896.29 0.1794445
5899.03 0.187242
5901.7699999999995 0.1840314
5904.5199999999995 0.186335
5907.259999999999 0.1909645
5910.0 0.1953699
5912.74 0.1925755
5915.49 0.1955509
5918.23 0.2012578
5920.97 0.1988259
5923.71 0.1923622
5926.46 0.1921803
5929.2 0.1933005
5931.94 0.1896207
5934.68 0.1853862
5937.43 0.1938337
5940.17 0.1954979
5942.91 0.1969913
5945.650000000001 0.1903889
5948.400000000001 0.1908257
5951.14 0.1932899
5953.88 0.1945701
5956.62 0.1966609
5959.370000000001 0.1976737
5962.110000000001 0.2007459
5964.85 0.2006288
5967.599999999999 0.1961696
5970.339999999999 0.1952738
5973.08 0.1985806
5975.82 0.2011835
5978.57 0.198911
5981.3099999999995 0.1990498
5984.049999999999 0.197674
5986.79 0.1961488
5989.54 0.1945697
5992.28 0.1932045
5995.0199999999995 0.1965433
5997.759999999999 0.1963515
6000.51 0.1935457
6003.25 0.1932685
6005.99 0.1907087
6008.73 0.1926396
6011.4800000000005 0.1963511
6014.22 0.1891406
6016.96 0.1864634
6019.71 0.1957749
6022.450000000001 0.1888951
6025.1900000000005 0.1908473
6027.93 0.1914021
6030.68 0.187455
6033.42 0.1944205
6036.160000000001 0.1915726
6038.900000000001 0.1898235
6041.65 0.191039
6044.389999999999 0.1932258
6047.129999999999 0.1987727
6049.870000000001 0.1983461
6052.62 0.1975883
6055.36 0.1989859
6058.099999999999 0.1934393
6060.839999999999 0.1889382
6063.59 0.1908258
6066.33 0.1965112
6069.07 0.1984101
6071.8099999999995 0.1975462
6074.56 0.1920311
6077.3 0.191626
6080.04 0.1942074
6082.79 0.1916683
6085.53 0.1944205
6088.27 0.1914446
6091.01 0.1905168
6093.76 0.1868364
6096.5 0.1839992
6099.24 0.1898553
6101.9800000000005 0.1942395
6104.7300000000005 0.1922977
6107.47 0.1886712
6110.21 0.185226
6112.950000000001 0.1934502
6115.7 0.1919884
6118.4400000000005 0.1945272
6121.18 0.1959674
6123.92 0.1881809
6126.669999999999 0.1935991
6129.41 0.1919992
6132.15 0.1937807
6134.9 0.1927029
6137.639999999999 0.1953484
6140.38 0.1914019
6143.12 0.1851408
6145.87 0.182303
6148.61 0.1864738
6151.349999999999 0.191434
6154.09 0.1920848
6156.84 0.1890977
6159.58 0.1905805
6162.32 0.1807247
6165.06 0.1810769
6167.81 0.1804364
6170.55 0.1759566
6173.29 0.1796794
6176.03 0.1892689
6178.780000000001 0.1879671
6181.52 0.1862926
6184.26 0.1870821
6187.0 0.1861542
6189.750000000001 0.1911671
6192.490000000001 0.1833806
6195.2300000000005 0.1846074
6197.98 0.1807457
6200.719999999999 0.1821005
6203.459999999999 0.183434
6206.2 0.1824955
6208.95 0.1870923
6211.69 0.1903352
6214.429999999999 0.1871886
6217.17 0.1815782
6219.92 0.1860044
6222.66 0.1870285
6225.4 0.1811621
6228.139999999999 0.1753489
6230.89 0.1761591
6233.63 0.1750926
6236.37 0.1736208
6239.11 0.1849809
6241.860000000001 0.1913058
6244.6 0.1879139
6247.34 0.1821434
6250.08 0.1782183
6252.83 0.1785165
6255.570000000001 0.1799993
6258.31 0.1897381
6261.06 0.1781964
6263.8 0.1791566
6266.540000000001 0.184106
6269.280000000001 0.1883941
6272.03 0.1853751
6274.7699999999995 0.1844899
6277.509999999999 0.1831674
6280.250000000001 0.1851515
6283.0 0.1850444
6285.74 0.2437003
6288.48 0.2256846
6291.219999999999 0.1881702
6293.97 0.1423246
6296.71 0.1497487
6299.45 0.1710181
6302.19 0.1807143
6304.94 0.1938444
6307.68 0.1961699
6310.42 0.1967781
6313.17 0.1979829
6315.91 0.1831885
6318.650000000001 0.177258
6321.39 0.1767782
6324.14 0.181599
6326.88 0.1882445
6329.62 0.1828153
6332.360000000001 0.1773648
6335.110000000001 0.1819617
6337.85 0.1832739
6340.59 0.1798074
6343.33 0.1875622
6346.08 0.1833058
6348.82 0.1918605
6351.56 0.185898
6354.3 0.1876475
6357.049999999999 0.1813858
6359.79 0.1843193
6362.53 0.1881061
6365.2699999999995 0.1835729
6368.0199999999995 0.1865058
6370.759999999999 0.1779727
6373.5 0.1772048
6376.25 0.189791
6378.99 0.1840845
6381.73 0.1857913
6384.47 0.1838821
6387.22 0.1828044
6389.96 0.1861645
6392.7 0.1860473
6395.44 0.1842982
6398.1900000000005 0.1837111
6400.93 0.1879459
6403.67 0.1865167
6406.41 0.1826129
6409.160000000001 0.1864737
6411.900000000001 0.1843406
6414.64 0.1800741
6417.38 0.1806929
6420.129999999999 0.1843405
6422.870000000001 0.1885966
6425.610000000001 0.1825381
6428.36 0.1878496
6431.099999999999 0.1809805
6433.839999999999 0.18209
6436.58 0.1904954
6439.33 0.1820897
6442.07 0.1833912
6444.8099999999995 0.1817167
6447.549999999999 0.1823142
6450.3 0.1825271
6453.04 0.1884152
6455.78 0.1871567
6458.5199999999995 0.1794022
6461.27 0.1823991
6464.01 0.1806819
6466.75 0.1727034
6469.49 0.1805115
6472.24 0.1832204
6474.9800000000005 0.1846393
6477.72 0.1858874
6480.46 0.1909009
6483.21 0.1894498
6485.950000000001 0.1937806
6488.6900000000005 0.1865061
6491.4400000000005 0.1726604
6494.18 0.1748259
6496.92 0.1748794
6499.660000000001 0.1780261
6502.41 0.1736631
6505.15 0.1691299
6507.889999999999 0.1763194
6510.629999999999 0.1808635
6513.38 0.1821004
6516.12 0.1915725
6518.86 0.1912527
6521.599999999999 0.1816742
6524.349999999999 0.1824204
6527.09 0.1796686
6529.83 0.1810447
6532.57 0.1792636
6535.32 0.1753058
6538.06 0.1810659
6540.8 0.1816528
6543.54 0.1789542
6546.29 0.1828045
6549.03 0.1951246
6551.77 0.2139194
6554.52 0.2267615
6557.26 0.2303883
6560.0 0.2747083
6562.740000000001 0.4071135
6565.490000000001 0.588093
6568.2300000000005 0.6807437
6570.97 0.6263444
6573.71 0.4532254
6576.459999999999 0.2933746
6579.2 0.2130764
6581.94 0.2089486
6584.68 0.250186
6587.429999999999 0.2961159
6590.17 0.3108254
6592.91 0.2795617
6595.65 0.2215035
6598.4 0.1951671
6601.139999999999 0.1766393
6603.88 0.1709648
6606.63 0.182527
6609.37 0.1758712
6612.11 0.185194
6614.849999999999 0.1802555
6617.6 0.1769804
6620.34 0.1874765
6623.08 0.1852367
6625.82 0.1829648
6628.570000000001 0.1773111
6631.31 0.1863779
6634.05 0.1799781
6636.79 0.1761169
6639.540000000001 0.1770018
6642.280000000001 0.1739193
6645.02 0.185642
6647.76 0.1805222
6650.509999999999 0.1825485
6653.250000000001 0.1803619
6655.990000000001 0.1749114
6658.7300000000005 0.1765756
6661.48 0.1755832
6664.219999999999 0.180682
6666.959999999999 0.1807888
6669.71 0.1738551
6672.45 0.1756365
6675.19 0.1798073
6677.929999999999 0.1751781
6680.68 0.1777911
6683.42 0.1791139
6686.16 0.1838713
6688.9 0.1812582
6691.650000000001 0.1766925
6694.39 0.1743673
6697.13 0.1778874
6699.87 0.1787622
6702.62 0.1754338
6705.360000000001 0.170826
6708.1 0.1729488
6710.84 0.1765329
6713.59 0.1883191
6716.33 0.2130125
6719.070000000001 0.2549219
6721.82 0.2828465
6724.56 0.2719987
6727.3 0.2432844
6730.040000000001 0.2316686
6732.79 0.2411934
6735.53 0.2485749
6738.2699999999995 0.2461858
6741.009999999999 0.2235087
6743.759999999999 0.1993377
6746.5 0.1810019
6749.24 0.1775887
6751.98 0.1710395
6754.73 0.1719778
6757.47 0.1729059
6760.21 0.1720634
6762.95 0.1749862
6765.7 0.1722338
6768.44 0.1738233
6771.18 0.1798927
6773.92 0.1752209
6776.67 0.1699512
6779.41 0.1662927
6782.150000000001 0.1752101
6784.900000000001 0.1722658
6787.64 0.1711672
6790.38 0.167722
6793.12 0.1761062
6795.870000000001 0.1740044
6798.610000000001 0.1740472
6801.35 0.1712954
6804.09 0.1710609
6806.839999999999 0.1684365
6809.58 0.1754979
6820.76 0.172266
6836.4800000000005 0.1726498
6852.240000000001 0.1734283
6868.04 0.1671349
6883.87 0.1690553
6899.73 0.1706023
6915.639999999999 0.1698022
6931.580000000001 0.1701754
6947.56 0.1717325
6963.58 0.1705382
6979.63 0.1728847
6995.719999999999 0.1701112
7011.849999999999 0.1658338
7028.01 0.1716474
7044.21 0.1669544
7060.450000000001 0.1661648
7076.73 0.163114
7093.040000000001 0.1608636
7109.39 0.1612154
7125.780000000001 0.1600953
7142.21 0.1589751
7158.67 0.15969
7175.18 0.1578445
7191.72 0.1521167
7208.290000000001 0.1517543
7224.91 0.161098
7241.570000000001 0.1566926
7258.259999999999 0.1573968
7274.99 0.1632952
7291.76 0.1588261
7308.57 0.1591676
7325.42 0.1595194
7342.3099999999995 0.1635938
7359.23 0.1620793
7376.200000000001 0.1643191
7393.2 0.1605646
7410.24 0.1665701
7427.32 0.163509
7444.45 0.1669113
7461.61 0.1672849
7478.81 0.1634552
7496.049999999999 0.1657167
7513.33 0.1637969
7530.65 0.1637753
7548.01 0.1660367
7565.41 0.1622395
7582.849999999999 0.1637219
7600.33 0.159242
7617.85 0.1584955
7635.41 0.1618023
7653.01 0.160298
7670.65 0.1482128
7688.34 0.1537595
7706.06 0.1516263
7723.82 0.1502184
7741.63 0.1519461
7759.48 0.1488102
7777.36 0.1501755
7795.29 0.1477543
7813.259999999999 0.1511783
7831.27 0.1536211
7849.33 0.1525434
7867.42 0.1542928
7885.56 0.1507622
7903.74 0.1452898
7921.96 0.1432846
7940.22 0.1432633
7958.52 0.145237
7976.870000000001 0.1479246
7995.259999999999 0.1445433
8013.69 0.1478927
8032.160000000001 0.1478713
8050.68 0.1495673
8069.24 0.1502393
8087.839999999999 0.1468047
8106.4800000000005 0.1427837
8125.17 0.1447567
8143.9 0.1454073
8162.68 0.1420793
8181.49 0.1497916
8200.35 0.1473703
8219.25 0.1473596
8238.2 0.1268582
8257.19 0.1493755
8276.23 0.1500474
8295.31 0.1436048
8314.43 0.1368101
8333.6 0.1425807
8352.810000000001 0.1428899
8372.06 0.1409169
8391.36 0.1367355
8410.710000000001 0.142186
8430.1 0.141834
8449.529999999999 0.1370019
8469.0 0.1401808
8488.529999999999 0.1395194
8508.1 0.1120955
8527.71 0.1353703
8547.369999999999 0.1157329
8567.07 0.1372157
8586.82 0.1387943
8606.62 0.1307089
8626.460000000001 0.1371621
8646.34 0.1381009
8666.27 0.1247782
8686.25 0.130645
8706.279999999999 0.1339726
8726.34 0.1364477
8746.460000000001 0.1336316
8766.63 0.1317862
8786.83 0.1376637
8807.09 0.1370128
8827.390000000001 0.1366824
8847.74 0.1308049
8868.14 0.1295888
8888.58 0.1263356
8909.07 0.1298554
8929.61 0.1289489
8950.2 0.1298234
8970.83 0.1262715
8991.5 0.1297916
9012.24 0.1202768
9033.01 0.116981
9053.83 0.1364794
9074.710000000001 0.1345912
9095.619999999999 0.1191143
9116.59 0.1227195
9137.6 0.1246929
9158.67 0.1266983
9179.779999999999 0.1209811
9200.94 0.1269542
9222.16 0.1198394
9243.42 0.1195515
9264.72 0.1228795
9286.08 0.1251516
9307.49 0.1138554
9328.94 0.1268583
9350.45 0.1265488
9372.0 0.1245009
9393.61 0.1259302
9415.26 0.1236157
9436.97 0.1264741
9458.720000000001 0.1250128
9480.52 0.1273171
9502.380000000001 0.1238288
9524.289999999999 0.1238182
9546.24 0.1187729
9568.25 0.1234982
9590.31 0.12577
9612.41 0.1245969
9634.57 0.1248743
9656.78 0.1237116
9679.039999999999 0.1234023
9701.35 0.1225383
9723.72 0.1211196
9746.14 0.1205434
9768.6 0.1208103
9791.119999999999 0.1194023
9813.69 0.1213329
9836.31 0.1202022
9858.99 0.1204582
9881.720000000001 0.1193382
9904.5 0.1187728
9927.33 0.1193061
9950.22 0.1195621
9973.15 0.1192636
9996.14 0.1186982
10019.18 0.1178662
10065.44 0.1156794
10135.199999999999 0.1180477
10181.98 0.1169382
10228.99 0.1171727
10276.199999999999 0.1171301
10299.890000000001 0.1165754
10491.369999999999 0.1119677
10711.06 0.1068051
10910.19 0.1017596
11087.47 0.09717942
11293.599999999999 0.09496707
11503.56 0.09388022
11690.480000000001 0.09090204
11907.83 0.08721131
12101.310000000001 0.08522639
12297.94 0.08347813
12497.769999999999 0.08083058
12700.84 0.07862796
12907.210000000001 0.07648508
13086.77 0.07474425
13299.41 0.07220663
13515.51 0.07023863
13703.529999999999 0.06863973
13894.169999999998 0.06585252
14087.460000000001 0.06274426
14316.359999999999 0.06174163
14515.52 0.06174158
14683.6 0.05937152
14887.859999999999 0.05992086
15094.970000000001 0.06005848
15304.960000000001 0.06075398
15482.19 0.05992085
15697.570000000002 0.05869206
15915.95 0.05643814
16100.25 0.05643817
16286.67 0.05592083
16513.24 0.05502702
16704.460000000003 0.05464833
16897.89 0.053651
17093.57 0.05267176
17291.48 0.05041687
17491.72 0.0488179
17694.27 0.04662061
17899.16 0.04472727
18106.41 0.04242009
18316.07 0.04126492
18485.56 0.03977157
18699.600000000002 0.03789425
18916.13 0.03686171
19091.17 0.03618865
19312.24 0.03504094
19490.920000000002 0.03354121
19716.62 0.03247669
19899.06 0.03137482
20083.17 0.03080204
20315.73 0.02975562
20503.719999999998 0.02934816
20693.42 0.0286143
20884.91 0.02796255
21078.14 0.02745162
21322.22 0.02682763
21519.52 0.02621643
21718.62 0.02532685
21919.590000000004 0.02486391
22122.42 0.0241311
22275.75 0.02347298
22481.879999999997 0.02288631
22689.89 0.02226231
22899.84 0.0199786
23111.72 0.01979618
23325.58 0.017361
23487.28 0.01631459
23704.59 0.0165034
23923.930000000004 0.01519035
24089.75 0.01460794
24312.66 0.01437434
24481.18 0.01332261
24707.71 0.01301861
24878.960000000003 0.01103036
25109.18 0.01082876
25283.21 0.0108533
25517.170000000002 0.01070502
25694.03 0.01085329
25872.15 0.01063099
26111.550000000003 0.01058214
26292.53 0.01029383
26474.769999999997 0.01017596
26719.750000000004 0.009967215
26904.98 0.00983047
27091.46 0.009673348
27279.239999999998 0.009474945
27531.659999999996 0.00932338
27722.489999999998 0.009111219
27914.67 0.008986201
28108.149999999998 0.008801888
28302.999999999996 0.008661198
28499.18 0.008483488
28696.739999999998 0.008309514
28895.64 0.00819549
29095.95 0.008045945
29297.620000000003 0.007880931
29500.72 0.007737039
29705.2 0.007613302
29911.120000000003 0.007457145
30118.44 0.007337999
30327.199999999997 0.007204025
30467.2 0.007121574
30678.38 0.007040077
30891.05 0.006943441
31105.16 0.006848185
31320.79 0.006769786
31465.350000000002 0.00667688
31683.44 0.006585254
31903.079999999998 0.006509947
32124.199999999997 0.006450216
32272.51 0.006420559
32496.19 0.006479975
32721.429999999997 0.006738642
32872.49 0.007595811
33100.329999999994 0.007508881
33329.79 0.006450218
33483.619999999995 0.006005845
33715.71 0.005775337
33871.36 0.005604991
34106.12 0.005477422
34263.54 0.005365101
34501.06 0.005267182
34660.3 0.005159128
34900.57 0.005064943
35061.659999999996 0.004972459
35304.67 0.004870488
35467.659999999996 0.004792622
35713.5 0.004705155
35878.37 0.004619287
36127.05 0.004535022
36293.79 0.004452249
36461.34 0.004370971
36714.060000000005 0.004291183
36883.51 0.004193477
37139.2 0.004116998
37310.61 0.004051078
37482.82 0.003958917
37742.659999999996 0.003913586
37916.86 0.003842118
38091.86 0.00377204
38267.72 0.003711771
38532.96 0.003643933
38710.85 0.003577479
38889.520000000004 0.0035122
39069.01 0.003448093
39339.840000000004 0.003392948
39521.42 0.003323293
39703.82 0.003270175
39887.12 0.003203188
40071.22 0.003151881
40256.17 0.003101534
40535.23 0.003037962
40722.32 0.002996256
40910.270000000004 0.002948362
41099.090000000004 0.002901216
41288.83 0.002861429
41479.4 0.002809162
41670.84 0.002764256
41863.219999999994 0.002719989
42056.43 0.002676577
42347.93 0.002645963
42543.439999999995 0.002597643
42739.79 0.002562018
42937.060000000005 0.002474977
43135.28 0.002385484
43334.37 0.002380043
43534.38 0.002299191
43735.350000000006 0.002252045
43937.21 0.002215991
44140.0 0.002150712
44343.729999999996 0.002126072
44548.439999999995 0.002092046
44651.13 0.002039779
44857.22 0.002030392
45064.3 0.001993273
45272.29 0.00195242
45481.25 0.001938979
45691.16 0.001916793
45902.1 0.0018689
46113.96 0.001864526
46326.799999999996 0.001834766
46540.670000000006 0.001809592
46647.95 0.001797113
46863.25 0.001772473
47079.54 0.001748154
47296.89 0.001740153
47515.19 0.001712313
47734.490000000005 0.001696633
47954.86 0.001677113
48065.4 0.00165034
48287.240000000005 0.001646501
48510.11 0.001623994
48734.06 0.0016017
48846.39 0.001583354
49071.84 0.001565221
49298.33 0.001550821
49525.92 0.001529594
49754.509999999995 0.001522554
49869.19 0.001501648
50099.42 0.001486287
50330.649999999994 0.001471034
50446.66 0.001450021
50679.5 0.001438395
50796.32 0.001431034
50913.46 0.001426874
51030.82 0.001416315
51148.45 0.001405755
51266.350000000006 0.001395301
51384.52 0.001388048
51502.97 0.001380902
51621.75000000001 0.001373755
51740.74 0.001369808
51860.0 0.001359568
51979.54 0.001352635
52099.36 0.001345595
52219.45 0.001338662
52339.82 0.001328635
52460.53 0.001324795
52581.45 0.001320955
52702.66 0.001317221
52824.14 0.001307302
52945.9 0.001297595
53067.950000000004 0.001290875
53190.33 0.001284155
53312.939999999995 0.001280422
53435.829999999994 0.001276689
53559.0 0.001270075
53682.46 0.001266448
53806.200000000004 0.001259835
53930.23 0.001256208
54054.6 0.001252582
54179.2 0.001246075
54304.090000000004 0.001239568
54429.26 0.001235942
54554.72 0.001235196
54680.479999999996 0.001228795
54806.520000000004 0.001225169
54932.91 0.001221649
55059.54 0.001218022
55186.450000000004 0.001217276
55313.66 0.001219302
55441.159999999996 0.001215782
55568.96 0.001209382
55697.11 0.001208636
55825.5 0.001207889
55954.17999999999 0.001207142
56083.16 0.001206395
56212.43 0.001208316
56342.01 0.001204795
56471.88 0.001206822
56602.11 0.001211622
56732.579999999994 0.001210876
56863.36 0.001212795
56994.42999999999 0.001214822
57125.81 0.001222502
57257.48 0.001227302
57389.530000000006 0.001232208
57521.82000000001 0.001237009
57654.41 0.001244795
57787.31 0.001252582
57920.509999999995 0.001263355
58054.02 0.001271249
58187.84 0.001282128
58322.03 0.001299195
58456.469999999994 0.001310288
58591.21 0.001327675
58726.27 0.001345168
58861.64 0.001366074
58997.32 0.001390608
59085.89 0.00166314
59394.920000000006 0.001026993
59703.939999999995 0.001092049
60012.95 0.0017537
60321.98 0.001723087
60631.00000000001 0.001986979
60940.02 0.0017649
61249.05 0.003293854
61558.07 0.005167873
61867.08 0.006191977
62176.11 0.006754428
62485.13 0.006124883
62794.15 0.004999128
63103.170000000006 0.003782386
63412.2 0.003117534
63721.22 0.003186122
64030.240000000005 0.003338547
64339.259999999995 0.002707403
64648.29 0.002251191
64957.3 0.002045433
65266.32 0.001951566
65575.34999999999 0.002096525
65884.37 0.002026232
66193.39 0.002210871
66502.42 0.001989966
66811.43 0.00178986
67120.45 0.002043405
67429.48 0.002243298
67738.5 0.002766389
68047.53 0.002270391
68356.55 0.002453324
68665.57 0.002142818
68974.59 0.001828366
69283.61 0.002210231
69592.63 0.002921162
69901.65000000001 0.003362228
70210.67 0.002400098
70519.7 0.001826873
70828.72 0.002529057
71137.74 0.002314124
71446.77 0.00259583
71755.78 0.002118179
72064.81 0.003009802
72373.83 0.002402977
72682.84999999999 0.003536093
72991.88 0.004169584
73300.89 0.003754226
73609.91 0.003510707
73918.94 0.003962865
74227.96 0.003782812
74536.98 0.004424197
74846.0 0.004546008
75134.8 0.004987181
75155.03 0.005600191
75464.05 0.006183764
75754.06 0.00601683
75773.07 0.005825897
76373.34 0.005938429
76992.61 0.005916886
77611.89 0.005471445
78231.16 0.005304194
78850.45 0.004743554
79469.72 0.003828465
80088.98999999999 0.003456307
80708.26999999999 0.002839776
81327.54000000001 0.00280127
81946.81 0.002271138
82566.09 0.00256319
83185.36 0.002412044
83804.65 0.002412897
84423.92 0.002794976
85043.2 0.002839135
85662.47 0.003190601
86281.75 0.003044789
86901.01999999999 0.002759882
87520.29000000001 0.002257592
88139.57 0.001660687
88758.84 0.001448954
89378.11 0.001340155
89997.39 0.001370661
90616.66 0.0009965936
91235.95 0.0008442205
91855.22 0.0005654592
92474.5 0.0006616081
93093.76999999999 0.0008842313
93713.04000000001 0.0006968828
94332.32 0.0007918048
94951.59 0.0008320075
95570.87 0.0008251382
96190.14 0.0008600182
96809.41 0.0009521565
97428.7 0.0007131492
98047.98 0.0008069089
98667.25 0.0006819814
99286.53000000001 0.0006458106
99905.76000000001 0.0005321792
100525.08 0.000638803
101144.31 0.0005781311
101763.65000000001 0.0006702695
102382.89 0.0006883492
103002.21 0.000686184
103621.45999999999 0.0007396877
104240.68999999999 0.0007387064
104860.01 0.0007141733
105479.25 0.0008999966
106098.59 0.0009578523
106717.82 0.0008930419
107337.05 0.0009612977
107956.38 0.0008885405
108575.62 0.001078503
109194.95 0.001209062
109814.18 0.001427728
110433.51 0.001550394
111052.75 0.001959566
111671.98000000001 0.002878069
112291.31000000001 0.003765212
112910.54000000001 0.00358836
113529.88 0.002733109
114149.11 0.002142605
114768.44 0.00172938
115387.67 0.001463568
116006.90000000001 0.001312315
116626.25 0.001140369
117245.48000000001 0.001123089
117864.79999999999 0.001170342
118484.03 0.001092263
119103.37 0.001215569
119722.61 0.001209489
120341.84 0.001133222
120961.18000000001 0.001071676
121580.41 0.001016945
122199.73 0.001096103
122818.97 0.001123089
123438.21 0.001208102
124057.54 0.001130662
124676.77 0.001272635
125296.1 0.001300048
125915.34 0.001452581
126534.67 0.001495141
127153.9 0.00174378
127773.14 0.002294711
128392.47 0.002042446
129011.70000000001 0.001221862
129631.03 0.0008654687
130250.26000000001 0.0007412665
130869.5 0.0007148026
131488.83 0.0006991867
132108.06 0.0007277626
132727.41 0.0007149412
133346.63 0.000615827
133965.94999999998 0.0006616828
134585.2 0.0007727009
135204.44 0.0006842107
135823.77 0.000700904
136442.97999999998 0.0006573096
137062.33 0.0006094057
137681.56 0.0005946004
138300.91 0.0005285632
138920.12 0.0005682324
139539.36000000002 0.0006167443
140158.69 0.000530366
140777.94 0.0005227073
141397.25 0.0006465362
142016.48 0.0005798485
142635.81 0.0005157314
143255.06 0.0004651182
143874.28 0.0005117847
144493.63 0.0004961581
145026.48 0.0004776409
145940.92 0.0004811289
146855.44999999998 0.000456681
147769.91 0.0004592516
148684.34 0.0004537795
149598.78 0.0004399663
150513.31 0.0004475397
151427.77000000002 0.0004284783
152342.19 0.0004591449
153256.73 0.000446217
154171.16999999998 0.0004935661
155085.59 0.000811421
156000.05 0.0008530527
156914.59 0.0005415552
157829.03 0.0004850115
158743.45 0.0005067821
159658.0 0.000523934
160572.44 0.0005105047
161486.88 0.0005150913
162401.41 0.0005804245
163315.84 0.0007348346
164230.28 0.0009072285
165144.72999999998 0.000844786
166059.28 0.0007224292
166973.68999999997 0.0007267279
167888.13999999998 0.0007239545
168802.58000000002 0.0007262906
169717.13 0.0008362101
170631.56 0.0009094259
171546.02000000002 0.0008023648
172460.55 0.0007565624
173374.98 0.0007910689
174289.41999999998 0.0007388132
175203.95 0.000646867
176118.38999999998 0.0005802964
177032.83 0.000609683
177947.27000000002 0.0005875497
178861.8 0.0005502379
179776.25 0.000510206
180690.67 0.0004507503
181605.2 0.0004670596
182519.66 0.0004646062
183434.09000000003 0.0004519022
184348.63 0.0004576622
185263.06000000003 0.0004649476
186177.52 0.0006996879
187091.94 0.001153596
188006.47999999998 0.0008106209
188920.92 0.0005433152
189835.34 0.0004530223
190749.91 0.0004798062
191664.34 0.0004234544
192578.77000000002 0.0003989105
193493.19999999998 0.0004016945
194407.77000000002 0.0004214064
195322.19 0.0004282864
196236.64 0.0004138224
197151.19 0.0003982917
198065.59 0.0004181638
198980.05000000002 0.0004102918
199894.47999999998 0.0004075185
200809.03 0.0003919025
201723.45 0.0004026118
202637.91 0.0004102811
203552.44 0.0003894919
204649.58 0.0003774492
206410.16 0.0004104837
208171.80000000002 0.0003869319
209934.36 0.0003879345
211698.0 0.0003880412
213462.66 0.0004047238
215228.41 0.0003779399
216995.05 0.0003966171
218762.78 0.0003976945
220531.52999999997 0.0003965211
222301.36000000002 0.0003876785
224072.19999999998 0.0003996998
225844.02999999997 0.0003960732
227616.93999999997 0.0003999665
229390.87 0.0004075077
231165.8 0.0003929585
232941.80999999997 0.0003955931
234718.84 0.0004086277
236496.94 0.0003986652
238276.16 0.0003972465
240056.36 0.0003924252
241837.56 0.0003984625
243619.88 0.0003842759
245403.17 0.0003919558
247187.69000000003 0.0003839025
248973.08 0.0003971825
250759.55000000002 0.0004019718
252547.13999999998 0.0003946118
254335.83 0.0004002118
256125.52000000002 0.0004018224
257916.28 0.0004217691
259708.16 0.0004379397
261501.13 0.0004018972
263295.12 0.0003853958
265090.16 0.0003714333
266886.34 0.000369812
268683.5 0.0003790599
270481.88 0.0003732465
272281.22 0.0003719772
274081.66000000003 0.0003765212
275883.22000000003 0.000364212
277685.88 0.0003708466
279489.63 0.0003783132
281294.44 0.000431753
283100.37 0.0004176304
284907.44 0.0003741532
286715.56 0.0003666333
288524.78 0.0003664093
290335.13 0.0003720732
292146.52999999997 0.0003767666
293959.06 0.0003682653
295772.69 0.0003728092
297587.5 0.0003790812
299403.41 0.0003793052
301220.31 0.0003732785
303038.41 0.0003775132
304857.59 0.0003816732
306678.02999999997 0.0003796038
308499.44 0.0003798598
310322.02999999997 0.0003757852
312145.81 0.0003822705
313970.58999999997 0.0003737693
315796.58999999997 0.0003913372
317623.75 0.0004019611
319451.91000000003 0.0003941425
321281.31000000006 0.0003948038
323111.91000000003 0.0004013104
324943.52999999997 0.0003938545
326776.27999999997 0.0004005852
328610.27999999997 0.0004031451
330445.44 0.0004210971
332281.69 0.0004747608
334119.06 0.0007809463
335957.59 0.000795773
337797.38 0.0004602969
339638.27999999997 0.0004133531
341480.34 0.0004085104
343323.5 0.0004052998
345167.91 0.0004594435
347013.47 0.0007143866
348860.19 0.0009686682
