100.09 1.24017e-07
101.96000000000001 1.715393e-07
104.09 2.164889e-07
106.03 2.782317e-07
108.0 3.642426e-07
110.0 5.351168e-07
113.86999999999999 8.098567e-07
117.87 1.151963e-06
120.9 4.440307e-06
125.14000000000001 5.813692e-06
126.88 6.463694e-06
128.06 6.925011e-06
131.04 7.951694e-06
131.95 9.537678e-06
134.09 1.036342e-05
136.9 1.356627e-05
140.09 1.52914e-05
143.02 4.51312e-05
147.03 0.0001206288
151.15 0.0001338016
155.03 0.0001497774
159.0 0.0001680623
161.95999999999998 0.0001813203
166.11999999999998 0.0002038968
169.98 0.0002241221
173.14 0.0002412475
177.18 0.0002626886
180.06 0.0002801676
182.14000000000001 0.0002927234
185.96 0.0003172708
191.17 0.0003494995
193.82 0.0003727969
197.88 0.0003994387
202.03 0.0004299586
204.83999999999997 0.0004533651
210.09 0.0004693125
215.98 0.0005388001
219.99 0.0005747193
223.04999999999998 0.0005935899
227.20000000000002 0.0006345105
229.83 0.0009782179
234.1 0.001692187
240.11 0.002125475
246.26999999999998 0.002053189
252.01000000000002 0.002220409
257.28000000000003 0.001903009
260.26 0.002205273
263.88 0.002335882
268.79 0.002362783
273.78 0.002379428
278.87 0.002401306
284.06 0.00242358
290.01 0.002330376
296.08 0.002395722
300.89 0.002390249
307.90000000000003 0.002440346
317.99 0.002514404
327.65000000000003 0.002531939
338.38 0.002526059
347.85999999999996 0.002514542
356.79 0.002502805
365.94 0.002508721
375.33 0.002485669
384.95 0.002390318
394.83 0.002440363
404.96 0.002429092
414.39 0.002395724
422.09000000000003 0.002352117
429.94 0.002319844
440.96999999999997 0.002293223
451.23999999999995 0.002241051
459.63 0.002200141
470.34 0.002159937
480.19 0.002135201
490.24 0.002067513
500.51 0.002053266
506.3 0.002011148
512.16 0.002067513
520.49 0.002034371
530.16 0.001978978
540.02 0.001902976
550.06 0.001868331
560.2900000000001 0.001872591
569.39 0.001872575
579.97 0.001813218
589.4 0.001800678
600.36 0.0017236
610.11 0.001536204
620.03 0.001715666
630.0999999999999 0.001672833
640.3399999999999 0.00165747
650.7400000000001 0.001627266
658.28 0.001586491
664.37 0.001601165
675.1600000000001 0.001579248
684.5600000000001 0.001504667
695.6800000000001 0.00154688
705.36 0.001460284
716.8199999999999 0.001511589
726.79 0.001490915
735.21 0.001477203
745.43 0.00146369
755.8 0.001450249
764.56 0.00134104
775.19 0.001433679
784.17 0.001404283
795.0799999999999 0.001410752
804.28 0.001407507
815.4699999999999 0.001394572
824.92 0.001407479
834.4699999999999 0.001257319
844.13 0.001375453
855.87 0.001359729
865.78 0.001372296
875.8100000000001 0.001388191
885.9499999999999 0.001407501
894.15 0.001417224
904.5 0.001388194
914.9699999999999 0.001809058
925.57 0.007437643
934.13 0.01522132
944.9499999999999 0.02808343
955.89 0.03985158
964.74 0.04299769
975.91 0.007437665
984.9399999999999 0.03360809
994.05 0.0371921
1005.5600000000001 0.05694158
1014.8699999999999 0.05577538
1024.26 0.02457233
1036.12 0.03736304
1045.71 0.07472
1055.38 0.07302314
1065.15 0.05539199
1075.0 0.06736603
1084.95 0.05110321
1094.99 0.07103149
1105.12 0.06799077
1115.35 0.06433527
1125.67 0.0569412
1136.08 0.07523989
1143.96 0.06752229
1154.54 0.07268404
1165.22 0.07455178
1176.01 0.04948173
1184.1599999999999 0.07201842
1195.1100000000001 0.04682196
1206.17 0.0321697
1214.53 0.02341253
1225.77 0.04824437
1234.27 0.07558911
1245.69 0.08325955
1254.32 0.07842102
1265.93 0.06598291
1274.7 0.08819645
1283.54 0.09277632
1295.4199999999998 0.07005538
1304.4 0.06877475
1316.46 0.08962958
1325.5900000000001 0.08520008
1334.7800000000002 0.0733558
1344.03 0.0906664
1356.4699999999998 0.0871853
1365.87 0.07646351
1375.34 0.08099254
1384.87 0.08174356
1394.4699999999998 0.07054101
1404.14 0.07318611
1413.8700000000001 0.07437593
1423.6699999999998 0.0771687
1433.5400000000002 0.07628841
1443.48 0.08117837
1446.8 0.08287679
1453.48 0.0800679
1463.5600000000002 0.07285323
1473.7 0.07268464
1483.92 0.07455126
1494.2 0.07628918
1504.5600000000002 0.07168605
1511.5 0.06258222
1518.48 0.06767569
1525.49 0.06598355
1536.06 0.0566819
1546.71 0.06508115
1553.85 0.06045589
1564.62 0.06087857
1575.47 0.0665977
1586.39 0.07086803
1593.71 0.07335553
1604.76 0.07135831
1615.88 0.07103159
1623.3400000000001 0.06568433
1634.59 0.07103199
1645.9199999999998 0.07369386
1653.52 0.06522736
1664.98 0.0740383
1672.67 0.06200615
1676.52 0.07878714
1684.26 0.08345181
1695.94 0.07558838
1703.76 0.07268431
1715.57 0.07086838
1723.49 0.07086831
1735.44 0.07752364
1743.45 0.07506428
1755.53 0.08269063
1763.6399999999999 0.07185502
1775.86 0.07681336
1784.0600000000002 0.0771686
1796.43 0.08678512
1804.72 0.08403244
1813.05 0.078607
1825.6200000000001 0.07878689
1834.0400000000002 0.07403826
1846.75 0.06690312
1855.28 0.06941231
1863.84 0.07352491
1876.76 0.07788528
1885.4299999999998 0.07285295
1894.1299999999999 0.07235157
1902.8700000000001 0.07420717
1916.06 0.07318639
1924.9099999999999 0.07135869
1933.79 0.06767526
1947.19 0.07752379
1956.1799999999998 0.07386854
1965.21 0.08212132
1974.28 0.08269081
1983.3999999999999 0.07914834
1997.14 0.07681324
2006.3600000000001 0.07681304
2015.62 0.07403844
2024.93 0.07541381
2034.27 0.07489541
2043.6599999999999 0.07969608
2053.1 0.07541391
2067.33 0.07455096
2072.09 0.08269054
2076.87 0.08364407
2086.46 0.08618774
2096.0899999999997 0.08099252
2105.76 0.07860709
2115.48 0.08006777
2125.25 0.08117869
2135.06 0.07201822
2144.91 0.07842072
2154.81 0.0808064
2164.76 0.07610758
2174.75 0.07558911
2184.79 0.07716819
2194.87 0.08136523
2205.0 0.07824079
2215.18 0.07103186
2225.41 0.06973428
2235.68 0.0791481
2246.0 0.07420672
2256.37 0.0679912
2266.7799999999997 0.06909651
2277.2400000000002 0.07252068
2282.4900000000002 0.07752406
2293.03 0.07119504
2303.61 0.0735588
2314.25 0.06853218
2324.93 0.05025605
2335.66 0.05922026
2346.44 0.05367368
2357.27 0.06577462
2362.7000000000003 0.054224
2373.6099999999997 0.05922017
2384.57 0.04986173
2395.5699999999997 0.05547034
2406.6299999999997 0.05337736
2417.74 0.05618838
2423.31 0.06603973
2434.5 0.06383964
2445.73 0.06940149
2457.02 0.06929458
2462.69 0.06726919
2474.06 0.06325847
2485.47 0.06171934
2496.95 0.05911876
2502.7 0.07192296
2514.2599999999998 0.05599936
2520.0499999999997 0.05512347
2525.8599999999997 0.0530264
2537.52 0.05659718
2543.37 0.05674957
2555.1099999999997 0.06811549
2566.8999999999996 0.06245255
2572.82 0.06961566
2584.7 0.067455
2596.6299999999997 0.06476467
2602.61 0.06102507
2614.6200000000003 0.05858851
2626.69 0.06685213
2632.75 0.07749543
2644.9 0.0923867
2657.1099999999997 0.1049364
2663.2299999999996 0.08186173
2675.5299999999997 0.089414
2687.88 0.09305239
2694.07 0.08144983
2706.5099999999998 0.08978614
2712.75 0.07768726
2725.27 0.07407748
2737.85 0.08222766
2744.16 0.06097984
2756.83 0.06737634
2763.1800000000003 0.07493476
2775.94 0.08034926
2782.33 0.06579161
2795.18 0.04320089
2808.08 0.04839816
2814.55 0.0772643
2827.54 0.09232473
2834.06 0.08881637
2847.1400000000003 0.07995518
2853.71 0.0690233
2866.88 0.09211582
2873.4900000000002 0.1017443
2886.75 0.09791449
2893.3999999999996 0.1039951
2906.7599999999998 0.12746
2926.91 0.1166464
2947.2 0.1120439
2967.63 0.1171996
2988.2 0.1187001
3008.9100000000003 0.120494
3029.77 0.1240243
3050.77 0.126196
3071.92 0.1332242
3093.21 0.1336925
3107.49 0.1430446
3129.0299999999997 0.1370938
3150.7200000000003 0.1388594
3172.56 0.1455877
3187.2 0.1304663
3209.2900000000004 0.1412679
3231.54 0.1257789
3246.46 0.155233
3268.96 0.1728042
3291.62 0.1706551
3306.81 0.1657646
3322.0699999999997 0.1628832
3329.73 0.1758216
3337.4100000000003 0.1672084
3345.1 0.1676719
3352.81 0.1572706
3360.5400000000004 0.1721222
3368.29 0.1718053
3376.0499999999997 0.1449515
3383.84 0.145351
3391.6400000000003 0.1748284
3399.46 0.1789798
3407.29 0.1698261
3415.15 0.1679581
3423.02 0.1907186
3430.91 0.1784786
3438.82 0.1810449
3446.75 0.1364563
3454.69 0.1770851
3462.6600000000003 0.1518379
3470.64 0.1692671
3478.64 0.1438056
3486.66 0.1629213
3494.6899999999996 0.1528199
3502.75 0.1812934
3510.83 0.1797129
3518.9199999999996 0.1658719
3527.0299999999997 0.1555891
3535.16 0.1787209
3543.31 0.1974135
3551.48 0.194345
3559.6699999999996 0.1861153
3567.8700000000003 0.1757883
3576.1 0.1560228
3584.3399999999997 0.1337772
3592.6000000000004 0.1505183
3600.89 0.1976055
3609.19 0.1698257
3617.5099999999998 0.1828947
3625.85 0.189415
3633.65 0.1689408
3636.4 0.1698147
3639.15 0.1825225
3641.89 0.1896359
3644.6400000000003 0.1912995
3647.39 0.1940855
3650.1299999999997 0.1867873
3652.88 0.2019431
3655.62 0.1950058
3658.3700000000003 0.210438
3661.12 0.2017568
3663.8599999999997 0.2157291
3666.61 0.2195248
3669.3599999999997 0.2107589
3672.1 0.2121247
3674.85 0.211735
3677.59 0.1991855
3680.3399999999997 0.1942383
3683.09 0.2010291
3685.83 0.2031676
3688.5800000000004 0.1849989
3691.33 0.2008654
3694.0699999999997 0.209169
3696.82 0.2135344
3699.56 0.214432
3702.31 0.2207941
3705.06 0.2174093
3707.8 0.1874304
3710.55 0.186725
3713.2999999999997 0.1965166
3716.04 0.2236314
3718.79 0.2071606
3721.54 0.2123156
3724.2799999999997 0.2198126
3727.03 0.2327629
3729.77 0.2661163
3732.5199999999995 0.2639724
3735.27 0.2290682
3738.0099999999998 0.1994616
3740.76 0.1720369
3743.5099999999998 0.1897083
3746.25 0.1813666
3749.0 0.1735653
3751.7400000000002 0.1700349
3754.49 0.1894494
3757.2400000000002 0.2022248
3759.98 0.2071103
3762.73 0.2122935
3765.48 0.2131899
3768.22 0.2118031
3770.9700000000003 0.2084973
3773.71 0.2200724
3776.46 0.2401749
3779.21 0.2473831
3781.95 0.2603459
3784.7 0.2615751
3787.45 0.2580999
3790.19 0.2511121
3792.94 0.2239016
3795.6800000000003 0.2104609
3798.43 0.1990891
3801.1800000000003 0.2000646
3803.92 0.196506
3806.6699999999996 0.2236705
3809.42 0.2353629
3812.16 0.2470848
3814.9100000000003 0.2431867
3817.65 0.2308459
3820.4 0.2157739
3823.15 0.2005948
3825.8900000000003 0.1959307
3828.64 0.1909215
3831.39 0.1737852
3834.13 0.1679647
3836.8799999999997 0.1627017
3839.6200000000003 0.1658666
3842.37 0.1728718
3845.1200000000003 0.1922637
3847.86 0.213439
3850.6099999999997 0.2244941
3853.36 0.2267498
3856.1 0.2232873
3858.85 0.2238114
3861.5899999999997 0.2154754
3864.34 0.2269648
3867.09 0.2303205
3869.8300000000004 0.2398933
3872.58 0.2404963
3875.3300000000004 0.2293558
3878.07 0.2222663
3880.8199999999997 0.2257461
3883.56 0.2195253
3886.31 0.2075782
3889.06 0.2056036
3891.8 0.2112561
3894.55 0.2196601
3897.3 0.2322325
3900.04 0.2530018
3902.79 0.2557088
3905.5299999999997 0.2546774
3908.28 0.2658734
3911.0299999999997 0.265055
3913.7699999999995 0.2846568
3916.52 0.2803977
3919.2700000000004 0.2779153
3922.01 0.2597197
3924.7599999999998 0.2499554
3927.5 0.2269878
3930.25 0.202795
3933.0 0.1742309
3935.74 0.1608013
3938.4900000000002 0.1733625
3941.24 0.1911073
3943.9800000000005 0.2111658
3946.73 0.236655
3949.47 0.2535436
3952.2200000000003 0.2661667
3954.97 0.2666287
3957.71 0.2698504
3960.46 0.2556751
3963.2099999999996 0.2262818
3965.95 0.190589
3968.7 0.1670788
3971.44 0.1573663
3974.19 0.1705593
3976.94 0.2042725
3979.68 0.2405871
3982.4300000000003 0.2689305
3985.18 0.2874535
3987.9199999999996 0.3028475
3990.67 0.3076076
3993.4199999999996 0.3147423
3996.1600000000003 0.3202541
3998.91 0.3270391
4001.65 0.3283544
4004.4 0.3325841
4007.15 0.3376882
4009.89 0.3421397
4012.64 0.3442768
4015.39 0.3522463
4018.1299999999997 0.3549718
4020.88 0.3535723
4023.62 0.3516724
4026.3700000000003 0.3493422
4029.12 0.3482812
4031.8599999999997 0.3390035
4034.61 0.3341633
4037.3599999999997 0.3385003
4040.1 0.3432563
4042.85 0.3485747
4045.59 0.3443397
4048.34 0.3293521
4051.09 0.3306263
4053.83 0.3337691
4056.5800000000004 0.3383712
4059.33 0.3358774
4062.0699999999997 0.3264023
4064.82 0.3281559
4067.56 0.3244511
4070.31 0.3284158
4073.06 0.3304345
4075.8 0.3357433
4078.55 0.3303785
4081.2999999999997 0.3277156
4084.04 0.3365328
4086.79 0.34391
4089.53 0.3462519
4092.2799999999997 0.3448186
4095.03 0.3386133
4097.77 0.3212978
4100.52 0.3014481
4103.2699999999995 0.2930263
4106.01 0.294144
4108.76 0.3042288
4111.5 0.3175414
4114.25 0.3277164
4117.0 0.3323693
4119.74 0.3444298
4122.49 0.3452245
4125.24 0.3437235
4127.98 0.3422524
4130.7300000000005 0.3391438
4133.47 0.3369901
4136.22 0.3368654
4138.97 0.342009
4141.71 0.3488915
4144.46 0.3439611
4147.21 0.3354432
4149.95 0.333893
4152.7 0.3352292
4155.4400000000005 0.3348975
4158.19 0.3344738
4160.9400000000005 0.3379986
4163.68 0.3455354
4166.43 0.3470746
4169.18 0.3409145
4171.92 0.3328947
4174.67 0.32053
4177.41 0.3183988
4180.16 0.3215626
4182.91 0.3285055
4185.650000000001 0.3327257
4188.4 0.3324995
4191.150000000001 0.3333506
4193.89 0.3368544
4196.639999999999 0.3334807
4199.38 0.3297138
4202.13 0.3328776
4204.88 0.3312751
4207.62 0.3374638
4210.37 0.3413044
4213.12 0.347215
4215.860000000001 0.3481468
4218.61 0.3511864
4221.349999999999 0.3451013
4224.1 0.3395899
4226.849999999999 0.3282574
4229.59 0.3210554
4232.34 0.3281168
4235.09 0.3383933
4237.83 0.3439164
4240.58 0.3438311
4243.32 0.3507476
4246.07 0.3581304
4248.82 0.3555408
4251.5599999999995 0.3527384
4254.31 0.3430473
4257.0599999999995 0.3424093
4259.8 0.3401936
4262.55 0.3451229
4265.3 0.3489466
4268.04 0.3544697
4270.79 0.3500638
4273.53 0.328061
4276.28 0.3200396
4279.03 0.3266892
4281.7699999999995 0.3341357
4284.52 0.3387378
4287.27 0.3397187
4290.01 0.3305143
4292.76 0.3288046
4295.5 0.3226461
4298.25 0.3148784
4301.0 0.300596
4303.74 0.2837598
4306.49 0.2752759
4309.24 0.2709379
4311.9800000000005 0.2795631
4314.73 0.3087637
4317.47 0.3425516
4320.22 0.3605782
4322.97 0.3675719
4325.71 0.3524281
4328.46 0.3501712
4331.21 0.3477847
4333.95 0.3615825
4336.7 0.3611362
4339.44 0.347081
4342.1900000000005 0.3389636
4344.94 0.339702
4347.68 0.3458793
4350.43 0.3605329
4353.179999999999 0.3638771
4355.92 0.3664334
4358.67 0.3682942
4361.41 0.3804224
4364.16 0.3952564
4366.91 0.3971904
4369.65 0.3973665
4372.400000000001 0.3890686
4375.15 0.3779391
4377.889999999999 0.3760506
4380.64 0.3673691
4383.38 0.3578376
4386.13 0.3453714
4388.88 0.3409035
4391.62 0.3507134
4394.37 0.3656207
4397.12 0.3706571
4399.86 0.3778218
4402.610000000001 0.3757284
4405.35 0.3724072
4408.099999999999 0.3720907
4410.85 0.3692472
4413.59 0.3802982
4416.34 0.3906197
4419.09 0.3927681
4421.83 0.3950029
4424.58 0.3906139
4427.32 0.3944619
4430.07 0.3924137
4432.82 0.3933098
4435.56 0.397186
4438.3099999999995 0.3954142
4441.06 0.3937891
4443.8 0.4043832
4446.55 0.4074397
4449.29 0.409477
4452.04 0.4100686
4454.79 0.4076989
4457.53 0.3934689
4460.28 0.3819164
4463.03 0.378554
4465.77 0.3854986
4468.52 0.3912287
4471.26 0.4052128
4474.01 0.4106835
4476.76 0.4160864
4479.5 0.4243453
4482.25 0.4238539
4485.0 0.4258161
4487.74 0.4232847
4490.49 0.4249141
4493.23 0.4272054
4495.98 0.4206842
4498.7300000000005 0.4202491
4501.47 0.4281189
4504.22 0.4390947
4506.97 0.4522534
4509.71 0.4619451
4512.46 0.4587857
4515.2 0.4434727
4517.95 0.4365567
4520.700000000001 0.4398557
4523.4400000000005 0.4357619
4526.19 0.4257492
4528.9400000000005 0.4119122
4531.68 0.4013485
4534.43 0.3983979
4537.18 0.4033666
4539.92 0.4120767
4542.67 0.4209091
4545.41 0.4251859
4548.16 0.4244631
4550.91 0.4206776
4553.650000000001 0.4159351
4556.4 0.4194654
4559.150000000001 0.4257483
4561.89 0.4326817
4564.639999999999 0.438141
4567.38 0.4412953
4570.13 0.4429699
4572.88 0.4422472
4575.62 0.4413402
4578.37 0.436985
4581.12 0.4307176
4583.860000000001 0.4256423
4586.61 0.4257939
4589.349999999999 0.4280964
4592.1 0.4259579
4594.849999999999 0.4274689
4597.59 0.4270471
4600.34 0.4253768
4603.09 0.4257032
4605.83 0.4326592
4608.58 0.439743
4611.32 0.4486056
4614.07 0.4517297
4616.82 0.4552938
4619.5599999999995 0.4587639
4622.31 0.4583797
4625.0599999999995 0.4580574
4627.8 0.4575849
4630.55 0.4563545
4633.29 0.4523001
4636.04 0.4449215
4638.79 0.4368943
4641.53 0.4321744
4644.28 0.4307297
4647.03 0.4244059
4649.7699999999995 0.4224329
4652.52 0.424852
4655.26 0.4275832
4658.01 0.4316606
4660.76 0.4345705
4663.5 0.4348593
4666.25 0.4282986
4669.0 0.4180716
4671.74 0.4139156
4674.49 0.4169383
4677.23 0.418248
4679.9800000000005 0.4199282
4682.73 0.421648
4685.47 0.4254564
4688.22 0.4279601
4690.97 0.4255961
4693.71 0.4249994
4696.46 0.4239834
4699.2 0.422862
4701.95 0.4168711
4704.7 0.4119236
4707.44 0.4126412
4710.1900000000005 0.4138419
4712.94 0.4160692
4715.68 0.4212314
4718.43 0.4297988
4721.17 0.4362076
4723.92 0.4355865
4726.67 0.4346269
4729.41 0.4336691
4732.16 0.4254332
4734.91 0.4222682
4737.65 0.4276166
4740.400000000001 0.4323935
4743.14 0.4375162
4745.889999999999 0.4430715
4748.64 0.4476566
4751.38 0.4502017
4754.13 0.4465121
4756.88 0.4425122
4759.62 0.4359308
4762.37 0.4313443
4765.110000000001 0.4270643
4767.86 0.4283215
4770.610000000001 0.427063
4773.35 0.4322365
4776.099999999999 0.4435451
4778.85 0.4502284
4781.59 0.45032
4784.34 0.4457673
4787.08 0.4421359
4789.83 0.438937
4792.58 0.4423037
4795.32 0.4466481
4798.07 0.4550293
4800.82 0.4582945
4803.56 0.4565697
4806.3099999999995 0.4553675
4809.05 0.451708
4811.8 0.44746
4814.55 0.4502457
4817.29 0.4596102
4820.04 0.462221
4822.79 0.45962
4825.53 0.4557011
4828.28 0.4509679
4831.03 0.4474193
4833.77 0.4496485
4836.52 0.4505729
4839.26 0.4495249
4842.01 0.4413341
4844.76 0.4404084
4847.5 0.4415771
4850.25 0.4397207
4853.0 0.4307797
4855.74 0.423967
4858.49 0.4167013
4861.2300000000005 0.4166009
4863.98 0.421987
4866.7300000000005 0.4245866
4869.47 0.4155064
4872.22 0.4074002
4874.97 0.402058
4877.71 0.4099841
4880.46 0.4210615
4883.2 0.4267088
4885.95 0.4255518
4888.7 0.4206664
4891.4400000000005 0.4164653
4894.19 0.4238143
4896.9400000000005 0.4377289
4899.68 0.4474543
4902.43 0.4546453
4905.17 0.4563556
4907.92 0.4557683
4910.67 0.4486662
4913.41 0.441233
4916.16 0.4389423
4918.91 0.4311069
4921.650000000001 0.4206617
4924.4 0.418151
4927.139999999999 0.4272277
4929.89 0.4384236
4932.639999999999 0.4476734
4935.38 0.4483797
4938.13 0.444487
4940.88 0.437272
4943.62 0.4422876
4946.37 0.4526994
4949.11 0.4615563
4951.860000000001 0.4638738
4954.61 0.4622599
4957.349999999999 0.4557801
4960.1 0.4486159
4962.849999999999 0.4513904
4965.59 0.4545446
4968.34 0.4483449
4971.08 0.444815
4973.83 0.4461794
4976.58 0.4488242
4979.32 0.443636
4982.07 0.4302616
4984.82 0.419871
4987.5599999999995 0.4163298
4990.31 0.4247336
4993.05 0.4337483
4995.8 0.4346615
4998.55 0.4332338
5001.290000000001 0.4330035
5004.04 0.4288571
5006.79 0.4352923
5009.53 0.4428687
5012.28 0.4391396
5015.02 0.4266412
5017.77 0.4104127
5020.52 0.4026112
5023.26 0.4078861
5026.009999999999 0.4125672
5028.76 0.4207397
5031.5 0.4269566
5034.25 0.4303573
5036.99 0.426974
5039.740000000001 0.4237074
5042.49 0.4143266
5045.2300000000005 0.4166121
5047.98 0.4190313
5050.73 0.421913
5053.47 0.4304594
5056.22 0.4344072
5058.96 0.4383398
5061.71 0.4475445
5064.459999999999 0.4471377
5067.2 0.4381252
5069.95 0.4343284
5072.7 0.4285914
5075.44 0.4259809
5078.1900000000005 0.4225959
5080.93 0.417385
5083.68 0.4083539
5086.429999999999 0.4122904
5089.169999999999 0.4206451
5091.92 0.4299176
5094.67 0.4328839
5097.41 0.4286545
5100.16 0.4216257
5102.910000000001 0.4218338
5105.650000000001 0.4139324
5108.4 0.4142985
5111.139999999999 0.4157209
5113.889999999999 0.4174576
5116.64 0.4244512
5119.38 0.4290663
5122.13 0.4273453
5124.88 0.4141119
5127.620000000001 0.4059398
5130.37 0.4032881
5133.11 0.4049813
5135.86 0.4141748
5138.61 0.4159735
5141.35 0.407305
5144.1 0.4090304
5146.849999999999 0.4065705
5149.589999999999 0.4055224
5152.34 0.4015903
5155.08 0.4070909
5157.83 0.4110161
5160.58 0.414789
5163.32 0.4122405
5166.070000000001 0.391917
5168.82 0.3676283
5171.5599999999995 0.3496865
5174.3099999999995 0.3421333
5177.049999999999 0.3512719
5179.8 0.3672454
5182.55 0.3728968
5185.29 0.3686446
5188.040000000001 0.3704604
5190.79 0.3824572
5193.53 0.3945516
5196.28 0.4023293
5199.0199999999995 0.4093809
5201.77 0.4186817
5204.52 0.4133845
5207.26 0.405878
5210.01 0.3983191
5212.759999999999 0.399362
5215.5 0.4076997
5218.25 0.4183992
5220.99 0.4274082
5223.74 0.4263471
5226.490000000001 0.4209824
5229.2300000000005 0.4127595
5231.9800000000005 0.4156299
5234.73 0.421033
5237.469999999999 0.4285472
5240.22 0.439196
5242.96 0.4448206
5245.71 0.4455307
5248.46 0.4387502
5251.200000000001 0.4345716
5253.95 0.4326362
5256.7 0.4359691
5259.44 0.4337648
5262.19 0.4288512
5264.93 0.4146267
5267.68 0.3998309
5270.43 0.3891754
5273.17 0.38802
5275.919999999999 0.3999097
5278.67 0.4203393
5281.41 0.4349154
5284.16 0.4401718
5286.9 0.4494403
5289.650000000001 0.4596491
5292.400000000001 0.466073
5295.14 0.4640096
5297.889999999999 0.4579454
5300.639999999999 0.45372
5303.38 0.4491184
5306.13 0.456552
5308.87 0.4662887
5311.62 0.4780204
5314.370000000001 0.4784202
5317.110000000001 0.4726962
5319.86 0.4660227
5322.61 0.4573525
5325.349999999999 0.4482103
5328.1 0.440217
5330.84 0.4336129
5333.59 0.4354173
5336.34 0.4449097
5339.080000000001 0.4560283
5341.83 0.4598632
5344.58 0.4557055
5347.32 0.4567163
5350.07 0.4623788
5352.81 0.4698141
5355.56 0.4765595
5358.3099999999995 0.4826845
5361.05 0.4877227
5363.799999999999 0.4840669
5366.55 0.4695249
5369.29 0.4580587
5372.04 0.4555706
5374.79 0.4528738
5377.530000000001 0.4593503
5380.28 0.4668008
5383.0199999999995 0.4718388
5385.7699999999995 0.4725263
5388.5199999999995 0.4690624
5391.26 0.463186
5394.01 0.453196
5396.76 0.4446104
5399.5 0.4419773
5402.25 0.4396133
5404.99 0.4332574
5407.74 0.4298217
5410.49 0.4297534
5413.23 0.4370759
5415.9800000000005 0.448142
5418.7300000000005 0.4582944
5421.47 0.4615895
5424.219999999999 0.4600377
5426.959999999999 0.4605352
5429.71 0.4563549
5432.46 0.4498959
5435.2 0.4466253
5437.950000000001 0.4485256
5440.700000000001 0.4575385
5443.4400000000005 0.4639473
5446.19 0.4631119
5448.929999999999 0.4579631
5451.68 0.4527337
5454.43 0.4475832
5457.17 0.4499251
5459.92 0.4551364
5462.669999999999 0.4547409
5465.410000000001 0.4576242
5468.16 0.4587855
5470.9 0.4568632
5473.65 0.4551366
5476.400000000001 0.4501441
5479.14 0.4426375
5481.89 0.4431389
5484.639999999999 0.4474702
5487.379999999999 0.4539579
5490.13 0.4556946
5492.87 0.4557238
5495.62 0.4596264
5498.37 0.4615211
5501.110000000001 0.4608847
5503.860000000001 0.4598462
5506.61 0.4576233
5509.349999999999 0.4531231
5512.099999999999 0.4509227
5514.84 0.4525539
5517.59 0.4559996
5520.34 0.459671
5523.08 0.4653013
5525.830000000001 0.4682958
5528.58 0.4604605
5531.32 0.4537606
5534.07 0.4516899
5536.8099999999995 0.457416
5539.56 0.4617699
5542.31 0.4741785
5545.05 0.4666382
5547.8 0.4768075
5550.549999999999 0.4667723
5553.29 0.4764638
5556.04 0.4738572
5558.78 0.4618383
5561.53 0.4738126
5564.280000000001 0.4685493
5567.02 0.458685
5569.77 0.45552
5572.5199999999995 0.4587176
5575.259999999999 0.4427333
5578.01 0.4558921
5580.75 0.4701242
5583.5 0.4663782
5586.25 0.4446954
5588.990000000001 0.4364442
5591.74 0.439732
5594.49 0.4368604
5597.23 0.4407929
5599.98 0.4456883
5602.72 0.4456554
5605.47 0.4508329
5608.22 0.4584245
5610.96 0.4659782
5613.709999999999 0.4688148
5616.46 0.462164
5619.2 0.4539862
5621.95 0.4518139
5624.69 0.4519786
5627.4400000000005 0.4523164
5630.1900000000005 0.457099
5632.93 0.4577317
5635.679999999999 0.4590736
5638.429999999999 0.4587063
5641.17 0.4572126
5643.92 0.4564167
5646.66 0.4576248
5649.41 0.4592712
5652.160000000001 0.4591803
5654.900000000001 0.4575908
5657.65 0.4542227
5660.4 0.4523438
5663.139999999999 0.4493215
5665.89 0.4526431
5668.64 0.4539286
5671.38 0.4589328
5674.129999999999 0.4688088
5676.870000000001 0.4702087
5679.62 0.4695368
5682.37 0.4663606
5685.11 0.4667621
5687.860000000001 0.4627906
5690.610000000001 0.4614193
5693.35 0.4625202
5696.099999999999 0.4674438
5698.839999999999 0.470237
5701.59 0.4635409
5704.34 0.457866
5707.08 0.4526551
5709.83 0.4507254
5712.580000000001 0.4454904
5715.320000000001 0.4505397
5718.07 0.4603819
5720.8099999999995 0.4708743
5723.5599999999995 0.4786464
5726.31 0.4827126
5729.05 0.4852294
5731.8 0.4803158
5734.55 0.4782846
5737.290000000001 0.4769714
5740.04 0.4795259
5742.78 0.4721604
5745.53 0.4772025
5748.28 0.4764178
5751.02 0.4738749
5753.77 0.4750024
5756.52 0.469192
5759.26 0.4733671
5762.009999999999 0.4688766
5764.75 0.4703216
5767.5 0.4708512
5770.25 0.4734621
5772.99 0.4709362
5775.740000000001 0.4749685
5778.49 0.4665241
5781.2300000000005 0.4581263
5783.98 0.4520114
5786.719999999999 0.4496094
5789.47 0.4503703
5792.22 0.4541658
5794.96 0.466373
5797.71 0.4725037
5800.459999999999 0.4751823
5803.2 0.4762832
5805.95 0.4797572
5808.69 0.478444
5811.44 0.4745289
5814.1900000000005 0.4734565
5816.93 0.4775695
5819.68 0.4771515
5822.429999999999 0.4760341
5825.169999999999 0.4805137
5827.92 0.4823068
5830.66 0.4823811
5833.41 0.4833901
5836.16 0.4798867
5838.900000000001 0.4826404
5841.650000000001 0.4822449
5844.4 0.4844385
5847.139999999999 0.4828827
5849.889999999999 0.4793512
5852.63 0.4708406
5855.38 0.4620633
5858.13 0.4623447
5860.87 0.4558477
5863.620000000001 0.4548206
5866.37 0.4615943
5869.11 0.4634511
5871.86 0.4707437
5874.599999999999 0.476498
5877.35 0.4700672
5880.1 0.4648208
5882.84 0.4648896
5885.59 0.45301
5888.339999999999 0.4279936
5891.08 0.3946024
5893.83 0.3762644
5896.57 0.3709236
5899.32 0.3899657
5902.070000000001 0.4117377
5904.81 0.4352822
5907.5599999999995 0.4504154
5910.3099999999995 0.4599135
5913.049999999999 0.446473
5915.8 0.4588365
5918.54 0.4546409
5921.29 0.4607434
5924.04 0.4684252
5926.780000000001 0.464664
5929.53 0.4675006
5932.28 0.4617467
5935.0199999999995 0.4593955
5937.77 0.4646463
5940.52 0.4660445
5943.26 0.4658707
5946.01 0.4628242
5948.75 0.4641056
5951.5 0.4655038
5954.25 0.4605678
5956.99 0.4568628
5959.74 0.4608389
5962.490000000001 0.4653338
5965.2300000000005 0.4676813
5967.9800000000005 0.4713753
5970.72 0.4710153
5973.469999999999 0.4677601
5976.22 0.465131
5978.96 0.4659781
5981.71 0.4639751
5984.46 0.4600318
5987.200000000001 0.4595025
5989.950000000001 0.4616848
5992.6900000000005 0.4626616
5995.44 0.4666941
5998.19 0.4658248
6000.93 0.4631521
6003.68 0.4591016
6006.43 0.4578094
6009.17 0.4565243
6011.919999999999 0.4541209
6014.66 0.4539695
6017.41 0.4536305
6020.16 0.4556323
6022.9 0.4551426
6025.650000000001 0.4568963
6028.400000000001 0.4565572
6031.14 0.4616911
6033.889999999999 0.4682166
6036.629999999999 0.470158
6039.38 0.4745683
6042.13 0.4742519
6044.87 0.4735759
6047.62 0.4779862
6050.370000000001 0.4770098
6053.110000000001 0.4744106
6055.86 0.4708395
6058.599999999999 0.4689396
6061.349999999999 0.465408
6064.1 0.4666202
6066.84 0.4654705
6069.59 0.4663217
6072.34 0.4734056
6075.080000000001 0.476114
6077.83 0.4738233
6080.57 0.4708405
6083.32 0.4653178
6086.07 0.462119
6088.81 0.4615841
6091.56 0.4574942
6094.3099999999995 0.4603477
6097.05 0.4630843
6099.799999999999 0.4621982
6102.54 0.4572693
6105.29 0.4538788
6108.04 0.4553278
6110.78 0.4614826
6113.530000000001 0.4659438
6116.28 0.4687579
6119.0199999999995 0.4663164
6121.7699999999995 0.4576914
6124.509999999999 0.4518826
6127.26 0.4550633
6130.01 0.4560443
6132.75 0.4599822
6135.5 0.4597843
6138.249999999999 0.451949
6140.99 0.4489378
6143.74 0.4545383
6146.48 0.4578616
6149.23 0.46045
6151.9800000000005 0.4612617
6154.72 0.4586398
6157.47 0.4497835
6160.219999999999 0.4419765
6162.959999999999 0.4323095
6165.71 0.4255572
6168.45 0.4234259
6171.2 0.4232562
6173.95 0.4272097
6176.6900000000005 0.4326425
6179.4400000000005 0.4441205
6182.19 0.4482375
6184.929999999999 0.4473133
6187.68 0.4440808
6190.42 0.4407876
6193.17 0.4411481
6195.92 0.4406794
6198.66 0.4398398
6201.410000000001 0.4444476
6204.16 0.448497
6206.9 0.4510024
6209.65 0.4537149
6212.400000000001 0.4497603
6215.14 0.440883
6217.89 0.4343056
6220.63 0.4280285
6223.379999999999 0.4309273
6226.13 0.433668
6228.87 0.4305158
6231.62 0.434898
6234.37 0.4269161
6237.110000000001 0.4222127
6239.860000000001 0.4303346
6242.6 0.4290043
6245.349999999999 0.4269055
6248.099999999999 0.4294151
6250.84 0.4306343
6253.59 0.430803
6256.34 0.4246543
6259.08 0.4217333
6261.830000000001 0.4249423
6264.570000000001 0.4338835
6267.32 0.4377241
6270.07 0.441672
6272.8099999999995 0.4421579
6275.56 0.4380398
6278.31 0.441277
6281.05 0.4333134
6283.8 0.4369116
6286.540000000001 0.4351752
6289.29 0.4516168
6292.04 0.4598064
6294.78 0.4529428
6297.53 0.4458295
6300.280000000001 0.439128
6303.02 0.4443971
6305.77 0.4462016
6308.51 0.4461066
6311.259999999999 0.4489038
6314.01 0.4457445
6316.75 0.4304651
6319.5 0.4450567
6322.25 0.4404761
6324.990000000001 0.4407984
6327.74 0.4556325
6330.4800000000005 0.454212
6333.23 0.454612
6335.98 0.4489991
6338.72 0.4450459
6341.47 0.4495635
6344.22 0.4488071
6346.96 0.4490562
6349.709999999999 0.4501443
6352.45 0.4510872
6355.2 0.4596152
6357.95 0.4510523
6360.69 0.44266
6363.4400000000005 0.4421688
6366.1900000000005 0.4352248
6368.93 0.4382715
6371.679999999999 0.44993
6374.419999999999 0.4606423
6377.17 0.4566257
6379.92 0.4582215
6382.66 0.4721263
6385.41 0.4568342
6388.160000000001 0.4587458
6390.900000000001 0.4545502
6393.65 0.4558526
6396.389999999999 0.4558422
6399.139999999999 0.453388
6401.89 0.4493489
6404.63 0.4509348
6407.38 0.4551026
6410.13 0.4569184
6412.870000000001 0.4569587
6415.62 0.4532523
6418.36 0.4549905
6421.11 0.4550972
6423.86 0.4481644
6426.6 0.4547534
6429.35 0.4553226
6432.099999999999 0.458351
6434.839999999999 0.4573085
6437.59 0.4542395
6440.33 0.4531968
6443.08 0.4537942
6445.83 0.4620909
6448.57 0.4588937
6451.320000000001 0.4550745
6454.07 0.4508773
6456.8099999999995 0.4553229
6459.5599999999995 0.4562249
6462.299999999999 0.4570042
6465.05 0.4561745
6467.8 0.4576349
6470.54 0.4587864
6473.290000000001 0.4632983
6476.04 0.4642398
6478.78 0.4645735
6481.53 0.4671564
6484.2699999999995 0.4612628
6487.02 0.4620238
6489.77 0.4635067
6492.51 0.454511
6495.26 0.4443856
6498.009999999999 0.42959
6500.75 0.4313619
6503.5 0.439653
6506.25 0.4476677
6508.99 0.4571165
6511.740000000001 0.4616735
6514.4800000000005 0.4615391
6517.2300000000005 0.4634958
6519.98 0.4636194
6522.719999999999 0.4637274
6525.47 0.4628357
6528.22 0.4638561
6530.96 0.4614203
6533.71 0.4631796
6536.450000000001 0.4653013
6539.2 0.4648834
6541.95 0.4682898
6544.69 0.4784042
6547.44 0.4854205
6550.1900000000005 0.4954263
6552.93 0.4964425
6555.68 0.4838014
6558.42 0.4850997
6561.169999999999 0.5172955
6563.92 0.5835714
6566.66 0.6420087
6569.41 0.6213071
6572.16 0.5497109
6574.900000000001 0.4810946
6577.650000000001 0.4616961
6580.39 0.4849869
6583.139999999999 0.5405797
6585.889999999999 0.5871813
6588.63 0.5957561
6591.38 0.554585
6594.13 0.4997414
6596.87 0.4627853
6599.620000000001 0.4505561
6602.360000000001 0.4524127
6605.11 0.4531116
6607.86 0.4541433
6610.599999999999 0.4538621
6613.35 0.4524571
6616.1 0.4581817
6618.84 0.4575961
6621.59 0.4658872
6624.330000000001 0.4604166
6627.08 0.4598126
6629.83 0.4547581
6632.57 0.4478719
6635.32 0.4517408
6638.070000000001 0.4503019
6640.81 0.4486388
6643.5599999999995 0.4554183
6646.3 0.4531686
6649.049999999999 0.4527112
6651.8 0.4551981
6654.54 0.4577824
6657.29 0.4513064
6660.04 0.4547298
6662.780000000001 0.4499419
6665.53 0.4478036
6668.2699999999995 0.4473983
6671.0199999999995 0.4522937
6673.7699999999995 0.450821
6676.51 0.4494287
6679.26 0.4468336
6682.01 0.4460321
6684.75 0.4457396
6687.5 0.4467375
6690.24 0.4517471
6692.99 0.4520569
6695.74 0.4468219
6698.48 0.4474263
6701.2300000000005 0.4492533
6703.9800000000005 0.4474084
6706.72 0.4484189
6709.469999999999 0.451594
6712.209999999999 0.4540373
6714.96 0.462695
6717.71 0.4838296
6720.45 0.4919924
6723.200000000001 0.484315
6725.950000000001 0.4695983
6728.6900000000005 0.4592544
6731.44 0.4681998
6734.179999999999 0.4785906
6736.93 0.4795208
6739.68 0.466829
6742.42 0.4519388
6745.17 0.4393937
6747.919999999999 0.4363981
6750.660000000001 0.4334319
6753.41 0.4300527
6756.15 0.435508
6758.9 0.4390498
6761.650000000001 0.4462692
6764.39 0.4431282
6767.14 0.4438892
6769.889999999999 0.4377688
6772.629999999999 0.4361394
6775.38 0.4363984
6778.13 0.4435389
6780.87 0.4457395
6783.62 0.4410066
6786.360000000001 0.4390783
6789.110000000001 0.4340014
6791.86 0.4338429
6794.599999999999 0.4364215
6797.349999999999 0.4357497
6800.1 0.4389926
6802.84 0.4360152
6805.59 0.4390494
6808.33 0.4382153
6811.080000000001 0.434588
6813.83 0.4334876
6816.57 0.436602
6819.32 0.4452259
6829.82 0.4463774
6845.57 0.4351681
6861.34 0.4331216
6877.16 0.4310851
6893.0199999999995 0.4231713
6908.910000000001 0.4329856
6924.83 0.4309504
6940.8 0.4450222
6956.799999999999 0.4522023
6972.84 0.4500769
6988.910000000001 0.4438551
7005.0199999999995 0.447916
7021.17 0.4346606
7037.35 0.4509233
7053.580000000001 0.4645732
7069.83 0.4265906
7086.13 0.4425475
7102.469999999999 0.4139213
7118.839999999999 0.4091379
7135.25 0.4006994
7151.7 0.4090471
7168.19 0.4127865
7184.71 0.4089575
7201.2699999999995 0.3959399
7217.87 0.4174301
7234.509999999999 0.4241647
7251.19 0.4163747
7267.91 0.4163292
7284.66 0.4240226
7301.450000000001 0.4308655
7318.29 0.4288345
7335.150000000001 0.4367604
7352.070000000001 0.4387274
7369.01 0.4356541
7386.0 0.464618
7403.030000000001 0.4560835
7420.09 0.4487403
7437.200000000001 0.4580862
7454.34 0.4476069
7471.53 0.4465292
7488.75 0.4547752
7506.009999999999 0.4610484
7523.32 0.4663331
7540.66 0.4620063
7558.04 0.4619507
7575.469999999999 0.4587182
7592.93 0.4513343
7610.43 0.4502408
7627.969999999999 0.4369127
7645.56 0.4409059
7663.19 0.443905
7680.85 0.4248576
7698.5599999999995 0.429726
7716.3 0.4267146
7734.09 0.4159971
7751.92 0.414987
7769.79 0.4216829
7787.7 0.4120314
7805.65 0.4129345
7823.65 0.4323433
7841.679999999999 0.4090483
7859.76 0.4214289
7877.88 0.4262566
7896.04 0.431142
7914.24 0.4222462
7932.49 0.4135311
7950.77 0.4031417
7969.1 0.4163017
7987.47 0.4152915
8005.89 0.4114328
8024.34 0.4317619
8042.84 0.4367081
8061.38 0.4336458
8079.96 0.4169502
8098.59 0.41594
8117.259999999999 0.4285246
8135.97 0.4304474
8154.719999999999 0.4225398
8173.53 0.4128658
8192.37 0.4024931
8211.25 0.4214064
8230.18 0.4136614
8249.15 0.4371095
8268.17 0.4300695
8287.23 0.4211917
8306.33 0.4163186
8325.48 0.4230302
8344.67 0.4086135
8363.91 0.4200068
8383.19 0.4170627
8402.51 0.4247626
8421.89 0.4074623
8441.300000000001 0.4197873
8460.76 0.4064185
8480.26 0.3962038
8499.81 0.4110163
8519.41 0.4062606
8539.04 0.3997132
8558.73 0.3764339
8578.46 0.4042365
8598.23 0.4032497
8618.06 0.3967512
8637.92 0.4068706
8657.83 0.387614
8677.789999999999 0.3761348
8697.8 0.3616444
8717.85 0.402002
8737.939999999999 0.4000966
8758.09 0.3954651
8778.28 0.4074289
8798.51 0.4036387
8818.8 0.3898807
8839.13 0.4082014
8859.5 0.4072032
8879.92 0.3790965
8900.4 0.3834334
8920.91 0.3860395
8941.480000000001 0.3842122
8962.09 0.3823961
8982.75 0.3668171
9003.46 0.3814085
9024.22 0.3542663
9045.02 0.4048284
9065.87 0.4151555
9086.77 0.3909746
9107.71 0.3846694
9128.71 0.3564715
9149.75 0.3792821
9170.85 0.3871677
9191.98 0.3826843
9213.17 0.3852839
9234.42 0.3636743
9255.7 0.3636243
9277.039999999999 0.4032654
9298.43 0.3635165
9319.86 0.3912568
9341.34 0.3921038
9362.869999999999 0.3848952
9384.46 0.3910878
9406.09 0.383897
9427.78 0.3945906
9449.51 0.3891194
9471.29 0.3990468
9493.13 0.3989847
9515.01 0.3889503
9536.949999999999 0.39159
9558.93 0.381736
9580.97 0.3896722
9603.05 0.3914095
9625.19 0.3940661
9647.38 0.386818
9669.619999999999 0.386756
9691.91 0.3929831
9714.25 0.3848663
9736.65 0.380399
9759.09 0.3794683
9781.59 0.3759316
9804.14 0.3864061
9826.74 0.3828073
9849.39 0.3853963
9872.09 0.3826895
9894.85 0.3817475
9917.66 0.3773195
9940.52 0.3807546
9963.44 0.3833322
9986.41 0.3815102
10032.5 0.3822715
10078.82 0.3769071
10125.33 0.3855666
10172.07 0.3819105
10219.03 0.3844322
10266.189999999999 0.3869765
10289.859999999999 0.3851369
10505.32 0.3715154
10700.63 0.3535449
10899.570000000002 0.3454957
11102.21 0.326921
11308.609999999999 0.3231812
11492.359999999999 0.3239258
11706.019999999999 0.3150983
11896.24 0.2995304
12089.529999999999 0.2967894
12285.97 0.2933878
12514.380000000001 0.2840809
12688.48 0.2776165
12894.64 0.27192
13104.17 0.2669617
13286.46 0.2578978
13502.35 0.2520258
13690.19 0.2474229
13912.63 0.2368359
14106.179999999998 0.2246183
14302.42 0.2215383
14501.390000000001 0.2235858
14703.12 0.2154974
14907.65 0.2190003
15115.03 0.2205178
15290.060000000001 0.2251372
15502.769999999999 0.2230728
15682.29 0.2190001
15900.449999999999 0.2110809
16084.560000000001 0.2110809
16308.32 0.2101106
16497.16 0.2077024
16688.2 0.2067489
16881.440000000002 0.2043857
17116.29 0.2001889
17314.47 0.1925064
17514.96 0.1855405
17717.780000000002 0.1771926
17881.71 0.1692167
18088.78 0.1604908
18298.239999999998 0.1557583
18510.13 0.1501234
18681.39 0.1430331
18897.71 0.1391356
19116.54 0.1369133
19293.42 0.1325699
19516.83 0.1274822
19697.420000000002 0.1228683
19879.670000000002 0.1186998
20109.870000000003 0.1170698
20295.95 0.1130931
20483.730000000003 0.1118015
20720.93 0.1092576
20912.670000000002 0.1070126
21106.16 0.1053035
21301.46 0.1031432
21498.57 0.1012593
21697.48 0.09804978
21898.25 0.09626171
22100.86 0.0934189
22305.359999999997 0.09087503
22511.760000000002 0.08880494
22720.04 0.08638519
22877.550000000003 0.0771684
23089.21 0.07610807
23302.870000000003 0.06628779
23518.500000000004 0.06229425
23681.510000000002 0.0630163
23900.640000000003 0.05773674
24121.769999999997 0.05551944
24288.989999999998 0.05438062
24513.72 0.05028554
24683.649999999998 0.0490283
24912.03 0.04087374
25084.73 0.04012748
25316.82 0.04031306
25492.32 0.03985167
25728.179999999997 0.04059228
25906.539999999997 0.03994357
26086.100000000002 0.03985165
26327.48 0.03876528
26509.960000000003 0.03832193
26693.739999999998 0.03762251
26878.760000000002 0.03710583
27127.469999999998 0.03642897
27315.5 0.03568158
27504.86 0.03511132
27695.5 0.03431206
27887.49 0.03384109
28080.780000000002 0.0331473
28275.45 0.03261708
28471.43 0.03194811
28668.8 0.03129268
28867.51 0.03079237
29067.62 0.03023058
29269.1 0.02961065
29471.97 0.02906973
29676.269999999997 0.02860496
29881.97 0.02801832
30089.12 0.02757048
30297.670000000002 0.02712994
30507.7 0.02681915
30719.15 0.02645139
30932.11 0.02608814
31074.87 0.02578976
31290.260000000002 0.02549418
31507.170000000002 0.02508694
31725.55 0.0247423
31872.01 0.02445915
32092.93 0.02417936
32315.399999999998 0.0239577
32464.55 0.023793
32689.57 0.02390242
32916.18 0.02462893
33068.1 0.0243469
33297.310000000005 0.02282676
33528.13 0.02210252
33682.880000000005 0.02159938
33916.38 0.0211566
34072.92 0.02072283
34309.08 0.02039119
34467.47 0.02006515
34706.37 0.01969908
34866.6 0.01933921
35108.259999999995 0.0190301
35270.299999999996 0.01868321
35514.8 0.01834197
35678.72 0.01800692
35926.06 0.01771924
36091.87 0.01743608
36258.45 0.01711796
36509.81 0.01676655
36678.32 0.01646083
36932.54 0.01612296
37103.04 0.01582853
37274.29 0.01557583
37532.64 0.01525601
37705.91 0.01504675
37879.95 0.01477205
38142.49 0.01450244
38318.58 0.01427061
38495.439999999995 0.01401001
38673.12 0.01372291
38941.21 0.01350349
39120.94 0.013257
39301.5 0.01304491
39482.94 0.01274822
39665.17 0.01254403
39940.14 0.01225862
40124.48 0.01206289
40309.670000000006 0.01186999
40495.72 0.01165339
40682.67 0.01146669
40870.439999999995 0.01128337
41059.08 0.01107749
41343.71 0.01092576
41534.53 0.01072608
41726.229999999996 0.01055461
41918.86 0.01036226
42112.33 0.01019644
42306.7 0.01007968
42502.009999999995 0.009895794
42698.18 0.009737292
42895.25 0.009363887
43093.28 0.008962843
43292.18 0.008941974
43491.99 0.008599028
43692.729999999996 0.008403299
43894.44 0.008269056
44097.030000000006 0.008024816
44300.55 0.007878732
44505.07 0.00775238
44710.479999999996 0.00757583
44916.840000000004 0.007506451
45124.2 0.007386875
45332.47 0.007252065
45541.7 0.007185504
45751.9 0.007086793
45857.409999999996 0.006893324
46069.060000000005 0.006877532
46281.689999999995 0.006767539
46495.35 0.006690263
46709.95 0.006644011
46925.54 0.006537967
47142.119999999995 0.006448284
47250.84 0.006418389
47468.92 0.006286966
47688.01 0.006243534
47908.17 0.00617246
48129.28999999999 0.006045547
48351.420000000006 0.006045549
48462.880000000005 0.005935558
48686.61 0.005840232
48911.32 0.005773674
49137.06999999999 0.005694142
49250.33 0.005655222
49477.700000000004 0.005564748
49706.06 0.005539196
49935.479999999996 0.005438004
50050.58 0.005373984
50281.64 0.005308893
50513.719999999994 0.005232573
50746.86 0.005181077
50863.84 0.005143678
50981.14 0.005106507
51098.65 0.005058001
51216.439999999995 0.005021448
51334.49 0.004996632
51452.82 0.004960532
51571.42999999999 0.004924714
51690.36 0.004900403
51809.51 0.004876204
51928.93 0.004840952
52048.63 0.004805924
52168.61 0.004771177
52288.86 0.004736659
52409.39 0.004713249
52530.26 0.004689953
52651.34 0.004677488
52772.71 0.004643644
52894.35 0.004610083
53016.28 0.004566198
53138.48 0.004543581
53261.03 0.004521075
53383.799999999996 0.004498683
53506.850000000006 0.004476403
53630.19 0.004454234
53753.81 0.004421971
53877.72 0.004400086
54001.91 0.004378257
54126.450000000004 0.004356539
54251.21 0.004324953
54376.27 0.004293646
54501.60999999999 0.004272327
54627.24 0.004251118
54753.16 0.004220321
54879.369999999995 0.004199394
55005.93 0.004168935
55132.719999999994 0.004148236
55259.81 0.004146655
55387.18 0.004135601
55514.85 0.004086696
55642.82000000001 0.004075753
55771.14 0.004064868
55899.700000000004 0.004044674
56028.549999999996 0.004024537
56157.700000000004 0.004013764
56287.149999999994 0.003984603
56416.899999999994 0.003964803
56546.94 0.00396328
56677.350000000006 0.003943537
56807.990000000005 0.00392391
56938.94 0.003904392
57070.189999999995 0.00390287
57201.74 0.003901347
57333.590000000004 0.003890856
57465.81 0.003880364
57598.28 0.003869929
57731.05 0.003859551
57864.12 0.003858027
57997.50000000001 0.003856504
58131.19 0.003854981
58265.19 0.003853401
58399.549999999996 0.003860792
58534.170000000006 0.003859211
58669.09 0.003866602
58804.33 0.003873934
58939.880000000005 0.003890235
59164.43 0.003339942
59473.86 0.003363408
59783.299999999996 0.003621744
60092.72 0.004087938
60402.16 0.004344075
60711.59 0.00434729
61021.020000000004 0.004726504
61330.46 0.005808645
61639.89 0.007548192
61949.32 0.009167595
62258.75 0.009475572
62568.18 0.008579287
62877.61 0.007306778
63187.049999999996 0.006206304
63496.48 0.005593401
63805.92 0.004918283
64115.35 0.004524459
64424.770000000004 0.004008914
64734.22 0.003826948
65043.64 0.0036165
65353.07000000001 0.003566806
65662.52 0.003482761
65971.94 0.003550279
66281.37 0.003570529
66590.81999999999 0.003575549
66900.24 0.003577466
67209.67 0.003770768
67519.11 0.003565395
67828.54000000001 0.003665628
68137.98 0.003725136
68447.41 0.003630093
68756.84 0.003699526
69066.27 0.00405054
69375.7 0.003934513
69685.14 0.004712966
69994.56999999999 0.004786237
70304.0 0.004098991
70613.43 0.0038591
70922.86 0.003888149
71232.3 0.004237129
71541.73 0.004411255
71851.16 0.004536644
72160.59999999999 0.004665699
72470.02 0.004928324
72779.45 0.005196137
73088.9 0.005524814
73398.32 0.005910175
73707.75 0.006202356
74017.19 0.006788975
74326.62 0.007394771
74636.05 0.008000002
74945.48 0.008659946
75234.67 0.009233025
75854.75 0.01040739
76474.86 0.01040288
77094.95 0.009785238
77715.05 0.009522952
78335.14 0.009062683
78955.25 0.008454067
79575.35 0.007358669
80195.44 0.006307272
80815.55 0.005552395
81435.64 0.004961377
82055.74 0.004785164
82675.84 0.004647649
83295.93 0.004633943
83916.04 0.004698583
84536.13 0.004808067
85156.24 0.005083776
85776.33 0.005186322
86396.44 0.00495489
87016.51999999999 0.0042492
87636.62 0.003512657
88256.73 0.002861285
88876.81999999999 0.002409702
89496.90999999999 0.002173419
90117.01000000001 0.001992357
90737.11 0.001796066
91357.22 0.001717662
91977.31 0.001627018
92597.41 0.00165116
93217.51000000001 0.001579018
93837.61 0.001540774
94457.7 0.001517874
95077.79 0.001463274
95697.9 0.001479744
96318.0 0.001643263
96938.09 0.001619629
97558.2 0.001374096
98178.3 0.001286047
98798.39 0.001241994
99418.5 0.001258577
100038.55 0.001260439
100658.7 0.001263767
101278.75 0.001206007
101898.92 0.001183163
102518.97 0.001143961
103139.12 0.001132173
103759.19 0.001157724
104379.24 0.001286385
104999.39 0.001351816
105619.45 0.00142503
106239.61 0.001494747
106859.67 0.001517648
107479.72 0.001534344
108099.88 0.001556286
108719.94 0.001637623
109340.09 0.001870465
109960.14 0.002291025
110580.3 0.002539999
111200.36 0.003180202
111820.41 0.004959629
112440.56999999999 0.006008885
113060.62000000001 0.005403033
113680.78 0.004344074
114300.84000000001 0.003533131
114920.98999999999 0.002957682
115541.05 0.002591102
116161.1 0.00232092
116781.26000000001 0.002141212
117401.31999999999 0.002072961
118021.47 0.00208819
118641.52 0.002130946
119261.68000000001 0.002260735
119881.74 0.002279405
120501.79 0.002194797
121121.96 0.002101671
121742.01 0.002051527
122362.16 0.002220123
122982.20999999999 0.002362322
123602.29000000001 0.002345005
124222.43 0.002353184
124842.49 0.002478517
125462.64000000001 0.002595276
126082.71 0.002714461
126702.84999999999 0.002778933
127322.92 0.002920172
127942.97 0.003510401
128563.13 0.003011436
129183.18 0.001913502
129803.34 0.001632151
130423.39 0.001547938
131043.45 0.001521596
131663.59 0.001501855
132283.67 0.001474667
132903.81 0.001436142
133523.88 0.001400381
134144.02000000002 0.001377988
134764.09 0.001372291
135384.16 0.001370768
136004.3 0.001333653
136624.34 0.001286103
137244.52 0.001205951
137864.56 0.001140803
138484.73 0.001145089
139104.77 0.00112044
139724.83000000002 0.001117958
140344.97999999998 0.001149376
140965.05000000002 0.00114069
141585.19 0.001144807
142205.27000000002 0.001161898
142472.19 0.001124445
143387.84 0.001069337
144303.59 0.0009913279
145219.27 0.000951449
146134.91 0.0009113447
147050.66 0.0008738915
147966.31 0.0008539239
148881.97 0.0008392019
149797.63 0.0008191216
150713.38 0.0008188397
151629.05000000002 0.0008169217
152544.69 0.0008192344
153460.44 0.0008205317
154376.09 0.0008562929
155291.73 0.001000071
156207.41 0.0009905945
157123.16 0.0008736093
158038.81 0.0008808856
158954.45 0.0009242052
159870.19999999998 0.0009251078
160785.88 0.0009234154
161701.52000000002 0.0009318763
162617.27000000002 0.001025171
163532.94000000003 0.001239963
164448.58 0.001418261
165364.22999999998 0.001337658
166280.02 0.001231785
167195.63 0.001249552
168111.3 0.001262864
169026.95 0.001327956
169942.7 0.001633392
170858.37999999998 0.001648001
171774.03000000003 0.001358528
172689.78 0.00129699
173605.44 0.001290277
174521.09 0.001194331
175436.84 0.0010492
176352.48 0.0009724884
177268.14 0.0009645351
178183.80000000002 0.0009493619
179099.55 0.0009217797
180015.19999999998 0.0008533034
180930.84 0.0008094199
181846.59 0.0007955441
182762.27 0.0007823451
183677.91 0.0007808786
184593.66 0.0007803146
185509.31 0.0008053587
186424.98 0.001002891
187340.63 0.001194952
188256.37 0.0009252205
189172.05 0.0008030459
190087.69 0.0007772687
191003.45 0.0007756329
191919.11000000002 0.0007506453
192834.73 0.0007507581
193750.41 0.0007387436
194666.16999999998 0.0007305085
195581.81 0.0007340056
196497.47 0.0007301701
197413.23 0.0007221039
198328.88 0.0007130791
199244.53 0.0007088488
200160.19 0.0007136432
201075.95 0.00071432
201991.59000000003 0.0007090743
202907.24999999997 0.000697906
203823.0 0.0006884299
204738.66 0.0006861172
204921.59 0.0006772616
206684.52 0.0007115562
208448.5 0.0006815485
210213.41 0.0006631037
211979.39 0.0006957626
213746.38999999998 0.0006905733
215514.48 0.0006630474
217283.45 0.0006810973
219053.56 0.0006931115
220824.66 0.0006744413
222596.84 0.0006608476
224370.05 0.0006872453
226144.22 0.0007014031
227919.48 0.0006976804
229695.77000000002 0.0006911938
231473.06 0.0007068745
233251.44 0.0007125151
235030.83 0.0007225552
236811.3 0.0007165198
238592.88 0.0007112177
240375.44 0.0007138688
242159.02 0.0007198478
243943.69999999998 0.0007136996
245729.36 0.0007015724
247516.22999999998 0.0007104281
249304.02000000002 0.00071793
251092.86000000002 0.0007326519
252882.83 0.0007373335
254673.89 0.0007230065
256465.95 0.0007496864
258259.09 0.0007932879
260053.36 0.0008073328
261848.71999999997 0.0007571883
263645.09 0.0007312981
265442.5 0.0007364311
267241.08999999997 0.0007407743
269040.63 0.0007369951
270841.38 0.0007433126
272643.13 0.000746302
274445.97000000003 0.000743933
276249.94 0.0007461891
278054.97 0.0007517734
279861.13 0.0007696538
281668.34 0.0007998873
283476.69 0.0007920469
285286.13 0.0007673414
287096.66 0.0007653108
288908.31 0.000773715
290721.02999999997 0.0007846013
292534.88 0.0007912572
294349.81 0.0007978002
296165.81 0.000800677
297983.03 0.0007961081
299801.38 0.000800113
301620.69 0.000805697
303441.19 0.0008248186
305262.81 0.0008315872
307085.66000000003 0.0008555596
308909.47000000003 0.000840161
310734.5 0.00085257
312560.69 0.0008482269
314387.94 0.0008492422
316216.34 0.0008691533
318045.91 0.000887598
319876.53 0.0008897413
321708.33999999997 0.0009208773
323541.38 0.000967017
325375.43999999994 0.0009172673
327210.63 0.0009398295
329047.06 0.0009467674
330884.66 0.0009727141
332723.34 0.001052077
334563.16000000003 0.001280181
336404.16000000003 0.001226144
338246.38 0.0009967427
340089.72 0.00100825
341934.22 0.0009856873
343779.83999999997 0.0009828669
345626.69 0.001104703
347474.72000000003 0.00150789
349323.88 0.001635761
