102.07000000000001 6.094911e-08
103.97 7.445702e-08
105.9 9.287356e-08
108.12 1.180009e-07
109.87 1.70993e-07
114.0 2.465521e-07
118.0 3.349544e-07
121.02999999999999 1.199371e-06
125.0 1.527178e-06
127.03 1.678345e-06
127.91 1.786181e-06
130.89 2.022525e-06
132.1 2.387351e-06
133.94 2.569943e-06
137.06 3.280188e-06
139.93 3.654875e-06
142.86 9.63598e-06
146.85999999999999 2.349178e-05
150.97 2.588017e-05
154.84 2.877228e-05
159.18 3.20604e-05
162.14 3.451007e-05
165.92 3.845043e-05
170.17999999999998 4.196605e-05
172.94 4.497092e-05
176.97 4.87457e-05
179.84 5.175601e-05
181.93 5.394022e-05
186.16 5.806948e-05
190.94 6.367403e-05
194.04000000000002 6.759858e-05
198.10999999999999 7.209767e-05
201.79 7.707694e-05
205.07000000000002 8.089063e-05
209.84 8.373962e-05
216.22 9.526317e-05
220.23999999999998 0.0001011411
222.79 0.0001042132
226.93 0.0001106443
230.09 0.0001701925
233.83 0.0002876794
239.83 0.0003580248
245.98 0.000345077
252.29000000000002 0.0003706091
256.97999999999996 0.0003169125
259.95 0.0003655583
264.18 0.0003862988
269.09 0.0003889929
274.09 0.0003907745
279.19 0.0003925665
283.72 0.0003944
290.33 0.0003792533
295.72999999999996 0.0003880997
301.23 0.000383641
308.25 0.0003898601
318.34000000000003 0.0003998894
328.02 0.0003998721
337.98 0.0003962368
348.25 0.000391697
357.19 0.0003898676
366.35 0.0003889856
374.88 0.0003845297
385.39 0.0003680661
395.27 0.0003740513
405.41 0.0003714802
413.90000000000003 0.0003646949
421.6 0.0003572014
430.41999999999996 0.0003506957
441.46999999999997 0.0003458795
450.71 0.0003380142
460.15 0.0003303114
469.78 0.0003235388
479.62 0.0003191063
489.66 0.000308985
499.92 0.0003068446
505.7 0.0003054517
511.56 0.0003531185
519.87 0.0003515109
529.54 0.0003474813
539.38 0.0003333758
549.41 0.0003596966
559.62 0.0003810098
570.03 0.0003980475
580.63 0.0003836487
590.0600000000001 0.000417772
599.65 0.0004167995
609.39 0.000427497
619.29 0.0004852141
629.36 0.0005034094
639.58 0.0005080862
649.98 0.0005481793
657.5 0.0005674499
665.12 0.0005955213
674.37 0.0006024519
685.3299999999999 0.0005914299
694.86 0.0007160221
704.53 0.0006822284
715.9699999999999 0.0008015766
725.9300000000001 0.0008316314
734.34 0.0008628107
744.56 0.0009482335
754.9100000000001 0.001004496
765.41 0.001035006
774.28 0.001142685
785.0500000000001 0.001207625
794.14 0.001273308
805.1899999999999 0.001339486
814.51 0.001392937
825.84 0.00152031
835.4 0.001282163
845.08 0.001617833
854.86 0.001670792
864.76 0.001802712
874.78 0.001927204
884.91 0.002084151
895.15 0.002197539
905.52 0.002222925
916.0 0.003154494
924.48 0.01945064
935.1800000000001 0.04274948
946.01 0.08220964
954.7700000000001 0.1166606
965.82 0.1321087
974.7599999999999 0.02182396
986.05 0.1126977
995.17 0.1185592
1004.38 0.1721587
1016.01 0.1644079
1025.4099999999999 0.0698151
1034.9 0.1142673
1044.47 0.219244
1054.1399999999999 0.2147479
1063.8899999999999 0.1694021
1076.21 0.2013389
1086.17 0.1588302
1096.22 0.2103437
1103.82 0.2013411
1114.03 0.1927239
1124.3400000000001 0.1729515
1134.74 0.2192447
1145.24 0.1985779
1155.8400000000001 0.2103439
1163.8500000000001 0.2167351
1174.62 0.1499421
1185.49 0.2088948
1193.71 0.1438563
1204.75 0.1037362
1215.9 0.06853982
1224.33 0.1399345
1235.6499999999999 0.2113138
1244.22 0.2322335
1255.7299999999998 0.2212758
1264.44 0.1905117
1276.14 0.2448633
1284.98 0.2558193
1293.89 0.2022688
1305.8600000000001 0.199495
1314.9099999999999 0.2482766
1324.03 0.2370989
1336.28 0.2103452
1345.54 0.2488443
1354.87 0.2403925
1364.26 0.2147501
1373.72 0.224865
1386.4299999999998 0.2269499
1396.04 0.1958533
1405.71 0.2022709
1415.46 0.2088961
1425.27 0.2137591
1435.15 0.2122889
1441.77 0.2233224
1448.43 0.2264247
1455.1100000000001 0.2197536
1465.2 0.2027356
1475.36 0.2022686
1485.58 0.2055564
1495.8799999999999 0.2084173
1506.25 0.1972102
1513.2 0.1757666
1516.69 0.187468
1523.69 0.1819438
1534.25 0.1584623
1544.8899999999999 0.1713705
1555.6000000000001 0.162153
1566.3799999999999 0.1663112
1573.61 0.1769828
1584.52 0.1848957
1595.5 0.188335
1606.56 0.1840485
1613.9800000000002 0.1840472
1625.1599999999999 0.1745545
1636.43 0.1853221
1643.9799999999998 0.1874685
1655.3799999999999 0.1737513
1666.85 0.1887661
1670.69 0.1690171
1678.4099999999999 0.1896357
1686.1499999999999 0.1967561
1693.9399999999998 0.1848955
1705.68 0.1773921
1713.5500000000002 0.1682388
1725.43 0.1670837
1733.3899999999999 0.1773932
1745.41 0.1729502
1753.46 0.1832021
1765.62 0.1686305
1773.77 0.1721605
1786.06 0.174958
1794.3100000000002 0.1853229
1806.75 0.1836213
1815.08 0.1697975
1823.46 0.1729505
1836.1 0.1663132
1844.5800000000002 0.1530854
1853.09 0.1537905
1865.94 0.1577337
1874.5500000000002 0.1694036
1883.1999999999998 0.156287
1896.26 0.1495957
1905.01 0.1584622
1913.8 0.1523824
1927.07 0.1489095
1935.9599999999998 0.1534383
1944.8999999999999 0.1595633
1953.88 0.1489094
1967.42 0.1621532
1976.5 0.1663128
1985.62 0.1573719
1994.79 0.1527338
2004.0 0.157007
2013.25 0.1520301
2027.2 0.1580983
2036.56 0.1499432
2045.96 0.1548566
2055.4 0.1461938
2064.89 0.1475484
2074.42 0.1584619
2079.2 0.1509818
2084.0 0.1559288
2093.62 0.1478888
2103.2799999999997 0.1489102
2112.99 0.1502877
2122.74 0.15203
2137.46 0.1422071
2147.32 0.1448548
2157.23 0.1495963
2167.19 0.1448553
2177.19 0.1438576
2187.2400000000002 0.1412334
2197.34 0.1472091
2207.48 0.1431947
2212.57 0.1367513
2222.78 0.1330253
2233.04 0.1402583
2243.35 0.1348768
2253.7 0.1296972
2264.11 0.1321081
2274.56 0.1348766
2285.06 0.1373798
2295.6 0.130021
2306.2 0.13036
2316.85 0.1253937
2327.54 0.1021902
2332.9 0.117614
2343.67 0.1141819
2354.49 0.1215415
2365.36 0.1132066
2376.28 0.1156115
2387.25 0.1081764
2392.75 0.1140773
2403.79 0.1099826
2414.89 0.1120645
2426.04 0.1173821
2437.23 0.1131721
2442.85 0.1185249
2454.13 0.1166672
2465.46 0.1156343
2476.83 0.1117423
2482.54 0.1135768
2494.0 0.1052993
2505.52 0.117371
2511.29 0.1063256
2517.08 0.1090713
2522.88 0.1051435
2534.5299999999997 0.1061466
2546.23 0.1044857
2552.1 0.110697
2563.88 0.1079633
2575.71 0.1128258
2587.6 0.1115744
2593.56 0.1100633
2605.54 0.1066018
2617.56 0.1051781
2623.6 0.1088919
2635.71 0.111724
2647.87 0.1192051
2653.98 0.1214431
2666.23 0.1113031
2672.37 0.1152369
2684.71 0.1152772
2697.1 0.1101265
2703.32 0.1124509
2715.7999999999997 0.1074271
2722.06 0.106706
2734.62 0.1107493
2747.2400000000002 0.09874115
2753.58 0.1005919
2766.29 0.1036833
2772.6600000000003 0.1073466
2785.46 0.1020804
2791.88 0.08590711
2804.77 0.09082118
2817.71 0.1055241
2824.2099999999996 0.1095038
2837.25 0.1055756
2843.79 0.1029569
2856.91 0.09926587
2863.5 0.1073696
2876.72 0.1076577
2883.35 0.1069366
2896.66 0.1067293
2910.03 0.1138811
2930.2 0.1095669
2950.51 0.107381
2970.9600000000005 0.1086846
2991.55 0.1082527
3012.2900000000004 0.1085634
3033.17 0.108373
3047.17 0.1079175
3068.29 0.1082295
3089.56 0.1080447
3110.98 0.1081078
3132.54 0.105951
3147.0 0.1059971
3168.82 0.1060602
3190.7799999999997 0.1011115
3212.9 0.1037701
3227.7299999999996 0.09913894
3250.1000000000004 0.1045955
3272.63 0.1073468
3287.7400000000002 0.1064064
3310.5299999999997 0.1052528
3325.81 0.1060254
3333.4700000000003 0.1075259
3341.1600000000003 0.102467
3348.86 0.1095675
3356.58 0.105143
3364.32 0.09590873
3372.0699999999997 0.09615112
3379.85 0.104964
3387.64 0.1054717
3395.45 0.1030955
3403.27 0.1069889
3411.1200000000003 0.1007885
3418.98 0.1024498
3426.86 0.1041399
3434.77 0.1080674
3442.6800000000003 0.1006442
3450.62 0.1027726
3458.57 0.1013884
3466.5499999999997 0.1000151
3474.54 0.1037932
3482.5499999999997 0.1000614
3490.58 0.1040759
3498.62 0.09782357
3506.69 0.1031705
3514.77 0.09855042
3522.8700000000003 0.1034532
3530.99 0.09814096
3539.14 0.1037353
3547.29 0.1061757
3555.47 0.104503
3563.67 0.1030893
3571.88 0.09734508
3580.12 0.09602945
3588.3700000000003 0.08841058
3596.64 0.0969644
3604.9300000000003 0.1013249
3613.24 0.09523975
3617.0299999999997 0.1020287
3619.77 0.1073292
3622.5099999999998 0.1041797
3625.2400000000002 0.08971419
3627.98 0.09813517
3630.7200000000003 0.1259247
3633.45 0.09940429
3636.19 0.1018036
3638.9300000000003 0.08285584
3641.66 0.08764352
3644.3999999999996 0.09266144
3647.14 0.09731597
3649.87 0.1161313
3652.61 0.1208896
3655.35 0.1032396
3658.0800000000004 0.09795656
3660.82 0.1096306
3663.56 0.1048489
3666.29 0.1053741
3669.0299999999997 0.1068909
3671.77 0.1049008
3674.5 0.09480153
3677.24 0.1004712
3679.98 0.1061582
3682.71 0.1025882
3685.4500000000003 0.08662824
3688.19 0.09695263
3690.9199999999996 0.08788581
3693.6600000000003 0.09123104
3696.4 0.09855034
3699.13 0.08974309
3701.87 0.09364779
3704.6099999999997 0.1030493
3707.34 0.1016711
3710.08 0.1069428
3712.82 0.1034819
3715.55 0.09983119
3718.2900000000004 0.1087021
3721.03 0.1336423
3723.7599999999998 0.2143937
3726.5 0.2775289
3729.24 0.2875703
3731.9799999999996 0.227128
3734.71 0.1554395
3737.45 0.1225218
3740.19 0.1157097
3742.92 0.09451879
3745.6600000000003 0.09688924
3748.4 0.09507218
3751.1299999999997 0.1054029
3753.8700000000003 0.09767944
3756.61 0.1160788
3759.3399999999997 0.09979643
3762.08 0.09532614
3764.8199999999997 0.09984801
3767.55 0.1143201
3770.29 0.1052412
3773.03 0.102184
3775.76 0.1206302
3778.5 0.1248117
3781.2400000000002 0.1066253
3783.97 0.1001541
3786.7099999999996 0.1169212
3789.45 0.1245635
3792.18 0.1168637
3794.92 0.1132471
3797.66 0.1056736
3800.3900000000003 0.1169618
3803.13 0.1162925
3805.87 0.1325001
3808.6 0.1112804
3811.3399999999997 0.1288493
3814.0800000000004 0.1181381
3816.81 0.1214493
3819.5499999999997 0.1352343
3822.29 0.1014688
3825.02 0.1100922
3827.76 0.09029083
3830.5 0.09908672
3833.2300000000005 0.08800689
3835.9700000000003 0.08955255
3838.71 0.08508226
3841.44 0.1009732
3844.18 0.1176711
3846.9199999999996 0.1276955
3849.65 0.1209879
3852.39 0.110963
3855.13 0.1257863
3857.86 0.1219338
3860.6000000000004 0.1295588
3863.34 0.1170249
3866.0699999999997 0.1349866
3868.81 0.1214318
3871.55 0.1304295
3874.2799999999997 0.1324084
3877.02 0.114343
3879.7599999999998 0.1188015
3882.4900000000002 0.1052299
3885.23 0.0946168
3887.9700000000003 0.1152888
3890.7000000000003 0.1174176
3893.44 0.1153063
3896.1800000000003 0.1156868
3898.91 0.1123533
3901.6499999999996 0.1298703
3904.39 0.1265708
3907.12 0.1123937
3909.86 0.1160158
3912.6 0.1283877
3915.34 0.1203817
3918.07 0.1242812
3920.81 0.1322003
3923.55 0.1194588
3926.2799999999997 0.1091462
3929.0199999999995 0.1069542
3931.76 0.09526253
3934.49 0.08968528
3937.23 0.1014401
3939.97 0.1107551
3942.7000000000003 0.1151276
3945.44 0.1176076
3948.18 0.1153579
3950.9100000000003 0.1133049
3953.65 0.1164886
3956.3900000000003 0.1203125
3959.12 0.1190382
3961.8599999999997 0.1075714
3964.6 0.09971536
3967.33 0.09640493
3970.07 0.1021496
3972.81 0.1056102
3975.54 0.1040647
3978.28 0.108477
3981.02 0.1252326
3983.75 0.1313989
3986.49 0.1278745
3989.2300000000005 0.1336941
3991.96 0.1407314
3994.7 0.1470412
3997.44 0.1437591
4000.17 0.1333542
4002.91 0.141879
4005.65 0.1405925
4008.38 0.1333023
4011.1200000000003 0.1379164
4013.86 0.139635
4016.5899999999997 0.1444921
4019.33 0.1484775
4022.0699999999997 0.1422075
4024.8 0.1408583
4027.54 0.1437767
4030.28 0.1365435
4033.01 0.1346636
4035.75 0.1393758
4038.4900000000002 0.1446012
4041.22 0.135771
4043.9599999999996 0.1348768
4046.7 0.1461528
4049.43 0.1405815
4052.17 0.1417868
4054.91 0.1417808
4057.6400000000003 0.1325295
4060.38 0.1348711
4063.12 0.1397043
4065.85 0.1419081
4068.59 0.1385394
4071.3300000000004 0.1355226
4074.06 0.1315316
4076.7999999999997 0.1277996
4079.54 0.1293625
4082.27 0.1304819
4085.01 0.1395488
4087.75 0.1426056
4090.48 0.1361633
4093.2200000000003 0.1311623
4095.96 0.1288434
4098.69 0.1387243
4101.429999999999 0.1395027
4104.17 0.1377029
4106.9 0.1288842
4109.64 0.1260404
4112.38 0.1318831
4115.12 0.1306255
4117.85 0.1339367
4120.59 0.1366532
4123.33 0.1333018
4126.0599999999995 0.1310585
4128.8 0.1332732
4131.54 0.137149
4134.2699999999995 0.1340175
4137.01 0.1298413
4139.75 0.1336998
4142.4800000000005 0.1336772
4145.22 0.1329617
4147.96 0.13464
4150.6900000000005 0.1342597
4153.43 0.1354938
4156.17 0.137622
4158.9 0.1411697
4161.639999999999 0.1389315
4164.38 0.1419595
4167.11 0.1443594
4169.85 0.1389373
4172.59 0.1282723
4175.32 0.1363362
4178.06 0.1409849
4180.8 0.1340171
4183.53 0.1282842
4186.27 0.1295529
4189.01 0.1329558
4191.74 0.1364919
4194.48 0.1343576
4197.22 0.1316003
4199.95 0.1309317
4202.69 0.1382394
4205.43 0.1395254
4208.16 0.1453572
4210.900000000001 0.1347729
4213.64 0.1345189
4216.37 0.1311682
4219.11 0.1325523
4221.849999999999 0.12818
4224.58 0.1369996
4227.32 0.1306085
4230.0599999999995 0.1309198
4232.79 0.137311
4235.53 0.1357131
4238.27 0.1346574
4241.0 0.1371726
4243.74 0.1351363
4246.4800000000005 0.1325579
4249.21 0.1260348
4251.95 0.1275746
4254.69 0.1301123
4257.42 0.1336485
4260.16 0.1350325
4262.9 0.1458298
4265.63 0.1393241
4268.37 0.1422251
4271.110000000001 0.1298989
4273.84 0.1338965
4276.58 0.1309604
4279.32 0.1270842
4282.05 0.1290861
4284.79 0.1272747
4287.53 0.1243733
4290.26 0.1310818
4293.0 0.1262307
4295.74 0.1257806
4298.4800000000005 0.1183629
4301.21 0.1217664
4303.950000000001 0.1209414
4306.6900000000005 0.1134949
4309.42 0.1143143
4312.16 0.1229832
4314.9 0.1211143
4317.63 0.1356671
4320.37 0.1269804
4323.11 0.129495
4325.84 0.1245062
4328.58 0.1232947
4331.320000000001 0.1315888
4334.05 0.1366015
4336.79 0.1488523
4339.53 0.1735791
4342.26 0.1638953
4345.0 0.1457953
4347.74 0.1284049
4350.47 0.1235429
4353.21 0.1260345
4355.95 0.127234
4358.679999999999 0.131445
4361.42 0.1410368
4364.16 0.1349342
4366.89 0.1406852
4369.63 0.1322639
4372.37 0.1347785
4375.1 0.1286591
4377.84 0.1387701
4380.58 0.135263
4383.31 0.1332792
4386.05 0.1262941
4388.79 0.1281339
4391.5199999999995 0.1350788
4394.26 0.1387124
4397.0 0.132033
4399.7300000000005 0.1306952
4402.47 0.1364052
4405.21 0.1299854
4407.9400000000005 0.1385223
4410.68 0.1373339
4413.42 0.1400561
4416.15 0.1357768
4418.889999999999 0.1378357
4421.63 0.1419307
4424.36 0.1389145
4427.1 0.142029
4429.84 0.1370453
4432.57 0.1378763
4435.31 0.1349979
4438.05 0.1369184
4440.78 0.1375649
4443.52 0.1327888
4446.26 0.1358975
4448.99 0.131347
4451.73 0.1416945
4454.47 0.1396986
4457.2 0.1316873
4459.94 0.1395315
4462.68 0.1261498
4465.41 0.1328352
4468.150000000001 0.1374782
4470.89 0.1420115
4473.62 0.1431367
4476.36 0.1443189
4479.099999999999 0.1419308
4481.84 0.1466256
4484.57 0.1445785
4487.3099999999995 0.1396755
4490.05 0.1359608
4492.78 0.1460435
4495.52 0.1416424
4498.26 0.1405175
4500.990000000001 0.143373
4503.7300000000005 0.1473296
4506.47 0.1423286
4509.2 0.1377204
4511.94 0.1513152
4514.679999999999 0.1527858
4517.41 0.1502945
4520.15 0.1468855
4522.89 0.1516322
4525.62 0.1479931
4528.360000000001 0.1366417
4531.1 0.1329385
4533.83 0.142479
4536.57 0.142623
4539.3099999999995 0.145824
4542.04 0.142058
4544.78 0.1450398
4547.5199999999995 0.146072
4550.25 0.1439844
4552.99 0.1459222
4555.7300000000005 0.1367049
4558.46 0.1339483
4561.2 0.14414
4563.9400000000005 0.1517649
4566.67 0.1436211
4569.41 0.151471
4572.15 0.1491463
4574.88 0.1384704
4577.62 0.1428307
4580.36 0.1382854
4583.09 0.1408871
4585.83 0.1417463
4588.57 0.1432516
4591.3 0.1390991
4594.04 0.1436151
4596.78 0.138891
4599.51 0.1440191
4602.25 0.139543
4604.99 0.1350669
4607.72 0.1435807
4610.46 0.1429576
4613.2 0.1451492
4615.929999999999 0.147676
4618.67 0.1478142
4621.41 0.1462682
4624.14 0.1451496
4626.88 0.1383029
4629.62 0.145253
4632.35 0.1487719
4635.09 0.1497696
4637.83 0.1491003
4640.56 0.1441403
4643.3 0.1454206
4646.04 0.1483043
4648.7699999999995 0.1427848
4651.51 0.1416657
4654.25 0.1427152
4656.98 0.1447632
4659.72 0.1459627
4662.46 0.1452012
4665.1900000000005 0.144919
4667.93 0.1411696
4670.67 0.1406042
4673.41 0.1454778
4676.139999999999 0.1438113
4678.88 0.1429979
4681.62 0.1414403
4684.349999999999 0.1431423
4687.09 0.144636
4689.83 0.143684
4692.56 0.1429519
4695.3 0.1415444
4698.04 0.1397734
4700.77 0.1384357
4703.51 0.1372012
4706.25 0.1374144
4708.98 0.1353671
4711.719999999999 0.1424038
4714.46 0.1380489
4717.19 0.1410601
4719.93 0.1427614
4722.67 0.1473063
4725.400000000001 0.137086
4728.14 0.1389488
4730.88 0.1370799
4733.61 0.1322698
4736.349999999999 0.133677
4739.09 0.1407829
4741.82 0.1450919
4744.5599999999995 0.1407485
4747.3 0.1458529
4750.03 0.1406622
4752.77 0.1443188
4755.51 0.1398139
4758.240000000001 0.1435807
4760.9800000000005 0.1407139
4763.72 0.1361801
4766.45 0.1368149
4769.19 0.1371724
4771.929999999999 0.1423633
4774.66 0.1436442
4777.4 0.1437478
4780.14 0.1467238
4782.87 0.1396816
4785.610000000001 0.1360938
4788.35 0.1421614
4791.08 0.1418215
4793.82 0.1426404
4796.56 0.151194
4799.29 0.144319
4802.03 0.1474278
4804.7699999999995 0.1456856
4807.5 0.1357133
4810.24 0.1420001
4812.9800000000005 0.1431074
4815.71 0.1514828
4818.45 0.1452244
4821.1900000000005 0.1384354
4823.92 0.1414063
4826.66 0.1383375
4829.4 0.1395371
4832.13 0.1375533
4834.87 0.142675
4837.61 0.1328463
4840.34 0.1297263
4843.08 0.137507
4845.82 0.1362956
4848.55 0.1354077
4851.29 0.1285379
4854.03 0.141902
4856.77 0.1811754
4859.5 0.2358903
4862.24 0.2560257
4864.98 0.2287548
4867.71 0.168175
4870.45 0.1360591
4873.19 0.1325924
4875.92 0.1313873
4878.66 0.128457
4881.400000000001 0.1311216
4884.13 0.1310585
4886.87 0.1295702
4889.61 0.1351649
4892.34 0.1344962
4895.08 0.135142
4897.82 0.137374
4900.55 0.1346923
4903.29 0.1380375
4906.03 0.140506
4908.76 0.1346693
4911.5 0.1335097
4914.240000000001 0.1348938
4916.97 0.1317218
4919.71 0.1261787
4922.45 0.1236522
4925.18 0.1307874
4927.92 0.1351882
4930.66 0.1379393
4933.39 0.1306779
4936.13 0.1346114
4938.87 0.1325463
4941.599999999999 0.1385799
4944.34 0.1401717
4947.08 0.141377
4949.81 0.1394566
4952.55 0.1426288
4955.29 0.1480793
4958.02 0.1507906
4960.76 0.1505251
4963.5 0.1484254
4966.23 0.1421907
4968.969999999999 0.1377376
4971.71 0.1391218
4974.44 0.140218
4977.18 0.1432633
4979.92 0.1336884
4982.650000000001 0.1319238
4985.39 0.1343692
4988.13 0.1370684
4990.86 0.1333196
4993.6 0.1396065
4996.34 0.1330136
4999.07 0.1370457
5001.8099999999995 0.1517249
5004.55 0.170926
5007.28 0.1794399
5010.0199999999995 0.1758751
5012.76 0.1561429
5015.49 0.1350039
5018.2300000000005 0.1291435
5020.97 0.1262305
5023.7 0.1310356
5026.44 0.1332041
5029.179999999999 0.1348247
5031.910000000001 0.1333427
5034.650000000001 0.1341962
5037.39 0.1288203
5040.13 0.1279262
5042.86 0.1297607
5045.6 0.129922
5048.34 0.1353841
5051.07 0.1387471
5053.8099999999995 0.1339019
5056.549999999999 0.1383545
5059.280000000001 0.1405755
5062.02 0.1413656
5064.76 0.1399523
5067.49 0.1305221
5070.23 0.1320793
5072.97 0.1347265
5075.7 0.1302683
5078.44 0.1313006
5081.179999999999 0.1320041
5083.910000000001 0.1292878
5086.650000000001 0.1319293
5089.39 0.1339652
5092.12 0.1336252
5094.86 0.1336885
5097.6 0.1304122
5100.33 0.1341444
5103.07 0.1302739
5105.8099999999995 0.1268188
5108.54 0.1299165
5111.280000000001 0.1338097
5114.02 0.1350784
5116.75 0.1297146
5119.49 0.129253
5122.23 0.1319868
5124.959999999999 0.1309605
5127.7 0.1297606
5130.44 0.1347208
5133.17 0.1327024
5135.91 0.1316582
5138.650000000001 0.1268938
5141.38 0.1243851
5144.12 0.1280764
5146.86 0.1281051
5149.589999999999 0.1259944
5152.330000000001 0.1249156
5155.070000000001 0.1328982
5157.8 0.1298935
5160.54 0.1306085
5163.28 0.1275456
5166.01 0.1241198
5168.75 0.1174808
5171.49 0.1207222
5174.22 0.1238083
5176.96 0.1222508
5179.700000000001 0.1198916
5182.43 0.1178443
5185.17 0.1199783
5187.91 0.1219565
5190.639999999999 0.1244197
5193.38 0.1245176
5196.12 0.1314216
5198.85 0.131422
5201.59 0.1294204
5204.33 0.1294548
5207.06 0.1223606
5209.8 0.1226719
5212.54 0.1255038
5215.2699999999995 0.1278459
5218.009999999999 0.1300606
5220.75 0.1329905
5223.49 0.1315772
5226.22 0.124235
5228.96 0.123237
5231.7 0.1263342
5234.43 0.1281688
5237.17 0.131364
5239.91 0.1327251
5242.639999999999 0.1334579
5245.379999999999 0.1326445
5248.12 0.1301757
5250.85 0.128959
5253.59 0.1248867
5256.33 0.131733
5259.0599999999995 0.1323563
5261.8 0.1274246
5264.54 0.1256133
5267.2699999999995 0.1191881
5270.01 0.1176768
5272.750000000001 0.1254922
5275.4800000000005 0.1298473
5278.22 0.1290223
5280.96 0.1293394
5283.69 0.1300088
5286.429999999999 0.1327599
5289.17 0.1381354
5291.900000000001 0.1410486
5294.64 0.1368782
5297.38 0.1301354
5300.11 0.132662
5302.85 0.1325984
5305.59 0.1337461
5308.32 0.1338387
5311.0599999999995 0.1371262
5313.799999999999 0.1390352
5316.530000000001 0.1355171
5319.27 0.1345018
5322.01 0.1324887
5324.74 0.1294147
5327.48 0.1309892
5330.22 0.1270034
5332.95 0.1262308
5335.69 0.1321659
5338.429999999999 0.1330828
5341.160000000001 0.1353499
5343.900000000001 0.1343923
5346.64 0.132356
5349.37 0.1341329
5352.11 0.1343346
5354.849999999999 0.1387411
5357.58 0.1409736
5360.32 0.1415099
5363.0599999999995 0.1349401
5365.79 0.1309202
5368.530000000001 0.130672
5371.27 0.1319408
5374.0 0.1303376
5376.74 0.1316525
5379.48 0.1353438
5382.209999999999 0.1355461
5384.95 0.130845
5387.6900000000005 0.1298874
5390.42 0.1345828
5393.16 0.1367225
5395.900000000001 0.1309141
5398.63 0.1266692
5401.37 0.1260865
5404.11 0.1227756
5406.849999999999 0.1231157
5409.580000000001 0.1236179
5412.320000000001 0.1272169
5415.06 0.1291086
5417.79 0.1339021
5420.53 0.1354823
5423.27 0.1330885
5426.0 0.1352114
5428.74 0.130793
5431.48 0.1290106
5434.21 0.1233237
5436.950000000001 0.1285262
5439.6900000000005 0.1358282
5442.42 0.1366303
5445.16 0.1354073
5447.9 0.1315369
5450.629999999999 0.128411
5453.37 0.1260806
5456.11 0.1299738
5458.84 0.1312315
5461.58 0.1301412
5464.320000000001 0.1311044
5467.05 0.1249503
5469.79 0.1302393
5472.53 0.1304814
5475.259999999999 0.1287802
5477.999999999999 0.1308449
5480.74 0.1301988
5483.47 0.1298646
5486.21 0.1307181
5488.95 0.1287626
5491.68 0.1306029
5494.42 0.1310757
5497.16 0.1327482
5499.889999999999 0.1347788
5502.629999999999 0.1318082
5505.370000000001 0.1314158
5508.1 0.1371264
5510.84 0.1352459
5513.58 0.1311736
5516.3099999999995 0.1368899
5519.05 0.1346576
5521.79 0.1248577
5524.52 0.1275978
5527.26 0.123912
5530.000000000001 0.1229832
5532.7300000000005 0.1268134
5535.47 0.1281802
5538.21 0.1278859
5540.94 0.1367284
5543.679999999999 0.1300836
5546.42 0.1377836
5549.150000000001 0.1343924
5551.89 0.130522
5554.63 0.1371088
5557.36 0.1366246
5560.1 0.1247714
5562.84 0.1370685
5565.57 0.1332216
5568.3099999999995 0.1318083
5571.049999999999 0.1228044
5573.780000000001 0.1299973
5576.52 0.1334118
5579.26 0.136111
5581.99 0.1334984
5584.73 0.1290916
5587.47 0.1317793
5590.2 0.1280189
5592.94 0.1266576
5595.679999999999 0.1228044
5598.419999999999 0.1356206
5601.150000000001 0.1290801
5603.89 0.1287915
5606.63 0.1321598
5609.36 0.1311335
5612.099999999999 0.1303489
5614.84 0.1265592
5617.57 0.1276093
5620.3099999999995 0.1283301
5623.05 0.1319349
5625.780000000001 0.1333022
5628.52 0.1343864
5631.26 0.1350496
5633.99 0.1372648
5636.73 0.135615
5639.469999999999 0.1325405
5642.200000000001 0.1373167
5644.9400000000005 0.1360014
5647.68 0.1361743
5650.41 0.1367168
5653.150000000001 0.1343518
5655.89 0.1359436
5658.62 0.1305567
5661.36 0.1296106
5664.099999999999 0.1279839
5666.830000000001 0.1313008
5669.570000000001 0.1271247
5672.31 0.128878
5675.04 0.1296627
5677.78 0.1366936
5680.52 0.1314216
5683.25 0.132512
5685.99 0.1232198
5688.73 0.1310236
5691.46 0.1323794
5694.200000000001 0.1296683
5696.9400000000005 0.1318888
5699.67 0.1315777
5702.41 0.1215413
5705.15 0.1246732
5707.879999999999 0.1214838
5710.62 0.1214318
5713.36 0.1350035
5716.09 0.1286187
5718.83 0.1293453
5721.570000000001 0.1336134
5724.3 0.131347
5727.04 0.1313237
5729.78 0.133227
5732.509999999999 0.1264673
5735.249999999999 0.1317044
5737.99 0.1323733
5740.72 0.1302857
5743.46 0.1316122
5746.2 0.1266401
5748.93 0.1264269
5751.67 0.1300548
5754.41 0.1315543
5757.139999999999 0.1325582
5759.88 0.12953
5762.620000000001 0.1330598
5765.35 0.1311047
5768.09 0.1349979
5770.83 0.126767
5773.5599999999995 0.1270499
5776.3 0.1318141
5779.04 0.1374838
5781.78 0.130343
5784.51 0.1268133
5787.25 0.125077
5789.990000000001 0.1262247
5792.72 0.1247311
5795.46 0.1321196
5798.2 0.1353553
5800.929999999999 0.1374493
5803.67 0.1305738
5806.41 0.1342882
5809.14 0.1336944
5811.88 0.1301239
5814.62 0.1361916
5817.35 0.139047
5820.09 0.1394045
5822.83 0.1383257
5825.5599999999995 0.1336656
5828.299999999999 0.138124
5831.04 0.1404368
5833.77 0.1352691
5836.51 0.1359842
5839.25 0.1304064
5841.98 0.1252675
5844.72 0.1323792
5847.46 0.129772
5850.19 0.132887
5852.929999999999 0.1264902
5855.669999999999 0.1330136
5858.400000000001 0.1268422
5861.14 0.126594
5863.88 0.135586
5866.61 0.1161023
5869.349999999999 0.1173192
5872.09 0.129126
5874.82 0.1285899
5877.5599999999995 0.1220662
5880.3 0.12187
5883.030000000001 0.1475433
5885.77 0.145432
5888.51 0.1374318
5891.24 0.1352576
5893.98 0.1294261
5896.719999999999 0.1231447
5899.450000000001 0.1282323
5902.1900000000005 0.1282783
5904.93 0.1270034
5907.66 0.1295243
5910.400000000001 0.1280245
5913.14 0.1248808
5915.87 0.1259482
5918.61 0.1328292
5921.349999999999 0.1255615
5924.080000000001 0.1257809
5926.820000000001 0.1233871
5929.56 0.126144
5932.29 0.1277363
5935.03 0.1285206
5937.77 0.1261037
5940.5 0.1295243
5943.24 0.1268479
5945.98 0.1292241
5948.71 0.1345713
5951.450000000001 0.1291781
5954.1900000000005 0.1210222
5956.92 0.123295
5959.66 0.1287859
5962.4 0.1277245
5965.14 0.1246789
5967.87 0.1277938
5970.61 0.1296625
5973.349999999999 0.1278397
5976.08 0.1281687
5978.820000000001 0.1250136
5981.56 0.1273494
5984.29 0.1250426
5987.03 0.1229487
5989.7699999999995 0.128503
5992.499999999999 0.1283476
5995.24 0.127909
5997.9800000000005 0.1253134
6000.71 0.1296973
6003.45 0.1305335
6006.1900000000005 0.1270553
6008.92 0.1244139
6011.66 0.1248694
6014.4 0.1270438
6017.13 0.1257924
6019.870000000001 0.1232947
6022.610000000001 0.1246385
6025.34 0.1266461
6028.08 0.1280244
6030.82 0.1308679
6033.55 0.12983
6036.29 0.129328
6039.03 0.1302853
6041.76 0.126375
6044.5 0.1313006
6047.240000000001 0.128653
6049.97 0.1271479
6052.71 0.1265133
6055.45 0.126069
6058.179999999999 0.1274767
6060.92 0.1251521
6063.66 0.1287222
6066.39 0.1240909
6069.13 0.1292415
6071.87 0.1345882
6074.6 0.1286476
6077.34 0.1235717
6080.08 0.1213855
6082.8099999999995 0.1232546
6085.549999999999 0.1275804
6088.29 0.1251865
6091.02 0.1296397
6093.76 0.1268363
6096.5 0.1292933
6099.23 0.1242236
6101.97 0.1267959
6104.71 0.1268073
6107.44 0.12461
6110.179999999999 0.1295876
6112.919999999999 0.1273726
6115.650000000001 0.1180923
6118.39 0.126646
6121.13 0.1251924
6123.86 0.1274479
6126.599999999999 0.1239927
6129.34 0.128232
6132.07 0.1335042
6134.81 0.1253078
6137.55 0.1122607
6140.28 0.1185307
6143.02 0.1267844
6145.76 0.1290857
6148.5 0.1226428
6151.23 0.1182941
6153.969999999999 0.1228564
6156.71 0.1198281
6159.4400000000005 0.120607
6162.18 0.1150062
6164.92 0.1139621
6167.65 0.1123762
6170.39 0.120255
6173.13 0.1207164
6175.86 0.1209358
6178.599999999999 0.1184497
6181.339999999999 0.1262535
6184.070000000001 0.1238659
6186.81 0.1212471
6189.55 0.1231389
6192.28 0.1178327
6195.0199999999995 0.1120935
6197.76 0.1220026
6200.49 0.1252733
6203.23 0.1291896
6205.969999999999 0.1268188
6208.700000000001 0.1174289
6211.4400000000005 0.1150697
6214.18 0.1240445
6216.91 0.1186286
6219.65 0.1218066
6222.389999999999 0.1317561
6225.12 0.1313642
6227.86 0.1241484
6230.599999999999 0.1228851
6233.33 0.1157851
6236.070000000001 0.1165867
6238.81 0.1165866
6241.54 0.1186806
6244.28 0.118692
6247.0199999999995 0.125025
6249.749999999999 0.1184729
6252.490000000001 0.1154966
6255.2300000000005 0.1144525
6257.96 0.1228969
6260.7 0.1240446
6263.4400000000005 0.1185765
6266.17 0.1206936
6268.91 0.1239812
6271.65 0.1189284
6274.38 0.1151795
6277.120000000001 0.1240677
6279.860000000001 0.1194763
6282.59 0.1166907
6285.33 0.1174288
6288.07 0.1236235
6290.799999999999 0.1218357
6293.54 0.1248637
6296.28 0.1270727
6299.01 0.1261847
6301.75 0.1299279
6304.490000000001 0.1243906
6307.22 0.1194708
6309.96 0.1179537
6312.7 0.1204338
6315.429999999999 0.1182826
6318.17 0.1154447
6320.91 0.1210106
6323.64 0.1275228
6326.38 0.1179941
6329.12 0.1234504
6331.860000000001 0.1235484
6334.59 0.114147
6337.33 0.1185996
6340.07 0.1198454
6342.799999999999 0.1229892
6345.54 0.1254
6348.28 0.1171403
6351.01 0.1196207
6353.75 0.1213971
6356.49 0.1144928
6359.22 0.1181441
6361.96 0.116702
6364.7 0.1162924
6367.429999999999 0.1210858
6370.170000000001 0.1226487
6372.910000000001 0.1203703
6375.64 0.1165118
6378.38 0.1238888
6381.12 0.1101034
6383.849999999999 0.1181845
6386.59 0.1244022
6389.33 0.1227409
6392.06 0.1142623
6394.8 0.1203358
6397.540000000001 0.1181727
6400.27 0.1194708
6403.01 0.1220028
6405.75 0.1192225
6408.48 0.1205955
6411.219999999999 0.1228737
6413.96 0.1186746
6416.6900000000005 0.1170598
6419.43 0.1189688
6422.17 0.1282377
6424.9 0.1204802
6427.64 0.1211433
6430.38 0.1196147
6433.11 0.1252156
6435.849999999999 0.1224815
6438.589999999999 0.1186688
6441.320000000001 0.1230123
6444.06 0.1196495
6446.8 0.124206
6449.53 0.1176539
6452.2699999999995 0.1200648
6455.01 0.1215932
6457.74 0.1180231
6460.48 0.1176249
6463.219999999999 0.1234966
6465.950000000001 0.1230296
6468.6900000000005 0.1198629
6471.43 0.1207164
6474.16 0.1214838
6476.9 0.1140373
6479.639999999999 0.1158599
6482.37 0.1194477
6485.11 0.1200244
6487.849999999999 0.1216162
6490.58 0.1194131
6493.320000000001 0.1173077
6496.06 0.1148447
6498.79 0.110767
6501.53 0.1131202
6504.2699999999995 0.1184151
6506.999999999999 0.1224471
6509.740000000001 0.1212184
6512.4800000000005 0.1215759
6515.21 0.1223606
6517.95 0.1208262
6520.6900000000005 0.1217835
6523.43 0.1219564
6526.16 0.1223835
6528.9 0.117919
6531.639999999999 0.1198281
6534.370000000001 0.1225912
6537.110000000001 0.1191995
6539.85 0.1251
6542.58 0.1393297
6545.32 0.1725296
6548.06 0.1834711
6550.79 0.1785976
6553.53 0.1824331
6556.2699999999995 0.2243771
6559.0 0.3871595
6561.740000000001 0.6180311
6564.4800000000005 0.6571946
6567.21 0.4494876
6569.95 0.2244465
6572.69 0.1398889
6575.419999999999 0.1316757
6578.16 0.1696572
6580.9 0.2562909
6583.63 0.3236548
6586.37 0.2862035
6589.110000000001 0.1948858
6591.84 0.1353614
6594.58 0.1234044
6597.32 0.1247078
6600.049999999999 0.1214549
6602.789999999999 0.1171462
6605.53 0.1171288
6608.26 0.1158831
6611.0 0.112728
6613.74 0.1153926
6616.47 0.1217895
6619.21 0.1181844
6621.95 0.1233408
6624.679999999999 0.1174289
6627.420000000001 0.1179191
6630.160000000001 0.1218815
6632.89 0.1205379
6635.63 0.1184901
6638.37 0.1177402
6641.099999999999 0.118075
6643.84 0.1183632
6646.58 0.116131
6649.31 0.1112573
6652.05 0.1109515
6654.790000000001 0.115658
6657.52 0.1103287
6660.26 0.1103343
6663.0 0.1156638
6665.73 0.1131896
6668.469999999999 0.1172789
6671.21 0.1208837
6673.9400000000005 0.118646
6676.68 0.1192054
6679.42 0.1176018
6682.15 0.1165061
6684.89 0.1190612
6687.63 0.117273
6690.36 0.1156871
6693.099999999999 0.115612
6695.839999999999 0.1148967
6698.570000000001 0.1172329
6701.31 0.1215933
6704.05 0.1189227
6706.79 0.1205837
6709.5199999999995 0.1264787
6712.26 0.1484947
6715.0 0.1907732
6717.73 0.202892
6720.469999999999 0.1771958
6723.209999999999 0.1467065
6725.9400000000005 0.1403044
6728.68 0.160492
6731.42 0.1760767
6734.15 0.1724259
6736.889999999999 0.1403101
6739.63 0.1176479
6742.36 0.1164887
6745.1 0.1102247
6747.84 0.1106456
6750.570000000001 0.1057604
6753.31 0.1125665
6756.05 0.1183746
6758.78 0.1200822
6761.5199999999995 0.108379
6764.259999999999 0.1123183
6766.990000000001 0.1125954
6769.7300000000005 0.107508
6772.47 0.1092671
6775.2 0.1148103
6777.9400000000005 0.1161137
6780.68 0.1147178
6783.41 0.1156582
6786.15 0.112826
6788.889999999999 0.1104322
6791.620000000001 0.1123243
6794.360000000001 0.1232429
6806.08 0.1147065
6821.77 0.114141
6837.490000000001 0.1151678
6853.26 0.1151272
6869.06 0.1106745
6884.89 0.1119205
6900.76 0.1126647
6916.67 0.1126298
6932.610000000001 0.1120762
6948.6 0.113599
6964.61 0.1133049
6980.67 0.1140544
6996.759999999999 0.1124511
7012.89 0.1098613
7029.06 0.1126415
7045.26 0.1105535
7061.500000000001 0.1097576
7077.78 0.109723
7094.089999999999 0.1071909
7110.450000000001 0.1071561
7126.84 0.1061409
7143.27 0.1063486
7159.74 0.106562
7176.240000000001 0.1048204
7192.78 0.09824495
7209.360000000001 0.1014288
7225.99 0.1069138
7242.64 0.1039666
7259.339999999999 0.1027435
7276.07 0.1085463
7292.849999999999 0.1060372
7309.66 0.1052758
7326.51 0.1074445
7343.4 0.1094055
7360.330000000001 0.1076174
7377.29 0.1093307
7394.3 0.1055815
7411.339999999999 0.1107786
7428.43 0.1072255
7445.56 0.1099421
7462.72 0.1104091
7479.92 0.1081079
7497.17 0.1085751
7514.450000000001 0.1085345
7531.7699999999995 0.1082521
7549.129999999999 0.1102249
7566.540000000001 0.1074328
7583.9800000000005 0.1081366
7601.46 0.1056393
7618.98 0.1043936
7636.549999999999 0.1065446
7654.15 0.1045605
7671.8 0.09800254
7689.48 0.1016422
7707.21 0.09815823
7724.9800000000005 0.0997154
7742.780000000001 0.1010712
7760.629999999999 0.0991907
7778.5199999999995 0.09846977
7796.450000000001 0.09731051
7814.42 0.09954276
7832.4400000000005 0.1015902
7850.5 0.1008517
7868.59 0.1017518
7886.73 0.099629
7904.910000000001 0.09687774
7923.13 0.09573575
7941.4 0.095482
7959.71 0.09677378
7978.06 0.09763322
7996.450000000001 0.09647965
8014.88 0.09778322
8033.360000000001 0.09508386
8051.88 0.09793897
8070.429999999999 0.09881016
8089.04 0.09630111
8107.69 0.09538377
8126.38 0.09689494
8145.11 0.09686055
8163.89 0.09484174
8182.71 0.09813519
8201.57 0.09303632
8220.48 0.09560876
8239.43 0.08557259
8258.42 0.09889085
8277.46 0.09908112
8296.54 0.09243644
8315.67 0.09218837
8334.84 0.09215368
8354.05 0.0933997
8373.310000000001 0.09229221
8392.61 0.08974291
8411.960000000001 0.09415529
8431.35 0.0932554
8450.78 0.09109254
8470.27 0.09275361
8489.79 0.09081571
8509.36 0.07924537
8528.98 0.09053306
8548.64 0.07138947
8568.35 0.09087915
8588.1 0.09189438
8607.900000000001 0.08572834
8627.74 0.09056194
8647.63 0.09115588
8667.56 0.07881283
8687.54 0.08618408
8707.57 0.08734925
8727.65 0.08996772
8747.76 0.08869329
8767.93 0.08764337
8788.14 0.08965063
8808.4 0.09064851
8828.71 0.0895755
8849.06 0.08650124
8869.460000000001 0.08050841
8889.9 0.08387687
8910.39 0.08639191
8930.94 0.08576298
8951.519999999999 0.08474805
8972.16 0.0812698
8992.85 0.08605139
9013.57 0.08064125
9034.35 0.07697845
9055.18 0.08978318
9076.05 0.08831253
9096.98 0.07652847
9117.94 0.08253877
9138.97 0.07970094
9160.03 0.08152372
9181.15 0.07835692
9202.32 0.08220408
9223.53 0.07865115
9244.79 0.07916446
9266.1 0.08041621
9287.46 0.07891071
9308.87 0.07429649
9330.33 0.08332319
9351.84 0.08309818
9373.4 0.08192161
9395.0 0.08264269
9416.66 0.0810968
9438.37 0.0829482
9460.13 0.08177739
9481.94 0.08287318
9503.8 0.08113712
9525.7 0.08072767
9547.66 0.07741694
9569.67 0.08028925
9591.730000000001 0.08193314
9613.84 0.08095841
9636.01 0.08110827
9658.22 0.08032385
9680.48 0.07992012
9702.800000000001 0.07970099
9725.17 0.07893372
9747.58 0.07853591
9770.060000000001 0.07867997
9792.58 0.0777398
9815.15 0.07896837
9837.78 0.07820702
9860.46 0.07835122
9883.189999999999 0.07759561
9905.97 0.07702458
9928.81 0.07734757
9951.69 0.07748613
9974.63 0.0772727
9997.63 0.07688031
10020.67 0.07596333
10066.93 0.07467717
10113.4 0.07599216
10183.5 0.07518481
10230.51 0.07511547
10277.72 0.07504051
10301.419999999998 0.07448671
10492.93 0.07167199
10688.02 0.06822282
10911.820000000002 0.06515421
11089.119999999999 0.06265094
11295.28 0.06108205
11505.28 0.06038425
11692.23 0.05846923
11909.6 0.05635477
12103.109999999999 0.05507199
12299.77 0.05394202
12499.63 0.05223125
12702.73 0.05092485
12909.13 0.04953709
13088.71 0.04852084
13301.39 0.04698188
13486.43 0.04591252
13705.57 0.04486735
13896.230000000001 0.04324429
14089.55 0.04139338
14285.550000000001 0.04063784
14484.289999999999 0.04063775
14685.79 0.03925808
14890.09 0.03943919
15097.23 0.0394392
15307.24 0.03980432
15484.49 0.03934865
15699.9 0.03854175
15918.31 0.03706228
16102.64 0.03706225
16289.11 0.03680671
16515.690000000002 0.03613537
16706.94 0.03572124
16900.4 0.03506947
17096.11 0.03427116
17294.05 0.03287997
17494.32 0.03191034
17696.89 0.03061489
17901.82 0.02943938
18109.12 0.0280499
18318.8 0.02728506
18488.3 0.02635878
18702.39 0.0251729
18918.94 0.02448649
19094.01 0.02403948
19315.11 0.02322331
19493.81 0.02228086
19719.55 0.0215737
19902.02 0.02093749
20086.16 0.02050837
20318.75 0.01981219
20506.760000000002 0.01949553
20696.500000000004 0.01896373
20888.010000000002 0.0184896
21081.29 0.01815218
21276.34 0.01769825
21522.72 0.01729507
21721.870000000003 0.01670848
21922.850000000002 0.01640335
22074.820000000003 0.01595634
22279.059999999998 0.01548569
22485.219999999998 0.01509807
22693.26 0.01468682
22903.25 0.01324138
23115.18 0.01311968
23275.39 0.01155946
23490.769999999997 0.0108875
23708.109999999997 0.01101382
23927.489999999998 0.01013767
24093.33 0.009815825
24316.28 0.00970335
24484.81 0.009055615
24711.379999999997 0.00891084
24882.66 0.007637285
25112.91 0.007549609
25287.0 0.007584796
25520.960000000003 0.007515007
25697.88 0.007602096
25875.99 0.007446367
26115.43 0.007411763
26296.44 0.007209882
26478.730000000003 0.007143554
26723.72 0.006997049
26908.98 0.006885148
27095.49 0.006791133
27283.32 0.006651549
27472.43 0.006530424
27726.64 0.006381611
27918.820000000003 0.006308356
28112.36 0.006179156
28307.21 0.006080525
28503.409999999996 0.005955366
28701.0 0.005819821
28899.93 0.005740222
29100.28 0.005635475
29301.98 0.005519887
29505.1 0.005419123
29709.61 0.005320202
29915.56 0.005211073
30122.91 0.005127786
30331.73 0.005022578
30471.73 0.00496513
30682.93 0.004897012
30895.640000000003 0.00481868
31109.78 0.004741624
31325.440000000002 0.004676561
31470.02 0.004612423
31688.14 0.004538652
31907.82 0.004497064
32128.969999999998 0.004445616
32277.300000000003 0.004435346
32501.02 0.004476415
32726.329999999998 0.00469819
32877.37 0.005419123
33105.25 0.005357116
33334.74 0.004486741
33488.6 0.00412982
33720.75 0.003953035
33876.39 0.003827639
34111.189999999995 0.003731894
34268.67 0.003663774
34506.19 0.003588618
34665.45 0.003515021
34905.76 0.003450882
35066.869999999995 0.003387894
35309.96 0.003318393
35472.93 0.00325783
35718.8 0.003198362
35883.7 0.003139991
36132.409999999996 0.003089811
36299.18 0.003033401
36466.759999999995 0.002978028
36719.520000000004 0.002923693
36888.99 0.002863709
37059.29 0.002811451
37316.159999999996 0.002766518
37488.43 0.002703533
37661.46 0.00267256
37922.49 0.002623764
38097.57 0.002575889
38273.4 0.002534707
38538.68 0.002494217
38716.6 0.002448649
38895.29 0.002403949
39074.810000000005 0.002365534
39255.200000000004 0.002327697
39527.29 0.002285244
39709.729999999996 0.002248676
39893.049999999996 0.002202591
40077.170000000006 0.002167349
40262.149999999994 0.002137586
40541.25 0.002098596
40728.369999999995 0.002069814
40916.35 0.002036706
41105.24 0.002008789
41294.96 0.001976662
41485.55 0.001945054
41677.08 0.001913965
41869.43 0.001887664
42062.68 0.001857497
42256.82 0.001836213
42451.9 0.001806855
42746.14 0.00178211
42943.48 0.001721605
43141.689999999995 0.001663118
43340.8 0.001659312
43540.840000000004 0.001602959
43741.85 0.001570082
43943.74 0.001548568
44146.56 0.001502886
44350.36 0.001485698
44452.590000000004 0.001465337
44657.770000000004 0.001428653
44863.88 0.001425365
45071.0 0.001402582
45279.020000000004 0.001376972
45488.01 0.001367512
45698.0 0.001354997
45908.920000000006 0.001321081
46120.81 0.001321082
46333.729999999996 0.00130297
46547.58 0.001288031
46654.88 0.001282148
46870.21 0.00126744
47086.59 0.001252962
47303.91 0.001250079
47522.24 0.001230064
47741.63 0.001221585
47851.67999999999 0.001210395
48072.54 0.001193783
48294.41 0.001193784
48517.37 0.001177403
48741.3 0.001163964
48853.65 0.001155946
49079.13 0.001145333
49305.71 0.001137431
49533.28 0.001124396
49647.46 0.001121858
49876.6 0.001111072
50106.86 0.001107496
50338.12 0.00110392
50454.16 0.001093307
50687.03 0.001092326
50803.92 0.001091807
50921.02 0.001088808
51038.4 0.001088289
51156.05 0.001082809
51273.97 0.001082348
51392.16 0.001079349
51510.68000000001 0.001078829
51629.41 0.001078368
51748.42 0.001080387
51867.71 0.001077387
51987.259999999995 0.001074446
52107.1 0.001073927
52227.21 0.001070985
52347.65 0.001068044
52468.32000000001 0.001070062
52589.259999999995 0.001069543
52710.48 0.001071562
52831.99 0.0010711
52953.770000000004 0.001065678
53075.89 0.001065217
53198.23 0.001064756
53320.86 0.001066717
53443.77 0.001066255
53566.96000000001 0.001068274
53690.42999999999 0.001067755
53814.19 0.001069774
53938.3 0.001069312
54062.63 0.001071331
54187.25 0.001070869
54312.15 0.001070351
54437.35 0.001072369
54562.83 0.001074388
54688.600000000006 0.001076407
54814.72 0.001075945
54941.07 0.001077964
55067.72 0.001079983
55194.65 0.001084482
55321.88 0.001091519
55449.4 0.001091057
55577.27 0.001093134
55705.38 0.001097691
55833.79 0.001102305
55962.490000000005 0.001104381
56091.490000000005 0.001111534
56220.78 0.001116205
56350.38 0.001118339
56480.33 0.001128202
56610.52 0.001135528
56741.01 0.001140315
56871.799999999996 0.001147756
57002.9 0.001155196
57134.28999999999 0.001165406
57266.05 0.001178383
57398.06 0.001186112
57530.36 0.001196553
57662.979999999996 0.001209934
57795.89 0.001223431
57929.12 0.001239927
58062.65 0.001256654
58196.55 0.00127067
58330.69 0.001287858
58465.15 0.001308219
58599.92 0.00133204
58734.99 0.001356208
58870.380000000005 0.001384067
59267.130000000005 0.001166155
59575.48 0.002060181
59883.829999999994 0.001552086
60192.2 0.001782168
60500.55 0.002804068
60808.9 0.00158854
61117.270000000004 0.00240043
61425.619999999995 0.002957609
61733.969999999994 0.005184023
62042.33 0.006528695
62350.69 0.006536192
62659.04 0.00553996
62967.399999999994 0.00399145
63275.759999999995 0.003827121
63584.12 0.004058069
63892.48 0.003033919
64200.83 0.002326774
64509.189999999995 0.002339232
64817.53999999999 0.002021652
65125.9 0.002427539
65434.26 0.002244524
65742.61 0.001729449
66050.97 0.002157601
66359.34 0.002223644
66667.68000000001 0.001629838
66976.04000000001 0.001705339
67284.4 0.00245932
67592.76 0.002126454
67901.12 0.002320718
68209.47 0.001801375
68517.83 0.001820409
68826.19 0.001828946
69134.54 0.001986121
69442.9 0.002940825
69751.26000000001 0.003019211
70059.61 0.002960436
70367.97 0.001718952
70676.33 0.001585252
70984.68000000001 0.002640779
71293.04999999999 0.002678385
71601.39 0.00235198
71909.76 0.002852807
72218.11 0.00326948
72526.46 0.003060106
72834.83 0.002864575
73143.18000000001 0.002744774
73451.54 0.002742467
73759.9 0.003580486
74068.25 0.003902566
74376.61 0.00524868
74684.96 0.005788671
74973.14 0.005033364
74993.33 0.005328335
75301.69 0.006396609
75591.07 0.0059346
75610.04 0.00603323
76209.02 0.006224147
76826.96 0.006139361
77444.9 0.005260332
78062.84 0.005266733
78680.79 0.004938887
79298.73 0.004294092
79916.67 0.003818182
80534.62 0.002770038
81152.56 0.002456667
81770.5 0.002397949
82388.45 0.002369225
83006.37999999999 0.002504079
83624.34 0.002781169
84242.28 0.002525305
84860.22 0.002503099
85478.15999999999 0.002871034
86096.10999999999 0.002643778
86714.04000000001 0.002548608
87331.99 0.002117168
87949.93 0.001613745
88567.87000000001 0.001444861
89185.81 0.001164886
89803.76 0.001150409
90421.68999999999 0.001070985
91039.65000000001 0.0009029658
91657.59 0.0009640479
92275.53 0.000994964
92893.48000000001 0.0009782947
93511.42 0.0006530423
94129.34999999999 0.0006397186
94747.29 0.00073835
95365.24999999999 0.0009934642
95983.18000000001 0.0008598798
96601.12 0.0009864276
97219.08 0.0007032232
97837.02 0.0007770524
98454.96 0.0007747452
99072.9 0.0006401223
99690.8 0.000559787
100308.8 0.0006854005
100926.7 0.0007680544
101544.7 0.0005629939
102162.6 0.0005811167
102780.6 0.000553494
103398.51 0.000602804
104016.41 0.0007279675
104634.40000000001 0.0007572686
105252.3 0.0008580917
105870.31 0.0009266719
106488.20999999999 0.0009240187
107106.11 0.0008174277
107724.11 0.0008640901
108342.01 0.001063775
108960.01 0.001037127
109577.91 0.001284859
110195.91 0.001568352
110813.81 0.001471566
111431.71 0.00231991
112049.71 0.003422618
112667.61 0.003667697
113285.61 0.002912793
113903.51000000001 0.002353941
114521.51000000001 0.001921117
115139.41 0.001535013
115757.31 0.001425711
116375.32 0.001459223
116993.22 0.001342884
117611.20999999999 0.001215644
118229.11 0.001298644
118847.12000000001 0.00138649
119465.02 0.001415733
120082.91 0.001456743
120700.92000000001 0.001529014
121318.81999999999 0.001446418
121936.81 0.001296914
122554.71 0.001346864
123172.63 0.001527399
123790.62 0.001353382
124408.51999999999 0.001514421
125026.51999999999 0.001520939
125644.43000000001 0.001598575
126262.42 0.00169663
126880.33 0.001907043
127498.23 0.002351922
128116.23000000001 0.003434212
128734.12 0.002365419
129352.12 0.001181556
129970.02 0.001189919
130587.92 0.001091
131205.92 0.001070178
131823.83 0.001068274
132441.83 0.0009426491
133059.72 0.0008939103
133677.72 0.0009897729
134295.63 0.0009770835
134913.55000000002 0.0009022735
135531.55 0.0009832549
136149.44 0.001075715
136767.44 0.00102438
137385.33000000002 0.00101544
138003.33000000002 0.0009643941
138621.23 0.00101717
139239.13 0.0009718925
139857.12 0.001054835
140475.05 0.001001251
141093.03 0.0008739532
141710.94 0.0008508816
142328.94 0.000911906
142946.84 0.0009123675
143564.72999999998 0.0008343854
144182.75 0.0008623598
144714.44999999998 0.0008370388
145626.92 0.0008189851
146539.48 0.0007968365
147451.97 0.0007826474
148364.44 0.0007469439
149276.91 0.0008578031
150189.48 0.000756807
151101.94999999998 0.0008005855
152014.42 0.0007727265
152926.98 0.0007823013
153839.47 0.0007535193
154751.94 0.000930767
155664.41 0.00103136
156576.98 0.0009113292
157489.45 0.0008505356
158401.91 0.0008840472
159314.48 0.0007833971
160226.94999999998 0.0009164628
161139.42 0.0009770258
162051.97999999998 0.0008969096
162964.47 0.001035109
163876.94 0.001227872
164789.41 0.001319755
165702.0 0.001158888
166614.44 0.00115387
167526.91999999998 0.001230122
168439.41 0.001227641
169351.97 0.001253308
170264.44 0.001417982
171176.92 0.001386547
172089.47999999998 0.001289185
173001.94999999998 0.001254635
173914.44 0.001275111
174827.0 0.001172904
175739.44999999998 0.001145795
176651.94 0.001109284
177564.40999999997 0.001243272
178476.97 0.001154216
179389.45 0.001126991
180301.90999999997 0.001120185
181214.48 0.001042261
182126.95 0.001065967
183039.41999999998 0.001125261
183951.98 0.001124454
184864.45 0.00110813
185776.94 0.001222335
186689.41 0.002107132
187601.97 0.002364554
188514.44999999998 0.001361803
189426.91 0.001166675
190339.5 0.001162868
191251.98 0.001116205
192164.42 0.001135066
193076.90999999997 0.001102824
193989.48 0.001122031
194901.95 0.001149198
195814.41999999998 0.001140488
196726.98 0.001047337
197639.44999999998 0.001122723
198551.94 0.001227757
199464.41 0.001200359
200376.97999999998 0.001158773
201289.44 0.001169962
202201.92 0.001157157
203114.47999999998 0.001251578
204209.27 0.001146314
205966.05 0.001259192
207723.91 0.001271939
209482.67 0.001192861
211242.52 0.001282206
213003.38 0.00119909
214765.33 0.001143891
216528.16 0.001264671
218292.09 0.001290396
220057.05 0.001251636
221823.06 0.001188074
223590.09 0.001249156
225358.11 0.001255039
227127.2 0.001255962
228897.31 0.001230122
230668.44 0.001284628
232440.63 0.001270958
234213.83 0.00130372
235988.11000000002 0.001290396
237763.47999999998 0.001224757
239539.87999999998 0.00122643
241317.23 0.001241715
243095.72 0.001261384
244875.17 0.001283705
246655.84 0.001258903
248437.41 0.001256192
250220.03000000003 0.001284513
252003.77 0.001222969
253788.61000000002 0.001242003
255574.44 0.001251117
257361.36 0.001239062
259149.39 0.001345249
260938.5 0.00131341
262728.63 0.001272977
264519.81 0.001260922
266312.13 0.001273208
268105.41000000003 0.001272746
269899.91 0.001274131
271695.38 0.001277303
273491.97000000003 0.001263229
275289.66000000003 0.001260807
277088.41 0.001259307
278888.28 0.001292011
280689.22000000003 0.00130447
282491.27999999997 0.001306431
284294.44 0.001289704
286098.69 0.001271074
287904.0 0.001274765
289710.44 0.00130222
291517.97 0.001297722
293326.58999999997 0.001311622
295136.31 0.001277072
296947.22 0.001276034
298759.22 0.00127315
300572.22 0.001294145
302386.41000000003 0.001296337
304201.69 0.001298413
306018.19 0.001314564
307835.66000000003 0.001282263
309654.33999999997 0.001332329
311474.19 0.001307585
313295.09 0.001321139
315117.13 0.001321889
316940.33999999997 0.001313929
318764.59 0.001328522
320590.02999999997 0.001386778
322416.72000000003 0.00142375
324244.41000000003 0.001376396
326073.22000000003 0.001399236
327903.25 0.00137928
329734.47000000003 0.00140189
331566.75 0.001478603
333400.19 0.001853863
335234.77999999997 0.002397949
337070.59 0.001703551
338907.52999999997 0.001497752
340745.62 0.001365148
342584.81000000006 0.001353382
344425.25000000006 0.001503694
346266.83999999997 0.001695361
348109.58999999997 0.002228892
