101.98 1.880407e-07
104.11999999999999 2.3561e-07
106.05 3.007626e-07
108.02000000000001 3.910728e-07
110.03 5.824793e-07
113.9 8.774861e-07
117.9 1.242302e-06
120.92999999999999 4.562691e-06
124.89 6.042214e-06
126.92 6.764238e-06
128.09 7.26546e-06
131.07 8.457847e-06
131.98 1.005126e-05
134.13 1.102182e-05
136.94 1.442754e-05
140.13 1.648932e-05
143.06 4.428459e-05
147.07 0.0001086964
150.84 0.0001233903
155.07 0.0001410091
159.04000000000002 0.000161165
162.0 0.0001766975
166.16 0.0002019325
170.03 0.0002255489
173.19 0.0002456023
176.80999999999997 0.0002730659
180.10000000000002 0.0002946253
182.19 0.0003099113
185.99999999999997 0.0003414002
191.20999999999998 0.0003830722
193.87 0.0004123645
197.93 0.0004479846
202.08 0.0004889306
204.89000000000001 0.0005202919
210.14000000000001 0.0005485967
216.03 0.0006401069
220.05 0.0006906198
223.11 0.0007181878
227.26 0.0007766451
229.89 0.001200155
234.16 0.002080907
240.17 0.002680652
245.76000000000002 0.00263173
252.07 0.002885636
256.76 0.002490156
259.73 0.002925868
263.95 0.003135034
268.86 0.003200536
273.85 0.003267812
278.95 0.003320757
284.13 0.003390306
290.08 0.003313142
296.15 0.003437714
300.96999999999997 0.003429639
307.98 0.003550074
318.07 0.003725882
327.72999999999996 0.003812782
337.69 0.003856842
347.95 0.00388369
356.88 0.003928702
366.03 0.004001651
375.42 0.004010838
385.04999999999995 0.003892722
394.93 0.004038777
405.06 0.004085449
413.54 0.00406666
422.2 0.004020166
430.05 0.003992533
441.08000000000004 0.00401095
451.36 0.003955907
459.75 0.003910646
470.46 0.00387466
480.30999999999995 0.003865794
490.36 0.003777926
499.48 0.003795324
506.43 0.003726035
512.29 0.003865807
519.4200000000001 0.003821503
530.3 0.003734547
540.16 0.003599431
550.2 0.003533843
560.4300000000001 0.00359117
569.53 0.003607915
580.12 0.003517531
589.55 0.003501395
600.51 0.003366966
610.27 0.002993948
620.18 0.003366997
630.26 0.003275249
640.5 0.003282791
649.41 0.003215469
658.4399999999999 0.003127852
664.54 0.003164072
675.3299999999999 0.003142329
684.73 0.002994003
694.25 0.003049716
705.5400000000001 0.00288566
715.35 0.002973325
725.3 0.002932532
735.39 0.002905674
745.62 0.002846059
754.2600000000001 0.002800529
764.75 0.002554111
775.39 0.002724213
784.3700000000001 0.002631724
795.28 0.002637771
804.4900000000001 0.002625723
815.6800000000001 0.002589617
825.12 0.002571813
834.68 0.002361835
844.3399999999999 0.002490326
854.12 0.002450421
864.0100000000001 0.002439166
874.02 0.002422335
884.1400000000001 0.002400158
894.37 0.00237824
904.73 0.002334756
915.21 0.00269926
925.8 0.005837861
934.3700000000001 0.00982319
945.19 0.01556829
953.94 0.02028791
964.98 0.02260753
973.9100000000001 0.006687241
985.1899999999999 0.01959922
994.3000000000001 0.02014908
1005.82 0.02749427
1015.12 0.02662212
1024.52 0.0128599
1034.0 0.01996337
1045.97 0.03437501
1055.65 0.03366942
1065.42 0.02736783
1075.27 0.03178743
1085.22 0.02548306
1095.26 0.03313214
1105.4 0.03178726
1115.6299999999999 0.03063657
1125.95 0.0276855
1133.75 0.03421801
1144.24 0.0313508
1154.83 0.03297952
1165.52 0.03374723
1176.3 0.0239468
1184.46 0.03260181
1195.4199999999998 0.02350942
1203.7 0.01775143
1214.84 0.01197424
1226.08 0.0229218
1234.58 0.03297937
1246.0 0.03591247
1254.6399999999999 0.03445468
1266.2499999999998 0.03007728
1275.03 0.03777817
1283.86 0.03937765
1295.74 0.03171406
1304.73 0.0313504
1313.77 0.03839258
1325.9299999999998 0.03674863
1335.12 0.03282766
1344.3700000000001 0.03839231
1353.6899999999998 0.03726012
1366.22 0.03351533
1375.69 0.03493295
1385.22 0.03517542
1394.82 0.03042612
1404.49 0.03135083
1414.23 0.0326021
1424.03 0.03320805
1433.8999999999999 0.03305594
1440.5200000000002 0.03469302
1447.17 0.03517534
1453.85 0.03413804
1463.93 0.03164069
1474.0700000000002 0.03149549
1484.29 0.03200733
1494.5800000000002 0.03245255
1504.9399999999998 0.03070713
1511.8899999999999 0.02755799
1515.3700000000001 0.02932526
1525.87 0.02846065
1536.45 0.0248455
1543.54 0.02680686
1554.24 0.02542372
1565.02 0.02601568
1575.8600000000001 0.02762197
1586.79 0.0287904
1594.11 0.02939322
1605.1599999999999 0.02872448
1616.29 0.02872419
1623.75 0.02724215
1635.0 0.02885677
1646.34 0.02919087
1653.94 0.02711752
1665.3999999999999 0.02939308
1673.0900000000001 0.02631703
1676.95 0.02966446
1684.69 0.03070699
1696.3600000000001 0.02885678
1704.1899999999998 0.02781273
1716.01 0.02650002
1723.9299999999998 0.02631723
1735.8799999999999 0.02800579
1743.8899999999999 0.02730483
1755.98 0.02905695
1764.0800000000002 0.02668394
1776.3100000000002 0.0273048
1784.51 0.02781258
1796.8799999999999 0.02966482
1805.17 0.02932524
1813.5100000000002 0.02717919
1826.08 0.02768507
1834.51 0.02668363
1842.9699999999998 0.02439185
1855.75 0.02473139
1864.3100000000002 0.02560052
1872.9199999999998 0.02743107
1885.9 0.02542364
1894.61 0.02473132
1903.3500000000001 0.02595661
1916.54 0.02519126
1925.3899999999999 0.02444841
1934.28 0.02456075
1943.21 0.02649986
1956.68 0.02501778
1965.71 0.02749446
1974.78 0.02781257
1983.9 0.02693009
1993.0500000000002 0.02631724
2006.8700000000001 0.02680647
2016.1299999999999 0.02619622
2025.44 0.02656106
2034.79 0.02619612
2044.1799999999998 0.02749451
2053.6099999999997 0.02607609
2063.09 0.02613612
2072.62 0.02819997
2077.39 0.03193345
2086.98 0.03525741
2096.62 0.03305579
2106.29 0.03275295
2116.02 0.03437493
2125.7799999999997 0.03313157
2135.6 0.03106319
2145.4500000000003 0.03477322
2155.36 0.03541927
2165.3 0.0327529
2175.3 0.03282767
2185.34 0.03607875
2195.43 0.03666469
2205.56 0.0356648
2215.74 0.03099197
2225.97 0.03267693
2236.24 0.03883662
2246.56 0.03700363
2256.93 0.03178703
2267.35 0.03106348
2272.58 0.03297913
2283.07 0.03892632
2293.61 0.03421568
2304.19 0.03819942
2314.83 0.03403216
2325.51 0.02727266
2336.25 0.02783246
2347.0299999999997 0.02351745
2352.44 0.03223302
2363.3 0.02438558
2374.21 0.02760344
2385.17 0.02181667
2396.18 0.02452574
2407.24 0.02395799
2412.79 0.0260228
2423.92 0.03517116
2435.11 0.03491518
2446.35 0.0397955
2457.6400000000003 0.04127253
2463.31 0.03703116
2474.68 0.0339153
2486.1 0.02649849
2497.58 0.02844639
2503.34 0.03863188
2514.8900000000003 0.02386486
2520.69 0.02211445
2526.5 0.02246888
2532.32 0.02880608
2544.0099999999998 0.0296691
2555.75 0.04530178
2567.55 0.03630238
2573.47 0.04393801
2585.3500000000004 0.04005486
2597.28 0.03702253
2603.2699999999995 0.03321777
2615.2799999999997 0.03105914
2627.36 0.03863614
2633.41 0.05941504
2645.5699999999997 0.07721526
2657.78 0.1036404
2663.91 0.06814169
2676.2000000000003 0.07695201
2682.37 0.08752123
2694.75 0.06621123
2707.19 0.08011779
2713.43 0.06020476
2725.96 0.04982321
2732.2400000000002 0.06128182
2744.85 0.0378561
2757.52 0.04818782
2763.88 0.06078988
2776.6400000000003 0.06465891
2783.04 0.04241559
2795.88 0.02367675
2802.33 0.02717841
2815.2599999999998 0.05821319
2821.75 0.08183068
2834.78 0.07775135
2847.8599999999997 0.05881665
2854.43 0.03796571
2867.6000000000004 0.07910246
2874.21 0.1040149
2887.48 0.09437417
2894.14 0.1139594
2907.49 0.1518951
2927.65 0.1331186
2947.94 0.1238528
2968.38 0.1301926
2988.9500000000003 0.1322043
3009.67 0.1333276
3030.53 0.1420979
3051.54 0.1479925
3072.69 0.1606642
3086.87 0.1576511
3108.27 0.1816951
3129.8199999999997 0.1690412
3151.51 0.1689112
3173.36 0.1854831
3188.01 0.1610905
3210.1000000000004 0.1785255
3232.35 0.1507803
3247.27 0.2104253
3269.7799999999997 0.2453282
3292.4500000000003 0.2406434
3307.64 0.2260128
3322.91 0.2142298
3330.5699999999997 0.2348348
3338.25 0.2021346
3345.95 0.2341551
3353.66 0.2105642
3361.3900000000003 0.2105024
3369.14 0.213368
3376.9100000000003 0.2051202
3384.69 0.1953845
3392.4900000000002 0.2364631
3400.3100000000004 0.2562319
3408.1499999999996 0.2298789
3416.0099999999998 0.2091095
3423.88 0.265611
3431.7799999999997 0.2541669
3439.69 0.2488812
3447.6200000000003 0.1806578
3455.56 0.2300019
3463.53 0.1930158
3471.5099999999998 0.2401468
3479.52 0.1850731
3487.54 0.2163806
3495.58 0.2042151
3503.64 0.262387
3511.71 0.2516598
3519.81 0.2475658
3527.92 0.1877385
3536.05 0.2445793
3544.21 0.2705732
3552.38 0.2767914
3560.57 0.2582338
3568.77 0.2022469
3577.0 0.2136727
3585.25 0.1635369
3593.5099999999998 0.2195253
3601.8 0.289297
3610.1 0.2276234
3618.42 0.2679616
3626.4 0.3749291
3629.1400000000003 0.2542026
3631.88 0.1787779
3634.62 0.2557964
3637.36 0.3294622
3640.1099999999997 0.3411996
3642.8500000000004 0.3710612
3645.59 0.309466
3648.3300000000004 0.1778629
3651.07 0.2018723
3653.81 0.4198033
3656.55 0.3595666
3659.29 0.5219722
3662.03 0.4732307
3664.77 0.400619
3667.5099999999998 0.2622839
3670.25 0.313351
3672.99 0.352348
3675.73 0.3487776
3678.47 0.4579743
3681.2200000000003 0.387642
3683.96 0.3513277
3686.7 0.3176171
3689.44 0.1733257
3692.18 0.1232866
3694.92 0.2975443
3697.66 0.219185
3700.3999999999996 0.2015416
3703.14 0.3222159
3705.8799999999997 0.3359058
3708.6200000000003 0.2267356
3711.36 0.162275
3714.1000000000004 0.2736835
3716.84 0.3157808
3719.58 0.3277464
3722.32 0.3561539
3725.0699999999997 0.3637633
3727.81 0.4338844
3730.55 0.4411213
3733.2900000000004 0.2211094
3736.03 0.1040059
3738.77 0.1977707
3741.51 0.1800141
3744.25 0.2722375
3746.9900000000002 0.2493167
3749.73 0.1433948
3752.47 0.201925
3755.21 0.1348693
3757.95 0.229688
3760.69 0.2424287
3763.43 0.1180706
3766.1699999999996 0.1375081
3768.92 0.1837932
3771.66 0.3729249
3774.4 0.3058607
3777.14 0.2099364
3779.88 0.2992163
3782.62 0.2941131
3785.3599999999997 0.3467215
3788.1 0.3446054
3790.8399999999997 0.4244629
3793.58 0.3362019
3796.32 0.2538192
3799.0600000000004 0.4018559
3801.8 0.3574685
3804.54 0.1493952
3807.28 0.1926245
3810.02 0.3219031
3812.77 0.388156
3815.5099999999998 0.3051203
3818.2500000000005 0.3463118
3820.9900000000002 0.4164416
3823.73 0.4285815
3826.4700000000003 0.3566927
3829.21 0.1669165
3831.9500000000003 0.2246106
3834.69 0.2256383
3837.43 0.07826454
3840.17 0.1430901
3842.91 0.2626063
3845.65 0.3493871
3848.39 0.1815472
3851.1299999999997 0.2266663
3853.88 0.317704
3856.62 0.3411039
3859.36 0.2310806
3862.1 0.1614038
3864.84 0.3178786
3867.58 0.4506577
3870.3199999999997 0.2570758
3873.06 0.191013
3875.7999999999997 0.1611079
3878.54 0.2403905
3881.2799999999997 0.2060528
3884.0200000000004 0.3080735
3886.76 0.2902472
3889.5 0.2998616
3892.2400000000002 0.2221204
3894.98 0.2832458
3897.73 0.1486369
3900.47 0.2953494
3903.2099999999996 0.3643558
3905.9500000000003 0.3728032
3908.69 0.2957764
3911.4300000000003 0.2396413
3914.17 0.3500221
3916.9100000000003 0.3700344
3919.65 0.3916578
3922.39 0.3082475
3925.13 0.3191594
3927.87 0.3570156
3930.61 0.3366638
3933.35 0.4123499
3936.0899999999997 0.3455816
3938.83 0.3651933
3941.58 0.1429067
3944.32 0.2459982
3947.06 0.2500391
3949.8 0.1934686
3952.54 0.3680311
3955.2799999999997 0.2121746
3958.02 0.2698078
3960.7599999999998 0.3176352
3963.5 0.3647136
3966.24 0.3675527
3968.9799999999996 0.4149621
3971.7200000000003 0.3346172
3974.46 0.1501877
3977.2000000000003 0.1479148
3979.94 0.1341814
3982.69 0.1544107
3985.43 0.3078113
3988.1699999999996 0.3055559
3990.91 0.3887398
3993.65 0.4260647
3996.3900000000003 0.3907168
3999.13 0.5081168
4001.8700000000003 0.5743017
4004.61 0.3974228
4007.35 0.4357579
4010.09 0.3449889
4012.83 0.4322051
4015.57 0.5654895
4018.31 0.5373785
4021.0499999999997 0.4737018
4023.79 0.6531591
4026.54 0.5146558
4029.28 0.4482971
4032.02 0.529452
4034.76 0.5842461
4037.5 0.4771576
4040.24 0.608735
4042.98 0.5195946
4045.72 0.519647
4048.46 0.487234
4051.2 0.5653149
4053.9399999999996 0.4339554
4056.68 0.4735969
4059.42 0.522748
4062.1600000000003 0.498103
4064.9 0.4936183
4067.6400000000003 0.5133433
4070.39 0.5439166
4073.1299999999997 0.5623092
4075.87 0.4547677
4078.6099999999997 0.4454932
4081.3500000000004 0.4544371
4084.09 0.4719153
4086.8300000000004 0.521676
4089.57 0.5104421
4092.31 0.5295052
4095.05 0.5575644
4097.79 0.5931999
4100.53 0.5493439
4103.2699999999995 0.5089276
4106.01 0.5030234
4108.75 0.5057755
4111.5 0.4637981
4114.24 0.4753195
4116.9800000000005 0.5372112
4119.72 0.5892186
4122.46 0.5528434
4125.2 0.5960465
4127.94 0.6005316
4130.68 0.5867375
4133.42 0.5457466
4136.16 0.5311338
4138.9 0.4940443
4141.639999999999 0.4594628
4144.38 0.4421765
4147.12 0.5214854
4149.860000000001 0.6018917
4152.6 0.5325456
4155.349999999999 0.515579
4158.09 0.4352867
4160.83 0.5289295
4163.57 0.5270487
4166.3099999999995 0.4848473
4169.05 0.5390319
4171.79 0.4819911
4174.53 0.5271799
4177.27 0.5308812
4180.01 0.5349918
4182.75 0.5376219
4185.49 0.4576949
4188.23 0.5128638
4190.97 0.4822795
4193.71 0.4159815
4196.45 0.5035896
4199.2 0.5545148
4201.9400000000005 0.5318381
4204.68 0.5269614
4207.42 0.5325438
4210.16 0.525429
4212.9 0.5266223
4215.64 0.5459814
4218.38 0.545912
4221.12 0.5514856
4223.86 0.5422199
4226.599999999999 0.5541943
4229.34 0.5622935
4232.08 0.5266756
4234.820000000001 0.5155376
4237.56 0.486364
4240.3099999999995 0.4640681
4243.05 0.4590261
4245.79 0.4550637
4248.53 0.4773142
4251.2699999999995 0.5502656
4254.009999999999 0.5958027
4256.75 0.6149355
4259.49 0.6177137
4262.2300000000005 0.5601244
4264.97 0.4542635
4267.71 0.5108518
4270.45 0.5729177
4273.19 0.643013
4275.93 0.5376222
4278.67 0.5426038
4281.41 0.4965618
4284.16 0.5514407
4286.900000000001 0.6132278
4289.64 0.5984061
4292.38 0.5333362
4295.12 0.5466865
4297.86 0.5310984
4300.6 0.4900552
4303.34 0.5470963
4306.08 0.5023433
4308.82 0.4346084
4311.5599999999995 0.4816346
4314.3 0.4785172
4317.04 0.3998094
4319.78 0.4653763
4322.52 0.4642965
4325.26 0.5396257
4328.01 0.5537834
4330.75 0.6024642
4333.49 0.6344158
4336.23 0.5761299
4338.969999999999 0.6288079
4341.71 0.6410175
4344.45 0.6918145
4347.1900000000005 0.6696429
4349.93 0.6804503
4352.67 0.6349397
4355.41 0.5731614
4358.15 0.613012
4360.89 0.6324931
4363.63 0.7142754
4366.37 0.6863908
4369.12 0.6588602
4371.860000000001 0.6278842
4374.6 0.7575717
4377.34 0.6463729
4380.08 0.6893669
4382.82 0.6517202
4385.56 0.6108077
4388.3 0.6087614
4391.04 0.6099894
4393.78 0.6059576
4396.5199999999995 0.5799453
4399.26 0.6693649
4402.0 0.585911
4404.74 0.6030931
4407.48 0.6380582
4410.22 0.6087453
4412.97 0.6305315
4415.71 0.6399368
4418.45 0.6449095
4421.19 0.6918226
4423.929999999999 0.6906993
4426.67 0.7096494
4429.41 0.6595494
4432.150000000001 0.7506757
4434.89 0.6540286
4437.63 0.75591
4440.37 0.7550219
4443.11 0.6912321
4445.85 0.6743463
4448.59 0.7427958
4451.33 0.6848667
4454.07 0.6847712
4456.820000000001 0.78098
4459.56 0.7183833
4462.3 0.6952798
4465.04 0.6858312
4467.78 0.6728036
4470.52 0.7152491
4473.26 0.6448496
4476.0 0.6388146
4478.74 0.7721337
4481.48 0.7011421
4484.22 0.7230964
4486.96 0.7552661
4489.7 0.8406187
4492.44 0.8019269
4495.179999999999 0.767058
4497.93 0.7818245
4500.67 0.7850208
4503.41 0.8266128
4506.15 0.8402681
4508.889999999999 0.7732649
4511.63 0.7760345
4514.37 0.8583476
4517.11 0.8161116
4519.85 0.8507369
4522.59 0.8452421
4525.33 0.8373262
4528.07 0.7708977
4530.81 0.7719081
4533.55 0.7713685
4536.29 0.8538473
4539.03 0.7192656
4541.780000000001 0.6567355
4544.52 0.7316812
4547.26 0.7596532
4550.0 0.8325699
4552.74 0.738187
4555.4800000000005 0.7043808
4558.22 0.772499
4560.96 0.7755386
4563.7 0.8454248
4566.44 0.774973
4569.18 0.8750342
4571.92 0.8737283
4574.66 0.8765152
4577.4 0.8588633
4580.139999999999 0.7692264
4582.88 0.8120467
4585.63 0.8354169
4588.37 0.8663148
4591.11 0.8025776
4593.849999999999 0.8009057
4596.59 0.7481149
4599.33 0.8150314
4602.07 0.8536453
4604.8099999999995 0.787121
4607.55 0.7894117
4610.29 0.7936441
4613.03 0.8107305
4615.77 0.8448943
4618.51 0.7671621
4621.25 0.8702977
4623.99 0.8495715
4626.74 0.8806922
4629.4800000000005 0.9033348
4632.22 0.8531651
4634.96 0.8293302
4637.7 0.8180964
4640.4400000000005 0.8320478
4643.18 0.8494823
4645.92 0.8357407
4648.66 0.8193252
4651.4 0.869417
4654.14 0.7788919
4656.88 0.8097466
4659.62 0.798321
4662.36 0.828662
4665.099999999999 0.7897175
4667.84 0.8211383
4670.59 0.8129054
4673.33 0.8096398
4676.07 0.8262647
4678.8099999999995 0.7920839
4681.55 0.7888098
4684.29 0.7429509
4687.03 0.7655323
4689.7699999999995 0.7929382
4692.509999999999 0.7740584
4695.25 0.7923029
4697.99 0.8599684
4700.7300000000005 0.7993224
4703.47 0.7259967
4706.21 0.7863907
4708.95 0.7995494
4711.69 0.756068
4714.44 0.7639113
4717.18 0.7710002
4719.92 0.7772532
4722.66 0.8013063
4725.400000000001 0.8379347
4728.14 0.8104507
4730.88 0.812541
4733.62 0.8435957
4736.36 0.7814956
4739.1 0.6802153
4741.84 0.7089276
4744.58 0.773911
4747.32 0.7940542
4750.0599999999995 0.8208418
4752.8 0.8833956
4755.55 0.8501081
4758.29 0.869537
4761.03 0.8780804
4763.7699999999995 0.8458938
4766.51 0.8701649
4769.25 0.9071676
4771.99 0.8817387
4774.73 0.8761657
4777.469999999999 0.8272064
4780.21 0.8673965
4782.95 0.9056012
4785.6900000000005 0.8602996
4788.43 0.8607961
4791.17 0.8805212
4793.91 0.8664745
4796.65 0.8559725
4799.4 0.8718099
4802.139999999999 0.8802572
4804.88 0.8469214
4807.62 0.8688495
4810.360000000001 0.8795614
4813.1 0.9261521
4815.84 0.8967177
4818.58 0.8495872
4821.32 0.8897513
4824.06 0.9355584
4826.8 0.948099
4829.54 0.9643841
4832.28 0.9299857
4835.0199999999995 0.9249349
4837.76 0.9333826
4840.5 0.9557638
4843.25 0.9191842
4845.99 0.8751193
4848.73 0.8613514
4851.47 0.8288687
4854.21 0.8617612
4856.95 0.8746848
4859.69 0.878691
4862.429999999999 0.8821746
4865.17 0.8813912
4867.91 0.8363334
4870.650000000001 0.8104954
4873.39 0.8039118
4876.13 0.7893689
4878.87 0.7976683
4881.61 0.7937235
4884.36 0.808194
4887.099999999999 0.8442648
4889.84 0.8607853
4892.58 0.8313419
4895.320000000001 0.7964123
4898.06 0.7873468
4900.8 0.86892
4903.54 0.8747722
4906.28 0.8759047
4909.02 0.9294623
4911.76 0.9120456
4914.5 0.9340783
4917.24 0.8770375
4919.98 0.8313615
4922.72 0.8796505
4925.46 0.8550056
4928.21 0.8681087
4930.95 0.7878686
4933.69 0.8212138
4936.43 0.9156143
4939.17 0.9100412
4941.91 0.8961948
4944.65 0.8965435
4947.389999999999 0.8684846
4950.13 0.8652455
4952.87 0.9050785
4955.61 0.9354715
4958.35 0.9049918
4961.09 0.9347754
4963.83 0.9100433
4966.57 0.9007255
4969.31 0.9359952
4972.0599999999995 0.9081244
4974.8 0.9246709
4977.54 0.9258903
4980.280000000001 0.8717235
4983.02 0.8598279
4985.76 0.8487074
4988.5 0.8681886
4991.24 0.866952
4993.9800000000005 0.8232877
4996.72 0.7998706
4999.46 0.8290445
5002.2 0.8600819
5004.94 0.8282873
5007.68 0.8191434
5010.42 0.8605877
5013.17 0.8706255
5015.91 0.8459544
5018.65 0.8330312
5021.39 0.8597578
5024.13 0.845511
5026.87 0.783846
5029.61 0.773039
5032.349999999999 0.8105903
5035.09 0.833137
5037.83 0.8322576
5040.57 0.7834552
5043.3099999999995 0.7244027
5046.049999999999 0.7268936
5048.79 0.8002981
5051.53 0.8215298
5054.2699999999995 0.8206764
5057.0199999999995 0.8196894
5059.76 0.8167287
5062.5 0.839789
5065.24 0.8386223
5067.98 0.8411306
5070.719999999999 0.8077162
5073.46 0.8293659
5076.2 0.837012
5078.94 0.8101901
5081.679999999999 0.8154676
5084.419999999999 0.8362203
5087.16 0.8012295
5089.900000000001 0.8043822
5092.64 0.8047133
5095.38 0.7852935
5098.120000000001 0.8138228
5100.87 0.8222061
5103.61 0.822372
5106.349999999999 0.8140642
5109.089999999999 0.7889751
5111.830000000001 0.7585477
5114.570000000001 0.7647833
5117.31 0.7905954
5120.05 0.8244546
5122.79 0.849422
5125.530000000001 0.8667697
5128.27 0.8394251
5131.01 0.747437
5133.75 0.7648542
5136.49 0.7852846
5139.2300000000005 0.7593072
5141.9800000000005 0.7443258
5144.72 0.7893926
5147.46 0.8392056
5150.200000000001 0.8148915
5152.9400000000005 0.790743
5155.68 0.7723507
5158.42 0.7674916
5161.16 0.7566758
5163.900000000001 0.7371515
5166.64 0.7336682
5169.38 0.7150844
5172.12 0.7000449
5174.86 0.7394165
5177.6 0.7110529
5180.34 0.6633303
5183.08 0.6521834
5185.83 0.6659405
5188.57 0.6902984
5191.31 0.7058955
5194.05 0.6872073
5196.79 0.6866587
5199.53 0.7598716
5202.2699999999995 0.773605
5205.01 0.7737534
5207.75 0.8140392
5210.49 0.7944277
5213.23 0.7745551
5215.969999999999 0.7958998
5218.71 0.8127512
5221.45 0.8264063
5224.19 0.8501374
5226.929999999999 0.8486135
5229.68 0.8338495
5232.42 0.8225897
5235.16 0.8176172
5237.9 0.8352348
5240.639999999999 0.8660545
5243.38 0.8685105
5246.12 0.8634423
5248.86 0.8815652
5251.599999999999 0.92415
5254.339999999999 0.9008114
5257.08 0.8963702
5259.82 0.9176193
5262.5599999999995 0.9069951
5265.3 0.8819147
5268.040000000001 0.8768639
5270.79 0.8319509
5273.53 0.7896017
5276.2699999999995 0.7799876
5279.009999999999 0.8082384
5281.749999999999 0.8307587
5284.49 0.8006273
5287.2300000000005 0.8161462
5289.97 0.8623886
5292.71 0.9029881
5295.450000000001 0.9147448
5298.1900000000005 0.9305947
5300.93 0.9628164
5303.67 0.9538468
5306.41 0.975183
5309.150000000001 0.9089112
5311.89 0.9021187
5314.64 0.9797085
5317.38 1.032482
5320.120000000001 0.9973872
5322.860000000001 0.9743971
5325.6 1.005051
5328.34 1.000871
5331.08 0.9770972
5333.820000000001 0.9249336
5336.56 0.8746854
5339.3 0.8985471
5342.04 0.9412191
5344.78 0.9544564
5347.52 0.9299855
5350.26 0.9220611
5353.0 0.9304214
5355.74 0.968478
5358.49 0.9838887
5361.2300000000005 0.9893753
5363.97 0.9887659
5366.71 0.9826703
5369.45 1.010973
5372.19 0.9959076
5374.93 0.997214
5377.67 0.9471404
5380.41 0.9632513
5383.15 0.9887676
5385.889999999999 0.9514953
5388.63 0.9609007
5391.37 0.9494056
5394.11 0.9224094
5396.849999999999 0.9123947
5399.6 0.930244
5402.34 0.9331182
5405.08 0.9214489
5407.82 0.9208396
5410.5599999999995 0.8919274
5413.3 0.9020296
5416.04 0.8848738
5418.78 0.8873126
5421.5199999999995 0.8697999
5424.259999999999 0.9018563
5427.0 0.9490567
5429.74 1.00244
5432.48 0.9955609
5435.219999999999 0.9417422
5437.959999999999 0.9002027
5440.700000000001 0.9006382
5443.45 0.9098661
5446.19 1.042584
5448.929999999999 1.044413
5451.669999999999 0.9787514
5454.41 0.9709137
5457.15 0.9540196
5459.889999999999 0.9051648
5462.63 0.9544555
5465.370000000001 0.9569811
5468.110000000001 0.9519304
5470.85 0.9215377
5473.59 0.9221477
5476.33 0.9549789
5479.070000000001 0.9554146
5481.81 0.9386945
5484.55 0.8887077
5487.3 0.8806058
5490.040000000001 0.9004613
5492.780000000001 0.9434817
5495.52 0.9569801
5498.26 0.9730041
5501.0 0.9359929
5503.740000000001 0.9629025
5506.4800000000005 0.9747463
5509.22 0.9663863
5511.96 0.9467053
5514.7 0.9161384
5517.4400000000005 0.9558497
5520.18 0.9125685
5522.92 0.8968934
5525.66 0.935124
5528.41 0.9057731
5531.150000000001 0.9813633
5533.89 0.9821473
5536.63 0.946791
5539.37 0.9204914
5542.11 0.9166599
5544.85 0.9782294
5547.59 0.9400862
5550.33 0.96717
5553.07 0.9077781
5555.8099999999995 0.9786656
5558.55 0.980669
5561.29 0.9386068
5564.03 0.9966061
5566.7699999999995 0.9818017
5569.509999999999 0.9979999
5572.26 0.96473
5575.0 0.9325957
5577.74 0.9537575
5580.48 0.8685797
5583.22 0.9447011
5585.96 0.9270231
5588.7 0.9637733
5591.44 0.8937569
5594.179999999999 0.8969792
5596.92 0.8709409
5599.66 0.9293755
5602.4 0.8941932
5605.139999999999 0.8822627
5607.879999999999 0.9393039
5610.62 0.935211
5613.36 0.9472291
5616.11 0.9447005
5618.849999999999 1.012192
5621.589999999999 0.9923365
5624.33 0.9827573
5627.07 0.9393891
5629.8099999999995 0.8988946
5632.549999999999 0.9167474
5635.289999999999 0.9250206
5638.030000000001 0.9109131
5640.77 0.9846745
5643.51 0.9217991
5646.25 0.999044
5648.990000000001 0.9053404
5651.7300000000005 0.9398263
5654.47 0.8981126
5657.21 1.021165
5659.960000000001 1.041104
5662.700000000001 1.017765
5665.4400000000005 0.9951233
5668.18 0.957938
5670.92 0.9615958
5673.660000000001 1.010016
5676.400000000001 1.049727
5679.14 1.054865
5681.88 0.9797106
5684.62 0.9471407
5687.360000000001 0.9622939
5690.1 1.023515
5692.84 1.019074
5695.58 0.900725
5698.32 0.9465323
5701.070000000001 0.9608984
5703.81 0.9762254
5706.55 0.9963424
5709.29 0.9588959
5712.03 0.9702172
5714.77 0.9209271
5717.51 0.8812165
5720.25 0.926501
5722.99 0.9047298
5725.73 0.9288528
5728.47 0.942264
5731.21 1.02726
5733.95 0.9541952
5736.69 0.9827594
5739.429999999999 1.035272
5742.17 1.029002
5744.92 1.038143
5747.66 1.018288
5750.4 0.99791
5753.14 1.023339
5755.88 1.06636
5758.62 0.9791872
5761.36 0.9650797
5764.099999999999 0.9399121
5766.84 0.9433959
5769.58 1.023776
5772.32 1.060004
5775.0599999999995 1.016722
5777.799999999999 1.049293
5780.54 1.070106
5783.28 1.046594
5786.0199999999995 1.008886
5788.7699999999995 1.020029
5791.509999999999 0.9946878
5794.25 0.9878082
5796.99 0.944614
5799.73 0.9793613
5802.469999999999 0.9982589
5805.209999999999 0.9615092
5807.95 0.9568938
5810.69 0.9772721
5813.43 1.081775
5816.17 1.02247
5818.910000000001 0.9709154
5821.650000000001 1.018552
5824.39 1.058001
5827.13 1.061834
5829.879999999999 1.028738
5832.62 0.983889
5835.360000000001 1.022033
5838.1 1.008447
5840.84 1.064879
5843.580000000001 1.08099
5846.320000000001 1.059829
5849.06 1.042586
5851.8 1.008536
5854.54 1.027172
5857.280000000001 1.055475
5860.02 1.024299
5862.76 0.9737895
5865.5 0.9339915
5868.24 1.011149
5870.9800000000005 0.9794507
5873.7300000000005 0.8957585
5876.47 0.9898979
5879.21 0.7864583
5881.95 0.6784726
5884.6900000000005 0.5862844
5887.43 0.5784119
5890.17 0.678029
5892.91 0.7382748
5895.65 0.7858062
5898.39 0.8113485
5901.13 0.8435441
5903.87 0.8558146
5906.61 0.8458784
5909.349999999999 0.8321713
5912.09 0.8977642
5914.83 0.9963452
5917.58 1.000435
5920.32 0.9627275
5923.06 0.9829314
5925.8 1.00122
5928.54 1.030219
5931.28 0.9986945
5934.0199999999995 0.9938179
5936.76 1.071585
5939.5 1.084039
5942.24 1.067406
5944.98 0.9609005
5947.719999999999 0.9230185
5950.46 0.9602912
5953.2 1.012369
5955.94 1.065578
5958.69 1.010101
5961.429999999999 0.9949488
5964.17 0.9726552
5966.91 0.9521903
5969.65 0.9469655
5972.389999999999 0.9777068
5975.129999999999 0.9422634
5977.87 1.041279
5980.61 1.0553
5983.349999999999 1.034923
5986.089999999999 1.008275
5988.830000000001 1.005575
5991.570000000001 0.9915548
5994.31 0.9448772
5997.05 1.002615
5999.79 1.022732
6002.54 0.9785766
6005.28 1.000522
6008.0199999999995 0.943743
6010.76 0.9553255
6013.500000000001 0.952539
6016.240000000001 0.9828448
6018.9800000000005 0.926588
6021.72 1.004268
6024.46 0.9684765
6027.200000000001 0.9581134
6029.9400000000005 0.9824975
6032.68 0.977795
6035.42 0.9686514
6038.16 0.9548049
6040.900000000001 0.9492319
6043.64 1.001744
6046.39 1.021161
6049.13 1.033789
6051.87 1.016808
6054.610000000001 1.043891
6057.35 0.9308548
6060.09 1.043369
6062.83 1.006881
6065.57 1.025778
6068.31 1.049117
6071.05 1.067144
6073.79 1.007317
6076.53 0.9788403
6079.2699999999995 1.001221
6082.01 1.030482
6084.75 0.9699581
6087.5 1.02717
6090.24 0.9948616
6092.9800000000005 0.9436558
6095.72 1.034834
6098.46 0.9571545
6101.2 1.008099
6103.94 0.9524523
6106.68 0.9689986
6109.42 1.014022
6112.16 0.9676056
6114.9 0.9638612
6117.639999999999 0.9874616
6120.38 0.9935578
6123.12 1.025257
6125.86 1.016287
6128.599999999999 0.9297246
6131.349999999999 0.991291
6134.09 0.9156142
6136.83 1.058957
6139.57 1.004964
6142.3099999999995 1.059654
6145.049999999999 0.9367767
6147.79 1.007577
6150.53 1.001743
6153.2699999999995 0.9457471
6156.009999999999 0.9939056
6158.749999999999 1.034226
6161.49 1.007665
6164.2300000000005 0.99678
6166.97 0.9440934
6169.71 0.8543434
6172.450000000001 0.8835694
6175.2 0.913524
6177.94 0.9341635
6180.679999999999 0.9035095
6183.419999999999 0.9204915
6186.160000000001 0.9202303
6188.900000000001 0.8890541
6191.64 0.951059
6194.38 0.9673443
6197.120000000001 0.9429604
6199.860000000001 0.9452249
6202.6 0.94
6205.34 0.9531501
6208.08 0.9629909
6210.820000000001 0.9338175
6213.56 0.9496671
6216.31 0.9620304
6219.05 0.9662108
6221.79 0.9788383
6224.530000000001 0.9030744
6227.27 0.8752943
6230.01 0.8675614
6232.75 0.9443534
6235.49 0.9595062
6238.2300000000005 0.8958471
6240.97 0.9141352
6243.71 0.9622937
6246.45 0.9275468
6249.19 0.8545258
6251.93 0.8500062
6254.67 0.857609
6257.41 0.9636879
6260.16 0.919707
6262.900000000001 0.9313767
6265.64 0.9265001
6268.38 0.8800839
6271.12 0.8603069
6273.86 0.8992431
6276.6 0.8795619
6279.34 0.9568939
6282.08 0.9240628
6284.82 0.9230181
6287.5599999999995 1.653403
6290.3 1.370202
6293.04 1.116
6295.78 0.9219737
6298.5199999999995 0.8948903
6301.259999999999 0.9291152
6304.01 0.8952362
6306.75 0.9430462
6309.49 0.9840635
6312.23 0.9497522
6314.969999999999 0.9519294
6317.71 0.9238011
6320.45 1.004529
6323.19 0.8942796
6325.929999999999 0.9894639
6328.669999999999 0.934165
6331.41 0.9499276
6334.15 0.9028146
6336.889999999999 0.9678677
6339.63 1.025605
6342.370000000001 0.9002026
6345.12 0.9772703
6347.86 1.001045
6350.599999999999 0.9974744
6353.339999999999 0.9939044
6356.08 0.9125668
6358.82 0.9588093
6361.56 0.973701
6364.3 1.01289
6367.040000000001 0.9727435
6369.780000000001 0.8670047
6372.52 0.906559
6375.26 0.9640357
6378.0 0.9054273
6380.740000000001 0.9298984
6383.4800000000005 0.9717867
6386.22 0.9125688
6388.97 0.9974741
6391.71 0.9839762
6394.450000000001 0.8691108
6397.1900000000005 0.9898984
6399.93 1.027868
6402.67 0.9521038
6405.41 0.9823225
6408.150000000001 0.9847612
6410.89 0.9666475
6413.63 0.9620323
6416.37 0.952453
6419.11 0.9813656
6421.85 1.007143
6424.59 0.9600301
6427.33 1.017768
6430.07 1.012717
6432.820000000001 0.9453974
6435.56 0.9349473
6438.3 1.005225
6441.04 0.9821479
6443.78 1.007054
6446.52 1.059654
6449.26 1.009058
6452.0 0.9301587
6454.74 0.9959082
6457.48 0.9864163
6460.22 0.9762274
6462.96 0.9878971
6465.7 0.9566335
6468.44 0.9644715
6471.179999999999 0.9470546
6473.93 0.9661235
6476.67 0.9712618
6479.41 1.001916
6482.15 0.9998261
6484.889999999999 0.9545419
6487.63 0.9456594
6490.37 0.9438308
6493.11 0.9453985
6495.849999999999 0.9465307
6498.589999999999 0.9562846
6501.33 0.9589843
6504.07 0.9120457
6506.8099999999995 0.9551529
6509.549999999999 0.934514
6512.289999999999 0.957853
6515.030000000001 0.9777959
6517.78 1.054428
6520.5199999999995 1.049203
6523.259999999999 0.9247585
6526.0 0.9877213
6528.74 0.9875473
6531.48 0.991118
6534.219999999999 1.051817
6536.960000000001 0.9912926
6539.700000000001 0.9788395
6542.4400000000005 0.9799719
6545.18 0.990161
6547.92 0.9964313
6550.660000000001 0.96839
6553.400000000001 1.002702
6556.14 0.9972156
6558.88 1.036579
6561.63 1.029522
6564.370000000001 0.9539319
6567.110000000001 0.982322
6569.85 1.005487
6572.59 0.9683886
6575.33 0.9698692
6578.070000000001 0.9394767
6580.81 1.014632
6583.55 0.9671702
6586.29 0.9947764
6589.03 0.9821493
6591.77 1.028566
6594.51 0.987549
6597.25 0.9615976
6599.99 0.9682162
6602.740000000001 0.9514061
6605.4800000000005 1.019855
6608.22 1.020291
6610.96 0.985457
6613.7 0.9740491
6616.4400000000005 1.011931
6619.18 0.9627283
6621.92 0.9888541
6624.66 1.011061
6627.4 0.9847615
6630.14 1.008275
6632.88 0.9883323
6635.62 0.9284177
6638.36 0.9923387
6641.099999999999 0.9574175
6643.84 0.9211032
6646.59 0.9431331
6649.33 0.9925976
6652.07 1.032744
6654.8099999999995 1.012366
6657.55 0.9645568
6660.29 0.9509716
6663.03 0.9537586
6665.7699999999995 0.9931213
6668.509999999999 1.004878
6671.25 0.9691733
6673.99 0.9198831
6676.73 0.9119584
6679.469999999999 0.9282435
6682.209999999999 0.946706
6684.95 0.93434
6687.69 0.9334692
6690.44 0.9996515
6693.179999999999 1.028651
6695.92 0.9742229
6698.66 0.9661242
6701.4 0.9606381
6704.139999999999 0.9687371
6706.879999999999 0.9660378
6709.62 0.9290265
6712.360000000001 0.9254563
6715.1 1.000524
6717.84 0.9958217
6720.580000000001 0.9698703
6723.320000000001 0.9424387
6726.06 0.9477511
6728.8 0.9503638
6731.549999999999 0.9575022
6734.290000000001 0.9847599
6737.030000000001 0.9386049
6739.77 0.9581122
6742.51 0.9069934
6745.25 0.9838028
6747.990000000001 0.9541068
6750.7300000000005 0.9312036
6753.47 0.9507108
6756.21 0.9795363
6758.95 0.9134387
6761.6900000000005 0.9257179
6764.43 0.9490569
6767.17 0.9757924
6769.91 0.9846753
6772.65 0.9251961
6775.400000000001 0.9906816
6778.14 0.9406077
6780.88 0.9649048
6783.62 0.9625536
6786.360000000001 0.9115219
6789.1 0.9946885
6791.84 1.006445
6794.58 0.9889412
6797.32 0.9907702
6800.06 1.017941
6802.8 0.901421
6805.54 0.9922512
6815.830000000001 0.9497549
6831.549999999999 0.9738737
6847.29 0.9107385
6863.08 0.9210136
6878.9 0.922844
6894.76 0.9225817
6910.650000000001 0.9309433
6926.58 0.932771
6942.549999999999 0.9564569
6958.56 0.9474014
6974.599999999999 0.9849339
6990.67 0.9824098
7006.790000000001 0.9422623
7022.94 0.912132
7039.13 0.9748348
7055.35 1.020469
7071.62 0.9282436
7087.92 0.9650821
7104.26 0.9108262
7120.64 0.9042933
7137.05 0.8613352
7153.509999999999 0.8771222
7170.0 0.8910567
7186.53 0.8705403
7203.09 0.878344
7219.7 0.9152664
7236.34 0.9234534
7253.02 0.9125684
7269.74 0.899852
7286.5 0.9247593
7303.3 0.9591587
7320.13 0.9435711
7337.01 0.9585477
7353.92 0.9716111
7370.870000000001 0.9383449
7387.860000000001 0.9936448
7404.9 0.9933813
7421.97 0.9440043
7439.07 0.9769258
7456.2300000000005 0.9924247
7473.410000000001 1.008274
7490.639999999999 0.9918155
7507.91 1.010017
7525.22 1.023687
7542.56 1.028131
7559.95 1.004444
7577.38 0.9858051
7594.849999999999 0.9675173
7612.35 0.9561117
7629.9 0.9646462
7647.49 0.9576765
7665.12 0.9227554
7682.790000000001 0.9204065
7700.5 0.9265024
7718.25 0.9218867
7736.05 0.9152658
7753.88 0.896196
7771.749999999999 0.9231923
7789.67 0.9060361
7807.63 0.9015945
7825.62 0.9481
7843.66 0.8927133
7861.75 0.9280674
7879.87 0.9234537
7898.030000000001 0.9403477
7916.24 0.8998524
7934.49 0.9036837
7952.780000000001 0.8587495
7971.120000000001 0.905163
7989.49 0.9195337
8007.91 0.8900983
8026.360000000001 0.9447024
8044.87 0.9597674
8063.41 0.9549793
8082.0 0.913787
8100.63 0.8764289
8119.3099999999995 0.9366018
8138.02 0.9427863
8156.790000000001 0.9104766
8175.59 0.9143967
8194.43 0.8912332
8213.32 0.9372133
8232.26 0.9197953
8251.230000000001 0.9344266
8270.25 0.9647336
8289.32 0.9209284
8308.43 0.9163988
8327.58 0.8952381
8346.78 0.8826965
8366.02 0.9197088
8385.31 0.8901858
8404.64 0.9127415
8424.01 0.9165742
8443.43 0.8337459
8462.89 0.8787785
8482.41 0.8845247
8501.96 0.8781682
8521.56 0.8598461
8541.2 0.8654983
8560.89 0.8732061
8580.630000000001 0.8748594
8600.41 0.8725955
8620.23 0.8426384
8640.099999999999 0.8820017
8660.02 0.8596627
8679.99 0.8475666
8699.99 0.8166082
8720.050000000001 0.8626942
8740.15 0.8906226
8760.3 0.8581054
8780.49 0.8697226
8800.74 0.8673955
8821.02 0.8893173
8841.36 0.8951498
8861.74 0.8968916
8882.17 0.8328667
8902.640000000001 0.838327
8923.16 0.843824
8943.74 0.8532707
8964.35 0.8221048
8985.02 0.8086481
9005.73 0.8681551
9026.49 0.7663608
9047.300000000001 0.885657
9068.16 0.8894014
9089.06 0.7923814
9110.01 0.808666
9131.01 0.8562491
9152.06 0.8249609
9173.16 0.8380406
9194.31 0.8243226
9215.5 0.8335463
9236.75 0.8142562
9258.039999999999 0.8120613
9279.380000000001 0.8618318
9300.77 0.8132987
9322.21 0.8571907
9343.7 0.8529231
9365.24 0.8389452
9386.83 0.8522444
9408.47 0.8363506
9430.16 0.8574679
9451.9 0.8453622
9473.68 0.8627213
9495.53 0.8623701
9517.42 0.8443445
9539.35 0.8518088
9561.35 0.8456072
9583.390000000001 0.8589914
9605.48 0.846861
9627.62 0.852383
9649.82 0.8364804
9672.06 0.838066
9694.35 0.8474196
9716.71 0.8335284
9739.1 0.8255433
9761.55 0.8271028
9784.06 0.8135424
9806.61 0.8340601
9829.22 0.8260645
9851.87 0.8295326
9874.59 0.8234702
9897.35 0.823131
9920.16 0.8114879
9943.039999999999 0.8205348
9965.960000000001 0.8201867
9988.93 0.8179489
10035.03 0.8172524
10081.359999999999 0.8072031
10127.89 0.8139613
10174.63 0.8039464
10221.61 0.8050855
10268.779999999999 0.8062366
10292.449999999999 0.8021782
10507.97 0.7753812
10703.33 0.7434401
10902.320000000002 0.7215105
11105.01 0.6906299
11311.46 0.6764616
11495.26 0.6702615
11708.98 0.6519996
11899.24 0.6298614
12092.58 0.6183672
12289.07 0.6084741
12488.75 0.591893
12691.68 0.5784205
12897.9 0.5652537
13107.470000000001 0.5549431
13289.820000000002 0.5398153
13505.76 0.5299575
13693.64 0.5202917
13884.140000000001 0.5014725
14109.74 0.4822179
14306.03 0.4745108
14505.05 0.4778019
14706.83 0.4615787
14911.43 0.4658453
15084.08 0.4679969
15293.92 0.4755996
15506.679999999998 0.4701564
15686.25 0.4637118
15904.460000000001 0.4489947
16088.63 0.450031
16312.45 0.4469393
16501.33 0.4408
16692.41 0.4347561
16885.7 0.4268228
17081.23 0.4161461
17318.84 0.4001659
17519.39 0.3874773
17681.5 0.3726034
17886.24 0.3591226
18093.34 0.3429597
18302.86 0.3336152
18514.8 0.3222856
18686.100000000002 0.3084914
18902.48 0.2993994
19121.37 0.2939306
19298.31 0.2832973
19521.75 0.2724205
19702.39 0.2631721
19884.710000000003 0.254829
20114.94 0.2507538
20301.07 0.2416793
20488.93 0.2378214
20678.489999999998 0.2313336
20917.940000000002 0.2255512
21111.5 0.2209269
21306.829999999998 0.2158934
21503.99 0.2109817
21702.949999999997 0.2042849
21903.78 0.200096
22106.460000000003 0.1942002
22310.989999999998 0.1884702
22517.44 0.1841768
22725.780000000002 0.1791607
22883.32 0.1604112
23095.04 0.1585824
23308.749999999996 0.1387531
23524.43 0.130689
23687.48 0.1325091
23906.670000000002 0.1216844
24072.37 0.1178265
24295.12 0.1162067
24519.899999999998 0.1084561
24689.88 0.1067231
24918.32 0.08979369
25091.06 0.08856579
25323.24 0.08917538
25498.76 0.08835676
25675.49 0.08979372
25913.07 0.0881565
26092.710000000003 0.08794747
26273.559999999998 0.08575208
26516.68 0.08457555
26700.469999999998 0.08303153
26885.57 0.08170435
27071.920000000002 0.08039803
27322.42 0.07874866
27511.800000000003 0.07748941
27702.49 0.07572593
27894.53 0.07451542
28087.870000000003 0.07298712
28282.579999999998 0.07182019
28478.61 0.07034671
28676.03 0.06890369
28874.79 0.06764618
29074.96 0.06625888
29276.48 0.06490037
29479.440000000002 0.06356883
29683.760000000002 0.06255254
29889.54 0.06112869
30096.71 0.06015159
30305.309999999998 0.05905347
30515.4 0.05824356
30726.91 0.05731173
30868.760000000002 0.05639562
31082.71 0.05549428
31298.19 0.05473226
31515.12 0.05373342
31733.56 0.05287474
31880.06 0.05202914
32101.02 0.05119749
32323.559999999998 0.05037886
32472.74 0.04957335
32697.820000000003 0.04889321
32924.49 0.04811119
33076.45 0.04745107
33305.74 0.04626412
33536.59 0.04552474
33691.38 0.04459031
33924.94 0.0436759
34081.52 0.04287908
34317.78 0.04209619
34476.17 0.0413281
34715.13 0.04057394
34875.39 0.03983285
35117.12 0.03910655
35279.2 0.03830362
35523.77 0.0376052
35687.73 0.03683363
35935.12 0.03616133
36100.979999999996 0.03558307
36267.6 0.03485329
36519.020000000004 0.03413833
36687.57 0.03351566
36941.86 0.0327528
37112.4 0.03215453
37283.689999999995 0.03164072
37542.15 0.03084913
37715.43 0.03042589
37889.5 0.02987027
38064.38 0.02932513
38328.25 0.02879042
38505.15 0.02826444
38682.92 0.0276853
38861.46 0.02717934
39130.81 0.02674479
39311.46 0.0262571
39492.9 0.0256597
39675.18 0.02524866
39858.340000000004 0.0246739
40134.61 0.0242794
40319.85 0.02389186
40505.979999999996 0.02340158
40692.94 0.02302711
40880.75 0.02260736
41069.44 0.02224595
41259.04 0.02188978
41545.009999999995 0.02149005
41736.810000000005 0.02114693
41929.439999999995 0.02076115
42122.96 0.02038233
42317.38 0.02014893
42512.740000000005 0.01978057
42708.950000000004 0.01946446
42906.079999999994 0.01867458
43104.15 0.01783422
43303.1 0.01779241
43502.96 0.01707047
43703.8 0.01668207
43905.51 0.01637727
44108.15 0.01582167
44311.73 0.01553254
44516.299999999996 0.01528435
44721.770000000004 0.01490205
44928.17 0.01476532
45135.59 0.01449623
45343.91 0.01419839
45448.43 0.01406864
45658.200000000004 0.01387531
45868.979999999996 0.01346601
46080.69 0.01343553
46293.369999999995 0.01322043
46507.08 0.01303929
46721.74 0.0129792
46937.38 0.01274233
47154.07 0.01253855
47262.76 0.01250981
47480.9 0.01222505
47700.05 0.0121127
47920.26 0.01197423
48141.42999999999 0.01167466
48252.4 0.01170166
48475.11 0.0114613
48698.89 0.01127843
48923.66 0.01112342
49149.469999999994 0.01094576
49262.759999999995 0.01084561
49490.18 0.01067231
49718.60999999999 0.01059829
49948.08 0.01039712
50063.27 0.01024646
50294.33 0.01009145
50526.46 0.009914668
50642.93 0.00979362
50759.670000000006 0.009718722
50876.729999999996 0.009711757
50994.0 0.009615096
51111.55 0.009497526
51229.36 0.00944702
51347.45 0.009374738
51465.810000000005 0.009302461
51584.5 0.009210147
51703.4 0.009160509
51822.58 0.009090842
51942.04 0.008979369
52061.770000000004 0.008910573
52181.77 0.00884265
52302.049999999996 0.008754692
52422.67 0.008687287
52543.509999999995 0.008640435
52664.63 0.0086137
52786.020000000004 0.008547516
52907.700000000004 0.008442925
53029.659999999996 0.008358711
53151.950000000004 0.008294446
53274.47 0.008249685
53397.27 0.008186199
53520.36 0.008123234
53643.729999999996 0.008060705
53767.38 0.007998617
53891.31 0.007955249
54015.6 0.007894024
54140.11 0.007815126
54264.9 0.007737012
54389.99 0.007659682
54515.36 0.007618141
54641.02 0.007559272
54766.969999999994 0.007483682
54893.280000000006 0.007425853
55019.81 0.007351573
55146.63 0.007294795
55273.75 0.007271803
55401.16 0.007232178
55528.86 0.007126806
55656.920000000006 0.007071593
55785.22 0.007033101
55913.810000000005 0.006962561
56042.69 0.006908567
56171.87 0.006870862
56301.35 0.006786214
56431.13 0.006733614
56561.27 0.006696777
56691.649999999994 0.006660115
56822.33 0.006593231
56953.310000000005 0.00652696
57084.590000000004 0.006491168
57216.17 0.006440746
57348.119999999995 0.006390584
57480.32 0.006340946
57612.810000000005 0.006277114
57745.61 0.006228258
57878.72 0.006193946
58012.14 0.006145699
58145.86 0.006097802
58279.95 0.006050256
58414.29 0.006003141
58548.939999999995 0.005956289
58683.899999999994 0.005909786
58819.17 0.005863629
58954.75 0.005831236
59043.26 0.005558135
59352.06 0.005689896
59660.86 0.005683713
59969.65 0.005754428
60278.46 0.005521037
60587.25 0.005541503
60896.049999999996 0.005628588
61204.85999999999 0.005667427
61513.65 0.005815038
61822.439999999995 0.005451543
62131.25 0.005411397
62440.04 0.005264137
62748.840000000004 0.005280769
63057.64 0.005034405
63366.439999999995 0.005258997
63675.25 0.004780724
63984.04 0.004731783
64292.83 0.004427072
64601.64 0.004469656
64910.43 0.004498221
65219.23 0.004281552
65528.04 0.003883223
65836.83 0.003908652
66145.62000000001 0.003985462
66454.44 0.004009846
66763.23 0.00396369
67072.01999999999 0.003935736
67380.83 0.003765484
67689.62 0.003877215
67998.43000000001 0.003561269
68307.23 0.003473486
68616.02 0.003499089
68924.83 0.003218762
69233.62 0.003251767
69542.42 0.00343125
69851.22 0.003807458
70160.01 0.003627367
70468.82 0.003478972
70777.61 0.00341453
71086.41 0.003097801
71395.22 0.003393368
71704.0 0.003412876
72012.81999999999 0.003251332
72321.61 0.002989118
72630.40000000001 0.003266834
72939.21 0.003196033
73248.0 0.003058264
73556.8 0.002989902
73865.6 0.002870682
74174.4 0.002837763
74483.2 0.003034489
74791.99 0.00300488
75080.59 0.002992688
75100.8 0.002957158
75409.6 0.003057654
75699.4 0.003185496
75718.39 0.00257642
76318.23 0.00306227
76937.06 0.002766354
77555.89 0.002686932
78174.71 0.002658106
78793.55 0.0024181
79412.38 0.002200211
80031.2 0.002092052
80650.04 0.002028131
81268.86 0.002151792
81887.69 0.002011584
82506.52 0.002072805
83125.34 0.001981975
83744.18000000001 0.001944703
84362.99999999999 0.001865194
84981.82999999999 0.001917446
85600.66 0.001885485
86219.5 0.001818255
86838.31 0.001805018
87457.14 0.00168963
88075.98000000001 0.001726554
88694.79999999999 0.00168484
89313.62 0.001685189
89932.45 0.001665333
90551.28 0.001648003
91170.12000000001 0.001604112
91788.94 0.00152173
92407.76999999999 0.001509015
93026.59999999999 0.001515285
93645.43 0.001475313
94264.25 0.001478884
94883.07 0.001489595
95501.91 0.001467388
96120.73999999999 0.0014491
96739.56 0.001450407
97358.4 0.001442308
97977.23 0.001339721
98596.06 0.001413569
99214.89 0.001378038
99833.67 0.001350258
100452.54999999999 0.001311244
101071.32999999999 0.00121667
101690.23 0.001219892
102309.01 0.001241141
102927.89000000001 0.001207961
103546.68999999999 0.001249849
104165.48000000001 0.001235044
104784.34999999999 0.001229123
105403.14 0.001254639
106022.03 0.001221721
106640.82 0.001181313
107259.6 0.001150746
107878.48999999999 0.001123662
108497.28000000001 0.001125404
109116.16 0.001114954
109734.94 0.001166683
110353.83 0.001161196
110972.62000000001 0.001190979
111591.41 0.001316295
112210.29 0.001534792
112829.08 0.001520336
113447.96 0.001365586
114066.75 0.00121876
114685.62999999999 0.001172169
115304.42000000001 0.001120788
115923.20000000001 0.001015677
116542.1 0.000991815
117160.87999999999 0.0009179667
117779.76000000001 0.0009656024
118398.54000000001 0.0009321617
119017.44 0.0008911444
119636.22000000002 0.0008727694
120255.01000000001 0.0008708535
120873.9 0.0008666908
121492.68 0.0008508415
122111.56000000001 0.0008109825
122730.35 0.0008045032
123349.15000000001 0.0008185326
123968.03 0.0008024131
124586.81 0.0007917714
125205.7 0.0007668213
125824.49 0.000832858
126443.37 0.0008408788
127062.15999999999 0.0008644877
127680.94 0.0009868513
128299.83 0.001009581
128918.61 0.0008129157
129537.5 0.0007194121
130156.28 0.0006855099
130775.07 0.0006634162
131393.95 0.0006611172
132012.75 0.0006506496
132631.62 0.0006254993
133250.41 0.0006181319
133869.3 0.0006046772
134488.09 0.0005948539
135106.88 0.0006282948
135725.77000000002 0.0005927378
136344.55000000002 0.0005268751
136963.44 0.0005764614
137582.22 0.0005339377
138201.11000000002 0.0005150924
138819.89 0.0005276153
139438.69 0.0005331713
140057.56 0.0005568586
140676.36000000002 0.0005461035
141295.23 0.0005534013
141914.02 0.0005146309
142532.91 0.000514448
143151.7 0.0005221986
143770.47 0.0005000616
144389.38 0.0004864675
144921.84 0.0004951064
145835.63 0.0005010281
146749.5 0.0004536277
147663.3 0.0004528438
148577.05 0.0004776371
149490.84 0.0004624232
150404.72 0.000440617
151318.5 0.0004481151
152232.27 0.0004328143
153146.16 0.0004124884
154059.94 0.0004332235
154973.7 0.0005926507
155887.48 0.0006701741
156801.38 0.0004894806
157715.16 0.0003974315
158628.92 0.0003872512
159542.80000000002 0.000411966
160456.58 0.0003992777
161370.34 0.0003896635
162284.22999999998 0.0004141692
163198.02 0.0004492385
164111.78 0.0005018468
165025.56 0.0005104857
165939.45 0.0004841598
166853.22 0.00045995
167767.00000000003 0.0004566843
168680.8 0.0004739968
169594.66 0.0005110866
170508.44999999998 0.0005267967
171422.23 0.0004916143
172336.11 0.0004685889
173249.88 0.000451137
174163.67 0.0004149617
175077.55 0.0003972573
175991.31 0.000384508
176905.09 0.0003684407
177818.87000000002 0.0003418361
178732.75 0.0003572154
179646.52999999997 0.0003396503
180560.3 0.0003321523
181474.19 0.0003174609
182387.94999999998 0.0003156322
183301.72999999998 0.0002950103
184215.61000000002 0.0003056086
185129.38999999998 0.0002975359
186043.19 0.0003255773
186956.95 0.0004068802
187870.83 0.0003988335
188784.61000000002 0.0002940699
189698.38 0.0002817647
190612.27 0.0002855268
191526.06 0.00027593
192439.81000000003 0.0002742144
193353.59 0.0002840986
194267.48 0.0002615783
195181.27 0.0002533313
196095.05 0.0002463819
197008.91999999998 0.0002478362
197922.69 0.0002172693
198836.48 0.000248289
199750.27000000002 0.0002350172
200664.14 0.0002495779
201577.91 0.0002462251
202491.68999999997 0.0002272318
203405.56 0.0002154057
204501.92 0.0002167642
206261.22 0.0002230605
208021.59 0.0002116348
209782.88 0.0002050512
211545.25 0.0002112604
213308.63 0.0002000525
215073.11000000002 0.0001920232
216838.47 0.0001840026
218604.94 0.0001880782
220372.41 0.0001696249
222140.95 0.0001712882
223910.53 0.000179509
225681.06 0.0001775758
227452.7 0.0001776628
229225.36000000002 0.0001741185
230999.00000000003 0.0001669775
232773.73 0.0001781941
234549.48 0.0001741446
236326.3 0.0001650877
238104.23 0.0001612037
239883.16 0.0001562224
241663.06 0.0001626145
243444.09 0.0001546723
245226.09 0.0001548029
247009.33 0.0001467824
248793.44 0.0001434034
250578.63 0.0001528609
252364.91999999998 0.0001479058
254152.31 0.0001423759
255940.69999999998 0.0001437779
257730.19 0.0001577638
259520.77 0.0001692069
261312.45 0.0001486721
263105.13 0.0001354787
264898.88 0.0001337718
266693.77999999997 0.0001358183
268489.63 0.0001352958
270286.69 0.0001297224
272084.75 0.0001314118
273883.91 0.0001263957
275684.16 0.0001281897
277485.53 0.0001260473
279287.94 0.0001253855
281091.47 0.0001351042
282896.13 0.0001357312
284701.88 0.0001274233
286508.69 0.0001233216
288316.63 0.0001194376
290125.63 0.0001169643
291935.75 0.0001182445
293746.97000000003 0.0001108074
295559.28 0.0001202126
297372.77999999997 0.0001133503
299187.38 0.0001130804
301002.97000000003 0.0001197162
302819.75 0.0001176784
304637.63 0.0001137944
306456.75 0.0001140818
308276.84 0.000107681
310098.13 0.0001165637
311920.56 0.0001144041
313744.06 0.0001103023
315568.75 0.0001127581
317394.56 0.00012023
319221.41 0.0001129584
321049.47000000003 0.0001134897
322878.75 0.0001138902
324709.08999999997 0.0001117915
326540.5 0.0001077507
328373.19 0.0001146479
330207.0 0.0001211967
332041.94 0.0001221459
333877.97 0.0001662808
335715.19 0.0001831405
337553.63 0.0001256119
339393.22 0.00010843
341233.94 0.0001059132
343075.77999999997 0.0001064705
344918.83999999997 0.0001169643
346763.09 0.0001769661
348608.47 0.000267143
