102.00000000000001 1.980644e-06
103.9 2.459577e-06
106.08 3.117334e-06
108.05 4.025524e-06
110.06 5.819131e-06
113.91999999999999 8.569624e-06
117.92999999999999 1.185642e-05
120.95 4.518613e-05
124.92 5.794382e-05
126.95 6.339187e-05
128.12 6.762028e-05
131.1 7.623167e-05
132.01 9.080286e-05
133.85 9.752022e-05
136.97 0.0001259293
140.16 0.0001393605
143.09 0.000400132
147.10000000000002 0.001059897
150.87 0.001154252
155.1 0.001274458
159.07999999999998 0.001413633
162.04 0.001511236
165.80999999999997 0.001680376
170.07000000000002 0.001817256
172.82999999999998 0.001938549
176.85 0.002091858
180.14 0.002205642
181.81 0.002288535
186.04 0.002452565
190.82 0.002664712
193.92 0.002816228
197.98 0.002983121
202.12 0.003175032
204.93999999999997 0.003316971
210.19 0.003394775
216.07999999999998 0.003835862
220.1 0.004063286
223.16 0.004158361
226.79000000000002 0.004405228
229.94 0.006807575
234.21999999999997 0.01124658
240.22000000000003 0.01399913
245.82 0.01333968
252.13 0.0142954
256.81 0.01214109
259.78999999999996 0.01403671
264.01 0.01476716
268.92 0.01480253
273.92 0.01480467
279.01 0.01484069
284.2 0.0148424
290.15 0.01417595
296.21999999999997 0.01444178
301.03000000000003 0.01427802
308.05 0.01447856
318.14000000000004 0.01475066
327.81 0.01468594
337.77000000000004 0.01448779
348.03000000000003 0.01425946
356.96 0.01409826
366.10999999999996 0.01406903
374.64 0.01381493
385.14 0.01316557
395.02000000000004 0.01338192
405.15000000000003 0.01332371
413.63 0.01302317
422.29999999999995 0.01269907
430.15 0.01244086
441.17999999999995 0.01227318
451.46 0.01191398
459.84999999999997 0.01159117
469.47999999999996 0.01132974
480.42 0.01117669
490.47 0.0107009
499.59000000000003 0.01067827
506.53999999999996 0.01036476
512.41 0.01108189
519.54 0.0109061
530.42 0.01058724
540.28 0.01006607
550.3199999999999 0.01018515
560.55 0.01044884
569.6600000000001 0.01066965
580.25 0.01026253
589.68 0.01062521
600.64 0.01029062
610.4 0.009716961
620.3199999999999 0.01100555
630.4 0.01103312
640.64 0.01095976
649.56 0.01129464
658.59 0.01145425
664.69 0.0117224
675.49 0.01153743
684.8799999999999 0.01109708
694.4100000000001 0.01280265
705.69 0.01211748
715.51 0.0134121
725.47 0.01360123
735.56 0.01379323
745.7900000000001 0.01485142
754.43 0.01541158
764.9200000000001 0.01545084
775.56 0.01678881
784.54 0.0174633
795.46 0.0179978
804.67 0.01850505
815.86 0.01889853
825.31 0.02029954
834.87 0.01642818
844.53 0.0207335
854.3100000000001 0.0210267
864.1999999999999 0.02237968
874.21 0.02376527
884.34 0.02564628
894.5699999999999 0.02686257
904.9300000000001 0.02619632
915.41 0.04249365
926.01 0.321677
934.58 0.6990461
945.4 1.353971
954.15 2.002975
965.1999999999999 2.017331
974.13 0.2696858
985.4100000000001 1.370787
994.53 1.671226
1006.04 2.838986
1015.35 2.852564
1024.75 1.277408
1034.23 1.755488
1043.8 3.885938
1055.89 3.807302
1065.6599999999999 2.702124
1075.52 3.418113
1085.47 2.44279
1095.51 3.655822
1105.6499999999999 3.484011
1115.88 3.214825
1126.2 2.794226
1134.01 3.929477
1144.5 3.478743
1155.09 3.815264
1165.78 3.904987
1173.8600000000001 2.43048
1184.72 3.765197
1195.6799999999998 2.238127
1203.97 1.409206
1215.11 1.199713
1226.36 2.518643
1234.86 4.161449
1246.28 4.595747
1254.9199999999998 4.24062
1263.6200000000001 3.479491
1275.31 4.870987
1284.15 5.18449
1296.03 3.645989
1305.02 3.571874
1314.06 4.920131
1326.2199999999998 4.635363
1335.4199999999998 3.83848
1344.67 5.003329
1353.99 4.801115
1366.52 4.087408
1375.99 4.400852
1385.5300000000002 4.432239
1395.14 3.781856
1404.81 3.924625
1414.55 3.961751
1424.3500000000001 4.168529
1434.22 4.083829
1440.84 4.386678
1447.4899999999998 4.499786
1454.1699999999998 4.307751
1464.25 3.849007
1474.3999999999999 3.858662
1484.6200000000001 3.995212
1494.92 4.089048
1505.28 3.781878
1512.23 3.226872
1515.71 3.56296
1526.22 3.379919
1533.26 2.81168
1543.8899999999999 3.251387
1554.5900000000001 3.035129
1565.3700000000001 3.05681
1576.22 3.29131
1583.49 3.52727
1594.47 3.59355
1605.52 3.536912
1616.65 3.562337
1624.11 3.294605
1635.37 3.580119
1646.71 3.639107
1654.31 3.281484
1665.78 3.657355
1673.47 3.113425
1677.32 3.658319
1685.07 3.911494
1696.75 3.609586
1704.58 3.423925
1716.39 3.166974
1724.32 3.152898
1736.27 3.426123
1744.28 3.325633
1756.37 3.630674
1764.48 3.229071
1776.71 3.320335
1784.91 3.398205
1793.15 3.718232
1805.58 3.676534
1813.9099999999999 3.300065
1826.49 3.393358
1834.9199999999998 3.211413
1843.39 2.895935
1856.17 2.876714
1864.73 2.998924
1873.34 3.342353
1886.33 3.014201
1895.03 2.885626
1903.78 3.085492
1916.98 2.927116
1925.82 2.880973
1934.71 2.968954
1943.64 3.11672
1957.12 2.889354
1966.15 3.250123
1975.23 3.341704
1984.34 3.126403
1993.5 3.020911
2002.7 3.127647
2016.5900000000001 2.967213
2025.8899999999999 3.150894
2035.2500000000002 2.941158
2044.64 3.108758
2054.08 2.942265
2063.56 2.929303
2073.08 3.190511
2077.86 3.026215
2082.65 3.183811
2097.09 2.972056
2106.77 2.965815
2116.4900000000002 3.00079
2126.26 3.043223
2136.08 2.763294
2145.94 2.880797
2155.84 3.010156
2165.79 2.888614
2175.79 2.856135
2185.83 2.798091
2195.92 2.950866
2206.06 2.851285
2216.24 2.661566
2226.4700000000003 2.554071
2236.75 2.787943
2247.0699999999997 2.630847
2257.44 2.465142
2262.65 2.545007
2273.09 2.626628
2283.58 2.717118
2294.12 2.539878
2304.71 2.53222
2315.35 2.361526
2326.04 1.713532
2336.77 2.116403
2347.56 2.038384
2352.9700000000003 2.26011
2363.83 2.008269
2374.74 2.087072
2385.71 1.897639
2396.72 2.055388
2402.24 1.948664
2413.33 2.020436
2424.47 2.193488
2435.66 2.093154
2446.9 2.241236
2452.54 2.204563
2463.86 2.172736
2475.24 2.068649
2486.66 2.120155
2492.39 1.987051
2503.9 2.264001
2515.46 1.929933
2527.07 1.888903
2532.89 1.936651
2544.5800000000004 1.886724
2556.33 2.081451
2562.2200000000003 1.987052
2574.0499999999997 2.137306
2585.9300000000003 2.087058
2597.87 2.037916
2603.85 1.9454
2615.8700000000003 1.908424
2627.95 2.029178
2634.0099999999998 2.138703
2646.1600000000003 2.375728
2652.26 2.469509
2664.5099999999998 2.134331
2676.81 2.26946
2682.98 2.258072
2695.36 2.125137
2707.8 2.213139
2714.04 2.055079
2726.5699999999997 2.039316
2732.8599999999997 2.164138
2745.47 1.782027
2758.14 1.838983
2764.4999999999995 1.933688
2777.2599999999998 2.041819
2783.66 1.88283
2796.5099999999998 1.456987
2802.96 1.57856
2815.9 1.990162
2822.3900000000003 2.156182
2835.41 2.066951
2841.95 1.995944
2855.07 1.878297
2868.25 2.159619
2874.86 2.178497
2888.1299999999997 2.136846
2894.79 2.121239
2908.15 2.372455
2928.31 2.241852
2948.6099999999997 2.187854
2969.04 2.251216
2989.62 2.248102
3010.35 2.286628
3031.2099999999996 2.272907
3052.23 2.26447
3073.38 2.276964
3087.57 2.300978
3108.97 2.292412
3130.52 2.247315
3152.22 2.249034
3166.77 2.246849
3188.72 2.098612
3210.83 2.194103
3233.08 2.044634
3248.0 2.218919
3270.52 2.309259
3293.1899999999996 2.273989
3308.39 2.271649
3323.66 2.222653
3331.3199999999997 2.26292
3338.9999999999995 2.115624
3346.7000000000003 2.276176
3354.42 2.177561
3362.1499999999996 2.068803
3369.9 2.08691
3377.6699999999996 2.119671
3385.45 2.162897
3393.26 2.273983
3401.0800000000004 2.429706
3408.9199999999996 2.189424
3416.7799999999997 2.183173
3424.65 2.3219
3432.5499999999997 2.396628
3440.46 2.287564
3448.39 2.094711
3456.34 2.137307
3464.31 2.026057
3472.2999999999997 2.240754
3480.3 2.056636
3488.3199999999997 2.162278
3496.36 2.126544
3504.4199999999996 2.225632
3512.5 2.14886
3520.6 2.259169
3528.7200000000003 2.021685
3536.8500000000004 2.21548
3545.0 2.313317
3553.1800000000003 2.333281
3561.37 2.273668
3569.58 2.067712
3577.81 2.038068
3586.05 1.909823
3594.3199999999997 2.083164
3602.61 2.288188
3610.91 2.095178
3619.2400000000002 2.202838
3627.5800000000004 2.305349
3635.9399999999996 2.062887
3643.5099999999998 2.427064
3646.19 2.307847
3648.8599999999997 2.476364
3651.53 2.591518
3654.21 1.966918
3656.88 2.24216
3659.5499999999997 2.489628
3662.22 2.43112
3664.8999999999996 2.18427
3667.57 2.337963
3670.2400000000002 2.156347
3672.91 2.035738
3675.59 2.426274
3678.2599999999998 2.327042
3680.93 2.0788
3683.61 2.160396
3686.28 2.367295
3688.95 2.353412
3691.62 2.207526
3694.2999999999997 2.139176
3696.97 2.310501
3699.6400000000003 2.447344
3702.31 2.149952
3704.9900000000002 2.219065
3707.66 2.091279
3710.33 2.084885
3713.0 2.292877
3715.6800000000003 2.300982
3718.3500000000004 2.091592
3721.02 3.080831
3723.7 3.857227
3726.37 5.041504
3729.04 5.883141
3731.7099999999996 4.829785
3734.3900000000003 3.796376
3737.06 3.167734
3739.73 2.439387
3742.4 2.307388
3745.08 2.477764
3747.7500000000005 2.252459
3750.42 2.07646
3753.1 1.915272
3755.77 2.456545
3758.44 2.403186
3761.1099999999997 2.38743
3763.79 2.63785
3766.4599999999996 2.293494
3769.13 2.524735
3771.8 2.239826
3774.48 2.393975
3777.15 2.640976
3779.8199999999997 2.695434
3782.4999999999995 3.064747
3785.17 3.167576
3787.84 2.811362
3790.51 2.714159
3793.19 2.481195
3795.8599999999997 2.463255
3798.5299999999997 2.143863
3801.2000000000003 2.502114
3803.88 2.342329
3806.55 2.496803
3809.22 2.732569
3811.89 3.00157
3814.5699999999997 2.740363
3817.2400000000002 2.833986
3819.9100000000003 2.918559
3822.59 2.548131
3825.2599999999998 2.252301
3827.93 2.275709
3830.6 2.230931
3833.28 2.369634
3835.9500000000003 2.179904
3838.62 2.261667
3841.29 2.314565
3843.97 2.501325
3846.64 2.426901
3849.3100000000004 2.953197
3851.9900000000002 2.765481
3854.66 3.260258
3857.33 3.191453
3860.0 3.109073
3862.68 3.769538
3865.3500000000004 3.657357
3868.02 3.912785
3870.69 4.050878
3873.37 3.745667
3876.04 3.369638
3878.71 3.222038
3881.3799999999997 2.787028
3884.06 2.786237
3886.73 2.283666
3889.4 2.615703
3892.08 2.759397
3894.75 2.614292
3897.4199999999996 2.845066
3900.09 2.795451
3902.77 3.088466
3905.44 3.366517
3908.11 3.342648
3910.7799999999997 3.424258
3913.4600000000005 3.713993
3916.13 3.753162
3918.8 3.283358
3921.48 3.323758
3924.15 3.156966
3926.8199999999997 3.088473
3929.49 2.914034
3932.1699999999996 3.090494
3934.84 2.774536
3937.51 2.919804
3940.18 2.773452
3942.86 2.942266
3945.5299999999997 3.269155
3948.2 3.384622
3950.8700000000003 3.300213
3953.55 3.37338
3956.22 3.254801
3958.89 3.081611
3961.5699999999997 2.742234
3964.24 2.780621
3966.9100000000003 2.687162
3969.58 2.784529
3972.26 2.588857
3974.93 2.613201
3977.6 2.720398
3980.27 2.704954
3982.9500000000003 3.004212
3985.6200000000003 3.215793
3988.29 3.248408
3990.97 3.485562
3993.64 3.453737
3996.31 3.328448
3998.9799999999996 3.407873
4001.6600000000003 3.425804
4004.33 3.460603
4007.0 3.398195
4009.67 3.50867
4012.35 3.202369
4015.0200000000004 3.387738
4017.69 3.4358
4020.36 3.596205
4023.04 3.739116
4025.71 3.66719
4028.3799999999997 3.424879
4031.0600000000004 3.418157
4033.73 3.47995
4036.4 3.535502
4039.07 3.392894
4041.75 3.277263
4044.42 3.442504
4047.0899999999997 3.399912
4049.76 3.430967
4052.44 3.459352
4055.11 3.735843
4057.78 3.592612
4060.46 3.527066
4063.1299999999997 3.743797
4065.8 3.760185
4068.4700000000003 3.764091
4071.15 3.525508
4073.82 3.630052
4076.49 3.628185
4079.16 3.659552
4081.8399999999997 3.730688
4084.51 3.580124
4087.1800000000003 3.644413
4089.85 3.773144
4092.5299999999997 3.633639
4095.2 3.364803
4097.87 3.404751
4100.55 3.165701
4103.22 3.173662
4105.889999999999 3.188957
4108.56 3.327361
4111.24 3.332186
4113.91 3.289438
4116.58 3.313627
4119.25 3.38525
4121.929999999999 3.799811
4124.6 3.671559
4127.27 3.527859
4129.95 3.459505
4132.62 3.648307
4135.29 3.561402
4137.96 3.58918
4140.64 3.689027
4143.31 3.665939
4145.9800000000005 3.547985
4148.65 3.690446
4151.33 3.644404
4154.0 3.64831
4156.67 3.69762
4159.35 3.686997
4162.02 3.636136
4164.69 3.455145
4167.36 3.543931
4170.04 3.6146
4172.71 3.281636
4175.38 3.190986
4178.05 3.441576
4180.73 3.239816
4183.4 3.465441
4186.07 3.324862
4188.740000000001 3.347178
4191.42 3.607894
4194.09 3.438449
4196.76 3.365275
4199.44 3.398186
4202.11 3.578405
4204.78 3.222816
4207.45 3.512101
4210.13 3.580118
4212.8 3.648933
4215.47 3.573418
4218.14 3.614458
4220.82 3.605085
4223.49 3.488534
4226.16 3.544554
4228.84 3.304255
4231.51 3.42019
4234.18 3.412704
4236.849999999999 3.736161
4239.530000000001 3.648303
4242.2 3.205337
4244.87 3.459203
4247.54 3.21221
4250.22 3.696362
4252.889999999999 3.649557
4255.5599999999995 3.585121
4258.2300000000005 3.584345
4260.91 3.556403
4263.58 3.661573
4266.25 3.609776
4268.93 3.665778
4271.599999999999 3.691839
4274.27 3.441415
4276.9400000000005 3.299899
4279.62 3.631764
4282.29 3.611641
4284.96 3.662512
4287.63 3.391959
4290.31 3.378528
4292.9800000000005 3.312219
4295.65 3.511632
4298.33 3.211261
4301.0 3.43907
4303.67 3.065536
4306.34 3.084108
4309.02 2.987514
4311.6900000000005 3.202996
4314.36 3.19239
4317.03 3.720247
4319.71 3.421748
4322.38 3.637231
4325.05 3.614923
4327.72 3.629282
4330.4 3.716803
4333.07 3.477769
4335.74 3.570143
4338.42 3.65548
4341.09 3.98783
4343.76 3.799662
4346.43 3.640826
4349.11 3.34108
4351.78 3.365269
4354.45 3.529729
4357.12 3.687013
4359.8 3.793726
4362.47 3.608053
4365.14 3.943524
4367.82 3.886873
4370.49 3.815727
4373.16 3.408336
4375.83 3.616641
4378.51 3.485408
4381.18 3.597442
4383.85 3.748952
4386.5199999999995 3.596982
4389.2 3.618503
4391.87 3.531754
4394.54 3.447502
4397.21 3.710731
4399.89 3.686533
4402.5599999999995 3.778752
4405.23 3.611023
4407.91 3.499606
4410.58 3.588859
4413.25 3.567644
4415.92 3.613053
4418.599999999999 3.544388
4421.2699999999995 3.481044
4423.9400000000005 3.758783
4426.610000000001 3.702617
4429.29 3.560616
4431.96 3.680764
4434.63 3.640201
4437.3099999999995 3.866121
4439.9800000000005 3.68357
4442.650000000001 3.625843
4445.32 3.711041
4448.0 3.922137
4450.67 3.897489
4453.34 3.792017
4456.01 3.677651
4458.6900000000005 3.519424
4461.36 3.432987
4464.03 3.676868
4466.7 3.740376
4469.38 3.794975
4472.05 3.954599
4474.72 3.831339
4477.400000000001 3.706347
4480.07 3.695585
4482.74 3.778441
4485.41 3.954761
4488.09 3.940082
4490.759999999999 3.733034
4493.43 3.911693
4496.1 3.808405
4498.78 3.848805
4501.45 3.911222
4504.12 4.000476
4506.8 3.935399
4509.47 4.145732
4512.14 4.304108
4514.81 4.229999
4517.49 4.079572
4520.16 4.032299
4522.83 3.973012
4525.5 3.852718
4528.18 3.750193
4530.85 3.675927
4533.5199999999995 3.782969
4536.19 3.668446
4538.87 3.825245
4541.54 3.752384
4544.21 3.722742
4546.89 3.917924
4549.56 3.724606
4552.23 3.846627
4554.9 3.849909
4557.58 3.767512
4560.25 3.851305
4562.92 3.937283
4565.59 3.923869
4568.2699999999995 4.068184
4570.94 4.058047
4573.610000000001 3.848658
4576.29 3.884845
4578.96 4.011703
4581.63 3.889847
4584.3 3.935101
4586.98 3.931187
4589.650000000001 3.954909
4592.32 3.997198
4594.99 3.922151
4597.67 3.903571
4600.34 3.961307
4603.01 3.994391
4605.6900000000005 4.068804
4608.360000000001 4.055703
4611.03 4.120461
4613.7 4.110323
4616.38 4.042749
4619.05 4.180528
4621.72 4.233583
4624.39 4.206283
4627.07 4.250583
4629.74 4.275864
4632.41 4.267912
4635.08 4.07475
4637.76 3.986893
4640.429999999999 4.125608
4643.1 4.096279
4645.78 3.921669
4648.45 3.874863
4651.12 4.090502
4653.79 3.919185
4656.469999999999 3.951783
4659.14 4.125918
4661.81 4.178193
4664.48 3.971925
4667.16 3.821811
4669.83 3.939151
4672.5 4.047129
4675.18 4.144323
4677.85 3.959119
4680.52 3.973167
4683.19 4.056804
4685.87 4.110466
4688.54 4.213607
4691.21 4.178817
4693.88 4.113601
4696.56 4.00499
4699.23 3.841319
4701.9 3.748485
4704.57 3.706673
4707.25 3.64815
4709.92 3.685758
4712.59 3.740061
4715.2699999999995 3.856136
4717.94 3.823218
4720.61 3.8304
4723.280000000001 4.00235
4725.96 3.901386
4728.63 3.949604
4731.3 3.721648
4733.97 3.628657
4736.65 3.64737
4739.320000000001 3.837263
4741.99 3.836331
4744.67 3.82883
4747.34 3.949134
4750.01 3.971763
4752.68 3.848971
4755.360000000001 3.991103
4758.03 3.853176
4760.7 3.667192
4763.37 3.734757
4766.05 3.672178
4768.72 3.784524
4771.389999999999 3.738187
4774.06 3.816051
4776.74 3.820876
4779.41 3.984088
4782.08 3.910914
4784.76 3.909031
4787.429999999999 3.817444
4790.1 3.908259
4792.77 3.770956
4795.45 3.68934
4798.12 3.923859
4800.79 3.928856
4803.46 3.821824
4806.139999999999 3.842408
4808.81 4.043691
4811.4800000000005 3.837891
4814.16 3.701977
4816.83 3.816664
4819.5 3.906074
4822.17 3.89344
4824.85 3.795597
4827.52 3.81963
4830.19 3.728356
4832.86 3.909669
4835.54 3.707129
4838.21 3.832582
4840.88 3.812146
4843.55 3.72649
4846.2300000000005 3.839756
4848.9 3.897804
4851.57 3.849595
4854.25 3.909343
4856.92 4.304105
4859.59 5.021851
4862.26 5.538319
4864.94 5.495082
4867.61 4.633955
4870.28 3.922148
4872.95 3.443604
4875.63 3.372132
4878.3 3.373696
4880.97 3.578256
4883.65 3.524415
4886.32 3.614605
4888.99 3.591204
4891.66 3.728203
4894.34 3.407706
4897.01 3.885007
4899.68 3.751917
4902.349999999999 3.666728
4905.030000000001 3.730222
4907.7 3.781247
4910.37 3.659548
4913.04 3.504769
4915.72 3.585426
4918.39 3.398973
4921.0599999999995 3.583406
4923.74 3.522855
4926.41 3.622874
4929.08 3.867691
4931.75 3.996889
4934.43 3.890464
4937.099999999999 4.235764
4939.77 4.192704
4942.4400000000005 4.274313
4945.12 4.439225
4947.79 4.608524
4950.46 4.798574
4953.139999999999 5.167727
4955.8099999999995 5.694024
4958.4800000000005 6.298338
4961.15 6.591527
4963.83 6.422682
4966.5 5.424717
4969.17 4.51678
4971.84 4.282895
4974.52 4.061787
4977.1900000000005 4.050245
4979.86 4.455461
4982.54 4.416753
4985.21 4.802153
4987.88 5.13466
4990.55 5.535353
4993.2300000000005 5.919796
4995.9 6.210019
4998.57 6.692161
5001.24 7.702
5003.919999999999 9.468088
5006.589999999999 11.53082
5009.26 12.73727
5011.93 11.10473
5014.610000000001 8.423466
5017.28 5.850373
5019.95 4.379475
5022.63 4.037756
5025.3 3.789204
5027.97 3.353725
5030.639999999999 3.739437
5033.32 3.541736
5035.99 3.639102
5038.660000000001 3.600567
5041.330000000001 3.691537
5044.01 3.739428
5046.68 3.55828
5049.35 3.508042
5052.03 3.508188
5054.7 3.755656
5057.37 3.70495
5060.04 3.607903
5062.72 3.724759
5065.389999999999 3.637542
5068.0599999999995 3.597134
5070.73 3.780786
5073.410000000001 3.464345
5076.08 3.436732
5078.75 3.390862
5081.42 3.452654
5084.1 3.255265
5086.77 3.42425
5089.44 3.564214
5092.12 3.703538
5094.79 3.724139
5097.46 3.572949
5100.13 3.711196
5102.8099999999995 3.567169
5105.48 3.521924
5108.150000000001 3.350918
5110.820000000001 3.506641
5113.5 3.488999
5116.17 3.52489
5118.84 3.452963
5121.52 3.667495
5124.19 3.369949
5126.86 3.471528
5129.53 3.550484
5132.21 3.593538
5134.88 3.561868
5137.549999999999 3.569673
5140.219999999999 3.731168
5142.900000000001 3.611171
5145.570000000001 3.448122
5148.24 3.473714
5150.91 3.554386
5153.59 3.338586
5156.26 3.518961
5158.93 3.649562
5161.61 3.575438
5164.28 3.475894
5166.95 3.310973
5169.62 3.140279
5172.299999999999 2.985175
5174.97 3.447341
5177.64 3.283668
5180.31 3.222196
5182.99 3.380089
5185.66 3.239197
5188.33 3.198945
5191.01 3.475578
5193.68 3.544234
5196.349999999999 3.699021
5199.0199999999995 3.727111
5201.7 3.638318
5204.370000000001 3.821658
5207.039999999999 3.506948
5209.71 3.441887
5212.39 3.480729
5215.06 3.620068
5217.7300000000005 3.418636
5220.4 3.759723
5223.08 3.509752
5225.75 3.535032
5228.42 3.563434
5231.099999999999 3.41379
5233.7699999999995 3.434702
5236.44 3.715405
5239.110000000001 3.622102
5241.789999999999 3.37806
5244.46 3.567797
5247.13 3.656582
5249.8 3.579195
5252.4800000000005 3.484006
5255.15 3.594323
5257.82 3.658144
5260.5 3.592289
5263.17 3.370261
5265.84 3.43923
5268.509999999999 3.324707
5271.19 3.245122
5273.860000000001 3.239352
5276.530000000001 3.475431
5279.2 3.488228
5281.88 3.542985
5284.55 3.582465
5287.22 3.666725
5289.89 3.797326
5292.57 3.684974
5295.24 3.703857
5297.91 3.730386
5300.589999999999 3.487125
5303.259999999999 3.754253
5305.929999999999 3.668908
5308.6 3.75036
5311.280000000001 3.803244
5313.95 3.573102
5316.62 3.59339
5319.29 3.835866
5321.97 3.798875
5324.64 3.386959
5327.3099999999995 3.633023
5329.99 3.448897
5332.66 3.555937
5335.33 3.573104
5338.000000000001 3.688883
5340.68 3.653298
5343.35 3.68872
5346.02 3.666568
5348.6900000000005 3.553449
5351.37 3.606178
5354.04 3.590266
5356.71 3.646909
5359.39 3.815724
5362.0599999999995 3.752847
5364.73 3.872683
5367.4 3.668754
5370.080000000001 3.45233
5372.749999999999 3.634265
5375.42 3.605403
5378.09 3.588244
5380.77 3.7413
5383.4400000000005 3.683884
5386.11 3.769237
5388.78 3.741779
5391.46 3.682477
5394.13 3.555628
5396.8 3.491035
5399.48 3.376811
5402.15 3.525356
5404.820000000001 3.501955
5407.490000000001 3.369019
5410.17 3.45748
5412.84 3.267906
5415.51 3.525984
5418.18 3.624755
5420.86 3.545794
5423.53 3.54611
5426.2 3.643632
5428.88 3.795753
5431.55 3.772664
5434.219999999999 3.645814
5436.889999999999 3.56749
5439.570000000001 3.62178
5442.240000000001 3.614137
5444.91 3.765179
5447.58 3.805907
5450.26 3.617412
5452.93 3.546265
5455.6 3.591674
5458.2699999999995 3.637707
5460.95 3.652051
5463.62 3.479797
5466.29 3.4979
5468.969999999999 3.551253
5471.639999999999 3.607896
5474.31 3.63302
5476.9800000000005 3.66267
5479.66 3.496019
5482.33 3.507725
5485.0 3.667972
5487.67 3.507888
5490.35 3.530815
5493.0199999999995 3.695899
5495.69 3.559064
5498.37 3.757837
5501.04 3.631768
5503.710000000001 3.646595
5506.379999999999 3.693252
5509.06 3.570602
5511.7300000000005 3.596974
5514.400000000001 3.709164
5517.07 3.656741
5519.75 3.737711
5522.42 3.615699
5525.09 3.507418
5527.76 3.486981
5530.44 3.732095
5533.11 3.771419
5535.78 3.717904
5538.459999999999 3.554062
5541.13 3.690904
5543.8 3.71088
5546.47 3.632244
5549.150000000001 3.569354
5551.82 3.651586
5554.49 3.774385
5557.16 3.69809
5559.84 3.694804
5562.51 3.831335
5565.179999999999 3.597447
5567.86 3.515522
5570.530000000001 3.698394
5573.200000000001 3.582154
5575.870000000001 3.475588
5578.55 3.551098
5581.22 3.644407
5583.89 3.494934
5586.56 3.348268
5589.24 3.230612
5591.91 3.346546
5594.58 3.383685
5597.25 3.589025
5599.929999999999 3.429708
5602.599999999999 3.450151
5605.2699999999995 3.426126
5607.950000000001 3.682787
5610.62 3.68794
5613.29 3.672184
5615.96 3.680769
5618.64 3.457636
5621.31 3.488221
5623.98 3.452962
5626.65 3.408029
5629.33 3.583086
5632.0 3.632395
5634.67 3.678271
5637.349999999999 3.558898
5640.02 3.644563
5642.6900000000005 3.547203
5645.360000000001 3.467007
5648.04 3.604772
5650.71 3.570762
5653.38 3.628809
5656.05 3.742247
5658.73 3.564206
5661.4 3.370575
5664.07 3.665321
5666.74 3.641451
5669.419999999999 3.697145
5672.089999999999 3.624438
5674.76 3.490567
5677.4400000000005 3.815881
5680.110000000001 3.754721
5682.78 3.680922
5685.45 3.555164
5688.13 3.42643
5690.8 3.50008
5693.47 3.50414
5696.139999999999 3.607748
5698.82 3.517865
5701.49 3.584649
5704.160000000001 3.673746
5706.84 3.620687
5709.51 3.366049
5712.18 3.308944
5714.85 3.389147
5717.53 3.500545
5720.2 3.74926
5722.87 3.515374
5725.54 3.569208
5728.22 3.813074
5730.889999999999 3.655019
5733.5599999999995 3.529418
5736.24 3.650332
5738.910000000001 3.683882
5741.579999999999 3.864101
5744.25 3.746458
5746.93 3.636134
5749.6 3.681075
5752.27 3.71993
5754.94 3.549548
5757.62 3.706817
5760.29 3.561556
5762.96 3.570921
5765.63 3.630217
5768.3099999999995 3.626463
5770.98 3.611175
5773.650000000001 3.672343
5776.33 3.563892
5779.0 3.430645
5781.67 3.526919
5784.34 3.459518
5787.02 3.303166
5789.69 3.749417
5792.36 3.64566
5795.03 3.726019
5797.71 3.76767
5800.38 3.723829
5803.049999999999 3.759251
5805.7300000000005 3.478543
5808.400000000001 3.476518
5811.070000000001 3.456393
5813.74 3.601817
5816.42 3.574503
5819.09 3.651741
5821.76 3.67749
5824.43 3.526143
5827.11 3.61554
5829.78 3.694027
5832.45 3.849904
5835.12 3.937441
5837.799999999999 3.78421
5840.47 3.64987
5843.14 3.438296
5845.820000000001 3.543296
5848.49 3.688095
5851.16 3.620694
5853.83 3.5962
5856.51 3.550163
5859.18 3.50398
5861.849999999999 3.427841
5864.5199999999995 3.401007
5867.2 3.620065
5869.870000000001 3.694183
5872.540000000001 3.820103
5875.22 3.973939
5877.89 3.987206
5880.56 3.896244
5883.2300000000005 3.864729
5885.91 3.634886
5888.58 3.447653
5891.25 3.407556
5893.92 3.254337
5896.599999999999 3.344359
5899.2699999999995 3.268375
5901.94 3.431118
5904.610000000001 3.39149
5907.289999999999 3.329536
5909.96 3.267907
5912.63 3.420977
5915.31 3.508189
5917.9800000000005 3.593853
5920.65 3.617105
5923.32 3.425502
5926.0 3.457792
5928.67 3.319241
5931.34 3.427841
5934.009999999999 3.438298
5936.69 3.282571
5939.360000000001 3.436108
5942.030000000001 3.464197
5944.71 3.580899
5947.38 3.396942
5950.05 3.474181
5952.72 3.433147
5955.4 3.544857
5958.07 3.381652
5960.74 3.390237
5963.41 3.5923
5966.089999999999 3.511624
5968.759999999999 3.580593
5971.429999999999 3.567177
5974.1 3.431433
5976.780000000001 3.539398
5979.45 3.512251
5982.12 3.455615
5984.8 3.48931
5987.47 3.501795
5990.14 3.456862
5992.8099999999995 3.397573
5995.49 3.319861
5998.16 3.445625
6000.83 3.451557
6003.500000000001 3.452497
6006.18 3.364643
6008.85 3.54767
6011.52 3.337812
6014.2 3.354031
6016.87 3.339835
6019.54 3.399286
6022.21 3.418949
6024.89 3.339209
6027.5599999999995 3.413014
6030.23 3.527232
6032.9 3.605251
6035.580000000001 3.451864
6038.249999999999 3.568578
6040.92 3.53207
6043.59 3.452497
6046.27 3.666407
6048.9400000000005 3.65658
6051.61 3.645193
6054.29 3.567169
6056.96 3.669997
6059.63 3.738498
6062.3 3.550952
6064.98 3.532687
6067.65 3.382121
6070.32 3.562964
6072.990000000001 3.498838
6075.67 3.484163
6078.34 3.869406
6081.01 3.786869
6083.6900000000005 3.650957
6086.36 3.615854
6089.03 3.525671
6091.7 3.417232
6094.38 3.298953
6097.05 3.43049
6099.719999999999 3.617262
6102.389999999999 3.69294
6105.070000000001 3.295833
6107.740000000001 3.302858
6110.41 3.461544
6113.09 3.496331
6115.76 3.496178
6118.43 3.361526
6121.1 3.594639
6123.78 3.502573
6126.45 3.411142
6129.12 3.301923
6131.79 3.57576
6134.469999999999 3.462161
6137.139999999999 3.471838
6139.81 3.330634
6142.4800000000005 3.428156
6145.16 3.434545
6147.83 3.488223
6150.5 3.37916
6153.18 3.217349
6155.85 3.367609
6158.5199999999995 3.498209
6161.19 3.368863
6163.87 3.403026
6166.54 3.297084
6169.210000000001 3.187553
6171.879999999999 3.235614
6174.56 3.261351
6177.2300000000005 3.221566
6179.900000000001 3.346862
6182.58 3.427365
6185.25 3.239039
6187.92 3.339058
6190.59 3.288507
6193.2699999999995 3.392571
6195.94 3.188798
6198.61 3.343428
6201.28 3.258706
6203.959999999999 3.450148
6206.629999999999 3.551727
6209.3 3.426125
6211.97 3.41895
6214.650000000001 3.429396
6217.32 3.32876
6219.99 3.122489
6222.67 3.207207
6225.34 3.299424
6228.01 3.223284
6230.679999999999 3.194888
6233.36 3.305039
6236.03 3.389142
6238.700000000001 3.330165
6241.370000000001 3.267444
6244.05 3.357778
6246.72 3.352475
6249.39 3.324237
6252.07 3.248711
6254.74 3.186301
6257.41 3.124359
6260.08 3.058829
6262.76 3.322982
6265.429999999999 3.387893
6268.099999999999 3.339215
6270.7699999999995 3.417077
6273.450000000001 3.406459
6276.12 3.645657
6278.79 3.503048
6281.46 3.487136
6284.14 3.394757
6286.81 3.328291
6289.48 3.395856
6292.16 3.264938
6294.83 3.421127
6297.5 3.578098
6300.17 3.861609
6302.849999999999 3.934466
6305.52 3.824468
6308.1900000000005 3.768144
6310.860000000001 3.773608
6313.54 3.517241
6316.21 3.432832
6318.88 3.300364
6321.56 3.148851
6324.23 3.355751
6326.9 3.184588
6329.57 3.241698
6332.25 3.562645
6334.920000000001 3.242161
6337.589999999999 3.485416
6340.26 3.311132
6342.9400000000005 3.555
6345.610000000001 3.458733
6348.28 3.391018
6350.95 3.144335
6353.63 3.117959
6356.3 3.316433
6358.97 3.427217
6361.65 3.353252
6364.32 3.271806
6366.99 3.654396
6369.660000000001 3.298493
6372.339999999999 3.238258
6375.01 3.167423
6377.68 3.398819
6380.35 3.17601
6383.03 3.273834
6385.7 3.510379
6388.37 3.394451
6391.05 3.211576
6393.72 3.024966
6396.389999999999 3.17897
6399.0599999999995 3.017013
6401.74 3.273676
6404.410000000001 3.305353
6407.080000000001 3.178035
6409.75 3.449687
6412.43 3.496489
6415.1 3.39632
6417.77 3.389926
6420.44 3.409276
6423.12 3.342488
6425.79 3.273993
6428.46 3.332195
6431.139999999999 3.273364
6433.8099999999995 3.225621
6436.48 3.286164
6439.150000000001 3.407715
6441.83 3.415352
6444.5 3.27602
6447.17 3.30052
6449.84 3.414113
6452.52 3.440474
6455.19 3.340462
6457.86 3.258392
6460.54 3.445309
6463.21 3.461695
6465.88 3.312065
6468.549999999999 3.40709
6471.2300000000005 3.561553
6473.900000000001 3.5834
6476.570000000001 3.558282
6479.240000000001 3.437985
6481.92 3.408176
6484.59 3.398036
6487.26 3.514283
6489.94 3.477763
6492.61 3.477298
6495.28 3.248248
6497.95 3.236392
6500.629999999999 3.413324
6503.299999999999 3.452334
6505.97 3.317994
6508.64 3.419573
6511.320000000001 3.580277
6513.99 3.361369
6516.66 3.450933
6519.33 3.559533
6522.01 3.628179
6524.68 3.538464
6527.349999999999 3.694342
6530.03 3.735994
6532.7 3.826339
6535.370000000001 3.680609
6538.040000000001 3.988773
6540.72 4.211732
6543.39 4.48791
6546.06 5.047908
6548.7300000000005 6.101277
6551.41 5.907941
6554.08 5.884698
6556.75 6.739128
6559.43 9.045555
6562.099999999999 12.46856
6564.7699999999995 14.23344
6567.44 11.87691
6570.120000000001 8.048522
6572.789999999999 5.685132
6575.46 5.031524
6578.13 5.481678
6580.81 7.223434
6583.4800000000005 8.955225
6586.15 9.224542
6588.82 7.97989
6591.5 5.922297
6594.17 4.955536
6596.84 4.143399
6599.5199999999995 3.80652
6602.19 3.611485
6604.860000000001 3.337186
6607.530000000001 3.695748
6610.21 3.434076
6612.88 3.577627
6615.55 3.844443
6618.22 3.643946
6620.9 3.644095
6623.57 3.473087
6626.24 3.441884
6628.92 3.360741
6631.59 3.52598
6634.259999999999 3.627091
6636.929999999999 3.729294
6646.86 3.260892
6662.179999999999 3.238576
6677.54 3.246218
6692.94 3.216567
6708.37 3.216726
6723.83 3.043847
6739.33 3.172886
6754.87 3.093614
6770.44 3.180522
6786.05 3.217354
6801.6900000000005 3.108286
6817.370000000001 3.144481
6833.08 3.166331
6848.84 3.024027
6864.62 3.038081
6880.45 3.059294
6896.3099999999995 3.09487
6912.21 3.087849
6928.14 3.052741
6944.11 3.138401
6960.12 3.081135
6976.16 3.189581
6992.25 3.182399
7008.370000000001 3.088784
7024.5199999999995 3.018573
7040.71 3.146519
7056.95 3.257136
7073.21 2.957098
7089.52 3.040096
7105.860000000001 2.964116
7122.24 2.950702
7138.66 2.798568
7155.120000000001 2.82462
7171.610000000001 2.792481
7188.139999999999 2.799035
7204.71 2.844597
7221.32 2.917775
7237.97 2.972072
7254.650000000001 3.006717
7271.379999999999 2.931507
7288.139999999999 2.931659
7304.94 3.04182
7321.78 3.034957
7338.66 3.02122
7355.580000000001 3.077548
7372.530000000001 3.035427
7389.53 3.063659
7406.5599999999995 3.042757
7423.63 2.980506
7440.75 3.099553
7457.9 3.092683
7475.09 3.114217
7492.33 3.085821
7509.599999999999 3.114531
7526.91 3.143552
7544.26 3.143707
7561.65 3.100648
7579.08 3.030274
7596.549999999999 2.988774
7614.07 2.947889
7631.62 2.961777
7649.21 2.968644
7666.849999999999 2.83523
7684.52 2.881422
7702.23 2.828993
7719.99 2.796692
7737.79 2.848803
7755.62 2.701988
7773.5 2.82946
7791.42 2.82322
7809.38 2.803873
7827.38 2.882512
7845.43 2.817134
7863.51 2.843352
7881.639999999999 2.810894
7899.81 2.850217
7918.02 2.747232
7936.2699999999995 2.74739
7954.57 2.672651
7972.91 2.76034
7991.29 2.82478
8009.71 2.76065
8028.17 2.864414
8046.68 2.911063
8065.23 2.891094
8083.820000000001 2.799505
8102.46 2.704633
8121.13 2.838826
8139.86 2.80652
8158.62 2.761743
8177.43 2.742861
8196.28 2.64987
8215.17 2.819946
8234.11 2.743329
8253.09 2.820254
8272.119999999999 2.872835
8291.19 2.7374
8310.300000000001 2.750199
8329.46 2.669216
8348.66 2.694028
8367.9 2.757067
8387.2 2.669684
8406.53 2.682168
8425.91 2.744736
8445.33 2.52083
8464.8 2.63973
8484.310000000001 2.707601
8503.87 2.48089
8523.48 2.521298
8543.119999999999 2.586059
8562.82 2.640351
8582.56 2.652833
8602.34 2.592454
8622.17 2.568891
8642.05 2.634889
8661.97 2.539713
8681.94 2.482133
8701.95 2.534254
8722.01 2.563743
8742.119999999999 2.611488
8762.27 2.505698
8782.47 2.540652
8802.720000000001 2.588082
8823.01 2.660632
8843.35 2.624278
8863.73 2.588396
8884.17 2.44375
8904.65 2.541424
8925.18 2.559215
8945.75 2.594949
8966.37 2.530192
8987.039999999999 2.489938
9007.76 2.450306
9028.52 2.345454
9049.34 2.656265
9070.2 2.530971
9091.1 2.400537
9112.06 2.531288
9133.07 2.614292
9154.12 2.479643
9175.22 2.49119
9196.38 2.479949
9217.58 2.434854
9238.82 2.26198
9260.119999999999 2.446406
9281.470000000001 2.532536
9302.859999999999 2.396478
9324.31 2.532849
9345.81 2.52707
9367.35 2.486817
9388.94 2.521614
9410.59 2.464348
9432.279999999999 2.551102
9454.02 2.516309
9475.82 2.580905
9497.66 2.587145
9519.55 2.49946
9541.5 2.398037
9563.5 2.505539
9585.54 2.558123
9607.64 2.523172
9629.79 2.540803
9651.99 2.511936
9674.23 2.506166
9696.54 2.535498
9718.89 2.483541
9741.29 2.438449
9763.75 2.455452
9786.25 2.433144
9808.82 2.489938
9831.43 2.461543
9854.1 2.473087
9876.81 2.456238
9899.58 2.456389
9922.4 2.473552
9945.279999999999 2.485103
9968.2 2.485257
9991.18 2.479799
10014.21 2.491342
10083.619999999999 2.452024
10130.17 2.556098
10176.93 2.544706
10223.9 2.592296
10271.1 2.62272
10294.77 2.628964
10510.34 2.511314
10705.74 2.359963
10904.78 2.311595
11107.51 2.13263
11287.990000000002 2.157283
11497.85 2.19223
11711.609999999999 2.142459
11901.91 1.976441
12095.3 2.004057
12291.84 1.990172
12491.570000000002 1.900608
12694.54 1.8616
12900.81 1.831956
13110.43 1.802621
13292.81 1.729444
13508.800000000001 1.670777
13696.73 1.636449
13887.27 1.541351
14112.92 1.435155
14309.25 1.422001
14508.300000000001 1.44511
14710.13 1.376894
14914.769999999999 1.415465
15087.48 1.44511
15297.369999999999 1.485599
15510.18 1.468591
15689.78 1.425278
15908.050000000001 1.357997
16092.24 1.345548
16316.109999999999 1.345547
16505.050000000003 1.339367
16696.17 1.357998
16889.49 1.36427
17085.06 1.357998
17282.9 1.311906
17483.04 1.264441
17685.48 1.196475
17890.26 1.129537
18097.42 1.054143
18306.98 1.023062
18518.969999999998 0.9815274
18690.32 0.9223591
18906.739999999998 0.9055243
19081.69 0.8992987
19302.63 0.8808401
19481.25 0.8470279
19706.829999999998 0.8126392
19889.170000000002 0.7850525
20119.48 0.7760651
20305.65 0.7549233
20493.519999999997 0.7549238
20683.15 0.744563
20922.66 0.7360439
21116.239999999998 0.7309729
21311.64 0.7192855
21508.81 0.7094098
21707.839999999997 0.6885013
21908.71 0.6790458
22111.420000000002 0.6605404
22316.02 0.6440169
22522.489999999998 0.645499
22678.63 0.6423937
22888.480000000003 0.593993
23100.25 0.6046346
23314.0 0.5444538
23475.600000000002 0.5177876
23692.82 0.5385243
23912.03 0.5093778
24077.8 0.494071
24300.57 0.4912003
24525.43 0.4576692
24695.45 0.4455457
24848.19 0.3793887
24942.27 0.3691374
25036.25 0.3422378
25130.33 0.3605402
25224.41 0.3383526
25318.390000000003 0.3540493
25412.469999999998 0.357872
25506.55 0.3615855
25600.53 0.356577
25694.61 0.3596196
25788.690000000002 0.3595259
25882.670000000002 0.3625218
25976.75 0.3555627
26070.730000000003 0.3606806
26164.809999999998 0.3510379
26258.89 0.3511627
26352.87 0.3348575
26446.95 0.3284446
26541.030000000002 0.3295836
26635.010000000002 0.3408179
26729.090000000004 0.3238261
26823.070000000003 0.3393512
26917.149999999998 0.3354347
27011.23 0.3405526
27105.21 0.329802
27199.29 0.3411923
27293.27 0.3500861
27387.350000000002 0.3584025
27481.429999999997 0.3340149
27575.409999999996 0.3426434
27669.489999999998 0.3393823
27763.57 0.3487441
27857.55 0.3506634
27951.63 0.3481825
28045.61 0.337588
28139.690000000002 0.3403341
28233.769999999997 0.3271651
28327.75 0.3285382
28421.829999999998 0.3154004
28515.91 0.3068811
28609.89 0.3147295
28703.97 0.3187394
28797.95 0.3075053
28892.030000000002 0.3120301
28986.109999999997 0.3122174
29080.09 0.3168359
29174.17 0.31526
29268.25 0.3088939
29362.23 0.307396
29456.3 0.3141836
29550.29 0.3027776
29644.370000000003 0.3061791
29738.440000000002 0.2897959
29832.43 0.3048684
29926.51 0.2936029
30020.579999999998 0.3132786
30114.57 0.3210955
30208.64 0.3420819
30302.63 0.3209083
30396.7 0.3160247
30490.780000000002 0.3144488
30584.77 0.315182
30678.85 0.3089095
30772.92 0.3165396
30866.91 0.3098457
30960.99 0.2948355
31054.97 0.2867532
31149.05 0.279919
31243.120000000003 0.286847
31337.11 0.2731629
31431.19 0.2819474
31525.26 0.2959591
31619.25 0.2841631
31713.33 0.3097365
31807.31 0.3166642
31901.38 0.327961
31995.46 0.3311752
32089.44 0.3270561
32183.52 0.337791
32277.6 0.3394449
32371.59 0.3223281
32465.66 0.3469968
32559.65 0.342144
32653.72 0.336137
32747.8 0.3455457
32841.78 0.3462634
32935.86 0.3295681
33029.94 0.3453272
33123.92 0.3148388
33218.0 0.3266192
33311.98 0.3159154
33406.060000000005 0.3139963
33500.14 0.3269312
33594.119999999995 0.3204091
33688.2 0.3024968
33782.28 0.3149324
33876.26 0.3231708
33970.340000000004 0.3223595
34064.33 0.3092996
34158.4 0.3135282
34252.479999999996 0.2965208
34346.46 0.3013577
34440.54 0.2880639
34534.62 0.3051961
34628.6 0.2952881
34722.68 0.2984244
34816.66 0.3019975
34910.74 0.2919179
35004.82 0.2793262
35098.799999999996 0.3061479
35192.88 0.2832114
35286.96 0.2904512
35380.94 0.2951477
35475.020000000004 0.288298
35569.0 0.2947889
35663.08 0.3005152
35757.159999999996 0.2954129
35851.14 0.3112657
35945.22 0.2916058
36133.28 0.2821347
36227.36 0.287627
36321.340000000004 0.2786865
36415.42 0.2857702
36509.5 0.2860511
36603.479999999996 0.2907164
36697.56 0.2813546
36791.64 0.2838979
36885.62 0.2808085
36979.700000000004 0.2890937
37073.68 0.2800283
37167.76 0.2757843
37261.84 0.2864412
37355.82 0.2986428
37449.9 0.2820879
37543.98 0.2697927
37637.96 0.2619756
37732.04 0.2801999
37826.02 0.2826653
37920.1 0.2699175
38014.18 0.2616947
38108.159999999996 0.2686381
38202.24 0.2750509
38296.32 0.2661103
38390.3 0.2769389
38484.38 0.2823064
38578.36 0.2731162
38672.44 0.2711189
38766.52 0.2729601
38860.5 0.282712
38954.58 0.2632862
39048.65 0.2717276
39142.64 0.2638791
39236.71 0.2744581
39330.7 0.2769857
39424.78 0.2732722
39518.86 0.2636762
39612.840000000004 0.2659231
39706.92 0.2714777
39801.0 0.2706976
39894.98 0.258496
39989.06 0.2758935
40083.04 0.2628805
40177.12 0.2718054
40271.2 0.2661728
40412.119999999995 0.268404
40600.659999999996 0.2741928
40741.4 0.2656111
40835.38 0.2484321
40929.46000000001 0.2563584
41023.54 0.2488221
41117.520000000004 0.2614763
41211.59 0.2494152
41305.68 0.272726
41399.65 0.2527543
41493.74 0.2591202
41587.810000000005 0.2565301
41681.8 0.2662351
41775.87 0.2702452
41869.86 0.2603528
41963.92999999999 0.2561869
42058.01 0.24592
42151.99 0.2627246
42246.07 0.2564833
42340.06 0.2551882
42434.13999999999 0.2549541
42528.21 0.271119
42622.200000000004 0.2586365
42716.28 0.2487753
42810.35 0.2480421
42904.33 0.2540805
42998.42 0.2547981
43092.39 0.2442661
43186.479999999996 0.2687317
43280.55 0.2452959
43468.60999999999 0.2432675
43562.69 0.2579032
43656.67 0.2486505
43750.75 0.2547826
43844.74 0.2440788
43938.810000000005 0.2439541
44032.89 0.2442817
44126.87 0.232517
44220.95 0.2422221
44315.03 0.2652834
44409.01 0.2510534
44503.09 0.2466222
44597.170000000006 0.2501641
44691.15 0.2532847
44785.23 0.2470747
44879.21 0.2379781
44973.28999999999 0.2446874
45067.37 0.2440788
45161.350000000006 0.2462945
45255.43 0.2177877
45349.42 0.242066
45443.490000000005 0.226463
45537.57 0.2292403
45631.55 0.234561
45725.63 0.2286162
45819.71 0.2269155
45913.700000000004 0.230114
46007.77 0.2413015
46101.75 0.2353411
46195.83 0.2351539
46289.91 0.2289751
46383.89 0.240693
46477.969999999994 0.2543925
46572.05 0.2517087
46666.030000000006 0.2529258
46760.11 0.2420037
46854.09 0.2477612
46948.17 0.2366362
47042.25 0.2253551
47136.23 0.236761
47230.31 0.2277424
47324.39 0.2337184
47418.37 0.2354815
47512.45 0.2128883
47606.43 0.2248715
47700.509999999995 0.2197068
47794.590000000004 0.226463
47888.57 0.2128883
47982.649999999994 0.2206119
48077.7 0.201264
48558.479999999996 0.2084414
49044.06 0.2156969
49534.5 0.2230147
50029.85 0.2304105
50530.15 0.2378688
51035.450000000004 0.2454207
51545.8 0.253035
51857.8 0.2576847
52158.93 0.3065536
52460.09 0.2560776
52761.22 0.2368391
53062.36 0.2879704
53363.509999999995 0.2198473
53664.659999999996 0.3034485
53965.79 0.2071464
54266.94 0.2488222
54568.079999999994 0.2318773
54869.23 0.2519584
55170.37 0.1868936
55471.52 0.2068343
55772.659999999996 0.2437044
56073.8 0.2610706
56374.94 0.2287098
56676.09 0.2290063
56977.24 0.2594791
57278.380000000005 0.2812298
57579.520000000004 0.2517087
57880.67 0.2355439
58181.81 0.2852241
58482.950000000004 0.2779531
58784.1 0.2715402
59085.24 0.2368858
59386.38 0.2605401
59687.530000000006 0.2783432
59988.67 0.2757843
60289.81 0.2589954
60590.96 0.2738026
60892.1 0.2868
61193.24 0.2754254
61494.38 0.3474181
61795.530000000006 0.388766
62096.68 0.4013422
62397.81 0.3963961
62698.95 0.3298958
63000.10999999999 0.3168827
63301.24 0.2852866
63602.38 0.2641288
63903.54 0.2572478
64204.670000000006 0.2755034
64505.81 0.2306602
64806.97 0.2323298
65108.1 0.2187239
65409.240000000005 0.2063507
65710.39 0.2102514
66011.53 0.2065379
66312.68000000001 0.2450775
66613.81999999999 0.2594323
66914.97 0.2365113
67216.11 0.2062882
67517.25 0.2333751
67818.4 0.2429242
68119.54 0.2555003
68420.68000000001 0.2070684
68721.83 0.2338276
69022.97 0.2582152
69324.11 0.2344049
69625.26000000001 0.2823688
69926.39 0.2978159
70227.55 0.2230771
70528.68000000001 0.2424093
70829.83 0.2256984
71130.98 0.2356845
71432.12 0.2140117
71733.26000000001 0.2577783
72034.41 0.2384462
72335.55 0.2536591
72636.69 0.241988
72937.83 0.2205026
73219.26999999999 0.2415823
73238.98 0.279295
73540.13 0.2951164
73822.73999999999 0.278468
73841.26 0.3122643
74426.23 0.3118898
75029.72 0.3558437
75633.21 0.3751758
76236.69 0.403121
76840.19 0.3962087
77443.67 0.3633955
78047.15 0.351428
78650.65000000001 0.3561245
79254.13 0.3172572
79857.61 0.2840851
80461.1 0.2678735
81064.58 0.2717431
81668.08 0.2422533
82271.56000000001 0.2306602
82875.04999999999 0.2245282
83478.54 0.2267282
84082.03 0.2402561
84685.51 0.2331879
85289.0 0.2357312
85892.49 0.2319864
86495.97 0.2310659
87099.45 0.1992356
87702.94 0.2013264
88306.43000000001 0.1722423
88909.92000000001 0.1750352
89513.40999999999 0.1704636
90116.9 0.1637074
90720.39 0.1577938
91323.87 0.1541318
91927.35 0.1517508
92530.83 0.1450868
93134.33 0.1389547
93737.81 0.1510502
94341.3 0.1336809
94944.79000000001 0.1408817
95548.28 0.1433064
96151.76999999999 0.1553488
96755.26 0.1648776
97358.7 0.1772509
97962.24 0.1687316
98565.68 0.1392371
99169.23000000001 0.1414606
99772.68000000001 0.148794
100376.20999999999 0.1454097
100979.67000000001 0.1442192
101583.11 0.1471401
102186.65 0.1585896
102790.09 0.1465862
103393.65000000001 0.1557405
103997.09 0.152222
104600.53 0.1562648
105204.08 0.1801999
105807.53 0.17076
106411.06000000001 0.1586832
107014.51000000001 0.1600563
107618.05 0.1612734
108221.5 0.1581839
108824.95000000001 0.1694649
109428.49 0.1779062
110031.94 0.1834453
110635.48000000001 0.176502
111238.92 0.2027619
111842.46999999999 0.2441256
112445.91 0.2683884
113049.36 0.2572011
113652.90999999999 0.2278048
114256.34999999999 0.2075052
114859.89 0.1912
115463.33 0.1887348
116066.88 0.1820878
116670.33 0.1798722
117273.77 0.1812141
117877.32 0.170916
118480.77 0.1741927
119084.29999999999 0.178624
119687.75000000001 0.1828992
120291.20000000001 0.1841006
120894.73999999999 0.1786708
121498.18 0.1753317
122101.73 0.1772821
122705.18 0.1774069
123308.72 0.1847248
123912.17 0.1801218
124515.61 0.1892809
125119.15999999999 0.1877674
125722.6 0.1848808
126326.14 0.1953973
126929.59 0.195366
127533.03000000001 0.2024811
128136.56999999999 0.2335156
128740.03 0.2038229
129343.57 0.1663911
129947.01 0.1630521
130550.54999999999 0.1697614
131154.0 0.1635202
131757.44999999998 0.1651273
132361.0 0.1656422
132964.44 0.1645188
133567.97999999998 0.1652833
134171.44 0.1708848
134774.97 0.1688408
135378.41 0.1717586
135981.86000000002 0.1670153
136585.41 0.1682947
137188.86 0.1733501
137792.38 0.1689501
138395.84 0.1665628
138999.38 0.1646904
139602.83000000002 0.1585272
140206.27 0.1489563
140809.83 0.1436138
141329.09 0.1596507
142220.22 0.1689189
143111.44 0.1885631
144002.56 0.1702295
144893.69 0.1608989
145784.81 0.1579031
146676.05 0.1551835
147567.17 0.1602748
148458.3 0.1598223
149349.52 0.1700423
150240.63999999998 0.1490452
151131.77 0.1514169
152022.89 0.1529991
152914.11000000002 0.15235
153805.23 0.1531488
154696.36 0.1729444
155587.58 0.1923079
156478.69999999998 0.1740679
157369.83000000002 0.1562804
158261.05 0.1563584
159152.19 0.1573726
160043.3 0.1566236
160934.44 0.1633173
161825.66999999998 0.1598535
162716.77 0.1629429
163607.91 0.1732565
164499.03 0.169465
165390.25 0.1706508
166281.38 0.1698394
167172.52 0.1693089
168063.73 0.1682011
168954.84 0.1715402
169845.97999999998 0.1813233
170737.2 0.1780935
171628.31 0.1712905
172519.44999999998 0.1708536
173410.55999999997 0.1681855
174301.8 0.1675458
175192.92 0.1609457
176084.05000000002 0.1620847
176975.27000000002 0.1557202
177866.39 0.1574974
178757.52 0.1598535
179648.73 0.152442
180539.86 0.1591045
181430.97999999998 0.155909
182322.11 0.1552615
183213.33 0.1552865
184104.44999999998 0.1527681
184995.58000000002 0.1498956
185886.81 0.1550867
186777.94999999998 0.1664068
187669.05000000002 0.1705416
188560.19 0.1532674
189451.42 0.1464676
190342.53 0.1486926
191233.66 0.1516119
192124.89 0.1454549
193016.0 0.1381043
193907.12 0.1499596
194798.27 0.1380607
195689.47999999998 0.1384663
196580.59000000003 0.1444798
197471.73 0.1400953
198362.95 0.1488564
199774.13999999998 0.132868
201479.80000000002 0.1481496
203186.44 0.1437636
204894.05000000002 0.1323499
206602.53 0.1414949
208311.88 0.1445516
210022.2 0.1325153
211733.44 0.1387909
213445.59 0.1424748
215158.75 0.1357452
216872.77000000002 0.127566
218587.77 0.1336824
220303.63999999998 0.1372961
222020.47 0.1338993
223738.28 0.1259792
225456.98 0.1307647
227176.63999999998 0.1344361
228897.28000000003 0.1344626
230618.8 0.1284492
232341.38 0.127488
234064.72 0.1299221
235789.13 0.1291061
237514.55 0.1273366
239240.81 0.1232128
240968.05 0.1251382
242696.25 0.1306383
244425.34 0.1304307
246155.5 0.1222267
247886.55 0.1186426
249618.63999999998 0.1177439
251351.59000000003 0.1191638
253085.56 0.1187675
254820.47999999998 0.1175535
256556.36000000002 0.117708
258293.22 0.1335795
260031.08000000002 0.1318709
261769.88 0.1155907
263509.66 0.1146436
265250.41000000003 0.1129319
266992.13 0.1120706
268734.91000000003 0.1102966
270478.58999999997 0.1110018
272223.22 0.112804
273968.91 0.1124045
275715.63 0.1092293
277463.16 0.1073101
279211.78 0.1056967
280961.38 0.1072071
282712.06 0.1076081
284463.66000000003 0.1063583
286216.19 0.1035061
287969.83999999997 0.1042613
289724.41 0.1032705
291480.0 0.1018303
293236.63 0.09716188
294994.19 0.1022017
296752.81 0.09983626
298512.41000000003 0.09926831
300273.0 0.09896405
302034.63 0.09907638
303797.38 0.09604158
305561.06 0.09402097
307325.72000000003 0.09626627
309091.34 0.09945709
310858.16000000003 0.09681705
312625.84 0.0951756
314394.63 0.09813396
316164.37 0.09208776
317935.22 0.09696997
319707.08999999997 0.09430029
321479.87 0.09203317
323253.81 0.09080831
325028.78 0.09331885
326804.78 0.1018522
328581.81 0.09781722
330359.88 0.1032408
332138.91 0.1023483
333919.02999999997 0.09890786
335700.34 0.1047543
337482.47 0.09813864
339265.77999999997 0.09913881
