100.11000000000001 3.230484e-12
101.97 5.002803e-12
104.10000000000001 7.035364e-12
106.04 1.009775e-11
108.01 1.466383e-11
110.02 2.48464e-11
113.88000000000001 4.626996e-11
117.88 8.004423e-11
120.91 3.245454e-10
124.87 5.22743e-10
126.9 6.461013e-10
128.07 7.266642e-10
131.06 9.733716e-10
131.96 1.197579e-09
134.10999999999999 1.43974e-09
136.92 2.119613e-09
140.10999999999999 2.749512e-09
143.04000000000002 7.538337e-09
147.04999999999998 2.010506e-08
151.17000000000002 2.662449e-08
155.04 3.526276e-08
159.01999999999998 4.626774e-08
161.98000000000002 5.626713e-08
166.13 7.316303e-08
170.0 9.274197e-08
173.16000000000003 1.107417e-07
177.2 1.381256e-07
180.07999999999998 1.622757e-07
182.16 1.808468e-07
185.98 2.219723e-07
191.19 2.833172e-07
193.85 3.290679e-07
197.89999999999998 3.947179e-07
202.05 4.723717e-07
204.86 5.38615e-07
210.10999999999999 6.357604e-07
216.0 8.400089e-07
220.02 9.823315e-07
223.08 1.087074e-06
227.23 1.265483e-06
229.85999999999999 2.066598e-06
234.13 3.884079e-06
240.14000000000001 5.473468e-06
245.73000000000002 5.987945e-06
252.03 7.166437e-06
256.72 6.70302e-06
260.29 8.190258e-06
263.91 9.252755e-06
268.82 1.014526e-05
273.81 1.107396e-05
278.90999999999997 1.20303e-05
284.09 1.310092e-05
290.03999999999996 1.374944e-05
296.10999999999996 1.539196e-05
300.92 1.634143e-05
307.93 1.825206e-05
318.02 2.124721e-05
327.68 2.400513e-05
337.64000000000004 2.681033e-05
347.90000000000003 2.960133e-05
356.83 3.230416e-05
365.97999999999996 3.525892e-05
375.37 3.795568e-05
385.0 4.002068e-05
394.87 4.42882e-05
405.0 4.778399e-05
414.44 5.061478e-05
422.14000000000004 5.300095e-05
429.99 5.537171e-05
441.02000000000004 5.933112e-05
451.29 6.227183e-05
459.68 6.520499e-05
470.39 6.859302e-05
480.23999999999995 7.232374e-05
490.29 7.538581e-05
500.56000000000006 7.985228e-05
506.36 9.688769e-05
512.2199999999999 0.0002174102
520.5400000000001 0.0002335081
530.22 0.0002530998
540.08 0.000254259
550.12 0.0003641455
560.35 0.0004500681
569.45 0.0005263696
580.04 0.0005215375
589.46 0.0006657331
600.42 0.0007100574
610.1800000000001 0.0008755659
620.09 0.001040602
630.1700000000001 0.001167562
640.41 0.001219772
649.32 0.001436401
658.35 0.001571378
664.44 0.001703268
675.24 0.001783517
684.63 0.001808417
695.76 0.002411481
705.43 0.002345856
715.25 0.002939576
725.2 0.003142515
735.29 0.003336436
745.5100000000001 0.003875165
754.15 0.00423919
764.64 0.004605611
775.28 0.005131882
784.25 0.005679365
795.1600000000001 0.006057294
804.3699999999999 0.006445956
815.5600000000001 0.006812201
825.0 0.007643469
834.5600000000001 0.006445887
844.22 0.008380866
855.97 0.008816139
865.88 0.009666728
875.9 0.01057513
884.01 0.01170249
894.24 0.01256863
904.6 0.01283183
915.07 0.02043012
925.67 0.1466531
934.2399999999999 0.3290651
945.0500000000001 0.6431152
956.0 0.9168143
964.84 1.067308
976.0099999999999 0.1808462
985.05 0.9622334
994.1600000000001 1.014575
1005.6700000000001 1.459782
1014.98 1.413455
1024.37 0.6085353
1033.8500000000001 1.033428
1045.82 1.955716
1055.5 1.937743
1065.26 1.567789
1075.12 1.876122
1085.0700000000002 1.52153
1095.11 2.010479
1105.24 1.91997
1115.47 1.863363
1125.79 1.676043
1136.2 2.139457
1144.08 1.964698
1154.67 2.100262
1165.35 2.179134
1176.1299999999999 1.525063
1184.29 2.179115
1195.24 1.589612
1206.3 1.15954
1214.66 0.7469424
1225.9 1.575032
1234.3999999999999 2.32424
1245.82 2.51931
1254.46 2.422671
1266.07 2.159193
1274.84 2.662453
1283.68 2.756031
1295.56 2.209467
1304.54 2.255648
1313.58 2.756005
1325.73 2.625988
1334.92 2.378497
1344.18 2.76877
1353.49 2.712044
1366.02 2.467575
1375.49 2.560224
1385.0199999999998 2.607857
1394.6200000000001 2.224757
1404.29 2.345799
1414.02 2.462019
1423.8200000000002 2.513576
1433.69 2.548601
1443.6299999999999 2.668572
1446.9599999999998 2.680938
1453.6399999999999 2.625994
1463.71 2.456284
1473.86 2.47907
1484.0800000000002 2.50206
1494.3600000000001 2.53672
1504.72 2.394853
1511.6699999999998 2.149322
1518.65 2.287066
1525.66 2.276633
1536.23 2.00115
1543.32 2.124724
1554.0200000000002 2.043174
1564.79 2.134424
1575.64 2.271441
1586.56 2.356572
1593.88 2.400411
1604.93 2.383877
1616.06 2.400383
1623.52 2.313639
1634.7700000000002 2.467559
1646.1000000000001 2.490572
1653.6999999999998 2.367536
1665.16 2.548588
1672.85 2.383877
1676.7 2.566195
1684.44 2.638016
1696.1200000000001 2.507797
1703.9499999999998 2.428235
1715.76 2.302882
1723.6799999999998 2.297668
1735.6299999999999 2.439375
1743.6399999999999 2.389432
1755.72 2.513555
1763.8300000000002 2.372931
1776.0600000000002 2.383865
1784.25 2.445136
1796.62 2.566182
1804.91 2.583955
1813.2400000000002 2.367548
1825.81 2.456276
1834.24 2.37849
1846.96 2.204448
1855.48 2.189182
1864.04 2.255657
1876.97 2.450685
1885.63 2.240205
1894.33 2.124708
1903.0800000000002 2.308248
1916.27 2.194208
1925.11 2.149332
1933.9999999999998 2.266051
1942.9299999999998 2.335014
1956.39 2.164224
1965.4199999999998 2.372936
1974.4999999999998 2.462005
1983.6100000000001 2.318868
1992.7700000000002 2.271434
2006.58 2.361966
2015.8400000000001 2.308262
2025.15 2.433798
2034.49 2.271451
2043.8799999999999 2.340429
2053.3199999999997 2.245404
2062.7999999999997 2.287055
2072.32 2.428225
2077.09 2.260857
2086.68 2.36754
2096.31 2.250613
2105.9900000000002 2.313646
2115.71 2.33503
2125.48 2.372913
2135.29 2.28186
2145.1400000000003 2.266078
2155.04 2.361986
2164.99 2.324266
2174.98 2.308275
2185.02 2.260851
2195.11 2.340424
2205.24 2.302874
2215.42 2.245404
2225.65 2.179131
2235.92 2.266416
2246.24 2.226559
2256.61 2.162253
2267.0299999999997 2.214148
2277.4900000000002 2.246484
2282.7400000000002 2.278445
2293.28 2.177331
2303.86 2.189005
2314.5 2.120933
2325.18 1.761306
2335.91 2.037601
2346.69 2.025036
2357.5299999999997 2.092913
2362.96 2.01784
2373.87 2.037956
2384.82 1.974751
2395.83 2.055029
2406.89 1.991264
2412.44 2.014967
2423.5699999999997 2.063483
2434.7599999999998 1.999351
2446.0 2.071194
2457.29 2.053591
2462.95 2.044976
2474.32 1.999891
2485.74 2.052703
2497.22 1.917092
2502.97 2.073889
2514.5299999999997 1.954798
2520.3199999999997 2.02899
2526.1299999999997 1.96523
2537.79 1.971334
2543.64 1.93595
2555.3900000000003 2.00563
2567.18 1.988574
2573.1 2.049813
2584.97 2.041914
2596.91 2.038861
2602.89 1.997739
2614.91 1.985523
2626.98 2.010123
2633.03 2.029344
2645.19 2.097584
2657.3999999999996 2.104053
2663.52 2.014612
2675.8199999999997 2.063284
2681.98 2.054498
2694.36 2.004743
2706.7999999999997 2.020182
2713.04 1.979588
2725.5600000000004 1.981029
2738.14 2.024136
2744.46 1.907386
2757.1200000000003 1.917635
2763.48 1.945106
2776.24 1.991978
2782.6400000000003 1.96989
2795.48 1.802145
2801.92 1.874886
2814.86 1.987665
2827.85 1.993784
2834.37 1.92697
2847.4500000000003 1.915291
2854.02 1.907206
2867.19 1.96684
2873.8 1.954083
2887.0600000000004 1.955714
2893.7200000000003 1.947446
2907.0800000000004 1.98983
2927.23 1.960554
2947.52 1.936122
2967.95 1.942949
2988.52 1.932002
3009.2400000000002 1.930018
3030.1 1.93253
3051.1 1.92176
3072.2500000000005 1.915474
3093.54 1.904705
3107.82 1.897702
3129.3700000000003 1.878471
3151.06 1.87668
3172.9 1.866084
3187.55 1.816862
3209.6400000000003 1.840404
3231.89 1.809331
3246.81 1.831952
3269.3100000000004 1.84292
3291.9700000000003 1.832678
3307.1699999999996 1.821717
3322.4300000000003 1.861592
3330.09 1.862495
3337.77 1.837884
3345.46 1.809332
3353.18 1.818486
3360.91 1.798543
3368.65 1.803586
3376.42 1.73109
3384.2 1.788655
3392.0 1.822798
3399.82 1.870394
3407.6600000000003 1.774756
3415.5200000000004 1.792023
3423.39 1.843094
3431.2799999999997 1.83968
3439.1899999999996 1.836445
3447.1200000000003 1.766739
3455.07 1.751362
3463.03 1.720225
3471.0099999999998 1.757104
3479.01 1.729836
3487.04 1.746678
3495.07 1.767749
3503.1299999999997 1.748374
3511.21 1.733173
3519.3 1.742012
3527.4100000000003 1.730861
3535.55 1.772036
3543.7000000000003 1.797649
3551.86 1.802688
3560.05 1.778737
3568.2599999999998 1.743104
3576.48 1.680879
3584.73 1.654817
3585.53 1.750633
3588.2 1.847405
3590.87 1.824956
3593.54 1.723248
3596.22 1.827105
3598.8900000000003 1.751224
3601.56 1.609949
3604.23 1.476361
3606.9 1.551653
3609.58 1.726202
3612.25 1.725378
3614.9199999999996 1.778201
3617.59 1.729188
3620.26 1.674806
3622.93 1.546103
3625.61 1.789656
3628.2799999999997 1.801422
3630.95 1.843271
3633.6200000000003 1.822439
3636.29 1.65769
3638.96 1.690918
3641.64 1.578443
3644.31 1.625698
3646.98 1.686082
3649.6499999999996 1.754998
3652.32 1.729208
3654.9900000000002 1.634846
3657.67 1.589974
3660.34 1.56431
3663.0099999999998 1.662788
3665.68 1.657761
3668.3500000000004 1.732082
3671.02 1.740705
3673.7 1.637551
3676.37 1.650143
3679.04 1.763025
3681.71 1.606466
3684.3799999999997 1.748032
3687.05 1.620981
3689.73 1.592686
3692.4 1.723026
3695.0699999999997 1.659142
3697.74 1.679655
3700.4100000000003 1.661966
3703.0800000000004 1.633625
3705.76 1.636618
3708.43 1.700432
3711.1 1.625647
3713.77 1.688348
3716.4399999999996 1.943854
3719.1200000000003 2.617716
3721.79 4.149736
3724.46 6.051023
3727.13 6.735678
3729.7999999999997 5.696675
3732.47 3.927581
3735.1499999999996 2.406684
3737.82 1.803577
3740.4900000000002 1.635578
3743.16 1.668321
3745.83 1.630875
3748.5 1.687272
3751.1800000000003 1.703896
3753.8500000000004 1.653519
3756.52 1.767012
3759.19 1.776963
3761.86 1.79999
3764.5299999999997 1.696289
3767.2099999999996 1.698311
3769.88 1.768843
3772.55 1.80322
3775.2200000000003 1.913499
3777.89 1.962173
3780.56 2.026832
3783.24 1.926605
3785.9100000000003 2.005093
3788.58 1.964145
3791.25 1.730375
3793.92 1.708087
3796.59 1.759905
3799.27 1.808246
3801.9399999999996 1.709772
3804.61 1.75814
3807.28 1.884224
3809.95 2.044791
3812.62 2.074967
3815.2999999999997 1.982103
3817.97 1.971508
3820.6400000000003 1.919604
3823.31 1.810766
3825.98 1.807714
3828.66 1.859432
3831.33 1.758928
3834.0 1.657256
3836.6699999999996 1.745999
3839.34 1.800708
3842.01 1.855309
3844.69 1.995931
3847.36 2.08789
3850.0299999999997 2.112497
3852.7 2.11214
3855.3700000000003 2.08556
3858.04 2.1319
3860.7200000000003 2.173379
3863.39 2.217025
3866.06 2.324609
3868.73 2.212359
3871.3999999999996 2.112501
3874.07 2.06383
3876.75 1.961986
3879.42 1.914752
3882.09 1.924812
3884.7599999999998 1.911523
3887.43 1.91799
3890.1000000000004 1.988576
3892.78 1.947259
3895.45 1.881526
3898.12 1.931457
3900.79 1.978874
3903.46 2.004201
3906.1299999999997 2.11879
3908.81 2.13728
3911.48 2.177513
3914.15 2.074243
3916.8199999999997 2.079094
3919.49 2.129026
3922.1600000000003 2.019649
3924.84 1.954803
3927.51 1.997012
3930.18 1.840579
3932.85 1.815076
3935.52 1.897516
3938.2 1.937021
3940.8700000000003 1.892122
3943.54 2.077295
3946.21 2.17518
3948.88 2.201045
3951.5499999999997 2.076043
3954.23 2.057355
3956.8999999999996 2.057716
3959.57 1.981027
3962.2400000000002 1.993601
3964.91 1.953372
3967.58 1.940981
3970.2599999999998 1.875058
3972.9300000000003 1.904695
3975.6000000000004 1.854048
3978.27 1.843992
3980.94 1.96343
3983.61 2.060058
3986.29 2.140333
3988.9599999999996 2.144465
3991.63 2.195834
3994.3 2.273784
3996.9700000000003 2.310784
3999.64 2.20015
4002.3199999999997 2.225285
4004.99 2.199604
4007.6600000000003 2.168714
4010.33 2.133154
4013.0 2.143214
4015.67 2.234993
4018.35 2.289045
4021.02 2.275038
4023.6899999999996 2.205353
4026.36 2.108369
4029.03 2.196557
4031.71 2.217561
4034.38 2.168711
4037.0499999999997 2.203735
4039.72 2.182185
4042.3900000000003 2.170872
4045.06 2.125793
4047.7400000000002 2.157394
4050.41 2.142669
4053.08 2.126147
4055.75 2.18021
4058.4199999999996 2.186318
4061.09 2.148782
4063.77 2.247556
4066.44 2.201759
4069.11 2.261029
4071.7799999999997 2.224033
4074.45 2.105317
4077.1200000000003 2.087897
4079.8 2.0552
4082.4700000000003 2.041193
4085.14 2.100105
4087.81 2.092563
4090.48 1.993963
4093.1499999999996 2.00043
4095.83 2.111417
4098.5 2.294614
4101.17 2.374001
4103.84 2.215053
4106.51 2.07676
4109.18 2.016774
4111.86 1.991442
4114.53 1.999706
4117.2 2.023594
4119.87 1.990908
4122.54 1.995759
4125.21 2.035812
4127.89 2.012815
4130.5599999999995 2.066877
4133.23 2.111062
4135.900000000001 2.13082
4138.57 2.087717
4141.25 2.080344
4143.92 2.052687
4146.59 2.014434
4149.26 2.100825
4151.929999999999 2.09418
4154.6 2.078018
4157.28 2.116445
4159.95 2.056818
4162.62 2.072984
4165.29 2.083942
4167.96 2.014437
4170.63 2.02306
4173.31 2.038318
4175.9800000000005 2.05143
4178.65 2.064005
4181.32 2.100466
4183.99 2.086458
4186.66 2.15453
4189.34 2.069569
4192.01 2.084119
4194.68 2.139079
4197.35 2.036886
4200.0199999999995 2.000787
4202.69 2.087717
4205.37 2.116446
4208.04 2.105312
4210.71 2.12058
4213.38 2.045507
4216.05 2.055747
4218.72 2.078198
4221.400000000001 2.054124
4224.07 2.069212
4226.74 2.025749
4229.41 2.020363
4232.08 2.053232
4234.75 2.06383
4237.429999999999 1.998626
4240.1 2.011021
4242.77 2.104955
4245.44 2.169255
4248.11 2.061135
4250.79 2.043885
4253.46 2.063823
4256.13 2.137103
4258.8 2.095257
4261.47 2.089152
4264.14 2.094541
4266.82 2.091121
4269.49 2.034727
4272.16 1.967737
4274.83 2.042094
4277.5 2.06293
4280.17 2.046947
4282.85 2.062385
4285.5199999999995 2.017306
4288.1900000000005 2.012997
4290.860000000001 1.979772
4293.53 1.907214
4296.2 1.906317
4298.88 1.926426
4301.55 1.855124
4304.22 1.872368
4306.89 1.906673
4309.56 1.846867
4312.2300000000005 1.913681
4314.91 1.988029
4317.58 2.02934
4320.25 1.954088
4322.92 1.934692
4325.59 1.873448
4328.26 1.871834
4330.94 1.973482
4333.61 2.120938
4336.28 2.568153
4338.95 2.965438
4341.62 2.99705
4344.29 2.509967
4346.97 2.08753
4349.64 1.867158
4352.3099999999995 1.881169
4354.98 1.94044
4357.650000000001 2.03635
4360.33 2.092737
4363.0 2.091841
4365.67 2.0385
4368.34 2.014794
4371.01 2.03545
4373.679999999999 1.982109
4376.360000000001 2.020896
4379.03 1.961449
4381.7 1.974202
4384.37 1.978694
4387.04 1.920684
4389.71 1.925534
4392.39 1.988388
4395.06 1.958216
4397.7300000000005 1.94834
4400.4 1.941516
4403.07 2.011384
4405.74 1.917452
4408.42 1.986054
4411.09 2.02
4413.76 1.978154
4416.43 2.005635
4419.1 1.998273
4421.7699999999995 2.004201
4424.45 1.987131
4427.12 1.941514
4429.79 1.944389
4432.46 2.068317
4435.13 1.951397
4437.8 2.02773
4440.48 2.050891
4443.150000000001 2.011919
4445.82 1.986237
4448.49 2.032576
4451.16 1.991987
4453.83 1.966844
4456.51 1.962886
4459.179999999999 1.942592
4461.85 1.983004
4464.52 2.006534
4467.19 2.030602
4469.87 2.092917
4472.54 2.054663
4475.21 2.035088
4477.88 1.986237
4480.55 1.945828
4483.22 1.913321
4485.9 1.943847
4488.57 2.032393
4491.24 2.058077
4493.91 2.065622
4496.58 1.991986
4499.25 1.990192
4501.93 1.999344
4504.6 2.109083
4507.2699999999995 2.136564
4509.9400000000005 2.128484
4512.610000000001 2.105317
4515.28 2.107294
4517.96 2.076394
4520.63 2.02934
4523.3 2.033472
4525.97 1.965404
4528.64 1.957862
4531.31 1.945291
4533.99 1.95624
4536.66 1.976357
4539.33 1.96217
4542.0 1.924275
4544.67 1.966304
4547.34 1.943316
4550.02 1.947619
4552.69 1.885478
4555.36 1.905236
4558.03 1.924096
4560.7 1.994861
4563.37 1.993785
4566.05 2.012277
4568.72 2.030597
4571.39 2.006353
4574.0599999999995 2.009946
4576.73 2.006356
4579.41 1.938818
4582.08 1.88404
4584.75 1.902541
4587.42 1.942055
4590.09 1.979234
4592.76 1.994861
4595.4400000000005 1.909183
4598.110000000001 1.903437
4600.78 1.988751
4603.45 2.004018
4606.12 2.04012
4608.79 2.013181
4611.469999999999 1.95139
4614.14 1.982822
4616.81 1.977436
4619.4800000000005 1.954628
4622.15 2.012282
4624.82 2.051078
4627.5 2.011198
4630.17 1.981386
4632.84 2.015692
4635.51 2.022698
4638.18 2.021621
4640.85 1.991809
4643.53 1.963425
4646.2 1.932713
4648.87 1.940797
4651.54 1.982826
4654.21 1.985701
4656.88 2.004561
4659.5599999999995 2.0015
4662.23 2.011919
4664.900000000001 1.988033
4667.57 1.979593
4670.24 1.974206
4672.91 1.987139
4675.59 2.01084
4678.26 2.050175
4680.929999999999 2.010484
4683.6 2.038503
4686.27 2.002045
4688.95 2.020717
4691.62 2.052688
4694.29 2.012638
4696.96 2.042274
4699.63 2.048741
4702.3 1.984804
4704.9800000000005 1.971326
4707.65 1.948159
4710.32 1.959476
4712.99 1.964326
4715.66 1.914038
4718.33 1.946907
4721.01 2.015509
4723.68 2.027723
4726.35 1.968455
4729.0199999999995 1.969355
4731.6900000000005 1.974206
4734.360000000001 1.97295
4737.04 1.96073
4739.71 1.974381
4742.38 1.991984
4745.05 1.959477
4747.72 1.982647
4750.39 1.986959
4753.07 1.964861
4755.74 1.967377
4758.41 1.910085
4761.08 1.907392
4763.75 1.897156
4766.42 1.897876
4769.1 1.963425
4771.77 1.971508
4774.44 1.965762
4777.11 1.944211
4779.78 1.974386
4782.46 1.928042
4785.13 1.928941
4787.8 1.903439
4790.47 1.937564
4793.14 1.943852
4795.8099999999995 1.937029
4798.490000000001 1.918522
4801.16 1.876497
4803.83 1.874882
4806.5 1.887815
4809.17 1.851177
4811.84 1.916913
4814.5199999999995 1.922833
4817.1900000000005 1.874881
4819.860000000001 1.824413
4822.53 1.848841
4825.2 1.836809
4827.87 1.812922
4830.55 1.87039
4833.219999999999 1.86159
4835.89 1.861591
4838.56 1.84022
4841.2300000000005 1.784167
4843.9 1.780522
4846.58 1.78673
4849.25 1.821359
4851.92 2.011381
4854.59 2.555941
4857.26 3.730373
4859.93 4.86637
4862.61 4.932988
4865.28 3.876204
4867.95 2.564021
4870.62 1.961632
4873.29 1.776839
4875.96 1.747152
4878.64 1.771698
4881.3099999999995 1.79494
4883.98 1.786661
4886.650000000001 1.805737
4889.32 1.818849
4892.0 1.820818
4894.67 1.808786
4897.34 1.81687
4900.01 1.837346
4902.679999999999 1.864826
4905.35 1.88171
4908.03 1.89733
4910.7 1.863745
4913.37 1.801603
4916.04 1.790254
4918.71 1.78625
4921.38 1.812563
4924.06 1.776529
4926.7300000000005 1.811481
4929.4 1.810045
4932.07 1.827468
4934.740000000001 1.841837
4937.41 1.825854
4940.09 1.831416
4942.76 1.851353
4945.43 1.91206
4948.1 1.918527
4950.7699999999995 2.00402
4953.4400000000005 2.200688
4956.12 2.410816
4958.79 2.551807
4961.46 2.443687
4964.13 2.193501
4966.8 2.011204
4969.47 1.862314
4972.150000000001 1.781271
4974.82 1.815433
4977.49 1.828724
4980.16 1.777395
4982.83 1.798913
4985.5 1.825854
4988.18 1.813096
4990.85 1.799627
4993.52 1.81741
4996.19 1.913319
4998.86 2.130462
5001.54 2.736436
5004.21 3.570876
5006.88 4.037489
5009.55 3.632305
5012.219999999999 2.770748
5014.889999999999 2.15381
5017.57 1.916547
5020.240000000001 1.82495
5022.910000000001 1.804657
5025.58 1.833933
5028.25 1.784005
5030.92 1.797297
5033.6 1.810761
5036.27 1.793466
5038.94 1.753991
5041.61 1.763098
5044.28 1.806456
5046.95 1.789089
5049.63 1.771518
5052.299999999999 1.739334
5054.969999999999 1.777375
5057.64 1.787488
5060.31 1.762956
5062.9800000000005 1.787563
5065.66 1.816509
5068.33 1.799986
5071.0 1.762738
5073.67 1.731793
5076.34 1.737524
5079.01 1.714213
5081.69 1.719469
5084.36 1.755553
5087.03 1.767821
5089.700000000001 1.791673
5092.370000000001 1.791513
5095.04 1.779642
5097.72 1.770459
5100.39 1.744417
5103.06 1.714299
5105.7300000000005 1.699088
5108.4 1.653452
5111.08 1.692456
5113.75 1.794077
5116.42 1.799089
5119.089999999999 1.788368
5121.759999999999 1.728399
5124.429999999999 1.690396
5127.110000000001 1.690517
5129.780000000001 1.706826
5132.45 1.742173
5135.12 1.725973
5137.79 1.718126
5140.46 1.723174
5143.14 1.717044
5145.8099999999995 1.718913
5148.48 1.699194
5151.15 1.755734
5153.82 1.764267
5156.490000000001 1.753437
5159.169999999999 1.759664
5161.84 1.728433
5164.51 1.678629
5167.18 1.62245
5169.85 1.637646
5172.52 1.635995
5175.2 1.651471
5177.87 1.685202
5180.54 1.722058
5183.21 1.661299
5185.88 1.658642
5188.549999999999 1.678974
5191.23 1.722576
5193.900000000001 1.792749
5196.570000000001 1.842374
5199.240000000001 1.91278
5201.91 1.914577
5204.58 1.833398
5207.26 1.780445
5209.93 1.763473
5212.599999999999 1.739462
5215.2699999999995 1.75437
5217.94 1.799631
5220.62 1.777732
5223.290000000001 1.795352
5225.959999999999 1.726637
5228.63 1.707061
5231.3 1.754622
5233.97 1.737075
5236.650000000001 1.741811
5239.32 1.780337
5241.99 1.756721
5244.66 1.73147
5247.33 1.712056
5250.0 1.757389
5252.679999999999 1.775846
5255.349999999999 1.715501
5258.0199999999995 1.712844
5260.6900000000005 1.727105
5263.360000000001 1.727861
5266.030000000001 1.715685
5268.71 1.700575
5271.38 1.715178
5274.05 1.726853
5276.72 1.728614
5279.39 1.682457
5282.0599999999995 1.68781
5284.74 1.706394
5287.41 1.743088
5290.08 1.771395
5292.750000000001 1.7696
5295.419999999999 1.730052
5298.09 1.708232
5300.77 1.748332
5303.4400000000005 1.721518
5306.110000000001 1.751675
5308.78 1.807353
5311.45 1.794925
5314.12 1.774595
5316.8 1.764119
5319.469999999999 1.736892
5322.139999999999 1.722148
5324.8099999999995 1.729297
5327.48 1.682493
5330.160000000001 1.710004
5332.83 1.726797
5335.5 1.788834
5338.17 1.781992
5340.84 1.783969
5343.51 1.801428
5346.19 1.736962
5348.86 1.755373
5351.53 1.810225
5354.2 1.815614
5356.87 1.824775
5359.54 1.83681
5362.219999999999 1.805193
5364.89 1.745207
5367.56 1.705354
5370.2300000000005 1.72319
5372.900000000001 1.735027
5375.57 1.753186
5378.25 1.775326
5380.92 1.78587
5383.59 1.770659
5386.26 1.750562
5388.929999999999 1.77542
5391.599999999999 1.687361
5394.28 1.66205
5396.950000000001 1.696786
5399.620000000001 1.642763
5402.29 1.620206
5404.96 1.63145
5407.63 1.714015
5410.31 1.640139
5412.98 1.683263
5415.65 1.687323
5418.32 1.734613
5420.99 1.694329
5423.67 1.717798
5426.339999999999 1.719452
5429.009999999999 1.731648
5431.68 1.735977
5434.35 1.689982
5437.02 1.669113
5439.7 1.807169
5442.37 1.714656
5445.04 1.710455
5447.71 1.730212
5450.38 1.715701
5453.05 1.754748
5455.73 1.7391
5458.4 1.706161
5461.07 1.725218
5463.740000000001 1.721699
5466.410000000001 1.703452
5469.08 1.766369
5471.76 1.725342
5474.43 1.682543
5477.1 1.683981
5479.77 1.671913
5482.44 1.682367
5485.11 1.703472
5487.79 1.710723
5490.46 1.708586
5493.13 1.734666
5495.799999999999 1.753202
5498.469999999999 1.776336
5501.14 1.785461
5503.820000000001 1.686782
5506.490000000001 1.643642
5509.16 1.68312
5511.83 1.695244
5514.5 1.696916
5517.17 1.668036
5519.849999999999 1.689709
5522.5199999999995 1.708155
5525.19 1.66304
5527.86 1.721808
5530.53 1.711607
5533.209999999999 1.713811
5535.88 1.730623
5538.55 1.716256
5541.22 1.68964
5543.89 1.705248
5546.56 1.712146
5549.24 1.726419
5551.91 1.714441
5554.58 1.720674
5557.25 1.725183
5559.92 1.73993
5562.589999999999 1.749037
5565.2699999999995 1.753234
5567.9400000000005 1.748009
5570.610000000001 1.759397
5573.280000000001 1.715485
5575.95 1.683498
5578.62 1.692102
5581.3 1.68107
5583.97 1.694631
5586.64 1.711461
5589.3099999999995 1.656952
5591.98 1.655444
5594.65 1.630714
5597.33 1.699785
5600.000000000001 1.653484
5602.669999999999 1.672954
5605.34 1.722382
5608.01 1.72364
5610.68 1.715792
5613.36 1.667151
5616.03 1.649766
5618.7 1.620456
5621.37 1.658784
5624.04 1.68772
5626.71 1.616849
5629.389999999999 1.714171
5632.0599999999995 1.69799
5634.73 1.685616
5637.400000000001 1.651205
5640.070000000001 1.626924
5642.75 1.637893
5645.42 1.692942
5648.09 1.670906
5650.76 1.722669
5653.43 1.699411
5656.099999999999 1.727772
5658.78 1.615479
5661.45 1.646515
5664.12 1.665859
5666.790000000001 1.714587
5669.459999999999 1.67635
5672.13 1.691941
5674.81 1.685093
5677.4800000000005 1.680388
5680.150000000001 1.653557
5682.82 1.689586
5685.49 1.654241
5688.16 1.654476
5690.84 1.674048
5693.51 1.66514
5696.179999999999 1.618013
5698.849999999999 1.646248
5701.5199999999995 1.666293
5704.1900000000005 1.619166
5706.870000000001 1.664205
5709.54 1.617887
5712.21 1.623545
5714.88 1.624282
5717.55 1.692102
5720.22 1.720767
5722.9 1.638845
5725.57 1.680766
5728.24 1.704636
5730.91 1.635795
5733.58 1.700076
5736.250000000001 1.658768
5738.93 1.73276
5741.6 1.69614
5744.27 1.675415
5746.9400000000005 1.61207
5749.610000000001 1.664228
5752.29 1.705693
5754.96 1.707562
5757.63 1.709521
5760.3 1.755644
5762.969999999999 1.686857
5765.639999999999 1.648907
5768.32 1.665372
5770.990000000001 1.686064
5773.660000000001 1.629148
5776.33 1.612949
5779.0 1.553717
5781.67 1.607114
5784.35 1.626758
5787.02 1.661225
5789.69 1.688184
5792.36 1.646122
5795.03 1.654259
5797.7 1.675273
5800.38 1.7148
5803.049999999999 1.675809
5805.719999999999 1.633818
5808.39 1.630838
5811.06 1.661856
5813.7300000000005 1.658337
5816.41 1.686674
5819.08 1.69808
5821.75 1.69729
5824.42 1.708014
5827.09 1.726442
5829.76 1.70974
5832.44 1.67042
5835.11 1.640679
5837.78 1.689029
5840.450000000001 1.683049
5843.120000000001 1.683786
5845.79 1.636893
5848.47 1.647089
5851.14 1.617025
5853.81 1.603502
5856.48 1.606717
5859.15 1.597325
5861.83 1.586598
5864.5 1.640516
5867.17 1.754296
5869.839999999999 1.837526
5872.509999999999 1.994859
5875.18 2.081968
5877.860000000001 2.026824
5880.530000000001 1.839499
5883.2 1.624766
5885.87 1.546855
5888.54 1.500554
5891.21 1.485307
5893.89 1.459493
5896.5599999999995 1.52654
5899.23 1.527367
5901.9 1.581626
5904.57 1.646985
5907.240000000001 1.617818
5909.92 1.610127
5912.59 1.659141
5915.26 1.669524
5917.93 1.660095
5920.6 1.644291
5923.27 1.636228
5925.95 1.660721
5928.62 1.657363
5931.29 1.61408
5933.96 1.64253
5936.63 1.595439
5939.299999999999 1.599068
5941.9800000000005 1.618317
5944.650000000001 1.565999
5947.320000000001 1.624874
5949.99 1.620511
5952.66 1.61683
5955.33 1.629259
5958.01 1.651472
5960.68 1.633135
5963.349999999999 1.625844
5966.0199999999995 1.590607
5968.69 1.606646
5971.37 1.634427
5974.040000000001 1.639888
5976.709999999999 1.617456
5979.38 1.60228
5982.05 1.599911
5984.72 1.640681
5987.400000000001 1.595202
5990.07 1.601381
5992.74 1.597592
5995.41 1.54522
5998.08 1.58204
6000.75 1.566218
6003.429999999999 1.538142
6006.099999999999 1.591646
6008.7699999999995 1.558385
6011.4400000000005 1.564312
6014.110000000001 1.559823
6016.780000000001 1.548294
6019.46 1.640067
6022.13 1.52848
6024.8 1.535557
6027.47 1.599012
6030.14 1.592242
6032.8099999999995 1.600594
6035.49 1.627064
6038.16 1.609122
6040.83 1.609249
6043.500000000001 1.576238
6046.169999999999 1.616417
6048.84 1.589657
6051.52 1.571997
6054.1900000000005 1.614564
6056.86 1.638668
6059.53 1.574622
6062.2 1.567744
6064.88 1.59213
6067.55 1.546997
6070.219999999999 1.538574
6072.889999999999 1.662879
6075.5599999999995 1.652445
6078.2300000000005 1.574929
6080.910000000001 1.580887
6083.58 1.571674
6086.25 1.583313
6088.92 1.594845
6091.59 1.583279
6094.26 1.592278
6096.94 1.599584
6099.61 1.572285
6102.28 1.557235
6104.95 1.611889
6107.62 1.55219
6110.290000000001 1.623709
6112.969999999999 1.586006
6115.64 1.59795
6118.31 1.581823
6120.9800000000005 1.565175
6123.650000000001 1.575844
6126.32 1.611927
6129.0 1.535466
6131.67 1.544052
6134.34 1.53509
6137.01 1.557883
6139.679999999999 1.55853
6142.349999999999 1.575504
6145.030000000001 1.601201
6147.700000000001 1.552906
6150.37 1.46535
6153.04 1.469231
6155.71 1.553717
6158.38 1.523203
6161.06 1.517739
6163.73 1.499133
6166.4 1.566126
6169.07 1.512587
6171.74 1.537804
6174.42 1.595561
6177.089999999999 1.519715
6179.759999999999 1.54028
6182.43 1.590391
6185.1 1.513413
6187.77 1.559878
6190.45 1.459062
6193.12 1.606571
6195.79 1.486831
6198.46 1.572358
6201.13 1.534301
6203.8 1.546066
6206.48 1.588251
6209.15 1.55481
6211.82 1.482754
6214.490000000001 1.480204
6217.160000000001 1.466411
6219.83 1.53062
6222.51 1.544446
6225.18 1.539238
6227.85 1.537676
6230.52 1.519537
6233.19 1.472069
6235.86 1.512498
6238.54 1.446526
6241.21 1.480221
6243.88 1.502762
6246.549999999999 1.518837
6249.219999999999 1.470973
6251.89 1.470292
6254.570000000001 1.435068
6257.24 1.416497
6259.91 1.440924
6262.58 1.544
6265.25 1.457701
6267.92 1.449458
6270.599999999999 1.496923
6273.2699999999995 1.476826
6275.94 1.51079
6278.61 1.525429
6281.28 1.499692
6283.959999999999 1.450872
6286.63 1.425082
6289.3 1.491446
6291.97 1.55517
6294.64 1.699142
6297.31 1.820644
6299.99 1.904694
6302.66 1.883143
6305.33 1.697272
6308.0 1.634358
6310.67 1.624516
6313.339999999999 1.598403
6316.0199999999995 1.520451
6318.6900000000005 1.541573
6321.360000000001 1.482035
6324.030000000001 1.483473
6326.7 1.524333
6329.37 1.466897
6332.05 1.500712
6334.72 1.497893
6337.39 1.470235
6340.0599999999995 1.455149
6342.73 1.516072
6345.4 1.560776
6348.080000000001 1.563089
6350.749999999999 1.537586
6353.42 1.460483
6356.09 1.522663
6358.76 1.539187
6361.43 1.587627
6364.11 1.633781
6366.78 1.640445
6369.45 1.553212
6372.12 1.522267
6374.79 1.558692
6377.46 1.515678
6380.139999999999 1.474437
6382.8099999999995 1.492919
6385.4800000000005 1.490315
6388.150000000001 1.47153
6390.820000000001 1.518713
6393.5 1.471006
6396.17 1.484064
6398.84 1.522284
6401.51 1.516071
6404.18 1.471224
6406.849999999999 1.453409
6409.53 1.502329
6412.2 1.498396
6414.87 1.491895
6417.540000000001 1.549639
6420.209999999999 1.504469
6422.88 1.464831
6425.56 1.471329
6428.2300000000005 1.505526
6430.900000000001 1.493314
6433.57 1.508402
6436.24 1.4725
6438.91 1.526364
6441.59 1.502455
6444.26 1.553625
6446.929999999999 1.600699
6449.599999999999 1.530816
6452.2699999999995 1.491179
6454.9400000000005 1.465227
6457.62 1.534047
6460.29 1.456459
6462.96 1.500139
6465.63 1.508815
6468.3 1.543497
6470.97 1.565715
6473.65 1.492864
6476.32 1.500911
6478.99 1.508922
6481.66 1.491735
6484.33 1.531284
6487.000000000001 1.482379
6489.68 1.426052
6492.35 1.411702
6495.02 1.411254
6497.6900000000005 1.388427
6500.36 1.431012
6503.04 1.468078
6505.71 1.511094
6508.38 1.497355
6511.05 1.467847
6513.719999999999 1.500859
6516.389999999999 1.463035
6519.07 1.461002
6521.740000000001 1.474275
6524.410000000001 1.510754
6527.08 1.478947
6529.75 1.494483
6532.42 1.569684
6535.1 1.569411
6537.77 1.626921
6540.44 1.877576
6543.11 2.379211
6545.78 3.14163
6548.45 3.684574
6551.129999999999 3.670556
6553.799999999999 3.928289
6556.469999999999 6.093412
6559.14 10.85399
6561.81 15.90697
6564.4800000000005 16.35671
6567.16 11.66686
6569.83 5.994448
6572.5 3.079664
6575.17 2.665679
6577.84 3.823048
6580.51 6.056245
6583.19 7.884234
6585.86 7.31651
6588.530000000001 4.955624
6591.200000000001 2.76949
6593.87 1.770122
6596.54 1.512463
6599.22 1.489721
6601.89 1.474078
6604.56 1.471421
6607.23 1.485197
6609.9 1.461922
6612.58 1.473736
6615.25 1.462422
6617.92 1.415671
6620.589999999999 1.43683
6623.259999999999 1.45603
6625.93 1.424097
6628.610000000001 1.501305
6631.280000000001 1.470055
6633.95 1.476324
6644.41 1.492525
6659.7300000000005 1.482356
6675.08 1.468868
6690.469999999999 1.465599
6705.89 1.465692
6721.35 1.435733
6736.839999999999 1.465909
6752.37 1.435931
6767.9400000000005 1.459366
6783.54 1.466215
6799.18 1.436235
6814.85 1.449634
6830.56 1.469911
6846.3099999999995 1.423375
6862.089999999999 1.416949
6877.910000000001 1.407284
6893.76 1.394499
6909.650000000001 1.404271
6925.58 1.407591
6941.549999999999 1.443814
6957.55 1.457267
6973.589999999999 1.457374
6989.67 1.454141
7005.780000000001 1.417864
7021.929999999999 1.401735
7038.11 1.444447
7054.34 1.485017
7070.6 1.382824
7086.900000000001 1.438121
7103.24 1.376661
7119.61 1.361021
7136.0199999999995 1.336272
7152.48 1.358089
7168.96 1.364449
7185.49 1.330431
7202.05 1.315292
7218.66 1.383754
7235.3 1.380666
7251.97 1.340062
7268.69 1.343259
7285.45 1.362041
7302.24 1.384279
7319.08 1.371688
7335.95 1.406978
7352.86 1.397407
7369.81 1.365708
7386.8 1.440079
7403.83 1.430291
7420.89 1.385034
7438.0 1.404396
7455.150000000001 1.407749
7472.33 1.417612
7489.5599999999995 1.404736
7506.83 1.424383
7524.13 1.440997
7541.4800000000005 1.434475
7558.86 1.41817
7576.28 1.408526
7593.75 1.389307
7611.259999999999 1.383038
7628.8 1.383148
7646.389999999999 1.373735
7664.02 1.354982
7681.679999999999 1.339594
7699.39 1.345877
7717.14 1.345985
7734.93 1.327629
7752.759999999999 1.321633
7770.629999999999 1.34322
7788.549999999999 1.306723
7806.5 1.309831
7824.49 1.359097
7842.53 1.307031
7860.61 1.34067
7878.7300000000005 1.343867
7896.9 1.353296
7915.1 1.328707
7933.34 1.30457
7951.639999999999 1.257476
7969.96 1.295807
7988.34 1.301893
8006.75 1.281185
8025.21 1.335515
8043.709999999999 1.341782
8062.25 1.33266
8080.84 1.287524
8099.460000000001 1.241062
8118.14 1.308663
8136.85 1.317859
8155.61 1.279101
8174.41 1.282154
8193.25 1.253078
8212.14 1.297224
8231.07 1.261984
8250.039999999999 1.303438
8269.07 1.330843
8288.130000000001 1.282818
8307.23 1.282928
8326.38 1.285999
8345.58 1.265541
8364.81 1.286216
8384.1 1.259957
8403.43 1.289409
8422.800000000001 1.260171
8442.21 1.245857
8461.68 1.274988
8481.18 1.260494
8500.73 1.28406
8520.33 1.260728
8539.97 1.257946
8559.66 1.198656
8579.39 1.266888
8599.17 1.241008
8618.99 1.221269
8638.86 1.264301
8658.77 1.207512
8678.73 1.158587
8698.74 1.148081
8718.789999999999 1.247421
8738.89 1.236088
8759.04 1.161693
8779.23 1.239158
8799.470000000001 1.23359
8819.75 1.23939
8840.08 1.250976
8860.46 1.219797
8880.89 1.17308
8901.36 1.197758
8921.88 1.200634
8942.449999999999 1.20074
8963.060000000001 1.168124
8983.72 1.157528
9004.43 1.223408
9025.19 1.008348
9046.0 1.252142
9066.85 1.272599
9087.75 1.155409
9108.699999999999 1.152858
9129.699999999999 1.166309
9150.74 1.163744
9171.83 1.182764
9192.98 1.158605
9214.17 1.174841
9235.41 1.081485
9256.710000000001 1.137787
9278.039999999999 1.222097
9299.43 1.143267
9320.87 1.183552
9342.359999999999 1.180946
9363.89 1.16755
9385.47 1.178472
9407.109999999999 1.154403
9428.800000000001 1.175973
9450.53 1.162629
9472.32 1.176207
9494.16 1.173618
9516.04 1.157636
9537.98 1.149769
9559.97 1.095617
9582.0 1.166005
9604.09 1.152769
9626.23 1.155535
9648.42 1.142424
9670.66 1.139909
9692.960000000001 1.150576
9715.3 1.142765
9737.7 1.135023
9760.140000000001 1.129923
9782.64 1.119667
9805.199999999999 1.137986
9827.8 1.130265
9850.46 1.132976
9873.16 1.127895
9895.92 1.125415
9918.73 1.117782
9941.609999999999 1.120476
9964.52 1.120583
9987.49 1.115556
10033.589999999998 1.097952
10079.9 1.078125
10126.43 1.098403
10173.17 1.088561
10220.119999999999 1.088795
10267.310000000001 1.089026
10290.97 1.081646
10506.46 1.052657
10701.78 1.014582
10900.749999999998 0.9689088
11103.41 0.9425071
11309.84 0.9189417
11493.61 0.9126187
11707.289999999999 0.8897924
11897.51 0.8635532
12090.83 0.8458434
12287.300000000001 0.830398
12486.960000000001 0.8115023
12689.85 0.7912077
12896.039999999999 0.7731944
13105.59 0.7608184
13287.9 0.7417992
13503.810000000001 0.7316161
13691.67 0.7166185
13914.14 0.6986943
14107.71 0.6765309
14303.97 0.6626475
14502.94 0.6611217
14704.699999999999 0.6445979
14909.26 0.6445984
15116.67 0.6416343
15291.72 0.6445978
15504.45 0.6416339
15683.990000000002 0.6284689
15902.179999999998 0.6057308
16086.3 0.6085336
16310.09 0.6043483
16498.949999999997 0.5905911
16690.01 0.5824903
16883.25 0.5692361
17118.12 0.5562686
17316.35 0.536153
17516.87 0.5239397
17719.7 0.5073267
17883.65 0.4934969
18090.74 0.4745487
18300.22 0.462677
18512.14 0.4490451
18683.42 0.4318028
18899.760000000002 0.4200392
19118.62 0.4133218
19295.51 0.4002106
19518.94 0.3857351
19699.56 0.3760898
19881.82 0.3658348
20112.05 0.3599795
20298.15 0.3469585
20485.95 0.3414089
20723.18 0.3321051
20914.929999999997 0.3238078
21108.440000000002 0.3171624
21303.77 0.309942
21500.870000000003 0.3028839
21699.83 0.2932748
21900.620000000003 0.2885873
22103.25 0.2807207
22307.78 0.2737161
22514.18 0.2652925
22722.51 0.2553066
22880.03 0.2294615
23091.719999999998 0.2258336
23305.39 0.1980491
23521.02 0.1851714
23684.08 0.1861411
23903.2 0.1699733
24124.39 0.1635956
24291.6 0.1620726
24516.38 0.1509406
24686.33 0.1494572
24767.800000000003 0.1348303
24861.85 0.1248802
24955.89 0.1344729
25049.84 0.1280413
25143.879999999997 0.132614
25237.93 0.1357786
25331.87 0.1342628
25425.92 0.1336754
25519.87 0.1376662
25613.91 0.132772
25707.95 0.1317286
25801.9 0.1309257
25895.94 0.1400424
25989.99 0.1438823
26083.940000000002 0.1443439
26177.98 0.1384924
26271.93 0.1365401
26365.97 0.1375351
26460.02 0.1278203
26553.96 0.1236248
26648.010000000002 0.1226621
26742.050000000003 0.1180876
26836.000000000004 0.1173692
26930.04 0.1141813
27023.99 0.1209128
27118.030000000002 0.1181415
27212.079999999998 0.1185438
27306.03 0.1172758
27400.07 0.1144686
27494.109999999997 0.1136119
27588.059999999998 0.1161784
27682.1 0.1124337
27776.05 0.1086117
27870.1 0.1096516
27964.14 0.1114926
28058.09 0.1088218
28152.13 0.1120835
28246.17 0.1081358
28340.12 0.10322
28434.16 0.1015695
28528.11 0.1026435
28622.16 0.09993146
28716.2 0.09800793
28810.15 0.09694826
28904.190000000002 0.09980577
28998.24 0.09665189
29092.18 0.0965765
29186.230000000003 0.08892714
29280.170000000002 0.09138057
29374.22 0.09200376
29468.260000000002 0.09143805
29562.210000000003 0.09092973
29656.25 0.09020237
29750.3 0.08546798
29844.25 0.08378689
29938.289999999997 0.08488967
30032.230000000003 0.09137341
30126.28 0.087916
30220.32 0.08123835
30314.27 0.08686891
30408.32 0.08838653
30502.36 0.08257638
30596.31 0.08304332
30690.35 0.08222615
30784.3 0.08528299
30878.34 0.08410301
30972.39 0.08133888
31066.329999999998 0.08081088
31160.38 0.07437027
31254.420000000002 0.07387998
31348.370000000003 0.08265
31442.41 0.0842054
31536.36 0.08053429
31630.4 0.08277576
31724.45 0.08312057
31818.39 0.08377435
31912.440000000002 0.08314751
32006.480000000003 0.08892896
32100.43 0.09835457
32194.48 0.1051345
32288.420000000002 0.1201028
32382.460000000003 0.133512
32476.51 0.1417288
32570.45 0.1654527
32664.5 0.1911342
32758.539999999997 0.2010305
32852.49 0.1987135
32946.53 0.1844171
33040.479999999996 0.1600843
33134.53 0.1408074
33228.57 0.1276677
33322.52 0.1137053
33416.56 0.1051706
33510.51 0.1042743
33604.55 0.1043192
33698.6 0.1069252
33792.54 0.1093625
33886.590000000004 0.1085794
33980.63 0.1090554
34074.58 0.1058351
34168.62 0.1027513
34262.67 0.1011689
34356.61 0.09880179
34450.66 0.09360943
34544.61 0.09254076
34638.65 0.08617564
34732.69 0.08681503
34826.64 0.08769149
34920.68 0.08322297
35014.729999999996 0.08657614
35108.68 0.08272544
35202.72 0.07928066
35296.67 0.0795195
35390.71 0.08081267
35484.76 0.07690807
35578.7 0.0719205
35672.74 0.07373992
35766.79 0.07013882
35860.74 0.07159362
35954.78 0.06633122
36048.73 0.06812547
36142.77 0.06574752
36236.82 0.06760101
36330.770000000004 0.06607257
36424.81 0.06812187
36518.85 0.06441486
36612.8 0.0650255
36706.840000000004 0.06110297
36800.79 0.06241946
36894.83 0.0596482
36988.880000000005 0.06089642
37082.82 0.06423167
37176.87 0.0663438
37270.91 0.06588942
37364.86 0.06709095
37458.909999999996 0.0620782
37552.85 0.06323307
37646.9 0.06373595
37740.939999999995 0.06287025
37834.89 0.05832628
37928.93 0.06007743
38022.97 0.05752169
38116.92 0.05675296
38210.97 0.05822929
38304.909999999996 0.05892617
38398.96 0.05731691
38493.0 0.05847178
38586.95 0.05651049
38680.99 0.05477375
38775.04 0.05569868
38868.98 0.05526406
38963.03 0.05330816
39056.97 0.05463186
39151.020000000004 0.05759351
39245.06 0.05434989
39339.01 0.05429418
39433.05 0.05534848
39527.1 0.05358654
39621.04 0.05144569
39715.090000000004 0.05172047
39809.03 0.05484738
39903.08 0.053838
39997.12 0.05528201
40091.07 0.05758632
40185.11 0.06787404
40279.16 0.07513719
40373.11 0.08358215
40467.15 0.08097971
40561.100000000006 0.074038
40655.14 0.06749506
40749.19 0.0647058
40843.13 0.05521198
40937.17 0.05386675
41031.12 0.05081527
41125.170000000006 0.05199166
41219.21000000001 0.04908389
41313.16 0.04874803
41407.2 0.0462264
41501.25 0.04353233
41595.2 0.0475375
41689.24 0.0493964
41783.28 0.04887555
41877.23 0.04953289
41971.270000000004 0.05008789
42065.219999999994 0.04804578
42159.259999999995 0.04674725
42253.31 0.04515416
42347.26 0.04325574
42441.3 0.0441843
42535.350000000006 0.04560315
42629.29 0.04262355
42723.34 0.04617969
42817.28 0.04689093
42911.33 0.04414119
43005.37 0.04208294
43099.32 0.03981993
43193.36 0.04362933
43287.4 0.04397058
43381.350000000006 0.04308333
43475.4 0.03961338
43569.35 0.04031024
43663.39 0.03982352
43757.44 0.03966186
43851.380000000005 0.03925777
43945.42999999999 0.0402833
44039.469999999994 0.04062276
44133.409999999996 0.04057786
44227.46 0.03828611
44321.4 0.03749228
44415.45 0.03673793
44509.49 0.03764853
44603.44 0.03853576
44697.490000000005 0.03380141
44791.439999999995 0.03643439
44885.479999999996 0.03582195
44979.52 0.03274355
45073.47 0.03341347
45167.51 0.03236459
45261.560000000005 0.03388761
45355.5 0.0341714
45449.549999999996 0.03489339
45543.59 0.03329493
45637.54 0.03522746
45731.58 0.03532086
45825.53 0.03666608
45919.57 0.03459347
46013.62 0.0388806
46107.560000000005 0.03921647
46201.61 0.04321084
46295.56 0.04777816
46389.6 0.0418243
46483.64 0.043236
46577.590000000004 0.04608091
46671.630000000005 0.04275647
46765.67999999999 0.04076824
46859.62 0.04149205
46953.67 0.04316774
47047.71 0.04067664
47141.659999999996 0.0356657
47235.7 0.03477127
47329.65 0.03371341
47423.69 0.03324285
47517.740000000005 0.02561867
47611.689999999995 0.03238612
47705.729999999996 0.03778143
47799.68 0.03182038
47893.72 0.03214906
47987.770000000004 0.03186169
48082.68 0.02914429
48563.51 0.02990042
49049.15 0.03066373
49539.64 0.03143424
50035.04 0.03221192
50535.38 0.03299858
50687.16 0.03323566
50980.95 0.03274355
51274.74999999999 0.03518256
51568.53 0.0394715
51862.329999999994 0.04012346
52156.22 0.05284119
52450.01 0.05406608
52743.78999999999 0.04670414
53037.58 0.04638266
53331.38 0.05263465
53625.26 0.04041622
53919.06 0.03316202
54212.85 0.03234482
54506.64 0.03809752
54800.43 0.03775628
55094.310000000005 0.04245293
55388.11 0.04286241
55681.9 0.03993667
55975.69 0.04811582
56269.479999999996 0.06435379
56563.369999999995 0.0662504
56857.16 0.06718973
57150.95 0.07165109
57444.740000000005 0.07252936
57738.53 0.06929648
58032.42 0.06211053
58326.21 0.0622165
58620.0 0.06534341
58913.78999999999 0.06330311
59207.58 0.06690417
59501.47 0.07187919
59795.26 0.08295355
60089.05 0.09515581
60382.84 0.1045922
60676.63 0.1101958
60970.52 0.1228705
61264.310000000005 0.1575322
61558.11 0.2326406
61851.89 0.3238434
62145.68 0.3678104
62439.57 0.3443003
62733.35999999999 0.2848155
63027.15 0.234311
63320.939999999995 0.1886018
63614.740000000005 0.1638793
63908.62 0.1447426
64202.409999999996 0.128431
64496.200000000004 0.1143681
64790.0 0.1056141
65083.780000000006 0.09855213
65377.67 0.09324843
65671.46 0.09763077
65965.26 0.1015712
66259.04000000001 0.1028662
66552.84 0.1025375
66846.73 0.09865809
67140.51000000001 0.09948788
67434.3 0.09969981
67728.09999999999 0.09616696
68021.89 0.1011205
68315.78 0.1019933
68609.57 0.1035451
68903.36 0.1163454
69197.15 0.1213636
69490.93000000001 0.1429196
69784.81999999999 0.1739929
70078.62 0.1665842
70372.41 0.1343759
70666.2 0.1282621
70959.99 0.1298463
71253.87 0.1337473
71547.66 0.1384188
71841.46 0.1394461
72135.25 0.1406889
72429.04000000001 0.1386055
72722.93000000001 0.1637141
73016.72 0.1535899
73310.51000000001 0.1834472
73604.3 0.1950496
74191.88 0.2278991
74779.56 0.2794632
75367.14 0.3296626
75954.72 0.3622786
76542.4 0.3637872
77129.99 0.3457909
77717.66 0.3329135
78305.23999999999 0.3191917
78892.83 0.2885153
79480.5 0.2486613
80068.08 0.216171
80655.67 0.1852612
81243.34 0.1613038
81830.93 0.1504953
82418.5 0.1472625
83006.18999999999 0.1491932
83593.77 0.1500912
84181.45000000001 0.1533115
84769.03 0.1602083
85356.62000000001 0.1702607
85944.29 0.1776981
86531.87000000001 0.1649624
87119.45999999999 0.1422569
87707.13 0.1158839
88294.70999999999 0.09309937
88882.29000000001 0.07731579
89469.97 0.07512822
90057.55 0.07292808
90645.23 0.05771206
91232.81 0.05239039
91820.40000000001 0.05095356
92408.07 0.05059974
92995.65 0.04909646
93583.23999999999 0.04674185
94170.92 0.04635929
94758.49 0.04737406
95346.06999999999 0.04609349
95933.76 0.04734892
96521.34 0.05383439
97109.02 0.04973046
97696.6 0.0430043
98284.18 0.04161596
98871.86 0.0407862
99459.44 0.03958106
100047.03 0.03997438
100634.70000000001 0.04021865
101222.28 0.04062815
101809.86 0.03965649
102397.54 0.039335
102985.12000000001 0.04038748
103572.81 0.04088318
104160.38 0.04290373
104747.97 0.04773686
105335.65 0.05401401
105923.23000000001 0.05354884
106510.81 0.05237063
107098.48 0.05336924
107686.06999999999 0.05366558
108273.65999999999 0.05364582
108861.32999999999 0.05683737
109448.91 0.06437176
110036.59000000001 0.07658121
110624.17 0.08322115
111211.74999999999 0.1051544
111799.43 0.1605926
112387.01000000001 0.2032036
112974.59999999999 0.1861233
113562.27 0.1505168
114149.84999999999 0.1218018
114737.43000000001 0.1021891
115325.11 0.09009279
115912.69 0.08412997
116500.38 0.07686138
117087.95999999999 0.07474386
117675.53 0.07380274
118263.21999999999 0.0758089
118850.8 0.0791262
119438.37999999999 0.0818885
120026.05 0.08224232
120613.64 0.07949438
121201.23 0.0783072
121788.90000000001 0.07735171
122376.48 0.08251891
122964.16 0.08922531
123551.74 0.08807583
124139.32 0.08840093
124727.0 0.09175054
125314.58 0.09664832
125902.16 0.1005242
126489.84999999999 0.1077371
127077.42 0.1158192
127665.0 0.159497
128252.68 0.2058797
128840.26000000001 0.1340023
129427.84 0.07815633
130015.53 0.06971496
130603.09999999999 0.06725439
131190.80000000002 0.06617856
131778.38 0.06590915
132365.94999999998 0.06602949
132953.63 0.06554996
133541.2 0.06384013
134128.8 0.06450106
134716.47 0.06350247
135304.05 0.06458369
135891.63 0.06389401
136479.31 0.06304807
137066.89 0.06154658
137654.58000000002 0.05994273
138242.16 0.05883816
138829.73 0.05718042
139417.41999999998 0.05584956
140005.0 0.05405711
140592.58 0.0538362
141623.95 0.06192913
142446.66 0.06385628
143269.34 0.06137955
144092.03 0.05890821
144914.63 0.05762404
145737.31 0.055379
146560.0 0.05533589
147382.59 0.0566021
148205.3 0.05668471
149027.98 0.05584057
149850.58000000002 0.05522274
150673.27000000002 0.05510959
151495.97 0.05566456
152318.56 0.0561064
153141.25 0.05649434
153963.94 0.05914349
154786.53 0.06406823
155609.23 0.08666416
156431.92 0.08055763
157254.61 0.06464116
158077.2 0.06304449
158899.91 0.0621303
159722.58 0.06254159
160545.2 0.06260265
161367.88 0.06394789
162190.56 0.0665252
163013.17 0.07012266
163835.84 0.07522341
164658.55000000002 0.0796704
165481.13 0.07798572
166303.84 0.07614656
167126.52 0.07798752
167949.11 0.07933812
168771.81 0.07969553
169594.5 0.08433471
170417.19 0.1007487
171239.8 0.09251025
172062.47999999998 0.08482322
172885.16 0.08290147
173707.78000000003 0.08232852
174530.47 0.08124013
175353.16 0.07720084
176175.75 0.07515336
176998.44 0.073501
177821.12999999998 0.07443674
178643.73 0.075676
179466.42 0.07643214
180289.09 0.07447806
181111.69 0.07288137
181934.39 0.07222223
182757.09 0.07267483
183579.78 0.07315617
184402.38 0.07364289
185225.06 0.07497197
186047.73 0.0799398
186870.36 0.1001668
187693.05 0.1288638
188515.72999999998 0.08551649
189338.33 0.07656864
190161.05 0.07799109
190983.69999999998 0.07802523
191806.31000000003 0.07654709
192628.99999999997 0.07628307
193451.68999999997 0.07606395
194274.30000000002 0.07597415
195096.97 0.07605497
195919.69 0.07731219
196742.36000000002 0.07814197
197564.95 0.07703739
198387.66 0.07682906
200032.94 0.07136013
201678.31 0.07978893
203323.63 0.07761572
204968.88999999998 0.08088092
206614.27 0.0841102
208259.55000000002 0.0836612
209904.94999999998 0.08308825
211550.23 0.08501001
213195.52000000002 0.08455561
214840.91 0.08391443
216486.2 0.08431673
218131.47 0.0870521
219776.84 0.08647019
221422.16 0.08531533
223067.53 0.08675396
224712.81 0.08982697
226358.09 0.08895949
228003.48 0.0903694
229648.78 0.09325382
231294.06 0.09012333
232939.44 0.08982339
234584.73 0.08996526
236230.11000000002 0.09325382
237875.38999999998 0.0935286
239520.69 0.09299518
241166.06 0.09298262
242811.36 0.09334721
244456.66 0.09233066
246102.05000000002 0.09148831
247747.31 0.09271502
249392.69 0.09447153
251037.97 0.09288563
252683.27 0.09270961
254328.66 0.09228037
255973.94 0.09333285
257619.22999999998 0.09469603
259264.59000000003 0.09639868
260909.89 0.09746912
262555.28 0.09659264
264200.56 0.09644178
265845.88 0.09621548
267491.25 0.09599278
269136.5 0.09601253
270781.78 0.09705065
272427.19 0.09759305
274072.5 0.09829708
275717.88 0.09852697
277363.16 0.09920229
279008.44 0.09956868
280653.81 0.1012336
282299.08999999997 0.1020544
283944.38 0.09980397
285589.77999999997 0.1000339
287235.06 0.1005242
288880.44 0.1014096
290525.75 0.101036
292171.03 0.09961718
293816.41 0.1003105
295461.69 0.1019718
297106.97 0.1024513
298752.38 0.1035595
300397.66 0.1042438
302043.02999999997 0.1045563
303688.31 0.1042042
305333.59 0.1022358
306978.97000000003 0.1061566
308624.28 0.1052837
310269.59 0.10484
311914.97 0.1061063
313560.22 0.1073365
315205.63 0.1077083
316850.91 0.1076383
318496.19 0.1065732
320141.56 0.1078772
321786.88 0.111726
323432.12 0.1148242
325077.56 0.1182133
326722.83999999997 0.1149194
328368.19 0.1190898
330013.47000000003 0.1227825
331658.77999999997 0.1185546
333304.13 0.132702
334949.41 0.1485502
336594.72000000003 0.1359582
338240.13 0.1247419
339885.37 0.123526
