100.09 3.37705e-10
101.94999999999999 5.111803e-10
104.08000000000001 7.04024e-10
106.02000000000001 9.829437e-10
107.99 1.394884e-09
110.0 2.205799e-09
114.13 3.877188e-09
117.87 6.360594e-09
120.89000000000001 2.688818e-08
125.14000000000001 4.00417e-08
126.88 4.726713e-08
128.05 5.218953e-08
131.03 6.539977e-08
131.94 8.045345e-08
134.09 9.258985e-08
136.89 1.313912e-07
140.07999999999998 1.597916e-07
143.02 5.07632e-07
147.02 1.515571e-06
151.14000000000001 1.839098e-06
155.02 2.241696e-06
159.0 2.732436e-06
161.95000000000002 3.137205e-06
166.11 3.815327e-06
169.98 4.503401e-06
173.14 5.123242e-06
177.17 5.991868e-06
180.05 6.707335e-06
182.13 7.237228e-06
185.95000000000002 8.347497e-06
191.16 9.920754e-06
193.81 1.105602e-05
197.87 1.251913e-05
202.02 1.424142e-05
204.83 1.56151e-05
210.07999999999998 1.72407e-05
215.97000000000003 2.130812e-05
219.98 2.385421e-05
223.04000000000002 2.550107e-05
227.19 2.84797e-05
229.82 4.565892e-05
234.09 8.157248e-05
240.1 0.0001085299
246.26 0.0001113105
251.98999999999998 0.0001269294
257.27 0.0001141738
260.25 0.0001356954
263.87 0.0001484397
268.77000000000004 0.0001565144
273.77 0.0001642703
278.86 0.0001724127
284.03999999999996 0.0001805358
289.99 0.0001813673
296.06 0.0001947962
300.88 0.0002011674
307.88 0.0002145694
317.96999999999997 0.0002358042
327.63 0.0002515121
338.37 0.0002658035
347.85 0.0002789641
356.77 0.0002914501
365.92 0.0003051773
375.31 0.0003158961
384.93 0.0003173757
394.81 0.0003385002
404.94 0.0003520009
414.37 0.0003602073
422.07 0.0003643806
429.92 0.0003703048
440.95000000000005 0.0003815684
451.22 0.00038597
459.61 0.0003895323
470.31000000000006 0.0003958649
480.16 0.0004041745
490.21000000000004 0.0004023207
500.48 0.0004126209
506.27 0.0004097909
512.14 0.0004350626
520.46 0.0004390972
530.13 0.0004391037
539.99 0.0004330637
550.0300000000001 0.0004431542
560.26 0.0004608488
569.36 0.0004781495
579.9399999999999 0.0004726902
589.37 0.0004926648
600.32 0.0004881676
610.08 0.000461918
619.99 0.0005279008
630.0699999999999 0.0005364954
640.3000000000001 0.0005439477
650.71 0.0005630435
658.2399999999999 0.0005735503
664.33 0.0005909677
675.13 0.0005936799
684.52 0.0005815168
695.64 0.0006584885
705.3199999999999 0.0006376406
716.7800000000001 0.0007023625
726.75 0.0007203794
735.17 0.0007371547
745.39 0.0007917054
755.76 0.0008271245
764.5200000000001 0.0008289929
775.15 0.0009111092
784.13 0.0009518254
795.0300000000001 0.000989818
804.24 0.001029344
815.4300000000001 0.001060596
824.87 0.001144332
834.4200000000001 0.000960629
844.0799999999999 0.001195545
855.83 0.001223339
865.74 0.001310862
875.76 0.001401381
885.9 0.0015225
894.1 0.001605312
904.4499999999999 0.001583286
914.9300000000001 0.002567751
925.52 0.01886109
934.08 0.04164582
944.9000000000001 0.08233226
955.84 0.1240385
964.6899999999999 0.1266352
975.86 0.01720112
984.89 0.08801462
994.0 0.1087835
1005.51 0.1873072
1014.8100000000001 0.1903541
1024.2 0.08502903
1036.06 0.1184572
1045.65 0.2682587
1055.32 0.2658037
1065.0900000000001 0.1899117
1074.94 0.2424187
1084.89 0.1744053
1094.9299999999998 0.2645839
1105.06 0.2550143
1115.29 0.2368971
1125.61 0.2082354
1136.02 0.2961835
1143.89 0.2639722
1154.48 0.2927943
1165.1599999999999 0.3023839
1175.94 0.190354
1184.09 0.2961841
1195.05 0.1756148
1206.11 0.1110587
1214.47 0.09496223
1225.71 0.2030284
1234.2 0.34085
1245.6200000000001 0.3797907
1254.26 0.3528257
1265.8600000000001 0.2901074
1274.6399999999999 0.4116749
1286.43 0.4421271
1295.3500000000001 0.3122897
1304.33 0.3072943
1316.39 0.427117
1325.52 0.4060256
1334.71 0.3369458
1343.9599999999998 0.444172
1356.39 0.4290829
1365.8000000000002 0.3669057
1375.26 0.3976865
1384.8 0.4041673
1394.4 0.3479826
1404.06 0.3635464
1413.79 0.3669117
1423.5900000000001 0.3895342
1433.46 0.3841894
1443.3999999999999 0.4145201
1446.73 0.4261596
1453.3999999999999 0.4097819
1463.48 0.3677547
1473.62 0.3711608
1483.84 0.3859676
1494.12 0.3976905
1504.48 0.3703052
1511.42 0.3166376
1518.4 0.3503936
1525.41 0.3338553
1535.98 0.2783281
1546.6299999999999 0.3255062
1553.77 0.3051794
1564.5400000000002 0.3080042
1575.38 0.3323251
1586.3 0.3593872
1593.6200000000001 0.3669115
1604.67 0.3627134
1615.79 0.3677559
1623.25 0.3416348
1634.5000000000002 0.372875
1645.8300000000002 0.3806625
1653.4299999999998 0.3447961
1664.8899999999999 0.3859706
1672.58 0.3285134
1676.4299999999998 0.3877514
1684.17 0.416456
1695.8400000000001 0.3859728
1703.6699999999998 0.3669114
1715.48 0.3408484
1723.3999999999999 0.3400637
1735.35 0.3711587
1743.36 0.3618764
1755.44 0.3967786
1763.5400000000002 0.3536386
1775.7700000000002 0.3652243
1783.96 0.3754586
1796.33 0.4116795
1804.6200000000001 0.4097831
1812.95 0.3686034
1825.52 0.3806586
1833.94 0.3618775
1846.6599999999999 0.3270052
1855.1799999999998 0.3255065
1863.74 0.3400627
1876.66 0.3815726
1885.3200000000002 0.3447948
1894.03 0.3300323
1907.1599999999999 0.354452
1915.9599999999998 0.3377216
1924.8000000000002 0.3338563
1933.69 0.3463873
1947.09 0.3627111
1956.08 0.3377218
1965.11 0.3806589
1974.18 0.3940465
1983.29 0.3686019
1997.04 0.3560885
2006.25 0.3711592
2015.52 0.3528242
2024.82 0.3763202
2034.16 0.3520164
2043.5500000000002 0.3720128
2052.9900000000002 0.3536358
2067.22 0.3528233
2071.98 0.3851
2076.76 0.3627102
2086.35 0.3815686
2095.98 0.357731
2105.65 0.358559
2115.37 0.363543
2125.13 0.3703052
2134.94 0.3377231
2144.8 0.3512009
2154.7 0.3686026
2164.64 0.3552716
2174.63 0.3520153
2184.67 0.344004
2194.75 0.3643859
2204.89 0.3528228
2215.06 0.3315581
2225.29 0.3188267
2235.56 0.346386
2245.88 0.3285157
2256.24 0.3101409
2266.66 0.321039
2277.12 0.3323237
2287.63 0.3440029
2292.91 0.3225422
2303.49 0.321218
2314.12 0.302001
2324.7999999999997 0.2204045
2335.53 0.2744269
2346.31 0.266464
2357.14 0.2943453
2362.58 0.2642168
2373.48 0.2742673
2384.44 0.2519939
2395.44 0.2739105
2406.5 0.2605098
2417.61 0.2704214
2423.18 0.2911739
2434.37 0.2782092
2445.6 0.2989449
2456.89 0.2943146
2462.56 0.291688
2473.92 0.2793474
2485.34 0.2886505
2496.81 0.2713894
2502.57 0.3074001
2514.1200000000003 0.2666449
2519.92 0.2767232
2525.73 0.261912
2537.38 0.2687728
2543.23 0.2621178
2554.97 0.2882237
2566.77 0.2773024
2572.68 0.2985877
2584.5600000000004 0.2932933
2596.4900000000002 0.2880937
2602.4700000000003 0.2764735
2614.48 0.2722012
2626.55 0.2884823
2632.61 0.3035542
2644.7599999999998 0.3353309
2656.9700000000003 0.3489081
2663.09 0.3039728
2675.38 0.3236436
2687.73 0.3230795
2693.93 0.3050904
2706.3599999999997 0.3189124
2712.6 0.2970252
2725.12 0.2951452
2737.7000000000003 0.3142507
2744.01 0.2632672
2756.6800000000003 0.2714182
2763.03 0.2849487
2775.7900000000004 0.3013088
2782.19 0.2806276
2795.03 0.2204861
2807.9300000000003 0.2396806
2814.4 0.2976852
2827.3900000000003 0.3198943
2833.91 0.3062883
2846.99 0.2953833
2853.55 0.2802284
2866.73 0.320454
2873.33 0.326507
2886.6000000000004 0.3214732
2893.25 0.3215691
2913.31 0.3602938
2926.75 0.3427022
2947.0400000000004 0.3359742
2967.47 0.3456974
2988.04 0.3476069
3008.75 0.3535797
3029.6099999999997 0.3547215
3050.61 0.3550458
3071.7499999999995 0.3594924
3093.0400000000004 0.3631593
3107.32 0.3667456
3128.86 0.3603942
3150.5499999999997 0.3624
3172.39 0.3652587
3187.03 0.3418871
3209.12 0.3599964
3231.37 0.3370703
3246.28 0.3689796
3268.78 0.3885483
3291.44 0.3844545
3306.6299999999997 0.3820641
3321.8999999999996 0.3770764
3329.55 0.3986355
3337.23 0.3861228
3344.92 0.3809662
3352.6299999999997 0.3706906
3360.36 0.3865005
3368.11 0.3848703
3375.8700000000003 0.3447037
3383.65 0.3528526
3391.46 0.3915044
3399.27 0.400759
3407.1099999999997 0.3810773
3414.96 0.3847578
3422.8399999999997 0.4095542
3430.73 0.3967001
3438.64 0.40235
3446.5600000000004 0.3449647
3454.51 0.3907852
3462.4700000000003 0.356511
3470.45 0.38214
3478.4500000000003 0.3486354
3486.47 0.3719817
3494.51 0.3653196
3502.56 0.3915817
3510.64 0.386349
3518.73 0.3750797
3526.84 0.3675149
3534.9700000000003 0.3957525
3543.1200000000003 0.4183897
3551.2899999999995 0.4175554
3559.48 0.4072794
3567.68 0.397231
3575.91 0.359908
3584.1499999999996 0.3367778
3592.41 0.3527773
3600.6899999999996 0.4108074
3608.9900000000002 0.375672
3617.3100000000004 0.3916961
3625.65 0.4065598
3627.3 0.4611985
3630.04 0.4024253
3632.7799999999997 0.4279821
3635.52 0.4791336
3638.25 0.3337876
3640.9900000000002 0.5049586
3643.73 0.3981805
3646.47 0.204194
3649.21 0.4771264
3651.95 0.3703976
3654.69 0.4870609
3657.43 0.2941058
3660.1699999999996 0.332991
3662.91 0.3530157
3665.6499999999996 0.2129075
3668.3900000000003 0.4088352
3671.13 0.5018866
3673.8700000000003 0.3156925
3676.61 0.4242677
3679.35 0.4552848
3682.09 0.4428855
3684.83 0.3008625
3687.57 0.3843396
3690.31 0.5096594
3693.0499999999997 0.46575
3695.79 0.5263434
3698.5299999999997 0.4772013
3701.27 0.3244968
3704.0099999999998 0.4229401
3706.7499999999995 0.3685691
3709.49 0.2940673
3712.2300000000005 0.3916195
3714.9700000000003 0.4410649
3717.71 0.5075734
3720.4500000000003 0.695989
3723.19 1.152335
3725.9300000000003 1.350419
3728.67 1.167312
3731.41 0.9413574
3734.15 0.6214414
3736.89 0.4546392
3739.63 0.4411403
3742.37 0.3441531
3745.1099999999997 0.4944911
3747.85 0.5050702
3750.5899999999997 0.4599096
3753.3300000000004 0.4374619
3756.07 0.4176687
3758.8100000000004 0.3875995
3761.55 0.5277449
3764.29 0.4323049
3767.03 0.4779204
3769.77 0.5163693
3772.51 0.4795887
3775.2400000000002 0.4455405
3777.98 0.3180401
3780.7200000000003 0.577193
3783.46 0.5841699
3786.2000000000003 0.5419667
3788.94 0.6211401
3791.68 0.5825391
3794.42 0.5758654
3797.16 0.446109
3799.9 0.5205804
3802.64 0.6811644
3805.3799999999997 0.6171962
3808.12 0.5669922
3810.8599999999997 0.7315954
3813.6 0.6391126
3816.3399999999997 0.6631149
3819.0800000000004 0.5807184
3821.82 0.4498624
3824.5600000000004 0.4790973
3827.3 0.4232816
3830.04 0.6013079
3832.78 0.3215127
3835.52 0.4417477
3838.26 0.3806613
3841.0 0.545454
3843.74 0.5276703
3846.48 0.5928896
3849.22 0.4749259
3851.96 0.5818932
3854.7 0.4824336
3857.4399999999996 0.5966054
3860.18 0.6129859
3862.92 0.603658
3865.6600000000003 0.5922067
3868.4 0.5987664
3871.1400000000003 0.6451024
3873.88 0.6154504
3876.62 0.5973632
3879.36 0.5852293
3882.1 0.5584211
3884.84 0.4589996
3887.58 0.5657772
3890.3199999999997 0.4973728
3893.06 0.526418
3895.7999999999997 0.4571035
3898.54 0.5572832
3901.2799999999997 0.5989932
3904.0200000000004 0.5423055
3906.76 0.6078659
3909.49 0.6037738
3912.23 0.6117745
3914.97 0.507537
3917.7099999999996 0.5615705
3920.45 0.6271692
3923.1899999999996 0.6686139
3925.9300000000003 0.5687369
3928.67 0.4728035
3931.4100000000003 0.5038965
3934.15 0.4676086
3936.8900000000003 0.4709075
3939.63 0.4995736
3942.37 0.5724146
3945.11 0.5407148
3947.85 0.621822
3950.59 0.6527633
3953.33 0.6089297
3956.0699999999997 0.5545548
3958.81 0.4979048
3961.5499999999997 0.4919516
3964.29 0.4676839
3967.0299999999997 0.354604
3969.7700000000004 0.3879796
3972.51 0.4139157
3975.25 0.4706413
3977.9900000000002 0.5904629
3980.73 0.6593603
3983.4700000000003 0.6324763
3986.21 0.5871259
3988.95 0.6334241
3991.69 0.6560233
3994.43 0.6520797
3997.17 0.6680811
3999.91 0.6245889
4002.6499999999996 0.6890118
4005.39 0.7024348
4008.1299999999997 0.7194221
4010.8700000000003 0.7518421
4013.61 0.7615111
4016.3500000000004 0.7689431
4019.09 0.7470642
4021.83 0.7535481
4024.57 0.7626484
4027.31 0.7251851
4030.05 0.7512349
4032.79 0.7434237
4035.5299999999997 0.7386079
4038.27 0.6159805
4041.0099999999998 0.6322474
4043.75 0.7283319
4046.48 0.7530582
4049.2200000000003 0.7021718
4051.96 0.7203725
4054.7 0.7034229
4057.44 0.707556
4060.18 0.7593144
4062.92 0.7641299
4065.66 0.6917438
4068.3999999999996 0.6831363
4071.14 0.6874968
4073.8799999999997 0.7041429
4076.6200000000003 0.6348282
4079.36 0.6930706
4082.1000000000004 0.6502986
4084.84 0.5991088
4087.58 0.6701297
4090.32 0.6913639
4093.06 0.6404775
4095.8 0.5785569
4098.54 0.5456059
4101.28 0.5889465
4104.0199999999995 0.6165888
4106.76 0.5989568
4109.5 0.5592184
4112.24 0.6627729
4114.98 0.7602228
4117.72 0.7412635
4120.46 0.6630383
4123.2 0.6013831
4125.9400000000005 0.6671712
4128.68 0.7502499
4131.42 0.6594737
4134.16 0.6714936
4136.9 0.7039516
4139.64 0.6957612
4142.38 0.6355471
4145.12 0.6523068
4147.86 0.7896844
4150.599999999999 0.77683
4153.34 0.6680806
4156.08 0.6372151
4158.82 0.7166537
4161.56 0.7427413
4164.3 0.6655399
4167.04 0.6944713
4169.78 0.6584491
4172.52 0.6705069
4175.26 0.6675114
4178.0 0.6365322
4180.73 0.6882557
4183.47 0.7225337
4186.21 0.7007307
4188.95 0.6907202
4191.6900000000005 0.6529156
4194.43 0.6468106
4197.17 0.7009959
4199.91 0.6582239
4202.65 0.7147222
4205.39 0.6941704
4208.13 0.6928811
4210.87 0.6359277
4213.61 0.6581857
4216.349999999999 0.6996683
4219.09 0.7470661
4221.83 0.6595505
4224.570000000001 0.6158308
4227.31 0.6976962
4230.05 0.6025593
4232.79 0.7011466
4235.53 0.6954589
4238.27 0.672139
4241.01 0.6625457
4243.75 0.6509426
4246.49 0.6497291
4249.23 0.7326184
4251.97 0.6130241
4254.71 0.6528383
4257.45 0.7122181
4260.19 0.6814665
4262.929999999999 0.7088432
4265.67 0.6598908
4268.41 0.6004729
4271.150000000001 0.7017525
4273.89 0.6497285
4276.63 0.6192044
4279.37 0.6247404
4282.11 0.6566296
4284.85 0.6728964
4287.59 0.6438131
4290.33 0.6498799
4293.07 0.7000836
4295.8099999999995 0.5162561
4298.55 0.6128716
4301.29 0.5268351
4304.03 0.6044158
4306.7699999999995 0.5048046
4309.509999999999 0.589438
4312.25 0.6476423
4314.99 0.6777112
4317.72 0.6733537
4320.46 0.6893932
4323.2 0.6546598
4325.94 0.6468107
4328.679999999999 0.6145042
4331.42 0.6137079
4334.16 0.6743772
4336.900000000001 0.6932984
4339.64 0.6090817
4342.38 0.5787471
4345.12 0.5990711
4347.86 0.6972416
4350.6 0.6448005
4353.34 0.671533
4356.08 0.6936012
4358.82 0.734553
4361.5599999999995 0.6879892
4364.3 0.6914018
4367.04 0.7193096
4369.78 0.7120672
4372.5199999999995 0.6347517
4375.26 0.6433971
4378.0 0.6694089
4380.74 0.6423351
4383.4800000000005 0.6488192
4386.22 0.6484398
4388.96 0.6656927
4391.7 0.794842
4394.44 0.7318598
4397.18 0.7081229
4399.92 0.6382775
4402.66 0.6601563
4405.4 0.6705838
4408.139999999999 0.7121041
4410.88 0.6740721
4413.62 0.6940549
4416.36 0.7201048
4419.1 0.7113455
4421.84 0.6595872
4424.58 0.7042546
4427.32 0.7255647
4430.06 0.7528277
4432.8 0.7212418
4435.54 0.7224173
4438.28 0.7250715
4441.0199999999995 0.7194216
4443.76 0.6990595
4446.5 0.6611791
4449.24 0.7021306
4451.98 0.7518793
4454.71 0.7437301
4457.45 0.7038399
4460.19 0.7242021
4462.93 0.6641393
4465.67 0.7175662
4468.41 0.7453981
4471.15 0.7474837
4473.889999999999 0.7100961
4476.63 0.7081623
4479.37 0.7116506
4482.110000000001 0.7660634
4484.85 0.7598447
4487.59 0.6990617
4490.33 0.7351218
4493.07 0.7143805
4495.81 0.722457
4498.55 0.7466868
4501.29 0.7816473
4504.03 0.7888897
4506.7699999999995 0.7944635
4509.51 0.7742152
4512.25 0.7819124
4514.99 0.7707643
4517.73 0.7318222
4520.469999999999 0.7635976
4523.21 0.7395575
4525.95 0.6972026
4528.6900000000005 0.6519283
4531.43 0.6768404
4534.17 0.7334903
4536.91 0.7651519
4539.65 0.7527906
4542.39 0.7467614
4545.13 0.7536626
4547.87 0.741339
4550.61 0.7408082
4553.349999999999 0.7234035
4556.09 0.7317076
4558.83 0.7610942
4561.57 0.7663268
4564.3099999999995 0.7689809
4567.05 0.780546
4569.79 0.7927176
4572.530000000001 0.7824797
4575.27 0.7896082
4578.01 0.7652648
4580.75 0.7250335
4583.49 0.7201419
4586.2300000000005 0.7653403
4588.97 0.7701558
4591.7 0.7573427
4594.4400000000005 0.7457018
4597.18 0.7462704
4599.92 0.7455499
4602.66 0.7451707
4605.4 0.7604517
4608.14 0.7728887
4610.88 0.7879046
4613.62 0.8169498
4616.36 0.8241921
4619.099999999999 0.7620439
4621.84 0.7671629
4624.58 0.7904825
4627.32 0.7646981
4630.0599999999995 0.8091762
4632.8 0.7852497
4635.54 0.8090622
4638.28 0.765077
4641.02 0.6928425
4643.76 0.7187028
4646.5 0.7395957
4649.24 0.7149108
4651.98 0.7147971
4654.72 0.7406192
4657.46 0.7736839
4660.2 0.7367893
4662.94 0.7081991
4665.679999999999 0.711839
4668.42 0.7309119
4671.16 0.7138865
4673.900000000001 0.7194226
4676.64 0.7183608
4679.38 0.7243518
4682.12 0.7453204
4684.860000000001 0.7996573
4687.6 0.7445621
4690.34 0.7249583
4693.08 0.7989745
4695.82 0.7680711
4698.56 0.7244272
4701.3 0.72128
4704.04 0.764355
4706.78 0.7567334
4709.5199999999995 0.747557
4712.26 0.7513109
4715.0 0.7511212
4717.740000000001 0.755785
4720.4800000000005 0.7529033
4723.22 0.7856644
4725.96 0.72746
4728.69 0.6632673
4731.429999999999 0.7463842
4734.17 0.7876394
4736.91 0.7672391
4739.650000000001 0.8045887
4742.39 0.7385349
4745.13 0.7135846
4747.87 0.7483556
4750.61 0.7800174
4753.35 0.8161534
4756.09 0.7954879
4758.83 0.6757797
4761.57 0.7587828
4764.3099999999995 0.7018295
4767.05 0.7360318
4769.79 0.7866526
4772.53 0.7981798
4775.2699999999995 0.8211959
4778.009999999999 0.8103135
4780.75 0.740885
4783.490000000001 0.7374722
4786.2300000000005 0.6979993
4788.97 0.7087301
4791.71 0.7577204
4794.45 0.7285232
4797.1900000000005 0.737434
4799.93 0.7481269
4802.67 0.7173372
4805.41 0.7551037
4808.15 0.7274613
4810.89 0.8116017
4813.63 0.8069757
4816.37 0.7883957
4819.11 0.7570753
4821.849999999999 0.777513
4824.59 0.8238869
4827.33 0.8210809
4830.070000000001 0.7877887
4832.81 0.7486191
4835.55 0.7329209
4838.29 0.7604874
4841.03 0.7428175
4843.77 0.7233653
4846.51 0.7326553
4849.25 0.7236686
4851.99 0.7166915
4854.73 0.7963955
4857.47 0.9182644
4860.21 0.8981678
4862.95 0.8569506
4865.68 0.7898386
4868.42 0.6507163
4871.16 0.6743393
4873.9 0.6919713
4876.639999999999 0.6910233
4879.38 0.7015266
4882.12 0.7106648
4884.86 0.694777
4887.599999999999 0.6714951
4890.34 0.7032706
4893.08 0.6948526
4895.820000000001 0.6932221
4898.56 0.7019054
4901.3 0.7320125
4904.04 0.7135841
4906.78 0.7328466
4909.52 0.7524502
4912.26 0.7706889
4915.0 0.7229876
4917.74 0.7426291
4920.48 0.6584885
4923.22 0.748165
4925.96 0.7125599
4928.7 0.7540423
4931.4400000000005 0.7119152
4934.18 0.8103128
4936.92 0.7441834
4939.66 0.7817982
4942.400000000001 0.7406569
4945.14 0.7883579
4947.88 0.8006813
4950.62 0.7537763
4953.36 0.8795891
4956.1 0.8915332
4958.84 0.883229
4961.58 0.8350349
4964.32 0.8371962
4967.0599999999995 0.7380399
4969.8 0.7620043
4972.54 0.7534347
4975.280000000001 0.7633313
4978.02 0.6868502
4980.76 0.7576814
4983.5 0.7430069
4986.24 0.7306076
4988.9800000000005 0.7172603
4991.72 0.7648476
4994.46 0.7449785
4997.2 0.8332898
4999.94 0.9196674
5002.67 1.049579
5005.41 1.031871
5008.150000000001 0.9658553
5010.89 0.8707182
5013.63 0.7340606
5016.37 0.7491519
5019.11 0.7221162
5021.85 0.6579583
5024.59 0.6749078
5027.33 0.7309509
5030.07 0.7363353
5032.8099999999995 0.7177552
5035.55 0.6397574
5038.29 0.6962555
5041.03 0.6959901
5043.7699999999995 0.716845
5046.509999999999 0.7336807
5049.25 0.7303058
5051.99 0.7246938
5054.73 0.7216983
5057.469999999999 0.7431599
5060.210000000001 0.762574
5062.950000000001 0.6998951
5065.6900000000005 0.733832
5068.43 0.7529426
5071.17 0.7515017
5073.910000000001 0.6985298
5076.650000000001 0.7172614
5079.39 0.6994018
5082.13 0.7656829
5084.87 0.7496054
5087.610000000001 0.7762999
5090.35 0.7109666
5093.09 0.7041035
5095.83 0.6522312
5098.57 0.7449033
5101.31 0.6948891
5104.05 0.7081985
5106.79 0.6887084
5109.53 0.6969366
5112.2699999999995 0.6984532
5115.01 0.7158577
5117.75 0.7445237
5120.49 0.7020932
5123.23 0.7229861
5125.969999999999 0.7566573
5128.71 0.6883667
5131.45 0.7285599
5134.19 0.6912484
5136.929999999999 0.6877218
5139.660000000001 0.731596
5142.400000000001 0.7008064
5145.14 0.6696753
5147.88 0.7003512
5150.62 0.7257943
5153.360000000001 0.7166181
5156.1 0.7311406
5158.84 0.6750974
5161.58 0.7132431
5164.32 0.7399376
5167.06 0.6429425
5169.8 0.6103707
5172.54 0.6791923
5175.28 0.6393401
5178.0199999999995 0.6422218
5180.76 0.6167028
5183.5 0.5917904
5186.24 0.6771444
5188.98 0.6796849
5191.719999999999 0.7489235
5194.46 0.6736178
5197.2 0.709223
5199.94 0.6866238
5202.679999999999 0.7497955
5205.419999999999 0.6096496
5208.16 0.6762718
5210.900000000001 0.6941693
5213.64 0.7199535
5216.38 0.7165789
5219.120000000001 0.6714181
5221.860000000001 0.6805943
5224.6 0.6827177
5227.34 0.7076679
5230.08 0.698264
5232.820000000001 0.6976194
5235.56 0.7615873
5238.3 0.7213561
5241.04 0.7599188
5243.78 0.7260199
5246.52 0.7275745
5249.26 0.7544206
5252.0 0.7510079
5254.74 0.6805558
5257.48 0.7257922
5260.22 0.6438887
5262.96 0.7272708
5265.7 0.660838
5268.44 0.6225786
5271.179999999999 0.6640989
5273.92 0.7371672
5276.650000000001 0.6988346
5279.39 0.6861697
5282.13 0.7196517
5284.870000000001 0.7090723
5287.610000000001 0.7051667
5290.35 0.7356529
5293.09 0.7988627
5295.83 0.7595793
5298.570000000001 0.7257562
5301.31 0.7468007
5304.05 0.7850603
5306.79 0.7666319
5309.53 0.7982557
5312.27 0.7299269
5315.01 0.7554837
5317.75 0.8158875
5320.49 0.7623847
5323.23 0.6947006
5325.97 0.6750588
5328.71 0.6901882
5331.45 0.7398989
5334.19 0.7160104
5336.929999999999 0.7251486
5339.67 0.6807843
5342.41 0.7494162
5345.15 0.7256035
5347.889999999999 0.7510465
5350.629999999999 0.7389507
5353.37 0.8295751
5356.11 0.8536154
5358.849999999999 0.7940835
5361.59 0.7703467
5364.330000000001 0.755369
5367.070000000001 0.6881399
5369.81 0.7068335
5372.55 0.7331866
5375.29 0.7780438
5378.030000000001 0.7216215
5380.77 0.8115634
5383.51 0.7532073
5386.25 0.7437655
5388.99 0.7338309
5391.7300000000005 0.7452822
5394.47 0.7205215
5397.21 0.7110799
5399.95 0.7449407
5402.69 0.7342098
5405.43 0.7263986
5408.17 0.6936752
5410.91 0.6850297
5413.639999999999 0.6840464
5416.379999999999 0.7752019
5419.12 0.7327333
5421.86 0.7376248
5424.6 0.7772872
5427.34 0.7191965
5430.080000000001 0.7208647
5432.820000000001 0.7530573
5435.56 0.7105508
5438.3 0.7273866
5441.04 0.7010711
5443.780000000001 0.8024647
5446.52 0.7193098
5449.26 0.7599961
5452.0 0.6717981
5454.74 0.7080478
5457.4800000000005 0.7356902
5460.22 0.7323533
5462.96 0.7712575
5465.7 0.7280684
5468.44 0.7811161
5471.18 0.7730773
5473.92 0.7758454
5476.66 0.7378891
5479.4 0.7355761
5482.139999999999 0.7655314
5484.88 0.7491507
5487.62 0.7547625
5490.36 0.7530941
5493.099999999999 0.7847557
5495.839999999999 0.7642799
5498.58 0.7246931
5501.32 0.7110047
5504.0599999999995 0.746951
5506.799999999999 0.6953823
5509.540000000001 0.8227874
5512.280000000001 0.7592744
5515.02 0.7793708
5517.76 0.7173746
5520.5 0.7634072
5523.240000000001 0.7593499
5525.9800000000005 0.6901871
5528.72 0.7324278
5531.46 0.7347409
5534.2 0.7262092
5536.9400000000005 0.7820247
5539.68 0.7831243
5542.42 0.763293
5545.16 0.778991
5547.889999999999 0.7234435
5550.63 0.791469
5553.37 0.7968154
5556.11 0.7618167
5558.849999999999 0.7582523
5561.589999999999 0.7264009
5564.33 0.7450946
5567.07 0.7224953
5569.8099999999995 0.7471041
5572.549999999999 0.7292446
5575.290000000001 0.7383449
5578.030000000001 0.7144564
5580.77 0.6909469
5583.51 0.7073655
5586.25 0.6874204
5588.990000000001 0.7376999
5591.7300000000005 0.6991371
5594.47 0.7270069
5597.21 0.696786
5599.95 0.7111949
5602.6900000000005 0.7383444
5605.43 0.7075926
5608.17 0.7436528
5610.91 0.7814193
5613.65 0.7525256
5616.39 0.7296987
5619.13 0.7595783
5621.87 0.7381164
5624.61 0.7528287
5627.349999999999 0.7257171
5630.09 0.7343625
5632.83 0.7361445
5635.57 0.8112984
5638.3099999999995 0.7624596
5641.049999999999 0.7854381
5643.79 0.7280298
5646.53 0.6606492
5649.2699999999995 0.7237449
5652.009999999999 0.75389
5654.749999999999 0.7859686
5657.49 0.7952585
5660.2300000000005 0.764431
5662.97 0.7261714
5665.71 0.7766405
5668.450000000001 0.7461542
5671.1900000000005 0.7368643
5673.93 0.6963675
5676.67 0.7235928
5679.41 0.7360678
5682.150000000001 0.7755406
5684.88 0.7912794
5687.62 0.7697416
5690.36 0.7543089
5693.099999999999 0.7317853
5695.84 0.7369802
5698.58 0.7350462
5701.32 0.7192343
5704.0599999999995 0.7223814
5706.799999999999 0.7478625
5709.54 0.7344393
5712.28 0.7278416
5715.0199999999995 0.74244
5717.759999999999 0.7745189
5720.499999999999 0.7884726
5723.240000000001 0.7628019
5725.9800000000005 0.7566591
5728.72 0.7662902
5731.46 0.7887
5734.200000000001 0.7836567
5736.9400000000005 0.7574931
5739.68 0.7907474
5742.42 0.7904061
5745.16 0.7559003
5747.900000000001 0.7329978
5750.64 0.7347798
5753.38 0.7222668
5756.12 0.7119151
5758.86 0.7527909
5761.6 0.780509
5764.34 0.7793336
5767.08 0.7293193
5769.82 0.7588197
5772.5599999999995 0.7797504
5775.3 0.7348553
5778.04 0.7160098
5780.78 0.7116492
5783.5199999999995 0.7426662
5786.259999999999 0.7698536
5789.0 0.7373575
5791.74 0.7111938
5794.48 0.7657203
5797.219999999999 0.7796361
5799.959999999999 0.7313284
5802.7 0.7181327
5805.44 0.723593
5808.179999999999 0.7128999
5810.920000000001 0.7838069
5813.660000000001 0.7839964
5816.400000000001 0.7878641
5819.14 0.7745547
5821.87 0.7763395
5824.61 0.7365632
5827.35 0.7391794
5830.09 0.7750881
5832.83 0.764888
5835.57 0.7416061
5838.3099999999995 0.7637123
5841.05 0.7955259
5843.79 0.7439948
5846.53 0.7602238
5849.2699999999995 0.7476728
5852.009999999999 0.7268556
5854.75 0.7254146
5857.49 0.7039527
5860.23 0.732126
5862.969999999999 0.7586688
5865.709999999999 0.7651528
5868.45 0.7293958
5871.19 0.7008433
5873.93 0.5720348
5876.67 0.6544692
5879.410000000001 0.7026253
5882.150000000001 0.6974305
5884.89 0.6460132
5887.63 0.6869649
5890.37 0.6209112
5893.110000000001 0.5891358
5895.85 0.6393015
5898.59 0.6760064
5901.33 0.7309119
5904.07 0.7755796
5906.81 0.8026151
5909.55 0.7183609
5912.29 0.7399741
5915.03 0.7128627
5917.7699999999995 0.7907466
5920.51 0.7625734
5923.25 0.7271576
5925.99 0.7157062
5928.73 0.7207114
5931.469999999999 0.7689433
5934.21 0.7361061
5936.95 0.7590844
5939.69 0.7461164
5942.429999999999 0.7182085
5945.17 0.6659952
5947.91 0.7653028
5950.65 0.7360679
5953.389999999999 0.7184359
5956.129999999999 0.7618901
5958.860000000001 0.8096697
5961.6 0.7494933
5964.34 0.7446776
5967.08 0.6832499
5969.82 0.7518062
5972.56 0.7152149
5975.3 0.7425541
5978.04 0.7365249
5980.78 0.7384967
5983.5199999999995 0.7218884
5986.26 0.6813158
5989.0 0.7198028
5991.74 0.7639395
5994.48 0.7764905
5997.219999999999 0.7685655
5999.96 0.7118776
6002.7 0.733491
6005.44 0.7803959
6008.179999999999 0.7588203
6010.919999999999 0.7155176
6013.66 0.6993264
6016.4 0.7365242
6019.139999999999 0.7263621
6021.879999999999 0.7381167
6024.620000000001 0.7442593
6027.360000000001 0.7024734
6030.1 0.7652659
6032.84 0.736979
6035.580000000001 0.7242004
6038.320000000001 0.7909744
6041.06 0.7260962
6043.8 0.7616636
6046.54 0.7610946
6049.280000000001 0.7021697
6052.02 0.7088432
6054.76 0.745169
6057.5 0.7391777
6060.24 0.7173368
6062.9800000000005 0.6956855
6065.72 0.7106251
6068.46 0.7488467
6071.2 0.7934384
6073.94 0.7127864
6076.68 0.7495291
6079.42 0.6883291
6082.16 0.7537758
6084.9 0.6522309
6087.639999999999 0.7456612
6090.38 0.7165021
6093.12 0.7264745
6095.85 0.6934121
6098.59 0.7770598
6101.33 0.7197652
6104.070000000001 0.7320887
6106.81 0.6769174
6109.55 0.7066454
6112.29 0.7107026
6115.03 0.7110439
6117.77 0.746156
6120.51 0.7340222
6123.25 0.7018674
6125.99 0.7014123
6128.73 0.7240875
6131.47 0.7610197
6134.21 0.6836665
6136.95 0.6791541
6139.69 0.6755519
6142.429999999999 0.6998574
6145.17 0.7023979
6147.91 0.6716082
6150.65 0.6832112
6153.389999999999 0.7179063
6156.13 0.6711531
6158.87 0.6968616
6161.61 0.7101709
6164.349999999999 0.7033076
6167.089999999999 0.6635693
6169.83 0.6274331
6172.57 0.6793053
6175.31 0.7368272
6178.05 0.7207498
6180.790000000001 0.6898843
6183.530000000001 0.7114218
6186.27 0.711308
6189.01 0.7174129
6191.75 0.7170715
6194.490000000001 0.699136
6197.2300000000005 0.6907561
6199.97 0.7146067
6202.71 0.7868029
6205.45 0.7503634
6208.1900000000005 0.7903291
6210.93 0.7696257
6213.67 0.6234891
6216.41 0.6621276
6219.15 0.6964056
6221.89 0.7174881
6224.63 0.708729
6227.37 0.7087289
6230.11 0.7327311
6232.839999999999 0.6830225
6235.579999999999 0.661864
6238.320000000001 0.5848899
6241.06 0.6314913
6243.8 0.6778275
6246.540000000001 0.7233294
6249.280000000001 0.6739977
6252.02 0.6744525
6254.76 0.6787753
6257.5 0.6769551
6260.240000000001 0.6946629
6262.9800000000005 0.6835149
6265.72 0.7103989
6268.46 0.7037632
6271.2 0.7172241
6273.9400000000005 0.6781683
6276.68 0.6698641
6279.42 0.6697504
6282.16 0.6909086
6284.9 0.6720633
6287.64 0.7061517
6290.38 0.580301
6293.12 0.8164937
6295.86 0.7458141
6298.599999999999 0.7845285
6301.34 0.7664794
6304.08 0.7365997
6306.82 0.6863961
6309.5599999999995 0.6345617
6312.299999999999 0.7237455
6315.04 0.7207119
6317.78 0.7115736
6320.5199999999995 0.7129386
6323.26 0.7063787
6326.000000000001 0.7213184
6328.740000000001 0.6585636
6331.4800000000005 0.7119905
6334.22 0.7267026
6336.96 0.7072126
6339.700000000001 0.7188914
6342.4400000000005 0.7302668
6345.18 0.7080087
6347.92 0.7001217
6350.66 0.7114213
6353.400000000001 0.7042547
6356.14 0.7207491
6358.88 0.7023966
6361.62 0.6517379
6364.36 0.7169951
6367.1 0.7061505
6369.83 0.7201444
6372.57 0.7001616
6375.3099999999995 0.6795718
6378.049999999999 0.7700069
6380.79 0.6935636
6383.53 0.7513131
6386.2699999999995 0.7295859
6389.01 0.728145
6391.750000000001 0.6451038
6394.490000000001 0.68488
6397.2300000000005 0.6907952
6399.97 0.7125223
6402.71 0.7045216
6405.450000000001 0.7258316
6408.1900000000005 0.6967482
6410.93 0.7039147
6413.67 0.7150248
6416.41 0.7038009
6419.150000000001 0.7586686
6421.89 0.7219257
6424.63 0.6896193
6427.37 0.7185889
6430.11 0.7304193
6432.85 0.7194988
6435.59 0.7345523
6438.33 0.7218117
6441.07 0.6819976
6443.8099999999995 0.6393395
6446.55 0.6389603
6449.29 0.7265134
6452.03 0.7269306
6454.7699999999995 0.6917423
6457.509999999999 0.7117631
6460.25 0.7077437
6462.99 0.7347793
6465.73 0.7229109
6468.469999999999 0.7222662
6471.209999999999 0.7671614
6473.950000000001 0.6638721
6476.6900000000005 0.7634454
6479.43 0.7085776
6482.17 0.7411493
6484.910000000001 0.6932965
6487.650000000001 0.705127
6490.39 0.7003492
6493.13 0.7025484
6495.87 0.6467327
6498.610000000001 0.7436137
6501.35 0.671607
6504.09 0.6800248
6506.82 0.7518821
6509.5599999999995 0.6846528
6512.3 0.7474077
6515.04 0.7260216
6517.78 0.7636366
6520.5199999999995 0.7489622
6523.259999999999 0.7600721
6526.0 0.7868423
6528.74 0.6573893
6531.48 0.7552564
6534.219999999999 0.7607544
6536.960000000001 0.7283343
6539.700000000001 0.7973454
6542.4400000000005 0.8172147
6545.18 0.8868704
6547.92 0.8990421
6550.660000000001 1.048705
6553.400000000001 1.127538
6556.14 1.482149
6558.88 1.711744
6561.62 1.785381
6564.360000000001 1.674698
6567.1 1.384016
6569.84 1.030163
6572.58 0.8381828
6575.32 0.9498521
6578.06 1.063114
6580.8 1.144676
6583.54 1.151425
6586.28 1.038201
6589.0199999999995 0.9466287
6591.76 0.8155074
6594.5 0.816569
6597.24 0.7013355
6599.98 0.7245793
6602.719999999999 0.6739584
6605.46 0.7672751
6608.2 0.6998564
6610.94 0.719574
6613.679999999999 0.6693702
6616.419999999999 0.680101
6619.16 0.7232898
6621.9 0.7276125
6624.64 0.7271574
6627.38 0.7451686
6630.120000000001 0.6950406
6632.860000000001 0.7120658
6635.6 0.7306836
6638.34 0.7116487
6641.08 0.7589705
6643.81 0.747711
6646.55 0.700351
6649.29 0.6915539
6652.03 0.7220402
6654.7699999999995 0.7405064
6657.51 0.7257941
6660.25 0.7427055
6662.99 0.7245047
6665.73 0.7047113
6668.469999999999 0.6987201
6671.21 0.6539766
6673.95 0.7038011
6676.69 0.7237082
6679.429999999999 0.7142665
6682.169999999999 0.6793817
6684.91 0.6543176
6687.650000000001 0.7194233
6690.39 0.7148351
6693.13 0.7540805
6695.870000000001 0.6979235
6698.610000000001 0.7050899
6701.35 0.7369792
6704.09 0.7222669
6706.83 0.7363344
6709.570000000001 0.8312818
6712.31 0.9590282
6715.05 0.9821962
6717.79 0.9728304
6720.53 0.9225508
6723.27 0.9048429
6726.01 0.8550942
6728.75 0.920503
6731.49 0.9256597
6734.23 0.9154219
6736.97 0.7479369
6739.71 0.6708492
6742.45 0.6968989
6745.19 0.6976194
6747.929999999999 0.6855613
6750.67 0.6453301
6753.41 0.7220765
6756.15 0.6899598
6758.889999999999 0.7044824
6761.629999999999 0.7070608
6764.37 0.6955336
6767.11 0.7091842
6769.849999999999 0.6141231
6772.59 0.6569707
6775.330000000001 0.6733513
6778.070000000001 0.676233
6780.8 0.69527
6783.54 0.7125986
6786.28 0.6984172
6789.02 0.7013368
6791.76 0.7196134
6794.5 0.6524221
6797.24 0.6436629
6799.98 0.7223054
6802.72 0.7645842
6813.749999999999 0.6989096
6829.460000000001 0.7069466
6845.2 0.6939787
6860.98 0.6891634
6876.799999999999 0.6907184
6892.650000000001 0.6733899
6908.54 0.6874197
6924.46 0.6857895
6940.42 0.7065688
6956.43 0.7180202
6972.46 0.7146454
6988.53 0.7047868
7004.639999999999 0.7112709
7020.79 0.7063035
7036.9800000000005 0.7127875
7053.2 0.7377755
7069.46 0.67904
7085.75 0.7028545
7102.09 0.6604219
7118.46 0.6543169
7134.87 0.6408557
7151.32 0.6527239
7167.81 0.6556813
7184.33 0.6481371
7200.889999999999 0.6318699
7217.49 0.6631141
7234.13 0.6801012
7250.799999999999 0.6645561
7267.5199999999995 0.6691041
7284.27 0.6768029
7301.06 0.6674763
7317.89 0.6845391
7334.77 0.6940162
7351.67 0.6987574
7368.62 0.6954958
7385.6 0.7332637
7402.63 0.7198021
7419.7 0.7115351
7436.8 0.7246942
7453.950000000001 0.7049
7471.13 0.7031929
7488.35 0.7212052
7505.610000000001 0.7194622
7522.919999999999 0.7311002
7540.259999999999 0.7260202
7557.64 0.7360695
7575.06 0.7259065
7592.52 0.7241633
7610.0199999999995 0.7108927
7627.570000000001 0.6867
7645.15 0.6945859
7662.7699999999995 0.6945487
7680.44 0.6724432
7698.150000000001 0.6770682
7715.889999999999 0.6707744
7733.68 0.6676641
7751.51 0.6645175
7769.37 0.6675515
7787.28 0.6553045
7805.24 0.6552653
7823.23 0.6845009
7841.26 0.6506404
7859.34 0.668802
7877.459999999999 0.6749452
7895.62 0.6826791
7913.820000000001 0.6701665
7932.0599999999995 0.6578813
7950.35 0.6413873
7968.68 0.6638714
7987.05 0.6637959
8005.46 0.6561366
8023.91 0.6870022
8042.41 0.6948894
8060.95 0.6916666
8079.530000000001 0.6634935
8098.16 0.6757791
8116.82 0.6835524
8135.53 0.689809
8154.29 0.6771822
8173.089999999999 0.6407048
8191.929999999999 0.6347895
8210.81 0.6631145
8229.74 0.6600051
8248.710000000001 0.6958378
8267.73 0.6799118
8286.79 0.6705459
8305.89 0.6643272
8325.04 0.6719486
8344.23 0.6506003
8363.460000000001 0.6687645
8382.74 0.6641003
8402.07 0.6748308
8421.44 0.6473777
8440.85 0.6731618
8460.31 0.650221
8479.81 0.6368369
8499.36 0.660687
8518.949999999999 0.6515498
8538.59 0.6440416
8558.27 0.6051763
8578.0 0.6528771
8597.78 0.6483262
8617.6 0.6438135
8637.460000000001 0.6526872
8657.369999999999 0.6218211
8677.33 0.5992605
8697.33 0.5828793
8717.380000000001 0.6405537
8737.48 0.6375194
8757.62 0.6244005
8777.81 0.6418423
8798.05 0.6537099
8818.33 0.6199253
8838.65 0.6476062
8859.03 0.6400975
8879.45 0.6098394
8899.92 0.6225411
8920.43 0.6239082
8941.0 0.6195845
8961.61 0.62095
8982.27 0.5942926
9002.98 0.5727553
9023.73 0.56612
9044.529999999999 0.6484395
9065.38 0.66046
9086.28 0.6408945
9107.23 0.6320583
9128.22 0.5632371
9149.26 0.6076788
9170.35 0.6246285
9191.49 0.6188258
9212.68 0.6201911
9233.92 0.5814387
9255.2 0.5908046
9276.539999999999 0.6492367
9297.93 0.5879596
9319.36 0.6343348
9340.84 0.6371788
9362.380000000001 0.6254987
9383.960000000001 0.6355862
9405.59 0.6225043
9427.28 0.6443058
9449.01 0.6353949
9470.79 0.6531418
9492.62 0.6530658
9514.5 0.6337286
9536.44 0.6366088
9558.42 0.6149207
9580.46 0.6364567
9602.54 0.6408183
9624.67 0.6451799
9646.86 0.6362688
9669.1 0.6361926
9691.39 0.6449892
9713.73 0.6316808
9736.12 0.6229592
9758.57 0.6214799
9781.07 0.6271293
9803.61 0.6358133
9826.21 0.6284566
9848.86 0.6342209
9871.57 0.6297839
9894.32 0.6297087
9917.13 0.6253096
9940.0 0.6324755
9962.91 0.6367988
9985.87 0.6352447
10031.96 0.6395292
10078.279999999999 0.6306181
10124.789999999999 0.6541284
10171.52 0.6509807
10218.480000000001 0.6629241
10265.64 0.6704706
10289.310000000001 0.6719105
10504.75 0.6454825
10700.06 0.6103326
10898.99 0.6005484
11101.609999999999 0.557891
11308.0 0.5643752
11491.74 0.5748413
11705.4 0.5643753
11895.6 0.524257
12088.88 0.5315762
12313.63 0.5303622
12513.710000000001 0.508825
12687.79 0.4995353
12893.95 0.4938097
13103.460000000001 0.4870224
13285.75 0.4694277
13501.63 0.4555873
13689.45 0.4483077
13911.89 0.425177
14105.42 0.3976869
14301.65 0.3940467
14500.61 0.4013643
14702.329999999998 0.3841878
14906.87 0.3958661
15114.240000000002 0.4032226
15289.24 0.4154707
15501.94 0.4116782
15717.589999999998 0.4023128
15899.6 0.3850975
16083.71 0.3833156
16307.460000000001 0.3833154
16496.280000000002 0.3815715
16687.3 0.3859699
16919.45 0.3877519
17115.370000000003 0.3850977
17313.54 0.372873
17514.03 0.3593852
17716.84 0.3408467
17880.77 0.3232644
18087.81 0.3037782
18297.26 0.2955007
18509.14 0.2841594
18680.39 0.2682603
18896.7 0.2627583
19115.52 0.2615526
19292.4 0.2555994
19515.78 0.2463549
19696.370000000003 0.236352
19878.62 0.2288557
20108.79 0.226755
20294.86 0.2205781
20482.66 0.22007
20719.820000000003 0.2170479
20911.55 0.2145641
21105.05 0.2130891
21300.32 0.2096803
21497.41 0.2072802
21696.309999999998 0.2016304
21897.079999999998 0.1984072
22099.7 0.1934474
22304.170000000002 0.1886092
22510.56 0.1847376
22718.829999999998 0.1801192
22876.32 0.1612701
23087.98 0.1590594
23301.62 0.1391751
23517.239999999998 0.1298851
23680.24 0.1316901
23899.36 0.1212171
24120.48 0.1154952
24287.69 0.1123479
24512.399999999998 0.1026978
24682.33 0.09875426
24910.7 0.08214228
25083.39 0.08027288
25315.49 0.08027293
25490.96 0.0797193
25726.83 0.08138772
25905.149999999998 0.0800871
26084.73 0.08008711
26326.07 0.07808503
26508.57 0.07736838
26692.309999999998 0.07595401
26877.34 0.07491511
27126.02 0.07388371
27314.059999999998 0.07237076
27503.38 0.07137732
27694.01 0.06975063
27885.99 0.06895434
28079.28 0.06769545
28273.929999999997 0.06676647
28469.899999999998 0.06569719
28667.26 0.06449895
28932.5 0.06361542
29133.07 0.06274331
29267.530000000002 0.06159818
29470.420000000002 0.06061233
29674.680000000004 0.05991841
29880.399999999998 0.05882635
30087.5 0.05815144
30296.04 0.05735517
30506.06 0.05708973
30717.51 0.05669535
30930.45 0.05617587
31073.210000000003 0.05591802
31288.62 0.05553504
31505.48 0.05515211
31723.85 0.05477292
31870.31 0.0547729
32091.2 0.05489805
32313.670000000002 0.05540613
32462.81 0.05722243
32687.82 0.06231106
32914.42 0.07683374
33066.33 0.07630671
33295.560000000005 0.06075261
33526.33 0.05477291
33681.07 0.05206556
33914.56 0.05041609
34071.090000000004 0.04926719
34307.28 0.04836853
34465.63 0.04748501
34704.51 0.04672666
34864.73 0.04597967
35106.380000000005 0.04534642
35268.41 0.0445198
35512.9 0.04390935
35676.81 0.04320786
35924.13 0.04251774
36089.94 0.04193378
36340.08 0.04126265
36507.85 0.04060286
36676.35 0.03995444
36930.56 0.03922642
37101.05 0.03859699
37272.29 0.03806612
37530.67 0.03728729
37703.89 0.03686034
37877.909999999996 0.03627108
38140.5 0.03569091
38316.53 0.03520139
38493.38 0.0346387
38671.090000000004 0.03400622
38939.119999999995 0.03346247
39118.840000000004 0.03292745
39299.43 0.03240115
39480.82 0.03180962
39663.04 0.03130114
39938.0 0.03065918
40122.33 0.03023829
40307.51 0.02982346
40493.59 0.02927934
40680.490000000005 0.02887741
40868.25 0.02841593
41056.88 0.02802575
41341.49 0.02764128
41532.299999999996 0.02719952
41724.04 0.02682602
41916.61 0.02639718
42110.079999999994 0.02603505
42304.43 0.02573701
42499.74 0.02532559
42695.89 0.02503553
42892.950000000004 0.02424152
43090.97 0.02341869
43289.85999999999 0.02331099
43489.659999999996 0.02262354
43690.42999999999 0.02221061
43892.08 0.02190575
44094.66 0.02135784
44298.18 0.02111326
44502.68 0.02082357
44708.090000000004 0.02039661
44914.43 0.02025631
45121.78999999999 0.01997836
45330.04 0.01965871
45539.259999999995 0.0194786
45749.49 0.01925565
45854.95 0.01886092
46066.59 0.01881731
46279.21 0.01855909
46492.86 0.01834674
46707.450000000004 0.01822048
46923.02 0.01801193
47139.65 0.01780565
47248.31 0.01772374
47466.38 0.0174405
47685.46 0.01732029
47905.6 0.01716179
48126.71 0.01688727
48348.829999999994 0.01688728
48460.28 0.01665559
48684.0 0.01646486
48908.7 0.01631395
49134.44 0.01612738
49247.69 0.01601629
49475.049999999996 0.01583276
49703.4 0.01575996
49932.8 0.01562649
50047.96 0.01556392
50278.95 0.01551122
50511.01 0.01542287
50744.14 0.01544107
50861.17 0.01541452
50978.399999999994 0.01538837
51095.91 0.01536182
51213.689999999995 0.01533566
51331.740000000005 0.01530911
51450.07 0.01528295
51568.72 0.01525641
51687.59 0.01526551
51806.729999999996 0.01527423
51926.15 0.01524769
52045.84 0.01522152
52165.81 0.01523025
52286.06 0.0152037
52406.64 0.01517754
52527.439999999995 0.01522114
52648.520000000004 0.01522986
52769.880000000005 0.01523821
52891.52 0.01521166
53013.44 0.01518549
53135.700000000004 0.01519384
53258.18 0.01520218
53380.94 0.01524579
53503.990000000005 0.01525413
53627.32 0.01526285
53750.93 0.0152712
53874.829999999994 0.0153148
53999.07 0.01532314
54123.549999999996 0.01536675
54248.310000000005 0.01533982
54373.35 0.01538382
54498.689999999995 0.01542742
54624.31 0.01547141
54750.22 0.01547975
54876.490000000005 0.01552373
55002.979999999996 0.01556772
55129.770000000004 0.01561208
55256.85 0.01569246
55384.21 0.01577323
55511.88 0.01581798
55639.9 0.01586272
55768.15 0.01598141
55896.71 0.0160633
56025.549999999996 0.01614597
56154.69 0.01626655
56284.130000000005 0.01634997
56413.87 0.01647206
56543.97 0.01659492
56674.31 0.01671853
56804.95 0.01688158
56935.89 0.01700747
57067.13 0.01717355
57198.67 0.01742154
57330.579999999994 0.01759179
57462.73 0.01780452
57595.19 0.01801951
57727.950000000004 0.01827963
57861.02 0.018586
57994.38999999999 0.01885409
58128.07 0.01921393
58262.13 0.01958098
58396.420000000006 0.01995523
58531.03 0.02042997
58665.950000000004 0.02082015
58801.18000000001 0.02136465
58936.719999999994 0.02192357
59025.2 0.025136
59333.91 0.02313885
59642.60999999999 0.02500443
59951.31 0.02845234
60260.020000000004 0.03333318
60568.72 0.03496442
60877.420000000006 0.03823676
61186.14 0.04833437
61494.840000000004 0.0656706
61803.53 0.08390171
62112.24 0.0922627
62420.95 0.08606304
62729.65 0.07178682
63038.36000000001 0.05933069
63347.06 0.05117067
63655.77 0.04394346
63964.47 0.04037156
64273.170000000006 0.03671358
64581.88 0.03309732
64890.58 0.03311098
65199.28 0.02942532
65508.0 0.02939877
65816.69 0.02958837
66125.39 0.03162268
66434.11 0.03087987
66742.81 0.03246598
67051.51 0.03139327
67360.22 0.0314839
67668.92 0.0315002
67977.63 0.03235905
68286.33 0.03311287
68595.03 0.03252892
68903.74 0.03708822
69212.44 0.04023506
69521.15 0.03678829
69829.85 0.04215371
70138.55 0.04078108
70447.26 0.03686071
70755.97 0.03796754
71064.67 0.0393288
71373.38 0.04139535
71682.06999999999 0.04146362
71990.79000000001 0.04440227
72299.49 0.0503668
72608.19 0.0506512
72916.91 0.05122377
73225.6 0.05550094
73534.3 0.05780638
73843.01 0.06268266
74151.71 0.06736556
74460.42 0.07526013
74769.12 0.08178586
75057.62 0.08509994
75077.83 0.08700721
75386.54000000001 0.09363532
75676.25 0.101401
75695.23 0.0984737
76294.89 0.102694
76913.53 0.09848128
77532.17 0.09575494
78150.8 0.09125027
78769.45 0.08451977
79388.09 0.07517291
80006.72 0.06441174
80625.37000000001 0.05559574
81244.01000000001 0.04919513
81862.64 0.04440226
82481.28 0.04170628
83099.92 0.0414143
83718.57 0.03999995
84337.2 0.04005304
84955.84 0.04259736
85574.48000000001 0.04412546
86193.13 0.04079623
86811.75 0.03461178
87430.40000000001 0.02669331
88049.04000000001 0.0211216
88667.67 0.0171618
89286.31 0.01410066
89904.95 0.01152942
90523.58 0.01030201
91142.23000000001 0.009129197
91760.87000000001 0.008421643
92379.51000000001 0.007896096
92998.15000000001 0.008299167
93616.79000000001 0.007711813
94235.42 0.007231388
94854.05 0.006645174
95472.7 0.006223143
96091.34 0.007618914
96709.97 0.008936573
97328.62000000001 0.006921976
97947.26000000001 0.005269499
98565.90000000001 0.00497222
99184.54000000001 0.005483357
99803.14 0.005777223
100421.82 0.00587733
101040.42 0.005390837
101659.12000000001 0.005567537
102277.72 0.00524561
102896.40999999999 0.004873632
103515.02 0.005025684
104133.62 0.006019899
104752.3 0.006617494
105370.9 0.007379651
105989.6 0.007723568
106608.2 0.008072794
107226.79 0.007961695
107845.49 0.00850658
108464.09 0.009031748
109082.78 0.01038884
109701.38 0.01308066
110320.07999999999 0.01514379
110938.68000000001 0.01778214
111557.27 0.02902528
112175.97 0.0428552
112794.57 0.04381832
113413.26000000001 0.03522378
114031.86 0.02858656
114650.54999999999 0.02404738
115269.15000000001 0.02066431
115887.75 0.0188393
116506.45000000001 0.0170962
117125.05 0.01639282
117743.73000000001 0.01641595
118362.33 0.01664877
118981.03000000001 0.01825233
119599.63 0.01957036
120218.22 0.01978916
120836.93000000001 0.0193603
121455.52 0.0185333
122074.21 0.01888746
122692.81 0.0219467
123311.42 0.02214918
123930.11 0.02208207
124548.7 0.02348315
125167.40000000001 0.02504652
125786.0 0.02699362
126404.69 0.0288391
127023.3 0.03056742
127641.89 0.03614064
128260.59000000001 0.03664305
128879.18000000001 0.02358667
129497.88 0.01739045
130116.47 0.01575541
130735.06999999999 0.0148503
131353.77 0.01466374
131972.37 0.0147282
132591.06 0.01414161
133209.66 0.01410331
133828.34 0.0137465
134446.94999999998 0.01368507
135065.56 0.01398766
135684.25 0.01396795
136302.84 0.01328049
136921.55 0.01225973
137540.13999999998 0.0115116
138158.84 0.01069256
138777.44 0.01065616
139396.03 0.01058526
140014.73 0.01048856
140633.33 0.01070925
141252.02 0.0110289
141870.61 0.01120674
142489.31 0.01108843
143107.91 0.01071721
143726.5 0.01050335
144345.19999999998 0.009813623
144877.53 0.008728401
145791.02000000002 0.008504684
146704.63 0.008400027
147618.13 0.00772205
148531.61 0.007893063
149445.13 0.007584406
150358.69999999998 0.007448662
151272.22 0.007366378
152185.7 0.007459278
153099.31 0.007688683
154012.81 0.007387991
154926.3 0.00885922
155839.81 0.009801108
156753.41 0.007796371
157666.91 0.007356898
158580.41 0.007719017
159494.0 0.007452831
160407.52000000002 0.007259448
161321.0 0.007106637
162234.59 0.007500988
163148.09 0.009438611
164061.59 0.01202008
164975.09 0.01160222
165888.7 0.01007374
166802.19 0.009673702
167715.69 0.009940269
168629.19 0.009864433
169542.80000000002 0.01278565
170456.3 0.01658809
171369.80000000002 0.01216304
172283.41 0.01012152
173196.89 0.009981599
174110.41 0.009554638
175024.00000000003 0.008207404
175937.48 0.007259449
176850.98 0.00693904
177764.47999999998 0.006654273
178678.08 0.006262957
179591.58 0.005788221
180505.06 0.005323722
181418.67 0.004875907
182332.18999999997 0.005048055
183245.66999999998 0.004798554
184159.27 0.004657877
185072.77 0.004446673
185986.28000000003 0.005331684
186899.77 0.006678921
187813.36 0.006491983
188726.88 0.004981699
189640.36000000002 0.004723097
190553.97 0.004721959
191467.47999999998 0.004608583
192380.95 0.004459186
193294.45 0.004373491
194208.06 0.004403825
195121.56 0.004561944
196035.06 0.004450465
196948.66999999998 0.004657877
197862.16 0.004641573
198775.66 0.00487477
199689.17 0.004643089
200602.77 0.004833439
201516.25 0.004762911
202429.77 0.004539572
203343.36000000002 0.004901313
204789.97 0.004439089
206538.45 0.00514816
208287.93999999997 0.004864153
210038.44 0.004653706
211789.8 0.004933164
213542.08 0.004924822
215295.34000000003 0.004748882
217049.53 0.005119342
218804.69 0.0052968
220560.84 0.004971462
222317.91 0.004907
224075.97 0.005349506
225834.91999999998 0.0053988
227594.84 0.005305142
229355.80000000002 0.005188733
231117.64 0.005404109
232880.48 0.005600146
234644.33 0.00572793
236409.05 0.005738927
238174.88 0.005785187
239941.52 0.006162094
241709.19999999998 0.006346377
243477.94 0.006271678
245247.55 0.006249686
247018.16 0.006592087
248789.77 0.006875715
250562.25 0.007194607
252335.84 0.007006913
254110.34 0.007234044
255885.95 0.007474823
257662.41 0.007814571
259439.92 0.008337085
261218.39 0.007999992
262997.88 0.007609054
264778.31 0.007712193
266559.81 0.007855144
268342.27999999997 0.007859315
270125.72 0.008057628
271910.19 0.008038288
273695.63 0.00813043
275482.19 0.008162282
277269.63 0.008346186
279058.06 0.008660907
280847.58999999997 0.00925281
282638.13 0.009349124
284429.56 0.008865286
286222.09 0.008832296
288015.63 0.009018856
289810.25 0.009298692
291605.84 0.00963844
293402.38 0.009473494
295200.06 0.009810588
296998.69 0.009910312
298798.33999999997 0.009972121
300599.06 0.009920171
302400.75 0.01061408
304203.52999999997 0.01035092
306007.33999999997 0.01065806
307812.13 0.01069484
309617.97000000003 0.0109087
311424.97 0.01066185
313232.94 0.01071418
315041.91 0.01112787
316851.88 0.01157075
318663.02999999997 0.01133528
320475.08999999997 0.01166782
322288.31 0.01208985
324102.47 0.01165152
325917.81 0.01226504
327734.16 0.01233518
329551.43999999994 0.01213081
331369.91000000003 0.01244515
333189.44 0.0135971
335010.02999999997 0.01549491
336831.69 0.0132949
338654.37 0.01340903
340478.09 0.01240192
342302.91000000003 0.01244136
344128.94 0.01307649
345955.81000000006 0.01577854
347783.91 0.0205005
