100.02000000000001 5.239072e-12
102.12 7.43413e-12
104.01 9.824164e-12
105.95 1.327999e-11
107.92 1.795479e-11
109.92 2.865712e-11
114.05 4.844522e-11
118.06 7.695217e-11
121.09 1.991535e-10
125.05000000000001 3.091865e-10
127.08000000000001 3.804278e-10
127.96 4.229419e-10
130.95000000000002 5.638676e-10
131.85 6.519825e-10
134.0 7.838195e-10
137.12 1.074579e-09
139.98999999999998 1.393878e-09
142.92 2.270953e-09
146.92000000000002 3.674805e-09
151.04 4.991671e-09
154.91 6.718607e-09
158.89000000000001 8.937097e-09
161.84 1.097066e-08
165.98999999999998 1.429717e-08
169.86 1.837509e-08
173.02 2.203932e-08
177.04999999999998 2.78122e-08
179.92000000000002 3.298061e-08
182.01 3.683412e-08
185.82000000000002 4.552309e-08
191.02999999999997 5.864342e-08
194.13 6.81149e-08
198.19 8.227324e-08
201.88000000000002 9.867757e-08
205.16 1.127784e-07
209.94 1.368382e-07
215.82 1.779186e-07
219.82999999999998 2.076054e-07
222.89 2.318572e-07
227.03 2.68687e-07
230.19000000000003 6.565144e-07
233.93 1.009797e-06
239.93 1.331194e-06
246.09 1.483359e-06
251.82 1.722753e-06
257.09 1.679812e-06
260.07 1.973529e-06
264.3 2.183828e-06
269.21 2.383609e-06
274.21000000000004 2.595708e-06
279.31 2.807082e-06
283.85 3.035507e-06
289.79 3.222925e-06
295.86 3.566618e-06
300.67 3.717423e-06
307.67 4.132763e-06
317.75 4.778176e-06
328.15999999999997 5.360801e-06
338.14 5.987089e-06
347.61 6.656382e-06
357.35 7.365921e-06
365.67 8.226887e-06
375.04999999999995 9.020297e-06
384.67 9.959832e-06
395.45 1.151381e-05
404.66 1.306877e-05
414.09000000000003 1.479853e-05
421.78000000000003 1.637734e-05
429.63 1.833264e-05
440.65 2.193987e-05
450.90999999999997 2.571731e-05
460.35 2.946003e-05
469.99 3.525717e-05
479.83 4.229163e-05
489.88 5.026231e-05
500.14000000000004 6.140699e-05
505.93 0.0002345494
511.79 0.0008958651
520.1 0.0009294926
529.77 0.0009845768
539.62 0.0009621393
549.66 0.00126247
559.87 0.001542551
570.28 0.001750839
579.55 0.00173476
590.32 0.00206656
599.92 0.002139118
609.66 0.002507352
619.5699999999999 0.002925585
629.6400000000001 0.003171213
639.87 0.003351417
650.27 0.00373447
657.8000000000001 0.003946713
665.4100000000001 0.004268277
674.67 0.004552431
685.63 0.004605091
695.17 0.005549114
704.84 0.005473046
716.29 0.006565096
726.26 0.006937858
734.6700000000001 0.007365984
744.89 0.008076858
755.25 0.008614779
765.7600000000001 0.009188138
774.62 0.009936585
785.4 0.0107953
794.49 0.01140894
805.5500000000001 0.01202903
814.87 0.01265439
824.3100000000001 0.0137162
835.78 0.01280067
845.4599999999999 0.01500496
855.25 0.01582089
865.15 0.01691339
875.17 0.01804
885.3 0.01928551
895.55 0.02038145
905.9200000000001 0.02109772
914.3 0.03042575
924.89 0.176295
935.6 0.3708846
944.26 0.736595
955.19 0.9868266
964.03 1.225283
975.1899999999999 0.3674845
984.2199999999999 1.328113
995.61 1.306883
1004.83 1.538967
1014.12 1.419837
1025.87 0.6126868
1035.3600000000001 1.208477
1044.94 1.816498
1054.61 1.804
1064.3700000000001 1.615241
1074.21 1.795732
1084.1499999999999 1.607821
1094.18 1.858814
1104.31 1.783339
1114.53 1.787461
1124.84 1.656683
1135.25 1.858792
1145.75 1.758883
1153.69 1.8249
1164.37 1.863101
1175.1399999999999 1.490156
1186.02 1.837521
1194.24 1.607789
1205.29 1.312916
1213.64 0.6780001
1224.87 1.426401
1236.21 1.803986
1244.77 1.884692
1256.29 1.86739
1265.0 1.795702
1273.77 1.937471
1285.56 1.955388
1294.47 1.771058
1306.44 1.795727
1315.5 1.955387
1324.62 1.893376
1333.8 1.812305
1346.14 1.915278
1355.47 1.910887
1364.87 1.837514
1374.33 1.846008
1383.8600000000001 1.863085
1393.45 1.668145
1406.3400000000001 1.718834
1416.0900000000001 1.812317
1425.9099999999999 1.795704
1435.7900000000002 1.820672
1442.42 1.850254
1445.74 1.841773
1455.7600000000002 1.820679
1465.85 1.767003
1476.0200000000002 1.766966
1486.25 1.762915
1496.5500000000002 1.758861
1503.46 1.703072
1510.4 1.611522
1517.3700000000001 1.652861
1524.37 1.660493
1534.9399999999998 1.538977
1545.58 1.560402
1556.29 1.517863
1563.47 1.567606
1574.31 1.626425
1585.22 1.637713
1596.21 1.656684
1603.58 1.61896
1614.7 1.611511
1625.89 1.596743
1633.39 1.637698
1644.72 1.626405
1656.1200000000001 1.600405
1663.76 1.652852
1671.4399999999998 1.593054
1675.2900000000002 1.660501
1686.91 1.660477
1694.69 1.618968
1706.4399999999998 1.585744
1714.32 1.542507
1726.2 1.535447
1734.1699999999998 1.578446
1746.19 1.549663
1754.25 1.582093
1766.4099999999999 1.521363
1774.56 1.528379
1786.8600000000001 1.542517
1795.1100000000001 1.567599
1803.39 1.567609
1815.89 1.503961
1824.28 1.524889
1836.9199999999998 1.500497
1845.4 1.423088
1853.92 1.413294
1866.7700000000002 1.436267
1875.39 1.483331
1884.04 1.393908
1897.1 1.340418
1905.8600000000001 1.413308
1914.66 1.365304
1923.49 1.337311
1936.83 1.381126
1945.77 1.410049
1954.75 1.331164
1968.3 1.397126
1977.3799999999999 1.432969
1981.94 1.374777
1995.68 1.349686
2004.89 1.374776
2014.15 1.368458
2023.44 1.397144
2032.78 1.343496
2046.8700000000001 1.349684
2056.32 1.300865
2065.81 1.322026
2075.35 1.377954
2080.13 1.318965
2084.9300000000003 1.343492
2094.55 1.30086
2104.22 1.32505
2113.93 1.32505
2123.69 1.34041
2133.4900000000002 1.312915
2143.34 1.294886
2153.23 1.31593
2163.17 1.30086
2173.1600000000003 1.291904
2183.19 1.283032
2193.2599999999998 1.297885
2203.39 1.280072
2213.56 1.262504
2223.77 1.242329
2234.04 1.256715
2244.35 1.248048
2254.71 1.225279
2265.12 1.230931
2275.57 1.23372
2286.08 1.236094
2296.63 1.199209
2307.23 1.207084
2312.5499999999997 1.190304
2323.22 1.065363
2333.95 1.159678
2344.7200000000003 1.143312
2355.54 1.158802
2366.41 1.134617
2377.34 1.13678
2382.82 1.110689
2393.82 1.125703
2404.87 1.109848
2415.9700000000003 1.106867
2427.12 1.116678
2432.71 1.09357
2443.94 1.105793
2455.22 1.100267
2466.56 1.087255
2472.24 1.07706
2483.65 1.08161
2495.12 1.034883
2506.63 1.075787
2512.41 1.041441
2518.2 1.058151
2524.0099999999998 1.041024
2535.6600000000003 1.033415
2547.36 1.023539
2553.23 1.039954
2565.02 1.029996
2576.86 1.039091
2582.8 1.034103
2594.72 1.026549
2606.7000000000003 1.014363
2612.7099999999996 1.007173
2624.77 1.009083
2636.8799999999997 1.006321
2642.9599999999996 1.024813
2655.16 1.022018
2667.4199999999996 1.000641
2673.56 1.005027
2685.9100000000003 1.004603
2692.1 0.9860382
2704.5200000000004 0.9878791
2717.01 0.9739041
2723.27 0.9647624
2735.84 0.9732479
2742.15 0.9400063
2754.8 0.9395946
2767.52 0.9435049
2773.9 0.9542166
2786.7 0.9428703
2793.1299999999997 0.8940225
2806.02 0.9102413
2812.4900000000002 0.9376828
2825.47 0.9307868
2831.98 0.9135954
2845.06 0.9131741
2858.19 0.9064726
2864.78 0.9146392
2878.0 0.9079187
2884.63 0.9056225
2897.9500000000003 0.9010414
2911.33 0.9047579
2931.5099999999998 0.8896669
2951.83 0.8768249
2972.2900000000004 0.8741633
2992.8900000000003 0.8655267
3006.71 0.8591442
3027.55 0.8525853
3048.5299999999997 0.8441531
3069.6600000000003 0.8338555
3090.9399999999996 0.8255871
3112.37 0.8173911
3126.7299999999996 0.8076353
3148.41 0.8014437
3170.23 0.7934708
3192.2099999999996 0.7765889
3206.9399999999996 0.776179
3229.17 0.7649264
3251.55 0.7643175
3266.56 0.7621402
3289.2 0.7545345
3312.0 0.7470011
3319.64 0.7571979
3327.29 0.7604768
3334.96 0.7585169
3342.6499999999996 0.7158848
3350.3500000000004 0.7581031
3358.08 0.708936
3365.8199999999997 0.7235636
3373.58 0.7134381
3381.3500000000004 0.7050736
3389.15 0.7347193
3396.96 0.7362119
3404.79 0.7142963
3412.6400000000003 0.7107989
3420.5099999999998 0.7288217
3428.39 0.7269428
3436.2999999999997 0.7334693
3444.2200000000003 0.7067351
3452.1600000000003 0.7381164
3460.12 0.7030902
3468.0899999999997 0.7028738
3476.09 0.7010594
3484.1 0.6896402
3492.13 0.712045
3500.18 0.7036791
3508.25 0.6843063
3516.34 0.6793892
3524.4500000000003 0.6934038
3532.5699999999997 0.6980296
3540.71 0.7042658
3548.8799999999997 0.7154917
3557.0600000000004 0.7152947
3565.26 0.7134385
3573.48 0.6890021
3581.71 0.6684828
3589.9700000000003 0.6545883
3598.25 0.6727114
3606.54 0.6771651
3614.85 0.684823
3623.19 0.6909325
3631.54 0.7216066
3633.6099999999997 0.6823269
3636.33 0.6612179
3639.0499999999997 0.722171
3641.7699999999995 0.6935529
3644.4900000000002 0.6276584
3647.21 0.6451222
3649.9300000000003 0.6921088
3652.65 0.6960709
3655.37 0.6894175
3658.0800000000004 0.7374352
3660.8 0.6083123
3663.52 0.6588457
3666.2400000000002 0.6558368
3668.96 0.6733496
3671.68 0.6183395
3674.4 0.6934303
3677.12 0.7040698
3679.8399999999997 0.6295655
3682.56 0.6211022
3685.28 0.6310326
3687.99 0.6622462
3690.71 0.6483528
3693.43 0.6630772
3696.15 0.6524124
3698.8700000000003 0.7207523
3701.59 0.6687752
3704.31 0.6975394
3707.03 0.6578656
3709.75 0.6524598
3712.47 0.6532177
3715.19 0.769547
3717.9 0.9978088
3720.62 1.87936
3723.34 3.353665
3726.06 4.441629
3728.7799999999997 4.259892
3731.5 2.87205
3734.22 1.613699
3736.94 1.011356
3739.6600000000003 0.8800564
3742.38 0.7811169
3745.1 0.6829602
3747.81 0.7130734
3750.53 0.6580877
3753.25 0.7811929
3755.9700000000003 0.7864514
3758.69 0.7789174
3761.41 0.7957208
3764.13 0.7522557
3766.85 0.7108451
3769.5699999999997 0.7283334
3772.29 0.7605463
3775.0099999999998 0.7611819
3777.72 0.7911731
3780.44 0.854132
3783.16 0.8790315
3785.8799999999997 0.8897689
3788.6 0.8142371
3791.32 0.7478043
3794.04 0.7413222
3796.76 0.7280402
3799.48 0.7225854
3802.2 0.7738524
3804.92 0.8054538
3807.63 0.8642588
3810.35 0.9113432
3813.07 0.8882039
3815.79 0.8926795
3818.5099999999998 0.8746768
3821.23 0.9069876
3823.95 0.8383535
3826.6699999999996 0.803914
3829.39 0.7349864
3832.11 0.683572
3834.8300000000004 0.6945051
3837.54 0.7073497
3840.2599999999998 0.7797745
3842.9799999999996 0.8546697
3845.7000000000003 0.8612734
3848.42 0.9341872
3851.1400000000003 0.9102652
3853.86 0.9083079
3856.58 0.9510629
3859.2999999999997 0.9856728
3862.02 1.017005
3864.74 1.097403
3867.4500000000003 1.097139
3870.17 1.082928
3872.89 0.9434583
3875.6099999999997 0.9004577
3878.33 0.8540818
3881.0499999999997 0.8047953
3883.7699999999995 0.8468899
3886.4900000000002 0.8308196
3889.21 0.8422907
3891.9300000000003 0.8129144
3894.65 0.7940067
3897.36 0.8109365
3900.0800000000004 0.8578252
3902.8 0.8868829
3905.52 0.8843143
3908.2400000000002 0.9244766
3910.96 0.9344558
3913.68 0.9309575
3916.4 0.8947815
3919.12 0.9007001
3921.8399999999997 0.8880786
3924.5600000000004 0.8825992
3927.27 0.8618371
3929.99 0.8227501
3932.71 0.8309438
3935.43 0.8318728
3938.15 0.8680483
3940.8700000000003 0.889132
3943.59 0.9372926
3946.31 0.9014099
3949.03 0.8886172
3951.75 0.896028
3954.47 0.887589
3957.1800000000003 0.8795214
3959.9 0.8020084
3962.62 0.7937161
3965.34 0.830185
3968.06 0.8146528
3970.7799999999997 0.7779141
3973.5 0.7997072
3976.22 0.7970408
3978.94 0.813404
3981.6600000000003 0.8631298
3984.38 0.8834798
3987.0899999999997 0.9261659
3989.81 0.9270217
3992.53 0.909288
3995.25 0.9387615
3997.9700000000003 0.9692622
4000.69 0.9493271
4003.41 1.004679
4006.13 1.02158
4008.85 0.9922525
4011.5699999999997 0.9547554
4014.29 0.9838864
4017.0 0.9783629
4019.72 0.9792186
4022.44 0.9709998
4025.16 0.9683821
4027.8799999999997 0.9407423
4030.6 0.9841576
4033.32 0.9826652
4036.04 0.9736147
4038.76 0.9807076
4041.48 1.002501
4044.2 0.9833483
4046.9100000000003 1.002749
4049.63 0.980246
4052.35 0.9788023
4055.07 0.9820549
4057.79 1.004655
4060.5099999999998 0.9956782
4063.23 0.9476634
4065.95 0.9902717
4068.6699999999996 0.9949186
4071.39 0.9739074
4074.11 0.9512329
4076.8199999999997 0.9088729
4079.54 0.9387133
4082.2599999999998 0.8793982
4084.9800000000005 0.8899155
4087.7000000000003 0.8664339
4090.42 0.84124
4093.1400000000003 0.8462784
4095.86 0.8508519
4098.58 0.9499862
4101.3 0.9637077
4104.0199999999995 0.924523
4106.7300000000005 0.859758
4109.45 0.8239484
4112.17 0.7992684
4114.89 0.8464996
4117.61 0.8500948
4120.33 0.903074
4123.05 0.9080635
4125.77 0.9253069
4128.49 0.9176262
4131.21 0.9017027
4133.93 0.9002835
4136.639999999999 0.9097045
4139.360000000001 0.9284648
4142.08 0.9103641
4144.8 0.8852438
4147.52 0.9144726
4150.24 0.8881535
4152.96 0.9118301
4155.68 0.9351886
4158.4 0.9222981
4161.12 0.9110706
4163.84 0.9056403
4166.55 0.9025624
4169.2699999999995 0.9151342
4171.99 0.9022434
4174.71 0.9006778
4177.429999999999 0.887518
4180.150000000001 0.9135427
4182.87 0.9048835
4185.59 0.8875414
4188.31 0.9086985
4191.03 0.9006754
4193.75 0.9029008
4196.46 0.8544501
4199.18 0.8950283
4201.9 0.8961531
4204.62 0.877979
4207.34 0.9085778
4210.0599999999995 0.9142275
4212.78 0.9182141
4215.5 0.8630573
4218.219999999999 0.8567707
4220.9400000000005 0.8797136
4223.66 0.8630805
4226.37 0.902342
4229.09 0.8857336
4231.8099999999995 0.880401
4234.530000000001 0.8525901
4237.25 0.8740652
4239.97 0.8800084
4242.6900000000005 0.8979616
4245.41 0.8651853
4248.13 0.8786133
4250.849999999999 0.8965906
4253.57 0.8755796
4256.28 0.8847557
4259.0 0.8821136
4261.72 0.8979385
4264.44 0.9101925
4267.16 0.9037835
4269.88 0.8748231
4272.599999999999 0.8870281
4275.320000000001 0.8690499
4278.04 0.8859022
4280.76 0.8751885
4283.4800000000005 0.8672388
4286.1900000000005 0.8730638
4288.91 0.853838
4291.63 0.8622031
4294.35 0.8330712
4297.07 0.8372291
4299.79 0.827029
4302.51 0.8141384
4305.23 0.8400897
4307.95 0.8049163
4310.67 0.8468888
4313.389999999999 0.8242877
4316.1 0.8189834
4318.82 0.8203774
4321.54 0.8267365
4324.26 0.8067772
4326.9800000000005 0.7790884
4329.7 0.7741471
4332.42 0.822259
4335.14 0.9595748
4337.86 1.183331
4340.58 1.298829
4343.3 1.128051
4346.01 0.8893052
4348.7300000000005 0.7599864
4351.45 0.7802874
4354.17 0.7846656
4356.89 0.8148483
4359.61 0.8634493
4362.33 0.8633266
4365.05 0.8706887
4367.77 0.8553032
4370.49 0.862983
4373.21 0.8262935
4375.92 0.8318248
4378.639999999999 0.8518079
4381.360000000001 0.8239481
4384.08 0.7833936
4386.8 0.8049913
4389.52 0.8244362
4392.24 0.8470609
4394.96 0.8305015
4397.68 0.8466933
4400.4 0.8507045
4403.12 0.8117889
4405.83 0.8387713
4408.55 0.8540094
4411.2699999999995 0.8586563
4413.99 0.8563077
4416.71 0.8476244
4419.429999999999 0.8418759
4422.150000000001 0.8552795
4424.87 0.8440765
4427.59 0.8614427
4430.31 0.8572841
4433.03 0.8466684
4435.740000000001 0.853765
4438.46 0.8553546
4441.18 0.8488724
4443.9 0.8550359
4446.62 0.874114
4449.34 0.8422918
4452.0599999999995 0.8294012
4454.78 0.8228213
4457.5 0.836078
4460.219999999999 0.8292288
4462.9400000000005 0.8424857
4465.65 0.8593663
4468.37 0.861763
4471.09 0.8825779
4473.8099999999995 0.8839716
4476.530000000001 0.8597808
4479.25 0.8419982
4481.97 0.8379131
4484.6900000000005 0.8563309
4487.41 0.8470113
4490.13 0.8199099
4492.849999999999 0.8560362
4495.56 0.8730392
4498.28 0.8609559
4501.0 0.8747018
4503.72 0.8807674
4506.44 0.8627159
4509.16 0.8526137
4511.88 0.8467186
4514.599999999999 0.8534202
4517.320000000001 0.8561105
4520.04 0.8559144
4522.76 0.8309654
4525.469999999999 0.807952
4528.1900000000005 0.8151184
4530.91 0.8051629
4533.63 0.8048203
4536.35 0.8155821
4539.07 0.8299885
4541.79 0.8407993
4544.51 0.8472564
4547.23 0.8427066
4549.95 0.8239212
4552.67 0.8214749
4555.38 0.8168309
4558.1 0.834686
4560.82 0.8392598
4563.54 0.8243146
4566.26 0.8167318
4568.9800000000005 0.8245585
4571.7 0.8299392
4574.42 0.8309173
4577.14 0.8428532
4579.86 0.8409696
4582.58 0.8184663
4585.29 0.8178092
4588.01 0.8328028
4590.7300000000005 0.8273478
4593.45 0.83674
4596.17 0.8270782
4598.89 0.8296461
4601.61 0.8343909
4604.33 0.8440521
4607.05 0.831871
4609.77 0.8448586
4612.49 0.837765
4615.2 0.8260032
4617.92 0.8358847
4620.639999999999 0.8397733
4623.360000000001 0.8317259
4626.08 0.8496544
4628.8 0.8401883
4631.52 0.8273465
4634.24 0.8153609
4636.96 0.8252423
4639.68 0.830403
4642.4 0.8269784
4645.11 0.8191545
4647.83 0.8152162
4650.55 0.8246818
4653.2699999999995 0.8459613
4655.99 0.8346361
4658.71 0.827567
4661.429999999999 0.8224057
4664.150000000001 0.8237263
4666.87 0.8009295
4669.59 0.7966244
4672.31 0.8107372
4675.0199999999995 0.807634
4677.74 0.8037934
4680.46 0.8056521
4683.18 0.8278367
4685.9 0.8165361
4688.62 0.8243383
4691.34 0.8347579
4694.0599999999995 0.8183206
4696.78 0.7951571
4699.5 0.7954014
4702.219999999999 0.8062855
4704.93 0.8108871
4707.65 0.8051632
4710.37 0.8010047
4713.09 0.7948896
4715.8099999999995 0.7750525
4718.530000000001 0.7893611
4721.25 0.8092709
4723.97 0.8210111
4726.6900000000005 0.7935427
4729.41 0.7944229
4732.13 0.8002685
4734.84 0.7758119
4737.56 0.791001
4740.28 0.7947921
4743.0 0.7977269
4745.72 0.815851
4748.44 0.8092957
4751.16 0.7974813
4753.88 0.8031313
4756.6 0.8126945
4759.320000000001 0.8120829
4762.04 0.7769585
4764.75 0.7844951
4767.469999999999 0.7944253
4770.1900000000005 0.813846
4772.91 0.8165118
4775.63 0.8103967
4778.35 0.8092222
4781.07 0.7897032
4783.79 0.8000248
4786.51 0.7920753
4789.23 0.7881125
4791.95 0.7843208
4794.66 0.780557
4797.38 0.7871365
4800.1 0.8080246
4802.82 0.7838583
4805.54 0.7857168
4808.259999999999 0.7856433
4810.9800000000005 0.7970411
4813.7 0.7765191
4816.42 0.7843704
4819.14 0.7810436
4821.86 0.769743
4824.570000000001 0.7750293
4827.29 0.7632392
4830.01 0.7509604
4832.7300000000005 0.7519873
4835.45 0.7448203
4838.17 0.7406864
4840.89 0.7376531
4843.61 0.7225124
4846.33 0.7050724
4849.05 0.7487326
4851.77 0.7681531
4854.48 1.010894
4857.2 1.58457
4859.92 2.082544
4862.639999999999 1.986686
4865.360000000001 1.418292
4868.08 0.9223235
4870.8 0.7297037
4873.52 0.7081545
4876.24 0.7156633
4878.96 0.723906
4881.68 0.7211907
4884.39 0.7203128
4887.11 0.7442831
4889.83 0.7560723
4892.55 0.7533571
4895.2699999999995 0.7573437
4897.99 0.7373354
4900.71 0.7354028
4903.429999999999 0.7671022
4906.150000000001 0.7675912
4908.87 0.7337143
4911.59 0.7486344
4914.3 0.7585678
4917.0199999999995 0.7377279
4919.74 0.747707
4922.46 0.7400754
4925.18 0.7394636
4927.9 0.7440374
4930.62 0.7427406
4933.34 0.7450886
4936.0599999999995 0.748219
4938.78 0.7147582
4941.5 0.7329313
4944.21 0.7813153
4946.93 0.7667124
4949.65 0.8029615
4952.37 0.9844761
4955.09 1.359344
4957.81 1.636153
4960.530000000001 1.54597
4963.25 1.170099
4965.97 0.8826734
4968.69 0.7799184
4971.400000000001 0.7606716
4974.12 0.7778174
4976.84 0.7345237
4979.56 0.7289954
4982.28 0.7487342
4985.0 0.7440621
4987.72 0.7331282
4990.44 0.7624062
4993.16 0.7365032
4995.88 0.7845905
4998.6 1.037184
5001.3099999999995 1.81163
5004.030000000001 2.993375
5006.75 3.495041
5009.47 2.751466
5012.19 1.583664
5014.91 0.9636117
5017.629999999999 0.7697689
5020.35 0.7573185
5023.07 0.7309999
5025.79 0.7328095
5028.51 0.7096706
5031.219999999999 0.7301214
5033.9400000000005 0.7208021
5036.66 0.733912
5039.38 0.7188692
5042.1 0.7347676
5044.82 0.724739
5047.54 0.726671
5050.259999999999 0.7256924
5052.9800000000005 0.7183542
5055.7 0.7316354
5058.42 0.7077872
5061.13 0.7376305
5063.849999999999 0.7233702
5066.570000000001 0.71975
5069.29 0.7157138
5072.01 0.7022119
5074.73 0.7115797
5077.45 0.7198711
5080.17 0.7355007
5082.89 0.7099889
5085.610000000001 0.7022351
5088.33 0.702675
5091.04 0.7087925
5093.76 0.7260853
5096.48 0.7060036
5099.200000000001 0.6992035
5101.92 0.7043399
5104.64 0.7133162
5107.36 0.7033854
5110.08 0.7014039
5112.799999999999 0.7078121
5115.52 0.7198704
5118.24 0.7118963
5120.95 0.7114096
5123.67 0.6957553
5126.389999999999 0.6849438
5129.11 0.6654492
5131.829999999999 0.6708301
5134.55 0.6699494
5137.27 0.7040458
5139.99 0.7129488
5142.71 0.6928429
5145.429999999999 0.6869967
5148.150000000001 0.6810773
5150.860000000001 0.6884665
5153.58 0.697712
5156.3 0.7018211
5159.0199999999995 0.6839163
5161.74 0.6789262
5164.46 0.6826194
5167.18 0.6493541
5169.9 0.6350695
5172.62 0.6544901
5175.34 0.6794632
5178.0599999999995 0.6592104
5180.77 0.6671376
5183.49 0.653709
5186.21 0.6688005
5188.93 0.6618781
5191.65 0.6846499
5194.370000000001 0.6811518
5197.09 0.7130226
5199.81 0.7210694
5202.53 0.6989578
5205.25 0.6710736
5207.969999999999 0.6738617
5210.679999999999 0.6687519
5213.400000000001 0.6785846
5216.12 0.6852863
5218.84 0.6745727
5221.5599999999995 0.6909115
5224.28 0.675624
5227.000000000001 0.6482779
5229.72 0.6736912
5232.4400000000005 0.682472
5235.16 0.6891002
5237.88 0.6901763
5240.59 0.6711246
5243.3099999999995 0.6855311
5246.030000000001 0.687561
5248.75 0.6982986
5251.47 0.6901287
5254.19 0.6831575
5256.91 0.6807847
5259.629999999999 0.6724438
5262.35 0.6592598
5265.07 0.6477636
5267.79 0.6569601
5270.5 0.6869744
5273.219999999999 0.6832562
5275.9400000000005 0.6750376
5278.66 0.6788775
5281.38 0.6774831
5284.1 0.6962189
5286.82 0.6855544
5289.54 0.6963897
5292.259999999999 0.6991535
5294.9800000000005 0.6889535
5297.7 0.6854311
5300.41 0.696318
5303.13 0.6733257
5305.849999999999 0.6939938
5308.570000000001 0.703802
5311.29 0.7060519
5314.01 0.6767736
5316.73 0.6840134
5319.45 0.6769198
5322.17 0.6620237
5324.89 0.6742778
5327.610000000001 0.65131
5330.32 0.6665506
5333.04 0.6764809
5335.76 0.6767987
5338.48 0.6778503
5341.200000000001 0.6736673
5343.92 0.6719795
5346.64 0.6694843
5349.36 0.6769444
5352.08 0.6768707
5354.799999999999 0.6803438
5357.52 0.6775796
5360.2300000000005 0.6880017
5362.95 0.6748177
5365.67 0.6698766
5368.389999999999 0.6689958
5371.11 0.6761623
5373.830000000001 0.6697047
5376.55 0.6720281
5379.27 0.6632225
5381.99 0.6568137
5384.71 0.6831077
5387.429999999999 0.6573514
5390.14 0.6549321
5392.860000000001 0.6523882
5395.58 0.6576712
5398.3 0.6535863
5401.0199999999995 0.6381764
5403.74 0.6533656
5406.46 0.6550043
5409.18 0.6405973
5411.9 0.6658394
5414.62 0.665032
5417.34 0.64588
5420.049999999999 0.6388867
5422.77 0.6576469
5425.49 0.6666968
5428.21 0.6576465
5430.93 0.6561543
5433.65 0.6740341
5436.370000000001 0.6571077
5439.09 0.6603118
5441.81 0.6649833
5444.53 0.6642493
5447.25 0.6432383
5449.96 0.6243576
5452.679999999999 0.6501379
5455.400000000001 0.6557634
5458.12 0.6320373
5460.84 0.6494524
5463.5599999999995 0.650088
5466.28 0.661217
5469.000000000001 0.6783629
5471.72 0.6585259
5474.4400000000005 0.663809
5477.16 0.6487906
5479.87 0.6516545
5482.59 0.6585764
5485.3099999999995 0.6600193
5488.030000000001 0.6465419
5490.75 0.6698517
5493.47 0.6314253
5496.19 0.6461498
5498.91 0.6542702
5501.629999999999 0.6321341
5504.35 0.6233529
5507.07 0.6428959
5509.78 0.6486216
5512.5 0.6077737
5515.219999999999 0.6576956
5517.9400000000005 0.63101
5520.66 0.6409403
5523.38 0.6432883
5526.1 0.6361214
5528.82 0.6235735
5531.54 0.6143763
5534.259999999999 0.6563489
5536.9800000000005 0.6399363
5539.6900000000005 0.6516546
5542.41 0.6511162
5545.13 0.6441206
5547.849999999999 0.6498194
5550.570000000001 0.6699985
5553.29 0.6610215
5556.01 0.6564963
5558.73 0.6431167
5561.45 0.6326966
5564.17 0.6459046
5566.89 0.6454641
5569.6 0.6374434
5572.32 0.6447078
5575.04 0.6551763
5577.76 0.6566193
5580.48 0.6545154
5583.200000000001 0.6322814
5585.92 0.6278296
5588.64 0.6311069
5591.36 0.622815
5594.08 0.6413796
5596.799999999999 0.6390313
5599.51 0.6444879
5602.2300000000005 0.6522903
5604.95 0.6641285
5607.67 0.6561545
5610.389999999999 0.6505774
5613.11 0.6407445
5615.830000000001 0.6311561
5618.55 0.6428232
5621.27 0.6478372
5623.99 0.6329165
5626.71 0.5996024
5629.420000000001 0.6369543
5632.14 0.6365137
5634.860000000001 0.6312059
5637.58 0.6336761
5640.3 0.6475934
5643.0199999999995 0.6324282
5645.74 0.6370019
5648.46 0.621739
5651.18 0.6199287
5653.9 0.6402056
5656.62 0.6398873
5659.33 0.6268524
5662.049999999999 0.6233056
5664.77 0.6191228
5667.49 0.6216908
5670.21 0.6253351
5672.93 0.6257507
5675.65 0.6441931
5678.370000000001 0.6487668
5681.09 0.6464674
5683.81 0.6453665
5686.53 0.6321337
5689.24 0.6459309
5691.96 0.6262162
5694.679999999999 0.618927
5697.400000000001 0.6225469
5700.12 0.6189022
5702.84 0.6200516
5705.5599999999995 0.6086043
5708.28 0.6099005
5711.000000000001 0.6120772
5713.72 0.6014615
5716.4400000000005 0.627413
5719.15 0.6231101
5721.87 0.6208595
5724.59 0.625678
5727.3099999999995 0.6169212
5730.030000000001 0.6306429
5732.75 0.617679
5735.47 0.6307158
5738.19 0.6332349
5740.91 0.621543
5743.629999999999 0.6198062
5746.35 0.6332588
5749.06 0.6164326
5751.78 0.6222294
5754.5 0.6375408
5757.219999999999 0.6356327
5759.9400000000005 0.6282703
5762.66 0.6141812
5765.38 0.6274383
5768.1 0.6170916
5770.82 0.6235977
5773.54 0.6032715
5776.259999999999 0.6191457
5778.97 0.6106111
5781.6900000000005 0.6314506
5784.41 0.6194896
5787.13 0.6224246
5789.849999999999 0.6215927
5792.570000000001 0.6151842
5795.29 0.6327215
5798.01 0.614132
5800.73 0.6140584
5803.45 0.6232061
5806.17 0.6166263
5808.879999999999 0.6086055
5811.6 0.6255803
5814.32 0.6372229
5817.04 0.6388614
5819.76 0.6224978
5822.48 0.6390568
5825.200000000001 0.6383716
5827.92 0.6234022
5830.64 0.6229861
5833.36 0.6286851
5836.08 0.6090927
5838.79 0.6262164
5841.509999999999 0.6296895
5844.2300000000005 0.6382012
5846.95 0.6357306
5849.67 0.6001417
5852.389999999999 0.55856
5855.11 0.6135696
5857.830000000001 0.6241604
5860.55 0.5770022
5863.27 0.6159906
5865.99 0.593512
5868.7 0.6480099
5871.42 0.7086453
5874.14 0.7729005
5876.860000000001 0.7642172
5879.58 0.6953142
5882.3 0.6081887
5885.0199999999995 0.6133006
5887.74 0.585661
5890.46 0.6000431
5893.18 0.5768062
5895.9 0.5825296
5898.61 0.5683937
5901.33 0.5778839
5904.049999999999 0.5957393
5906.77 0.5769785
5909.49 0.5801092
5912.21 0.5862239
5914.93 0.6071122
5917.65 0.5932435
5920.370000000001 0.6073076
5923.09 0.5750941
5925.81 0.5680251
5928.52 0.5680023
5931.24 0.5801831
5933.96 0.588646
5936.679999999999 0.5825308
5939.400000000001 0.5841695
5942.12 0.6015845
5944.84 0.600924
5947.5599999999995 0.5991382
5950.28 0.5841932
5953.000000000001 0.5892807
5955.72 0.5872503
5958.43 0.5843169
5961.15 0.5770523
5963.87 0.5871539
5966.59 0.5912385
5969.3099999999995 0.6094852
5972.030000000001 0.6035169
5974.75 0.5810627
5977.47 0.5748253
5980.19 0.5862234
5982.91 0.5698597
5985.629999999999 0.5622282
5988.34 0.5701059
5991.06 0.5882793
5993.78 0.5777614
5996.5 0.5657271
5999.219999999999 0.5789106
6001.94 0.5839003
6004.660000000001 0.5771002
6007.38 0.5855876
6010.1 0.5745072
6012.82 0.5743359
6015.54 0.5770262
6018.250000000001 0.5873255
6020.97 0.5933668
6023.6900000000005 0.5954946
6026.41 0.5883522
6029.13 0.5764892
6031.849999999999 0.5838758
6034.570000000001 0.5782255
6037.29 0.5839488
6040.01 0.5990891
6042.73 0.593292
6045.45 0.5760967
6048.16 0.5743129
6050.879999999999 0.5695921
6053.6 0.5672437
6056.32 0.5722579
6059.04 0.5769294
6061.76 0.5801579
6064.48 0.5758284
6067.200000000001 0.5837286
6069.92 0.5872262
6072.64 0.5905281
6075.36 0.5737487
6078.07 0.5720137
6080.79 0.5601262
6083.509999999999 0.5670236
6086.2300000000005 0.5732117
6088.95 0.5770761
6091.67 0.5786659
6094.389999999999 0.5725997
6097.11 0.5775404
6099.830000000001 0.5751676
6102.55 0.5694684
6105.27 0.5613476
6107.98 0.579425
6110.7 0.5664612
6113.42 0.5496573
6116.14 0.5632566
6118.860000000001 0.5666808
6121.58 0.5503661
6124.3 0.5541328
6127.0199999999995 0.5606633
6129.74 0.5605163
6132.459999999999 0.5606874
6135.18 0.5460603
6137.89 0.5382349
6140.61 0.5640642
6143.33 0.5544024
6146.049999999999 0.5458903
6148.77 0.544765
6151.49 0.5654087
6154.21 0.5534234
6156.93 0.5411689
6159.65 0.5210141
6162.370000000001 0.5367414
6165.09 0.5412908
6167.8 0.5450103
6170.52 0.546551
6173.24 0.5385036
6175.96 0.5431997
6178.679999999999 0.559245
6181.400000000001 0.5705453
6184.12 0.5641856
6186.84 0.5646013
6189.5599999999995 0.5369862
6192.28 0.5573854
6195.000000000001 0.5459136
6197.71 0.5165881
6200.43 0.5431266
6203.15 0.5636971
6205.87 0.5835826
6208.59 0.5592451
6211.3099999999995 0.5562119
6214.030000000001 0.5699581
6216.75 0.5500233
6219.47 0.5505857
6222.19 0.5554041
6224.91 0.5486042
6227.620000000001 0.5423196
6230.34 0.5499509
6233.06 0.5349814
6235.78 0.549706
6238.5 0.5400443
6241.219999999999 0.5370355
6243.94 0.5425633
6246.660000000001 0.5443976
6249.38 0.550757
6252.1 0.5475526
6254.82 0.5362276
6257.53 0.5493641
6260.250000000001 0.530799
6262.97 0.543102
6265.6900000000005 0.5465996
6268.41 0.5339049
6271.13 0.5550379
6273.849999999999 0.5551355
6276.570000000001 0.5198402
6279.29 0.5436392
6282.01 0.5246095
6284.73 0.551417
6287.44 0.5561638
6290.16 0.5508559
6292.879999999999 0.5681976
6295.6 0.6298847
6298.32 0.7058072
6301.04 0.7208008
6303.76 0.6503813
6306.48 0.5703493
6309.200000000001 0.5534719
6311.92 0.5465986
6314.64 0.5213562
6317.35 0.5283531
6320.07 0.5378434
6322.79 0.5126987
6325.509999999999 0.5284995
6328.2300000000005 0.5474555
6330.95 0.5225065
6333.67 0.5095428
6336.389999999999 0.5371086
6339.11 0.5206472
6341.830000000001 0.5436146
6344.55 0.5443972
6347.26 0.5310193
6349.98 0.5542314
6352.7 0.5415855
6355.42 0.5394818
6358.14 0.5629874
6360.860000000001 0.579522
6363.58 0.5802066
6366.3 0.5975728
6369.0199999999995 0.5617148
6371.74 0.549118
6374.459999999999 0.5255143
6377.17 0.5589033
6379.89 0.5420504
6382.61 0.5308478
6385.33 0.5406314
6388.049999999999 0.5445693
6390.77 0.5235094
6393.49 0.53366
6396.21 0.5248299
6398.93 0.512551
6401.65 0.5144832
6404.37 0.5185923
6407.080000000001 0.5057524
6409.8 0.5061437
6412.52 0.52916
6415.24 0.5606883
6417.96 0.5549157
6420.679999999999 0.5317767
6423.400000000001 0.5494365
6426.12 0.5533498
6428.84 0.5301375
6431.5599999999995 0.542098
6434.28 0.5402146
6436.99 0.5375499
6439.71 0.545646
6442.43 0.5350792
6445.15 0.5275455
6447.87 0.5406802
6450.59 0.5380384
6453.3099999999995 0.538185
6456.030000000001 0.5406798
6458.75 0.5449355
6461.47 0.529697
6464.19 0.5173693
6466.9 0.5063884
6469.620000000001 0.5283285
6472.34 0.5229228
6475.06 0.5275211
6477.78 0.526885
6480.5 0.5387722
6483.219999999999 0.5340513
6485.94 0.5251723
6488.660000000001 0.5379401
6491.38 0.515486
6494.1 0.4887271
6496.8099999999995 0.4760095
6499.53 0.499882
6502.250000000001 0.5222623
6504.97 0.5203299
6507.6900000000005 0.5274231
6510.41 0.5382585
6513.13 0.5456697
6515.849999999999 0.5237292
6518.570000000001 0.5139697
6521.29 0.5160731
6524.01 0.5455957
6526.72 0.5304321
6529.44 0.5244639
6532.16 0.5208437
6534.879999999999 0.5014716
6537.6 0.540509
6540.32 0.5725999
6543.04 0.6582329
6545.76 0.7804574
6548.48 0.8146517
6551.200000000001 0.8363715
6553.92 1.162883
6556.63 2.411184
6559.35 4.625075
6562.07 5.96204
6564.79 4.895352
6567.509999999999 2.492926
6570.2300000000005 1.031952
6572.95 0.6588932
6575.67 0.6987867
6578.389999999999 0.9665458
6581.11 1.322897
6583.820000000001 1.377202
6586.54 1.044745
6589.26 0.6955103
6591.98 0.5434934
6594.7 0.522727
6597.42 0.5126495
6600.14 0.5191311
6602.860000000001 0.5138966
6605.58 0.5252213
6608.3 0.5245607
6611.0199999999995 0.5224815
6613.73 0.5465023
6616.450000000001 0.5103263
6619.17 0.5363757
6621.89 0.5222379
6624.61 0.5032816
6627.33 0.5224822
6630.049999999999 0.5098854
6632.77 0.5178101
6635.490000000001 0.5181524
6638.21 0.5055067
6640.93 0.5212585
6643.639999999999 0.4968248
6646.36 0.5252467
6649.080000000001 0.4976561
6651.8 0.4958949
6654.52 0.4886547
6657.24 0.4933507
6659.96 0.5045532
6662.679999999999 0.5031832
6665.400000000001 0.5040393
6668.12 0.5024247
6670.84 0.4970435
6673.55 0.5361314
6676.2699999999995 0.5761962
6678.99 0.5549161
6681.71 0.5308967
6684.43 0.519327
6687.15 0.5115977
6689.87 0.520403
6692.59 0.5058983
6695.3099999999995 0.4956251
6698.030000000001 0.506534
6700.75 0.5081726
6703.46 0.5210643
6706.18 0.5550874
6708.9 0.6994482
6711.620000000001 0.996168
6714.34 1.292447
6717.06 1.341635
6719.78 1.045429
6722.5 0.7733642
6725.219999999999 0.7998782
6727.94 1.011282
6730.660000000001 1.100951
6733.37 0.9481055
6736.09 0.6852129
6738.8099999999995 0.5436402
6741.53 0.5093232
6744.250000000001 0.5012514
6746.97 0.47958
6749.6900000000005 0.4898285
6752.41 0.4959187
6762.240000000001 0.5008853
6777.83 0.4963592
6793.45 0.4987322
6809.12 0.4999295
6824.81 0.4977053
6840.540000000001 0.4966293
6856.320000000001 0.4921274
6872.120000000001 0.4843248
6887.96 0.486624
6903.84 0.4855735
6919.76 0.4856454
6935.71 0.4823432
6951.6900000000005 0.4879945
6967.719999999999 0.4813657
6983.780000000001 0.4759366
6999.88 0.4781865
7016.0199999999995 0.4771587
7032.1900000000005 0.4739309
7048.400000000001 0.4828091
7064.650000000001 0.4795554
7080.94 0.4796036
7097.259999999999 0.4741742
7113.620000000001 0.4742481
7130.02 0.4710443
7146.46 0.472193
7162.929999999999 0.4679374
7179.4400000000005 0.4531396
7195.99 0.4428912
7212.58 0.446021
7229.21 0.4575172
7245.87 0.4513057
7262.58 0.4566122
7279.320000000001 0.4535303
7296.099999999999 0.4432571
7312.920000000001 0.4557315
7329.78 0.4600117
7346.68 0.4643407
7363.610000000001 0.4527967
7380.58 0.4591571
7397.599999999999 0.4508404
7414.650000000001 0.4529923
7431.74 0.4478565
7448.88 0.4489567
7466.049999999999 0.4552666
7483.26 0.453237
7500.51 0.4470736
7517.8 0.4461189
7535.13 0.4513537
7552.5 0.4493482
7569.91 0.4452882
7587.36 0.4463634
7604.849999999999 0.4392947
7622.38 0.4393694
7639.96 0.4323972
7657.570000000001 0.4364575
7675.22 0.3999637
7692.91 0.4286313
7710.65 0.4112882
7728.42 0.4248152
7746.24 0.4258666
7764.09 0.4229812
7781.99 0.3893977
7799.93 0.4182597
7817.91 0.4192876
7835.93 0.423225
7854.0 0.4242762
7872.099999999999 0.4223933
7890.25 0.4205104
7908.44 0.4157644
7926.67 0.4063478
7944.9400000000005 0.4064214
7963.26 0.4064695
7981.620000000001 0.4102853
8000.009999999999 0.4084765
8018.459999999999 0.4066654
8036.9400000000005 0.402068
8055.47 0.4002814
8074.04 0.4068364
8092.650000000001 0.3994749
8111.31 0.402312
8129.999999999999 0.4005272
8148.74 0.3896668
8167.53 0.3897154
8186.360000000001 0.379173
8205.23 0.3740124
8224.15 0.3890057
8243.1 0.3802251
8262.11 0.395463
8281.15 0.3856305
8300.24 0.3865602
8319.38 0.3848474
8338.560000000001 0.3805182
8357.78 0.3876361
8377.04 0.3904
8396.35 0.372031
8415.71 0.3878319
8435.11 0.3843341
8454.55 0.3687786
8474.05 0.3697071
8493.58 0.3934825
8513.16 0.3639106
8532.79 0.3908892
8552.46 0.2864953
8572.17 0.3892262
8591.93 0.3821814
8611.74 0.3658673
8631.59 0.3805426
8651.49 0.3814723
8671.43 0.276394
8691.42 0.3627613
8711.46 0.3704165
8731.539999999999 0.3790998
8751.67 0.3604372
8771.84 0.3663565
8792.060000000001 0.3715175
8812.33 0.364791
8832.65 0.358186
8853.0 0.3623947
8873.42 0.3208123
8893.87 0.3608533
8914.37 0.3650845
8934.92 0.3560106
8955.52 0.352806
8976.16 0.345639
8996.86 0.3263644
9017.6 0.3256554
9038.380000000001 0.3530505
9059.22 0.371468
9080.1 0.3349507
9101.03 0.3467893
9122.01 0.3573797
9143.050000000001 0.3366618
9164.12 0.3142574
9185.24 0.3128632
9206.42 0.3352927
9227.64 0.3239678
9248.91 0.3285423
9270.23 0.3339233
9291.61 0.3394013
9313.03 0.3481828
9334.49 0.3474495
9356.01 0.3459082
9377.58 0.3428014
9399.199999999999 0.3436333
9420.87 0.3413336
9442.58 0.3390354
9464.35 0.3383256
9486.17 0.3376164
9508.039999999999 0.3345828
9529.95 0.3277593
9551.92 0.3066506
9573.94 0.3263895
9596.01 0.3309879
9618.130000000001 0.3295202
9640.31 0.3280525
9662.53 0.3251171
9684.8 0.3259248
9707.130000000001 0.3237232
9729.51 0.323038
9751.93 0.3216197
9774.41 0.3209351
9796.95 0.3187823
9819.529999999999 0.3195896
9842.17 0.3174367
9864.86 0.3153088
9887.6 0.3146486
9910.39 0.3132544
9933.23 0.312594
9956.13 0.3119335
9979.09 0.3105638
10025.15 0.3008047
10071.42 0.2947629
10117.92 0.3003398
10164.61 0.2976986
10235.07 0.2958146
10282.32 0.2945673
10306.02 0.2919258
10497.62 0.28246
10692.779999999999 0.2711596
10891.57 0.2565817
11094.07 0.2542335
11300.32 0.2444743
11510.41 0.2383615
11697.439999999999 0.2297393
11887.509999999998 0.2219391
12108.509999999998 0.2148999
12305.25 0.2090419
12505.21 0.2033451
12708.4 0.1973501
12885.18 0.1910885
13094.56 0.186309
13307.33 0.1808154
13492.46 0.1771072
13711.69 0.1722788
13902.429999999998 0.1679715
14095.83 0.1641486
14291.92 0.1596749
14490.74 0.1571213
14692.33 0.1535453
14896.720000000001 0.150395
15103.960000000001 0.146973
15314.080000000002 0.1449551
15491.410000000002 0.1439572
15706.92 0.1393906
15888.78 0.1349683
16109.82 0.1337306
16296.37 0.1322017
16485.07 0.1271266
16714.41 0.1239467
16907.94 0.1194632
17103.73 0.1164742
17301.78 0.1109783
17502.13 0.108953
17704.78 0.1054969
17909.8 0.1023856
18117.190000000002 0.09777731
18284.83 0.09577176
18496.55 0.0927337
18710.73 0.08835548
18883.87 0.08674361
19102.52 0.084574
19279.280000000002 0.08189078
19502.53 0.07838574
19682.97 0.07677873
19910.89 0.07468506
20095.13 0.07298508
20281.06 0.07034585
20515.91 0.06890274
20705.75 0.06671607
20897.32 0.06474954
21090.69 0.06313031
21285.850000000002 0.06140836
21482.79 0.05987231
21681.58 0.05744341
21882.18 0.05652378
22084.66 0.05498281
22289.02 0.05336113
22495.24 0.0520281
22703.4 0.05072682
22913.45 0.04723155
23125.48 0.0467986
23285.79 0.04287772
23501.24 0.04142238
23718.7 0.0415178
23883.100000000002 0.03865843
24104.100000000002 0.0380396
24327.109999999997 0.03786351
24495.75 0.0359948
24722.4 0.03599478
24893.78 0.03390348
25124.13 0.03366868
25298.27 0.03320639
25473.61 0.0324506
25709.33 0.03215462
25887.55 0.03120559
26127.07 0.03077754
26308.19 0.02993858
26490.54 0.02973312
26674.18 0.02892351
26920.97 0.02859086
27107.59 0.02806987
27295.48 0.02749263
27484.670000000002 0.02686891
27675.2 0.02637726
27931.29 0.02601526
28124.89 0.02542333
28319.83 0.02495861
28516.149999999998 0.0244474
28713.8 0.02378135
28912.85 0.02345482
29113.25 0.02302679
29315.07 0.02250261
29518.260000000002 0.02204106
29722.879999999997 0.02163895
29928.9 0.021195
30067.03 0.02076037
30275.47 0.02024108
30485.31 0.01991748
30696.64 0.01955401
30909.41 0.01919714
31123.68 0.01880334
31267.33 0.01850273
31484.05 0.01816494
31702.309999999998 0.0178746
31922.039999999997 0.01762928
32069.41 0.01746759
32291.690000000002 0.0174676
32515.54 0.01783352
32665.609999999997 0.01933021
32892.02 0.02389095
33120.04 0.02361749
33272.91 0.01837529
33503.57 0.01630184
33735.78 0.01531907
33891.490000000005 0.01473106
34126.43 0.01429665
34283.94 0.01393905
34521.61 0.01362181
34680.939999999995 0.01334249
34921.32 0.01306878
35082.54 0.0128303
35325.700000000004 0.01256711
35488.74 0.01233769
35734.76 0.01208476
35899.69 0.01189154
36065.39 0.01167433
36315.4 0.01146129
36483.01 0.01122624
36735.93 0.0110467
36905.48 0.0108202
37075.81 0.01064728
37332.83 0.01047704
37505.14 0.01021483
37678.24 0.01014463
37939.44 0.00998246
38114.55 0.009800235
38290.46 0.009643455
38467.229999999996 0.009511129
38733.86 0.00933746
38912.63 0.009188261
39092.27 0.009020467
39272.7 0.008917245
39544.950000000004 0.008754592
39727.47 0.008634493
39910.83 0.008476732
40095.04 0.008341223
40280.13 0.008226753
40466.049999999996 0.008076815
40746.520000000004 0.008002703
40934.63 0.007892881
41123.57 0.00778452
41313.37 0.007660021
41504.1 0.007555086
41695.65 0.007417139
41888.1 0.007332261
42081.48 0.007231488
42275.7 0.007148816
42470.82 0.007050733
42666.89000000001 0.006954118
42863.82 0.006717839
43061.65 0.006504796
43260.41 0.006504793
43460.12 0.006283924
43660.71 0.006155019
43862.22 0.006084579
44064.71 0.005878138
44268.090000000004 0.005850987
44472.41 0.005757552
44677.72 0.005587804
44883.93 0.005613486
45091.09 0.005510998
45299.2 0.005385521
45508.33 0.005385522
45718.37 0.005336114
45929.380000000005 0.005202809
46141.42 0.005226776
46247.78 0.00515511
46461.23 0.005096163
46675.67 0.005072682
46891.15 0.005037706
47107.58 0.004979981
47325.0 0.004991476
47543.48 0.004934484
47653.07 0.004900486
47873.01 0.004855481
48093.969999999994 0.004799957
48315.99 0.004821972
48538.990000000005 0.004766939
48650.88 0.004723156
48875.43 0.004701384
49101.06 0.004658336
49327.69 0.004637057
49555.36 0.004635833
49669.64 0.004654913
49898.89 0.004682062
50129.19 0.004730981
50244.74 0.00473881
50476.700000000004 0.004754463
50709.68 0.004802892
50826.56 0.004821483
50943.72 0.004851079
51061.15 0.004858418
51178.91 0.004865754
51296.88 0.004884098
51415.119999999995 0.004902444
51533.64 0.004932283
51652.42 0.004973377
51771.49 0.005003218
51890.82 0.005010067
52010.490000000005 0.005028167
52130.38 0.005046511
52250.55 0.00506461
52370.99 0.005094451
52491.71 0.005124291
52612.7 0.005166363
52734.04 0.005208433
52855.590000000004 0.00521455
52977.42999999999 0.005220663
53099.55 0.005250748
53221.95 0.005293307
53344.630000000005 0.005323638
53467.59 0.005353969
53590.89 0.005396772
53714.43 0.005427591
53838.24 0.005458166
53962.34 0.005501461
54086.73 0.005532524
54211.4 0.005576307
54336.36 0.005594407
54461.67 0.005651642
54587.21 0.005695915
54713.04 0.005740675
54839.149999999994 0.00577223
54965.56 0.005830687
55092.26 0.005876182
55219.310000000005 0.00593562
55346.6 0.006009242
55474.18000000001 0.006041773
55602.049999999996 0.00608849
55730.22 0.006178014
55858.67999999999 0.006225465
55987.44 0.006287591
56116.549999999996 0.006365128
56245.909999999996 0.006428479
56375.56 0.006507483
56505.5 0.006587224
56635.75 0.006683106
56766.3 0.006765044
56897.219999999994 0.006847471
57028.369999999995 0.006947025
57159.82000000001 0.007064188
57291.58 0.007166672
57423.64 0.007287257
57556.01 0.007409554
57688.68 0.007551421
57821.72 0.007695979
57955.0 0.007842979
58088.59 0.008011017
58222.490000000005 0.008182725
58356.69 0.008377178
58491.21 0.008596093
58626.04 0.008820387
58761.24 0.009071344
58896.689999999995 0.009307868
59191.770000000004 0.009519687
59498.13 0.009516755
59804.51 0.01264367
60110.88 0.01400069
60417.24999999999 0.01437859
60723.630000000005 0.01392266
61029.99 0.01755028
61336.36 0.02135521
61642.729999999996 0.03151623
61949.1 0.04022875
62255.469999999994 0.04010401
62561.840000000004 0.03424594
62868.22 0.02903113
63174.590000000004 0.0235605
63480.96 0.01910321
63787.32 0.01727364
64093.7 0.01411761
64400.06999999999 0.01337428
64706.44 0.01048927
65012.82 0.01198595
65319.18 0.01005486
65625.55 0.009032942
65931.93000000001 0.0107209
66238.29 0.01036061
66544.66 0.01184947
66851.04 0.009757191
67157.41 0.01041638
67463.78 0.01089872
67770.15 0.01103374
68076.52 0.01033737
68382.9 0.01138865
68689.26 0.01109684
68995.62999999999 0.01215277
69302.0 0.01224229
69608.37 0.01242794
69914.75 0.01504609
70221.12 0.01261774
70527.49 0.01310253
70833.86 0.01343616
71140.22 0.01436906
71446.61 0.01322288
71752.97 0.01446567
72059.34 0.01460386
72365.72 0.01693463
72672.08 0.01633854
72978.45 0.01663793
73284.83 0.01971568
73591.2 0.02027654
73897.57 0.02295951
74203.93 0.0235896
74490.26 0.02551873
74510.31 0.02537686
74816.69 0.02694962
75104.21 0.03146242
75123.05 0.02962061
75718.17 0.03614644
76332.12999999999 0.03633968
76946.1 0.03238944
77560.06 0.03145508
78174.03 0.03035195
78787.99 0.029535
79401.94 0.02437917
80015.92 0.01926685
80629.88 0.01586916
81243.83 0.01503093
81857.79999999999 0.0141203
82471.76 0.01377664
83085.73000000001 0.01442923
83699.68999999999 0.01365801
84313.66 0.01478315
84927.61 0.01613773
85541.59 0.01798467
86155.54 0.01768089
86769.5 0.01578576
87383.46999999999 0.01250572
87997.43 0.01031463
88611.38 0.008091001
89225.35 0.007971147
89839.31 0.008558668
90453.28 0.007113837
91067.24 0.005560408
91681.20999999999 0.005093717
92295.17 0.00518324
92909.13 0.004720708
93523.09 0.004807784
94137.05 0.004645129
94751.02 0.004441624
95364.98 0.00453824
95978.93 0.004820015
96592.91 0.005724043
97206.87 0.005065835
97820.83 0.004763514
98434.79999999999 0.004493722
99048.71999999999 0.004460947
99662.73 0.003954389
100276.65000000001 0.004226624
100890.68 0.004414474
101504.6 0.00407424
102118.61 0.003898865
102732.54 0.003767761
103346.45999999999 0.004121202
103960.46999999999 0.004291687
104574.39000000001 0.005778099
105188.42 0.006874134
105802.34000000001 0.006211767
106416.26000000001 0.005729913
107030.28 0.005547933
107644.21 0.005063632
108258.22 0.005377205
108872.14 0.005974754
109486.15999999999 0.007101854
110100.09 0.008274202
110714.0 0.009426742
111328.02 0.01311843
111941.94 0.02107638
112555.96 0.02393032
113169.88 0.01953248
113783.9 0.01479979
114397.81999999999 0.01129521
115011.74 0.008988426
115625.76999999999 0.007694999
116239.69 0.007342537
116853.70000000001 0.006708786
117467.62000000001 0.006716125
118081.65000000001 0.006544908
118695.57 0.006781187
119309.49 0.007020646
119923.51 0.006902019
120537.43000000001 0.006703162
121151.45 0.00665253
121765.37 0.006381762
122379.3 0.006886854
122993.31 0.007235404
123607.23 0.007349629
124221.25 0.007352076
124835.18000000001 0.007488804
125449.19 0.007735848
126063.12000000001 0.008489448
126677.04000000001 0.009453646
127291.06 0.01109807
127904.98 0.0152902
128519.0 0.01301815
129132.92 0.007178166
129746.83 0.005532525
130360.85 0.005132364
130974.78000000001 0.004781368
131588.8 0.004882876
132202.69999999998 0.004895595
132816.73 0.004745657
133430.66 0.004345253
134044.59 0.004439911
134658.61000000002 0.004592051
135272.52000000002 0.005011778
135886.55 0.004628984
136500.47 0.004765225
137114.48 0.004590094
137728.41 0.0040285
138342.31 0.004212438
138956.34 0.004296823
139570.27 0.004459235
140184.28 0.004140526
140798.2 0.004291197
141412.22 0.00446584
142026.16 0.004413495
142640.06 0.003897886
143254.09 0.003747949
143782.39 0.003588228
144688.97 0.003643262
145595.66999999998 0.003845298
146502.27 0.003852392
147408.84 0.003598012
148315.45 0.003500173
149222.14 0.003301561
150128.73 0.00336271
151035.33000000002 0.003466663
151942.02000000002 0.003615133
152848.63 0.003876851
153755.2 0.003758956
154661.8 0.006397661
155568.5 0.009961917
156475.09 0.007080329
157381.69 0.004608438
158288.38 0.004099679
159194.97 0.003860953
160101.56 0.003827443
161008.25 0.004115577
161914.84 0.004286061
162821.44 0.00470212
163728.05 0.005095919
164634.73 0.00543542
165541.31000000003 0.005185197
166447.91 0.00488361
167354.52 0.004821727
168261.19999999998 0.004767427
169167.81 0.005122824
170074.41 0.005813565
170981.09 0.005461835
171887.69 0.005081487
172794.28 0.005288906
173700.97999999998 0.005571659
174607.56 0.005287194
175514.16 0.004917119
176420.74999999997 0.004584224
177327.44 0.004957967
178234.05000000002 0.004574195
179140.62000000002 0.004754218
180047.31 0.004343296
180953.92 0.004594252
181860.50000000003 0.004308808
182767.19 0.004179662
183673.80000000002 0.004616266
184580.38999999998 0.004431351
185486.98 0.00450473
186393.67 0.007775227
187300.27 0.009359478
188206.86 0.006030277
189113.56000000003 0.005212347
190020.16 0.004863798
190926.73 0.004648063
191833.33000000002 0.004571016
192740.05 0.004734161
193646.63 0.004729025
194553.23 0.00454998
195459.91999999998 0.004586914
196366.5 0.005065834
197273.09000000003 0.005021807
198179.69999999998 0.004969218
199086.41 0.005122335
199992.97999999998 0.004963592
200899.58 0.004549491
201806.27000000002 0.004397842
203241.94999999998 0.004509867
204977.2 0.004962126
206713.47 0.004848877
208450.72999999998 0.004767427
210188.88 0.004964081
211927.91 0.005324861
213667.91 0.004950874
215408.84 0.005157068
217150.73 0.00564357
218893.63 0.00528915
220637.39 0.00497729
222382.16 0.005026943
224127.81 0.005514668
225874.44999999998 0.005490698
227622.08000000002 0.005188377
229370.61 0.0055472
231120.13 0.005748013
232870.63 0.005570926
234622.02000000002 0.005497792
236374.5 0.00552323
238127.78000000003 0.005594895
239882.11 0.005671455
241637.47 0.005599298
243393.69999999998 0.005352256
245150.91999999998 0.005437131
246909.13999999998 0.005754617
248668.23 0.005814788
250428.43999999997 0.005631829
252189.52000000002 0.005496324
253951.69 0.005624736
255714.72 0.005680994
257478.8 0.006053513
259243.81 0.006189753
261009.84 0.005964236
262776.84 0.005896973
264544.88 0.005899907
266313.88 0.005947603
268083.84 0.006046175
269854.78 0.006023184
271626.75 0.006016823
273399.81 0.005974754
275173.72000000003 0.005918008
276948.66000000003 0.006093627
278724.66 0.005798888
280501.66000000003 0.006115152
282279.56 0.006220327
284058.5 0.006047154
285838.5 0.006138877
287619.56 0.006194645
289401.59 0.00627365
291184.52999999997 0.006327462
292968.63 0.006208832
294753.66000000003 0.006352654
296539.72 0.006289305
298326.81 0.006224242
300114.88 0.006478623
301904.06 0.006321835
303694.19 0.006636387
305485.34 0.00655567
307277.56 0.006680413
309070.88 0.006523139
310865.19 0.006497455
312660.5 0.006709276
314456.75 0.006733492
316254.22000000003 0.006564476
318052.58999999997 0.006915471
319852.13 0.006702916
321652.56 0.006653018
323454.16 0.006581598
325256.77999999997 0.006718816
327060.34 0.006977109
328865.06 0.007245676
330670.84 0.007114573
332477.69 0.008330704
334285.56 0.01067002
336094.47000000003 0.008886672
337904.38 0.007428146
339715.44 0.007098674
341527.63 0.007327127
343340.72 0.007131938
345155.00000000006 0.007413469
