102.06 1.033971e-11
103.96000000000001 1.494456e-11
105.89 2.190115e-11
108.11 3.262047e-11
110.11999999999999 5.463523e-11
113.99 1.04832e-10
118.0 1.868242e-10
121.02 8.288299e-10
124.99 1.344053e-09
127.02 1.649897e-09
127.89999999999999 1.859742e-09
130.88 2.468399e-09
132.09 3.086396e-09
133.93 3.6851e-09
137.05 5.501246e-09
139.92 7.053971e-09
142.85 2.235644e-08
146.85 6.814212e-08
150.96 8.840556e-08
154.84 1.151985e-07
159.17000000000002 1.494297e-07
162.13000000000002 1.792529e-07
165.91000000000003 2.30908e-07
170.17000000000002 2.880297e-07
172.93 3.399595e-07
176.96 4.182521e-07
179.82999999999998 4.869401e-07
181.92 5.375781e-07
186.15 6.507935e-07
190.92999999999998 8.174532e-07
194.03 9.407241e-07
198.09 1.11296e-06
201.78 1.316474e-06
205.06 1.487383e-06
209.83 1.7236e-06
216.21 2.251416e-06
220.23000000000002 2.608676e-06
222.78 2.853793e-06
226.92000000000002 3.299329e-06
230.08 5.400392e-06
233.81 9.805291e-06
239.81 1.369148e-05
245.96 1.467137e-05
252.26999999999998 1.747678e-05
256.96 1.627312e-05
259.94 1.969939e-05
264.15999999999997 2.220509e-05
269.07 2.418012e-05
274.08 2.614743e-05
279.17 2.821359e-05
283.71 3.044012e-05
290.32 3.172641e-05
295.71 3.511278e-05
301.21 3.710601e-05
308.23 4.106374e-05
318.32 4.725856e-05
328.0 5.289553e-05
337.96 5.827274e-05
348.23 6.359963e-05
357.16999999999996 6.893542e-05
366.33 7.506423e-05
374.85999999999996 8.025003e-05
385.36 8.345583e-05
395.25 9.213875e-05
405.39 9.895479e-05
413.88 0.0001038549
421.57 0.0001077578
430.40000000000003 0.0001117986
441.44000000000005 0.0001189706
450.67999999999995 0.000123725
460.11999999999995 0.0001277777
469.75000000000006 0.0001331861
479.59000000000003 0.0001391413
489.63 0.0001423806
499.89 0.0001490842
505.67 0.0001532682
511.53 0.0001855479
519.84 0.0001920689
529.51 0.0001988146
540.59 0.0001992794
549.38 0.0002272149
559.59 0.0002526107
569.99 0.0002757159
580.59 0.0002763452
590.03 0.0003143732
599.61 0.0003254301
609.36 0.0003486843
620.68 0.0004096977
629.32 0.0004410245
639.54 0.0004575698
649.9399999999999 0.0005122156
657.46 0.0005450637
665.0699999999999 0.0005813849
674.33 0.0006031717
685.2800000000001 0.0006073875
694.82 0.0007628482
704.48 0.0007455009
715.9300000000001 0.0008983508
725.89 0.0009559797
734.3 0.001010278
744.51 0.001144055
754.87 0.001240083
765.3699999999999 0.001316558
774.23 0.001480634
785.0 0.001608609
794.0899999999999 0.001723672
805.14 0.001838393
814.46 0.001947385
825.79 0.00216992
835.35 0.001842676
845.03 0.00239026
854.8100000000001 0.002508723
864.71 0.00275706
874.7199999999999 0.003009221
884.8499999999999 0.003322343
895.1 0.003576461
905.46 0.00365978
915.9499999999999 0.005501082
924.42 0.03676753
935.13 0.08212146
945.96 0.1593818
954.71 0.2298513
965.76 0.2620927
974.7 0.04221443
985.99 0.2261743
995.11 0.244031
1004.3199999999999 0.3642811
1015.95 0.3551798
1025.35 0.1546846
1034.8300000000002 0.2531941
1044.41 0.4971193
1054.07 0.4925376
1063.8300000000002 0.3912384
1076.14 0.4736597
1086.1 0.3762121
1096.15 0.5086966
1103.75 0.4925283
1113.96 0.478035
1124.27 0.4319549
1134.67 0.5590364
1145.1699999999998 0.5122224
1155.77 0.5513797
1163.78 0.5734
1174.55 0.3966681
1185.4199999999998 0.5668308
1193.6299999999999 0.3930363
1204.68 0.2834301
1215.82 0.1933978
1224.25 0.398509
1235.58 0.6115718
1244.1399999999999 0.6783336
1255.66 0.6522779
1264.36 0.5655276
1276.06 0.738655
1284.8999999999999 0.7806462
1293.81 0.6186617
1305.78 0.6172224
1314.83 0.7824388
1323.95 0.752381
1336.1999999999998 0.6705573
1345.46 0.8062141
1354.79 0.7860321
1364.18 0.7054128
1373.63 0.7472294
1386.3400000000001 0.7610941
1395.95 0.6598415
1405.6299999999999 0.690955
1415.37 0.7185495
1425.18 0.742086
1435.06 0.7437719
1441.6899999999998 0.7878648
1448.34 0.8025185
1455.03 0.7842323
1465.1100000000001 0.7268751
1475.27 0.7318746
1485.4899999999998 0.7489593
1495.79 0.766386
1506.16 0.7285259
1513.11 0.6508072
1516.6 0.7005532
1523.6 0.6830506
1534.1599999999999 0.5962615
1544.79 0.6538092
1555.5 0.6229316
1566.28 0.6418795
1573.51 0.6893721
1584.42 0.726877
1595.3999999999999 0.7455054
1606.46 0.7352725
1613.88 0.7420744
1625.0600000000002 0.707046
1636.33 0.7558725
1643.88 0.7717141
1655.28 0.7185401
1666.75 0.7878716
1670.5900000000001 0.7070452
1678.3000000000002 0.7988113
1686.05 0.832609
1693.8300000000002 0.7860445
1705.57 0.7593719
1713.45 0.7235141
1725.32 0.7218633
1733.2900000000002 0.7734762
1745.3 0.7593699
1753.36 0.8117934
1765.5100000000002 0.7506553
1773.6599999999999 0.7699131
1785.96 0.7878663
1794.2 0.8422812
1806.6399999999999 0.8383929
1814.97 0.777048
1823.35 0.7988172
1835.99 0.7717122
1844.47 0.7119448
1852.98 0.7185416
1865.82 0.7437737
1874.44 0.8043503
1883.0900000000001 0.7437696
1896.14 0.7168889
1904.8899999999999 0.7628657
1913.69 0.7369577
1926.95 0.7251755
1935.8500000000001 0.7506444
1944.7800000000002 0.7860426
1953.76 0.7369607
1967.3 0.8099222
1976.38 0.8345504
1985.5 0.7915082
1994.67 0.77348
2003.8700000000001 0.7988129
2013.12 0.7752448
2027.08 0.8136619
2036.4299999999998 0.7734828
2045.83 0.8043532
2055.2799999999997 0.7628602
2064.7599999999998 0.7734855
2074.3 0.8345477
2079.08 0.7969754
2083.87 0.8268965
2093.4900000000002 0.7860373
2103.15 0.7951439
2112.86 0.8062181
2122.61 0.8193108
2137.33 0.769913
2147.19 0.7878735
2157.1 0.8193109
2167.06 0.7969789
2177.06 0.7933104
2187.1099999999997 0.782437
2197.2 0.8193137
2207.35 0.8006419
2217.54 0.7663829
2222.65 0.7472248
2232.91 0.7951426
2243.21 0.7663866
2253.57 0.7386531
2263.97 0.7558748
2274.42 0.7752416
2284.92 0.7951441
2295.46 0.7524209
2306.06 0.7593675
2316.7 0.7285336
2327.4 0.5921659
2332.76 0.6861949
2343.53 0.6690435
2354.35 0.7185443
2365.21 0.6674981
2376.13 0.686192
2387.1 0.6433597
2392.6 0.6814666
2403.65 0.6583509
2414.74 0.6736676
2425.89 0.7103239
2437.08 0.6861951
2442.7 0.7218611
2453.98 0.7136028
2465.3 0.7103306
2476.68 0.6877826
2482.39 0.700591
2493.85 0.6523222
2505.3599999999997 0.7319195
2511.14 0.6598698
2516.93 0.678358
2522.7300000000005 0.6553196
2534.3700000000003 0.6644584
2546.07 0.655321
2557.82 0.6989645
2563.72 0.6830525
2575.5499999999997 0.7185454
2587.4399999999996 0.7119825
2593.41 0.7038319
2605.38 0.68305
2617.3999999999996 0.6752564
2623.44 0.7022108
2635.5499999999997 0.723554
2647.7099999999996 0.7770793
2653.81 0.7933428
2666.06 0.728568
2672.21 0.7576385
2684.5400000000004 0.7594045
2696.94 0.7252126
2703.15 0.7455383
2715.63 0.7119809
2721.8900000000003 0.7103609
2734.45 0.7404213
2747.08 0.6583513
2753.41 0.6721487
2766.1200000000003 0.6957868
2772.4900000000002 0.7235555
2785.2900000000004 0.6878142
2798.1499999999996 0.5773818
2804.6 0.6130176
2817.54 0.7185833
2824.04 0.7507212
2837.0699999999997 0.7252152
2843.6099999999997 0.7087397
2856.74 0.683087
2863.3199999999997 0.7455365
2876.5400000000004 0.7472667
2883.17 0.7438452
2896.48 0.743841
2909.85 0.7988807
2930.02 0.7717495
2950.33 0.7611643
2970.78 0.7735518
2991.37 0.7735493
3012.11 0.7807082
3032.99 0.7825087
3046.99 0.7843099
3068.11 0.7879434
3089.3700000000003 0.7915811
3110.79 0.7933783
3132.35 0.7825134
3146.81 0.7861112
3168.62 0.7897456
3190.5899999999997 0.7542118
3212.7 0.7789125
3227.53 0.7473017
3249.9 0.7897478
3272.43 0.8156409
3287.54 0.8100313
3310.3300000000004 0.8062909
3325.6000000000004 0.8156448
3333.27 0.8289053
3340.95 0.7897821
3348.66 0.8442866
3356.3700000000003 0.8119022
3364.11 0.7438782
3371.8700000000003 0.7507571
3379.64 0.8156391
3387.4300000000003 0.8212876
3395.24 0.8044569
3403.07 0.8346565
3410.91 0.7843481
3418.78 0.7934092
3426.6600000000003 0.8156397
3434.55 0.8482076
3442.4700000000003 0.7916139
3450.41 0.8100288
3458.3599999999997 0.7989176
3466.34 0.7897776
3474.33 0.8194118
3482.33 0.7916167
3490.36 0.8231914
3498.4100000000003 0.7753471
3506.47 0.8175457
3514.56 0.7843429
3522.6600000000003 0.8231897
3530.78 0.7843462
3538.9199999999996 0.8289038
3547.0800000000004 0.8404422
3555.25 0.8385032
3563.4500000000003 0.8270026
3571.66 0.7843481
3579.8999999999996 0.7718196
3588.15 0.7136764
3596.42 0.7825469
3604.71 0.8175469
3613.02 0.7682589
3621.35 0.7771461
3629.7000000000003 0.8882128
3635.76 0.92371
3638.48 0.889909
3641.2 0.8885672
3643.92 0.8331741
3646.63 0.828097
3649.35 0.82799
3652.07 0.8322228
3654.79 0.8327863
3657.5099999999998 0.9189075
3660.2200000000003 0.9032463
3662.94 0.8569204
3665.66 0.882428
3668.38 0.9031724
3671.09 0.8540993
3673.81 0.8518402
3676.53 0.8340572
3679.25 0.8234717
3681.96 0.8341656
3684.6800000000003 0.7870635
3687.4 0.7927076
3690.12 0.8093594
3692.84 0.8583998
3695.55 0.8788315
3698.27 0.8396325
3700.9900000000002 0.8652106
3703.71 0.8707841
3706.42 0.8262269
3709.1400000000003 0.8162412
3711.86 0.8249899
3714.58 0.8948111
3717.29 0.9148549
3720.01 1.012337
3722.73 1.266999
3725.4500000000003 1.638759
3728.17 1.767288
3730.8799999999997 1.624969
3733.6000000000004 1.245442
3736.32 1.002103
3739.04 0.9011969
3741.75 0.8850415
3744.47 0.8985533
3747.19 0.8557205
3749.9100000000003 0.8421007
3752.63 0.8588584
3755.3399999999997 0.8606259
3758.06 0.9281893
3760.78 0.9734544
3763.5 1.012827
3766.21 0.9558869
3768.93 0.9426199
3771.6499999999996 0.8978817
3774.3700000000003 0.9802275
3777.08 1.058486
3779.7999999999997 1.070657
3782.52 1.144606
3785.2400000000002 1.198621
3787.96 1.225187
3790.67 1.059474
3793.39 0.9843225
3796.1099999999997 0.9046907
3798.8300000000004 0.9137568
3801.54 1.016113
3804.2599999999998 1.071998
3806.98 1.111441
3809.7 1.216015
3812.41 1.207693
3815.13 1.200671
3817.85 1.146512
3820.5699999999997 1.139207
3823.29 1.153212
3826.0 1.123263
3828.72 1.040385
3831.44 0.9528502
3834.16 0.9343263
3836.87 0.9041641
3839.59 0.9349992
3842.31 1.010289
3845.0299999999997 1.115215
3847.7400000000002 1.123405
3850.46 1.195802
3853.18 1.248617
3855.9 1.190401
3858.62 1.252248
3861.33 1.262026
3864.05 1.281465
3866.77 1.253626
3869.49 1.267914
3872.2000000000003 1.27815
3874.92 1.187687
3877.64 1.164364
3880.36 1.133244
3883.08 1.093022
3885.79 1.061202
3888.51 1.024685
3891.23 1.004679
3893.95 1.032021
3896.6600000000003 1.037282
3899.38 1.122839
3902.1 1.191072
3904.82 1.175088
3907.53 1.2555
3910.25 1.280301
3912.9700000000003 1.283651
3915.69 1.299738
3918.41 1.283437
3921.1200000000003 1.244032
3923.84 1.232811
3926.56 1.197316
3929.28 1.068678
3931.9900000000002 0.9932856
3934.71 0.9563799
3937.4300000000003 1.035551
3940.15 1.137831
3942.86 1.227415
3945.5800000000004 1.251159
3948.3 1.215981
3951.02 1.258706
3953.7400000000002 1.241946
3956.4500000000003 1.176186
3959.17 1.133388
3961.8900000000003 1.067621
3964.61 0.9761702
3967.3199999999997 0.8888871
3970.0400000000004 0.8830647
3972.76 0.9220499
3975.48 0.9472751
3978.2000000000003 1.055624
3980.91 1.167718
3983.63 1.231576
3986.3500000000004 1.249286
3989.07 1.288306
3991.7799999999997 1.313573
3994.5000000000005 1.380571
3997.2200000000003 1.414546
3999.94 1.36829
4002.6499999999996 1.363426
4005.37 1.371751
4008.09 1.381875
4010.8100000000004 1.41585
4013.53 1.439663
4016.24 1.428061
4018.9599999999996 1.433281
4021.6800000000003 1.458929
4024.4 1.379756
4027.1099999999997 1.468212
4029.83 1.450005
4032.5499999999997 1.385262
4035.2700000000004 1.456952
4037.98 1.471388
4040.7 1.455969
4043.4199999999996 1.442278
4046.14 1.462775
4048.86 1.434971
4051.5699999999997 1.404105
4054.29 1.441855
4057.0099999999998 1.42139
4059.7299999999996 1.42287
4062.44 1.376339
4065.16 1.40675
4067.8799999999997 1.347899
4070.6 1.438783
4073.31 1.347761
4076.0299999999997 1.375632
4078.75 1.355838
4081.47 1.347333
4084.1899999999996 1.325599
4086.9 1.336259
4089.62 1.305668
4092.3399999999997 1.255461
4095.06 1.225329
4097.77 1.267848
4100.49 1.207021
4103.21 1.251439
4105.93 1.18465
4108.65 1.196327
4111.36 1.20935
4114.08 1.300128
4116.8 1.338161
4119.5199999999995 1.321259
4122.2300000000005 1.310186
4124.95 1.381947
4127.67 1.361024
4130.39 1.369278
4133.1 1.342645
4135.82 1.32652
4138.54 1.402268
4141.26 1.387519
4143.98 1.377921
4146.6900000000005 1.384418
4149.41 1.39867
4152.13 1.392247
4154.85 1.383178
4157.56 1.409433
4160.28 1.408056
4163.0 1.415146
4165.72 1.398809
4168.43 1.37648
4171.150000000001 1.374045
4173.87 1.337738
4176.59 1.356224
4179.31 1.354529
4182.02 1.367342
4184.74 1.371715
4187.46 1.386285
4190.18 1.377427
4192.89 1.390416
4195.610000000001 1.391685
4198.33 1.374043
4201.05 1.331809
4203.77 1.358904
4206.4800000000005 1.39479
4209.2 1.40435
4211.92 1.412111
4214.64 1.415461
4217.35 1.383113
4220.070000000001 1.425661
4222.79 1.380569
4225.51 1.382614
4228.219999999999 1.344727
4230.9400000000005 1.333859
4233.66 1.366845
4236.38 1.407771
4239.1 1.400183
4241.8099999999995 1.384347
4244.530000000001 1.388933
4247.25 1.396587
4249.97 1.397432
4252.679999999999 1.391968
4255.4 1.366282
4258.12 1.378382
4260.84 1.381027
4263.55 1.394404
4266.2699999999995 1.410702
4268.99 1.423508
4271.71 1.391506
4274.43 1.381449
4277.139999999999 1.395496
4279.86 1.388721
4282.58 1.387449
4285.3 1.357917
4288.01 1.354535
4290.73 1.343032
4293.45 1.313005
4296.17 1.309441
4298.88 1.282102
4301.599999999999 1.264389
4304.32 1.237891
4307.04 1.245193
4309.76 1.245263
4312.47 1.250735
4315.19 1.326519
4317.91 1.332939
4320.63 1.355306
4323.34 1.315372
4326.0599999999995 1.300553
4328.78 1.290496
4331.5 1.294728
4334.219999999999 1.32521
4336.93 1.405022
4339.65 1.45385
4342.37 1.39013
4345.09 1.310216
4347.8 1.243997
4350.5199999999995 1.246183
4353.24 1.281005
4355.96 1.34204
4358.67 1.386077
4361.39 1.415042
4364.11 1.409889
4366.83 1.433138
4369.55 1.403218
4372.26 1.391933
4374.98 1.396412
4377.7 1.393976
4380.42 1.345498
4383.13 1.335094
4385.85 1.350158
4388.57 1.329694
4391.29 1.349697
4394.0 1.369636
4396.72 1.402834
4399.44 1.394859
4402.16 1.389142
4404.88 1.392916
4407.59 1.375739
4410.31 1.38865
4413.03 1.37503
4415.75 1.376722
4418.46 1.393345
4421.18 1.409749
4423.9 1.424213
4426.62 1.429539
4429.34 1.393268
4432.05 1.368611
4434.77 1.384098
4437.49 1.424071
4440.21 1.432149
4442.92 1.420546
4445.64 1.432576
4448.36 1.450321
4451.08 1.439347
4453.79 1.421852
4456.51 1.413454
4459.2300000000005 1.393412
4461.95 1.407806
4464.67 1.392422
4467.38 1.409503
4470.1 1.422979
4472.82 1.422554
4475.54 1.434019
4478.25 1.423969
4480.97 1.422062
4483.6900000000005 1.428588
4486.41 1.448168
4489.12 1.437412
4491.84 1.447113
4494.56 1.429894
4497.28 1.441112
4500.0 1.473852
4502.71 1.515595
4505.43 1.533164
4508.150000000001 1.535526
4510.87 1.525716
4513.58 1.502824
4516.3 1.495978
4519.02 1.4958
4521.74 1.482038
4524.45 1.430673
4527.17 1.408056
4529.889999999999 1.406043
4532.610000000001 1.398704
4535.33 1.390799
4538.04 1.44422
4540.76 1.444713
4543.48 1.480558
4546.2 1.453742
4548.91 1.42912
4551.63 1.416206
4554.349999999999 1.399516
4557.07 1.427034
4559.79 1.468806
4562.5 1.476044
4565.22 1.487968
4567.94 1.456389
4570.66 1.480555
4573.37 1.483312
4576.09 1.487968
4578.8099999999995 1.455084
4581.53 1.452719
4584.24 1.424886
4586.96 1.446336
4589.68 1.457484
4592.4 1.466867
4595.12 1.454129
4597.83 1.443161
4600.55 1.446477
4603.2699999999995 1.456566
4605.99 1.47918
4608.7 1.469835
4611.42 1.528331
4614.14 1.515663
4616.86 1.477628
4619.57 1.47975
4622.29 1.460802
4625.01 1.485851
4627.73 1.500315
4630.45 1.466125
4633.16 1.466695
4635.88 1.432505
4638.6 1.470467
4641.32 1.450426
4644.03 1.445809
4646.75 1.428554
4649.47 1.428729
4652.19 1.440053
4654.91 1.459316
4657.62 1.443302
4660.34 1.478477
4663.06 1.412993
4665.78 1.442663
4668.49 1.407245
4671.21 1.41684
4673.93 1.418321
4676.65 1.439347
4679.360000000001 1.44722
4682.08 1.438186
4684.8 1.465034
4687.52 1.471313
4690.24 1.471311
4692.95 1.449583
4695.67 1.465458
4698.39 1.44203
4701.11 1.428445
4703.820000000001 1.440445
4706.54 1.451946
4709.26 1.460765
4711.9800000000005 1.474276
4714.6900000000005 1.479009
4717.41 1.427108
4720.13 1.465846
4722.85 1.477099
4725.57 1.497032
4728.280000000001 1.428696
4731.0 1.416911
4733.72 1.429081
4736.4400000000005 1.45032
4739.15 1.455193
4741.87 1.46627
4744.59 1.487826
4747.31 1.476287
4750.0199999999995 1.510268
4752.74 1.493861
4755.46 1.502998
4758.18 1.488672
4760.900000000001 1.455682
4763.61 1.475903
4766.33 1.460025
4769.05 1.450815
4771.77 1.455436
4774.48 1.439211
4777.2 1.455862
4779.92 1.468774
4782.64 1.467749
4785.360000000001 1.452612
4788.07 1.469411
4790.79 1.467116
4793.51 1.480028
4796.2300000000005 1.466902
4798.94 1.481231
4801.66 1.489062
4804.38 1.46895
4807.1 1.47163
4809.8099999999995 1.47668
4812.53 1.474421
4815.25 1.504232
4817.969999999999 1.475159
4820.6900000000005 1.487612
4823.4 1.478972
4826.12 1.451522
4828.84 1.419097
4831.5599999999995 1.431691
4834.2699999999995 1.444467
4836.99 1.394437
4839.71 1.38565
4842.429999999999 1.421707
4845.14 1.38583
4847.86 1.332447
4850.58 1.37863
4853.3 1.418744
4856.0199999999995 1.627679
4858.73 1.963037
4861.45 2.120532
4864.17 1.958376
4866.889999999999 1.621153
4869.6 1.344938
4872.32 1.25825
4875.04 1.273172
4877.76 1.318896
4880.48 1.339499
4883.19 1.343808
4885.91 1.35612
4888.63 1.343171
4891.349999999999 1.369807
4894.06 1.392603
4896.78 1.391085
4899.5 1.414934
4902.22 1.398773
4904.93 1.408833
4907.65 1.429331
4910.37 1.411547
4913.09 1.39821
4915.8099999999995 1.394962
4918.52 1.372668
4921.24 1.337386
4923.96 1.366033
4926.68 1.391858
4929.39 1.428096
4932.11 1.43053
4934.83 1.392389
4937.55 1.41772
4940.26 1.447255
4942.9800000000005 1.437234
4945.7 1.438255
4948.42 1.462669
4951.14 1.475545
4953.85 1.460238
4956.57 1.458014
4959.29 1.479781
4962.01 1.471877
4964.72 1.4686
4967.4400000000005 1.403892
4970.16 1.406149
4972.88 1.415568
4975.59 1.417266
4978.31 1.380324
4981.03 1.410736
4983.75 1.389672
4986.47 1.376334
4989.179999999999 1.401141
4991.900000000001 1.402198
4994.62 1.397046
4997.34 1.409111
5000.05 1.437905
5002.7699999999995 1.482147
5005.49 1.544559
5008.21 1.548932
5010.93 1.468207
5013.64 1.403222
5016.36 1.338973
5019.08 1.3274
5021.799999999999 1.321718
5024.51 1.361379
5027.2300000000005 1.35665
5029.95 1.362646
5032.67 1.381662
5035.38 1.371929
5038.099999999999 1.36413
5040.820000000001 1.309654
5043.54 1.345781
5046.26 1.355835
5048.97 1.372527
5051.69 1.385651
5054.41 1.362752
5057.13 1.396409
5059.84 1.412961
5062.56 1.424885
5065.28 1.396729
5068.0 1.374747
5070.710000000001 1.357569
5073.43 1.3817
5076.150000000001 1.378524
5078.87 1.372313
5081.59 1.353436
5084.3 1.356369
5087.0199999999995 1.367446
5089.740000000001 1.391013
5092.46 1.411369
5095.17 1.403364
5097.89 1.393766
5100.61 1.365787
5103.33 1.348039
5106.05 1.362292
5108.76 1.360002
5111.4800000000005 1.384169
5114.2 1.386496
5116.92 1.385331
5119.629999999999 1.39038
5122.35 1.353757
5125.070000000001 1.348287
5127.79 1.331492
5130.5 1.339893
5133.219999999999 1.365894
5135.94 1.369103
5138.660000000001 1.327646
5141.38 1.335548
5144.09 1.318935
5146.81 1.340173
5149.53 1.332798
5152.25 1.332691
5154.959999999999 1.332977
5157.68 1.345995
5160.400000000001 1.354426
5163.12 1.329269
5165.83 1.28383
5168.549999999999 1.250135
5171.27 1.217463
5173.990000000001 1.236443
5176.71 1.262974
5179.42 1.274198
5182.139999999999 1.29032
5184.86 1.268021
5187.580000000001 1.275605
5190.29 1.305387
5193.01 1.332412
5195.73 1.360565
5198.45 1.396622
5201.16 1.377009
5203.879999999999 1.356227
5206.6 1.350334
5209.32 1.340172
5212.04 1.342217
5214.75 1.350759
5217.469999999999 1.376866
5220.1900000000005 1.394506
5222.91 1.379157
5225.62 1.34582
5228.34 1.352134
5231.0599999999995 1.351921
5233.78 1.379122
5236.499999999999 1.394645
5239.21 1.405057
5241.93 1.424602
5244.65 1.410029
5247.37 1.410169
5250.08 1.416348
5252.799999999999 1.396695
5255.52 1.385438
5258.24 1.397433
5260.95 1.382795
5263.67 1.348042
5266.389999999999 1.309901
5269.110000000001 1.301256
5271.83 1.313533
5274.54 1.350794
5277.26 1.384346
5279.98 1.41257
5282.7 1.414297
5285.410000000001 1.454628
5288.13 1.456109
5290.85 1.462917
5293.57 1.44711
5296.28 1.446408
5299.0 1.452158
5301.719999999999 1.451451
5304.4400000000005 1.459917
5307.16 1.473076
5309.87 1.465953
5312.59 1.481018
5315.3099999999995 1.457554
5318.030000000001 1.444463
5320.740000000001 1.443761
5323.46 1.419346
5326.18 1.392319
5328.9 1.364304
5331.62 1.404771
5334.330000000001 1.420616
5337.05 1.402445
5339.77 1.412181
5342.49 1.409957
5345.2 1.392426
5347.92 1.388968
5350.639999999999 1.422061
5353.360000000001 1.428304
5356.070000000001 1.470506
5358.79 1.490403
5361.51 1.469515
5364.23 1.431127
5366.950000000001 1.393586
5369.660000000001 1.40294
5372.38 1.397858
5375.1 1.426153
5377.82 1.439559
5380.53 1.45484
5383.250000000001 1.426755
5385.97 1.44083
5388.6900000000005 1.459141
5391.4 1.423299
5394.12 1.412042
5396.84 1.385333
5399.5599999999995 1.403996
5402.280000000001 1.38586
5404.99 1.383429
5407.71 1.382476
5410.43 1.384591
5413.15 1.404136
5415.86 1.39726
5418.58 1.433952
5421.3 1.426118
5424.02 1.442523
5426.73 1.424075
5429.45 1.403822
5432.169999999999 1.432893
5434.89 1.428058
5437.610000000001 1.444992
5440.32 1.440903
5443.04 1.43307
5445.759999999999 1.41878
5448.48 1.436102
5451.1900000000005 1.423792
5453.91 1.439879
5456.63 1.447676
5459.349999999999 1.442876
5462.07 1.409252
5464.78 1.400929
5467.5 1.400646
5470.22 1.384274
5472.94 1.408229
5475.65 1.391474
5478.37 1.408726
5481.089999999999 1.401986
5483.81 1.360035
5486.52 1.383677
5489.24 1.375843
5491.96 1.401422
5494.679999999999 1.386284
5497.4 1.425799
5500.110000000001 1.397189
5502.83 1.399552
5505.55 1.37757
5508.2699999999995 1.372383
5510.98 1.351006
5513.7 1.344337
5516.42 1.377359
5519.14 1.381168
5521.85 1.392215
5524.57 1.39539
5527.29 1.403009
5530.009999999999 1.384344
5532.7300000000005 1.395739
5535.4400000000005 1.380184
5538.16 1.415429
5540.88 1.438608
5543.599999999999 1.412921
5546.3099999999995 1.454805
5549.030000000001 1.439386
5551.75 1.460941
5554.47 1.457306
5557.19 1.437159
5559.9 1.449335
5562.62 1.423402
5565.34 1.43448
5568.06 1.406641
5570.77 1.420863
5573.49 1.430988
5576.21 1.440619
5578.929999999999 1.443969
5581.64 1.425591
5584.360000000001 1.413807
5587.08 1.396129
5589.8 1.393376
5592.5199999999995 1.365996
5595.23 1.398318
5597.950000000001 1.393836
5600.67 1.411511
5603.39 1.416591
5606.1 1.403258
5608.82 1.450817
5611.54 1.418074
5614.26 1.445734
5616.97 1.399554
5619.6900000000005 1.416558
5622.41 1.422555
5625.13 1.401985
5627.849999999999 1.410734
5630.56 1.381771
5633.280000000001 1.426013
5636.0 1.429576
5638.72 1.429398
5641.429999999999 1.41416
5644.15 1.38417
5646.870000000001 1.435574
5649.59 1.424847
5652.3 1.439211
5655.0199999999995 1.408585
5657.74 1.414088
5660.460000000001 1.402902
5663.18 1.401737
5665.89 1.370869
5668.61 1.399729
5671.33 1.402797
5674.05 1.43843
5676.759999999999 1.460909
5679.4800000000005 1.414724
5682.2 1.419097
5684.92 1.42774
5687.64 1.390447
5690.349999999999 1.400823
5693.07 1.427777
5695.789999999999 1.439419
5698.51 1.418002
5701.22 1.416771
5703.94 1.393731
5706.66 1.378947
5709.379999999999 1.35753
5712.089999999999 1.371117
5714.81 1.40555
5717.53 1.446617
5720.25 1.43642
5722.969999999999 1.448379
5725.679999999999 1.449829
5728.400000000001 1.439244
5731.12 1.441359
5733.84 1.434761
5736.55 1.462743
5739.2699999999995 1.471104
5741.99 1.448769
5744.709999999999 1.43275
5747.42 1.438646
5750.14 1.452052
5752.86 1.447711
5755.58 1.43642
5758.299999999999 1.424211
5761.009999999999 1.425203
5763.7300000000005 1.432893
5766.45 1.423119
5769.17 1.414897
5771.88 1.431519
5774.599999999999 1.421462
5777.320000000001 1.404138
5780.04 1.37944
5782.76 1.359787
5785.47 1.374326
5788.19 1.415217
5790.91 1.434056
5793.629999999999 1.40089
5796.34 1.424639
5799.06 1.416558
5801.78 1.405902
5804.5 1.438183
5807.21 1.445843
5809.929999999999 1.435399
5812.650000000001 1.407843
5815.37 1.434726
5818.09 1.456212
5820.8 1.457486
5823.5199999999995 1.441608
5826.240000000001 1.445487
5828.96 1.435678
5831.67 1.462355
5834.39 1.424355
5837.11 1.425166
5839.83 1.492905
5842.540000000001 1.451277
5845.26 1.455968
5847.9800000000005 1.406996
5850.7 1.414686
5853.42 1.39842
5856.13 1.375279
5858.849999999999 1.387697
5861.570000000001 1.384733
5864.29 1.371889
5867.0 1.421957
5869.72 1.473467
5872.44 1.5121
5875.160000000001 1.502502
5877.87 1.493862
5880.59 1.454028
5883.31 1.386462
5886.03 1.342077
5888.75 1.24491
5891.459999999999 1.172375
5894.18 1.184158
5896.900000000001 1.248405
5899.62 1.309688
5902.33 1.355981
5905.049999999999 1.377396
5907.7699999999995 1.385051
5910.490000000001 1.386743
5913.21 1.397044
5915.92 1.37094
5918.639999999999 1.387979
5921.36 1.400892
5924.080000000001 1.377675
5926.79 1.375879
5929.51 1.379689
5932.23 1.404244
5934.95 1.394434
5937.66 1.386182
5940.379999999999 1.415041
5943.1 1.384133
5945.820000000001 1.381804
5948.54 1.394504
5951.25 1.396766
5953.969999999999 1.354321
5956.69 1.386073
5959.410000000001 1.38826
5962.12 1.388087
5964.84 1.400434
5967.5599999999995 1.394576
5970.28 1.38946
5972.990000000001 1.396555
5975.71 1.383288
5978.43 1.371714
5981.15 1.360035
5983.87 1.359717
5986.58 1.357145
5989.299999999999 1.364271
5992.02 1.415604
5994.74 1.385825
5997.45 1.366883
6000.17 1.35912
6002.889999999999 1.363846
6005.61 1.367091
6008.33 1.355059
6011.04 1.330648
6013.76 1.354956
6016.48 1.362822
6019.2 1.372065
6021.910000000001 1.36967
6024.63 1.375878
6027.35 1.353791
6030.07 1.391965
6032.78 1.397578
6035.5 1.39613
6038.219999999999 1.36247
6040.9400000000005 1.40763
6043.66 1.389177
6046.37 1.396625
6049.09 1.407032
6051.8099999999995 1.434092
6054.53 1.405477
6057.240000000001 1.367165
6059.96 1.385934
6062.68 1.404102
6065.4 1.409288
6068.11 1.441962
6070.830000000001 1.4312
6073.55 1.427495
6076.27 1.404208
6078.99 1.400396
6081.7 1.36159
6084.42 1.384769
6087.139999999999 1.377147
6089.860000000001 1.362222
6092.570000000001 1.376197
6095.29 1.387698
6098.01 1.364905
6100.73 1.350862
6103.44 1.36152
6106.160000000001 1.356544
6108.88 1.374149
6111.6 1.400045
6114.32 1.382015
6117.03 1.339045
6119.750000000001 1.350546
6122.47 1.344441
6125.1900000000005 1.357494
6127.9 1.365613
6130.62 1.400929
6133.34 1.377748
6136.0599999999995 1.335479
6138.780000000001 1.320766
6141.49 1.361202
6144.21 1.352345
6146.93 1.347299
6149.65 1.346028
6152.36 1.339645
6155.080000000001 1.360989
6157.8 1.338126
6160.52 1.294799
6163.23 1.293814
6165.95 1.296283
6168.670000000001 1.309725
6171.39 1.327788
6174.110000000001 1.334243
6176.82 1.32779
6179.54 1.33047
6182.26 1.355273
6184.98 1.372348
6187.6900000000005 1.353017
6190.41 1.306514
6193.13 1.30736
6195.85 1.312757
6198.5599999999995 1.35584
6201.28 1.388192
6203.999999999999 1.375172
6206.72 1.361976
6209.4400000000005 1.333996
6212.15 1.372951
6214.87 1.322532
6217.589999999999 1.363105
6220.31 1.301996
6223.02 1.299212
6225.74 1.314982
6228.46 1.283969
6231.179999999999 1.324824
6233.9 1.302737
6236.610000000001 1.333153
6239.33 1.305808
6242.05 1.280793
6244.7699999999995 1.302384
6247.48 1.290286
6250.2 1.307784
6252.919999999999 1.302738
6255.64 1.287284
6258.35 1.263825
6261.07 1.326978
6263.79 1.303444
6266.509999999999 1.294235
6269.2300000000005 1.314027
6271.9400000000005 1.322321
6274.66 1.325672
6277.38 1.31738
6280.099999999999 1.304642
6282.8099999999995 1.314983
6285.530000000001 1.311489
6288.25 1.373831
6290.97 1.277405
6293.68 1.264389
6296.4 1.325708
6299.12 1.402233
6301.839999999999 1.408512
6304.56 1.360846
6307.27 1.351288
6309.99 1.317275
6312.71 1.296388
6315.429999999999 1.291906
6318.139999999999 1.311173
6320.860000000001 1.290285
6323.58 1.30108
6326.3 1.298575
6329.01 1.318124
6331.73 1.332976
6334.450000000001 1.336644
6337.17 1.328317
6339.89 1.310605
6342.6 1.302423
6345.32 1.337986
6348.04 1.353826
6350.759999999999 1.34631
6353.47 1.334282
6356.1900000000005 1.323132
6358.91 1.305561
6361.63 1.321543
6364.349999999999 1.329304
6367.0599999999995 1.325673
6369.780000000001 1.36427
6372.5 1.356684
6375.22 1.324365
6377.93 1.364024
6380.65 1.351287
6383.370000000001 1.348005
6386.09 1.368467
6388.8 1.355593
6391.52 1.320698
6394.24 1.311171
6396.96 1.307713
6399.679999999999 1.329339
6402.39 1.332976
6405.110000000001 1.325637
6407.83 1.332763
6410.55 1.337278
6413.259999999999 1.316853
6415.98 1.314735
6418.700000000001 1.307678
6421.42 1.328775
6424.13 1.319782
6426.849999999999 1.311348
6429.57 1.312971
6432.290000000001 1.351109
6435.01 1.363668
6437.72 1.349559
6440.44 1.333152
6443.16 1.319074
6445.88 1.335338
6448.589999999999 1.325568
6451.31 1.328495
6454.03 1.327612
6456.75 1.348357
6459.47 1.348215
6462.179999999999 1.325003
6464.9 1.337915
6467.62 1.325565
6470.34 1.335373
6473.05 1.359579
6475.7699999999995 1.340985
6478.49 1.321755
6481.209999999999 1.283791
6483.92 1.343314
6486.64 1.324402
6489.36 1.320768
6492.08 1.303408
6494.799999999999 1.255283
6497.509999999999 1.237046
6500.2300000000005 1.29413
6502.95 1.306584
6505.67 1.360634
6508.38 1.320734
6511.099999999999 1.34977
6513.820000000001 1.291519
6516.54 1.312299
6519.25 1.321546
6521.97 1.317099
6524.69 1.327895
6527.41 1.301503
6530.129999999999 1.313992
6532.84 1.297342
6535.56 1.319921
6538.28 1.353508
6541.0 1.480345
6543.71 1.70354
6546.429999999999 1.893778
6549.150000000001 1.903408
6551.87 1.905418
6554.58 2.248819
6557.3 3.562036
6560.0199999999995 5.296478
6562.740000000001 6.035624
6565.46 5.086193
6568.17 3.471116
6570.89 2.234104
6573.61 1.67563
6576.33 1.852248
6579.040000000001 2.467671
6581.76 3.050381
6584.4800000000005 3.058423
6587.2 2.516072
6589.92 1.921223
6592.63 1.538598
6595.349999999999 1.372455
6598.070000000001 1.354214
6600.79 1.331986
6603.5 1.334
6606.22 1.327154
6608.94 1.325918
6611.660000000001 1.308277
6614.370000000001 1.341868
6617.09 1.344266
6619.81 1.328565
6622.53 1.337773
6625.25 1.333432
6627.960000000001 1.29713
6630.68 1.320309
6633.400000000001 1.345676
6636.12 1.314874
6638.83 1.287675
6641.55 1.324191
6644.2699999999995 1.312582
6646.990000000001 1.314239
6649.7 1.329731
6652.42 1.327225
6655.14 1.309901
6657.86 1.300374
6660.580000000001 1.324082
6663.289999999999 1.302528
6666.01 1.307961
6668.7300000000005 1.320661
6671.45 1.317273
6674.16 1.342468
6676.879999999999 1.314876
6679.6 1.298822
6682.320000000001 1.298081
6685.04 1.298256
6687.75 1.314136
6690.469999999999 1.320591
6693.19 1.283792
6695.910000000001 1.299985
6698.62 1.262519
6701.34 1.299352
6704.0599999999995 1.305526
6706.78 1.335479
6709.49 1.496648
6712.209999999999 1.68364
6714.93 1.937914
6717.65 1.940382
6720.37 1.744074
6723.08 1.609302
6725.799999999999 1.660283
6728.52 1.733421
6731.24 1.781755
6733.95 1.608244
6736.67 1.470786
6739.389999999999 1.358131
6742.11 1.29046
6744.820000000001 1.267247
6747.54 1.291167
6758.82 1.261917
6774.400000000001 1.267596
6790.009999999999 1.258742
6805.67 1.28199
6821.35 1.27889
6837.08 1.29353
6852.84 1.290426
6868.64 1.246462
6884.47 1.263645
6900.34 1.272258
6916.25 1.272114
6932.1900000000005 1.269044
6948.17 1.286544
6964.1900000000005 1.283404
6980.24 1.295121
6996.33 1.277197
7012.46 1.247983
7028.63 1.279842
7044.83 1.26213
7061.070000000001 1.253273
7077.35 1.253131
7093.660000000001 1.227271
7110.02 1.221484
7126.41 1.215735
7142.83 1.215595
7159.299999999999 1.221027
7175.8 1.206915
7192.349999999999 1.13141
7208.92 1.15498
7225.549999999999 1.231715
7242.2 1.195273
7258.89 1.186876
7275.629999999999 1.254155
7292.4 1.228294
7309.21 1.21965
7326.0599999999995 1.230799
7342.950000000001 1.270949
7359.88 1.250486
7376.84 1.273563
7393.849999999999 1.230166
7410.89 1.293919
7427.98 1.252709
7445.1 1.28764
7462.259999999999 1.296424
7479.46 1.266754
7496.71 1.275361
7513.990000000001 1.275182
7531.31 1.272079
7548.669999999999 1.292579
7566.070000000001 1.265907
7583.52 1.277439
7601.0 1.251084
7618.5199999999995 1.236622
7636.08 1.262343
7653.68 1.250595
7671.33 1.164293
7689.009999999999 1.207798
7706.74 1.191071
7724.5 1.182712
7742.31 1.204551
7760.160000000001 1.185145
7778.049999999999 1.174102
7795.9800000000005 1.163199
7813.95 1.195624
7831.96 1.217674
7850.0199999999995 1.209135
7868.110000000001 1.222967
7886.25 1.197706
7904.43 1.162246
7922.65 1.151416
7940.91 1.145984
7959.22 1.169796
7977.570000000001 1.180452
7995.96 1.158754
8014.39 1.182852
8032.87 1.166481
8051.38 1.188003
8069.94 1.201587
8088.55 1.168669
8107.19 1.147184
8125.88 1.168353
8144.61 1.178972
8163.39 1.144042
8182.21 1.208889
8201.07 1.167681
8219.98 1.181016
8238.92 1.047618
8257.92 1.210971
8276.96 1.216367
8296.04 1.135044
8315.16 1.119309
8334.33 1.158472
8353.54 1.163624
8372.800000000001 1.139594
8392.1 1.110946
8411.45 1.160446
8430.83 1.154945
8450.27 1.125908
8469.75 1.151945
8489.27 1.136
8508.84 0.9847119
8528.46 1.122662
8548.12 0.8895555
8567.82 1.130107
8587.57 1.148276
8607.369999999999 1.073939
8627.21 1.134798
8647.1 1.145137
8667.04 0.9880612
8687.02 1.083217
8707.04 1.100646
8727.11 1.133917
8747.23 1.118217
8767.390000000001 1.107774
8787.6 1.138645
8807.859999999999 1.143725
8828.17 1.133067
8848.52 1.096941
8868.92 1.052239
8889.359999999999 1.064272
8909.85 1.093907
8930.4 1.091225
8950.98 1.083535
8971.61 1.034633
8992.3 1.09073
9013.029999999999 1.022461
9033.8 0.9830519
9054.630000000001 1.152155
9075.5 1.13614
9096.42 1.007786
9117.39 1.038232
9138.41 1.052521
9159.48 1.069456
9180.59 1.009442
9201.76 1.059294
9222.970000000001 1.013781
9244.23 1.025354
9265.529999999999 1.041868
9286.9 1.020308
9308.300000000001 0.9720106
9329.76 1.08043
9351.27 1.080252
9372.83 1.065256
9394.43 1.074926
9416.09 1.055132
9437.8 1.079547
9459.55 1.066987
9481.36 1.084169
9503.22 1.061728
9525.12 1.056685
9547.08 1.013606
9569.09 1.053897
9591.15 1.075771
9613.26 1.065751
9635.42 1.068011
9657.630000000001 1.05806
9679.89 1.055451
9702.21 1.052839
9724.57 1.045395
9746.99 1.040419
9769.46 1.042642
9791.98 1.030541
9814.55 1.049488
9837.18 1.042112
9859.86 1.044335
9882.59 1.034562
9905.37 1.029622
9928.2 1.036573
9951.08 1.036398
9974.03 1.036221
9997.02 1.031283
10020.070000000002 1.02165
10066.310000000001 1.004962
10136.099999999999 1.027823
10182.880000000001 1.018016
10229.88 1.019992
10277.099999999999 1.021969
10300.789999999999 1.0171
10492.300000000001 0.985663
10712.0 0.9472059
10911.16 0.9087479
11088.45 0.8779124
11294.599999999999 0.8618948
11504.570000000002 0.8579086
11691.51 0.8364559
11908.87 0.8080552
12102.37 0.7933076
12299.02 0.78244
12498.869999999999 0.7610953
12701.960000000001 0.7437718
12908.35 0.7285298
13087.92 0.7168876
13300.59 0.6957532
13485.62 0.683052
13704.74 0.670562
13895.38 0.6478058
14088.68 0.6215214
14284.68 0.6129824
14483.4 0.6143936
14684.880000000001 0.5962594
14889.17 0.6017989
15096.300000000001 0.6031747
15306.310000000001 0.6115722
15483.560000000001 0.6059619
15698.96 0.5949189
15917.33 0.5747028
16101.650000000001 0.5760435
16288.11 0.5733963
16514.7 0.5655292
16705.93 0.5616134
16899.36 0.5526515
17095.05 0.542561
17293.01 0.5217448
17493.26 0.5075263
17695.8 0.4880158
17900.72 0.4714684
18108.0 0.4492056
18317.69 0.437986
18487.17 0.4250728
18701.239999999998 0.4059151
18917.8 0.3957892
19092.83 0.3903558
19313.92 0.3779722
19492.64 0.3634359
19718.36 0.3535571
19900.8 0.3431208
20084.94 0.3376347
20317.52 0.3261718
20505.5 0.3224389
20695.25 0.3143734
20886.73 0.3079273
21080.0 0.3030021
21324.100000000002 0.296108
21521.39 0.2900327
21720.54 0.2808311
21921.52 0.2763434
22124.350000000002 0.2694317
22277.719999999998 0.2626928
22483.84 0.2567127
22691.89 0.2502913
22901.84 0.2261763
23113.760000000002 0.2246204
23273.99 0.1988154
23489.32 0.1876913
23706.680000000004 0.1903056
23926.02 0.1759741
24091.879999999997 0.1707842
24314.78 0.1688296
24483.34 0.1582874
24709.86 0.1561177
24881.160000000003 0.1350369
25111.39 0.133488
25285.440000000002 0.134416
25519.42 0.133488
25696.3 0.1353473
25874.43 0.1325707
26113.83 0.1322672
26294.85 0.1292543
26477.11 0.1280687
26722.11 0.1257331
26907.32 0.1240079
27093.850000000002 0.1225895
27281.64 0.1203492
27470.74 0.1184263
27724.93 0.1159989
27917.13 0.1149334
28110.629999999997 0.1128377
28305.47 0.1112889
28501.690000000002 0.1092566
28699.24 0.1070162
28898.190000000002 0.105792
29098.489999999998 0.1040984
29300.21 0.1022002
29503.29 0.1005668
29707.81 0.09918371
29913.73 0.09737372
30121.1 0.09581779
30329.87 0.09428663
30469.86 0.09320698
30681.08 0.09214148
30893.739999999998 0.09087489
31107.9 0.08983407
31323.52 0.08901198
31468.09 0.08799237
31686.230000000003 0.08698688
31905.85 0.08658467
32127.04 0.08658464
32275.32 0.08759014
32499.06 0.09108656
32724.31 0.1019639
32875.35 0.1331811
33103.25 0.1319604
33332.700000000004 0.09827693
33486.58 0.08520159
33718.68 0.07933073
33874.31 0.07610952
34109.13 0.0738656
34266.56 0.0721862
34504.11 0.07070437
34663.36 0.06925432
34903.61 0.06799122
35064.75 0.06674933
35307.79 0.0655321
35470.75 0.06448423
35716.64 0.06330581
35881.49 0.06229325
36130.23 0.06129832
36296.99 0.06031746
36464.52 0.05921667
36717.3 0.05827113
36886.770000000004 0.05720562
37142.43 0.05629184
37313.9 0.05551919
37486.130000000005 0.05437957
37659.14 0.05375862
37920.2 0.05289774
38095.22 0.05205451
38271.05 0.0513383
38536.36 0.05063619
38714.22 0.0497118
38892.9 0.04891446
39072.450000000004 0.0482441
39343.270000000004 0.04758081
39524.9 0.04671289
39707.33 0.04607427
39890.590000000004 0.04523107
40074.71 0.04461009
40259.71 0.04399972
40538.759999999995 0.0432976
40725.87 0.04270134
40913.880000000005 0.04221447
41102.72 0.04163232
41292.42 0.04106429
41483.049999999996 0.04049977
41674.509999999995 0.03994233
41866.86 0.03939547
42060.14 0.03885566
42254.27 0.0384111
42547.14 0.03788188
42743.56 0.03744792
42940.84 0.0363436
43139.04 0.03519236
43338.19 0.03511121
43538.21 0.03415438
43739.16 0.03353095
43941.03999999999 0.03314744
44143.89 0.03224389
44347.64000000001 0.03194823
44449.86 0.0315827
44655.07 0.03093493
44861.17 0.03079275
45068.229999999996 0.03037006
45276.240000000005 0.02988459
45485.26 0.02974735
45695.189999999995 0.02947463
45906.1 0.0288699
46118.02 0.0288699
46330.88 0.02853967
46544.72 0.02827787
46652.009999999995 0.02814803
46867.38 0.02782591
47083.700000000004 0.02757083
47301.01 0.02750731
47519.38 0.02719225
47738.7 0.02700526
47848.740000000005 0.02681933
48069.58 0.02645135
48291.5 0.02651238
48514.39 0.02620895
48738.299999999996 0.02596869
48850.65 0.0257898
49076.17 0.02561234
49302.68 0.02549451
49530.229999999996 0.02535514
49644.46 0.02538831
49873.59 0.0253375
50103.78 0.02546168
50335.03 0.02546839
50451.11 0.02538372
50683.97 0.02544828
50800.799999999996 0.02548039
50917.899999999994 0.02557106
51035.27 0.02554425
51152.96 0.02557636
51270.87 0.02560811
51389.060000000005 0.02563986
51507.509999999995 0.02567161
51626.24 0.02576264
51745.24 0.02585368
51864.520000000004 0.02582579
51984.130000000005 0.0258572
52103.950000000004 0.02594823
52224.060000000005 0.02597962
52344.44 0.02601102
52465.1 0.0261024
52586.03 0.02619378
52707.3 0.02628552
52828.799999999996 0.0263776
52950.57 0.02634797
53072.63 0.02644004
53194.96 0.02653213
53317.579999999994 0.02662458
53440.479999999996 0.02671702
53563.72 0.02687154
53687.189999999995 0.02696504
53810.950000000004 0.02705818
53934.98 0.02721449
54059.31 0.02730869
54183.92 0.02746604
54308.82000000001 0.02756094
54434.060000000005 0.02771971
54559.54 0.02787919
54685.3 0.02803937
54811.35 0.02820061
54937.7 0.02836254
55064.33 0.0285252
55191.32 0.02875488
55318.54 0.02898633
55446.049999999996 0.02921954
55573.86 0.02938677
55701.96 0.02969126
55830.36 0.02992976
55959.05 0.03017038
56088.1 0.03048262
56217.39 0.03079804
56346.98 0.03111662
56476.86 0.03143805
56607.04 0.03183638
56737.520000000004 0.0322393
56868.369999999995 0.03264749
56999.46 0.03306065
57130.850000000006 0.03363362
57262.53 0.03413744
57394.53 0.03464867
57526.83 0.03524846
57659.43 0.03586024
57792.399999999994 0.03656236
57925.62 0.03745497
58059.13999999999 0.03827704
58192.969999999994 0.03894033
58327.11 0.03998114
58461.56 0.04095138
58596.32000000001 0.04204511
58731.45 0.04336818
58866.829999999994 0.04452542
59161.76 0.04507227
59467.97 0.0482441
59774.19 0.05572028
60080.4 0.06484411
60386.62 0.07116656
60692.84 0.07242612
60999.049999999996 0.08060793
61305.259999999995 0.1091508
61611.479999999996 0.1617098
61917.7 0.2124765
62223.91 0.2220873
62530.130000000005 0.1944406
62836.340000000004 0.1593283
63142.560000000005 0.1307819
63448.770000000004 0.1073197
63754.98 0.09422313
64061.21 0.08271424
64367.42 0.07463828
64673.63 0.06889443
64979.86 0.06469944
65286.06 0.06235675
65592.28 0.06163699
65898.51000000001 0.06225091
66204.71 0.06308708
66510.92 0.06393031
66817.15 0.06373978
67123.36 0.06556737
67429.58 0.06417023
67735.79 0.06372568
68042.01 0.06376447
68348.23 0.06436074
68654.43 0.06311884
68960.66 0.06686221
69266.87 0.06944835
69573.08 0.08373036
69879.3 0.09571555
70185.51999999999 0.08275657
70491.73 0.07925313
70797.95 0.08454889
71104.16 0.08629182
71410.39 0.08721969
71716.59 0.08904376
72022.8 0.09368332
72329.03 0.0984534
72635.24 0.1027189
72941.45 0.1060601
73247.67 0.1140514
73553.89 0.1228965
73860.09999999999 0.1342607
74166.31 0.1464046
74452.48999999999 0.1554332
74472.54 0.1589119
74778.76 0.1715463
75066.13 0.1915263
75084.96 0.185973
75679.79000000001 0.2234562
76293.43000000001 0.2329364
76907.09 0.215793
77520.73 0.2095941
78134.4 0.2028482
78748.04000000001 0.185786
79361.69 0.1592437
79975.35 0.135612
80589.0 0.1173396
81202.65 0.103728
81816.3 0.09561673
82429.95000000001 0.0939232
83043.61 0.09401142
83657.26000000001 0.09308703
84270.91 0.09620947
84884.56 0.1042572
85498.22 0.1115076
86111.86 0.1107808
86725.51000000001 0.09805824
87339.17 0.07995521
87952.81 0.06339756
88566.45999999999 0.05114777
89180.12 0.04355516
89793.76000000001 0.03994586
90407.42 0.03533454
91021.07 0.032065
91634.73 0.03046745
92248.38 0.02945592
92862.03 0.02830257
93475.67 0.02748121
94089.32 0.02666445
94702.98 0.02609218
95316.63 0.02583144
95930.28 0.02609147
96543.94 0.028081
97157.59 0.02584873
97771.24 0.02354801
98384.88999999998 0.02237278
98998.5 0.02212264
99612.20000000001 0.02170667
100225.81000000001 0.02156201
100839.53 0.02140607
101453.14000000001 0.02096857
102066.84 0.0205459
102680.46 0.02035397
103294.06999999999 0.0212166
103907.77 0.02173489
104521.37999999999 0.02339101
105135.09000000001 0.02610911
105748.70000000001 0.02842217
106362.31 0.02892387
106976.02 0.02923929
107589.62999999999 0.02956353
108203.33 0.02948309
108816.94 0.03174747
109430.65000000001 0.03823117
110044.27 0.04677637
110657.87999999999 0.05150411
111271.58 0.07038685
111885.18999999999 0.1120439
112498.90000000001 0.1281147
113112.51000000001 0.1103856
113726.22 0.08655288
114339.83 0.07016104
114953.43000000001 0.05769252
115567.15000000001 0.04995878
116180.76000000001 0.04445838
116794.46 0.04080673
117408.07 0.03877803
118021.78 0.03997761
118635.39 0.04173817
119248.99999999999 0.04370688
119862.72 0.04499465
120476.32 0.04339641
121090.02 0.04118778
121703.63 0.04006934
122317.26 0.04269782
122930.96 0.04576732
123544.57 0.04580966
124158.27 0.0466917
124771.88999999998 0.049673
125385.59 0.05259432
125999.21 0.05617893
126612.81000000001 0.05885328
127226.52 0.06502403
127840.13 0.08784066
128453.84 0.07828287
129067.45000000001 0.04302594
129681.06000000001 0.03297667
130294.76000000001 0.03089471
130908.38 0.03014956
131522.09 0.02935184
132135.69 0.02912075
132749.41 0.02842464
133363.02 0.02812016
133976.63 0.02752849
134590.34 0.02730657
135203.94 0.02738383
135817.66 0.02711428
136431.27 0.02596481
137044.97 0.02491977
137658.56 0.02383521
138272.19 0.0235145
138885.91 0.02334761
139499.52 0.02364398
140113.19999999998 0.02354166
140726.81 0.02359389
141340.53 0.02366938
141954.16 0.02387013
142567.75 0.02331516
143181.47 0.02171655
143709.48 0.02056743
144615.63 0.01963352
145521.84 0.01758613
146427.98 0.01815346
147334.13 0.01804867
148240.27 0.01762035
149146.48 0.01733598
150052.63 0.01758366
150958.77 0.01759142
151864.98 0.01789378
152771.13 0.01672384
153677.25 0.01732998
154583.39 0.01833621
155489.63 0.02193565
156395.77 0.02047604
157301.88999999998 0.01882028
158208.13 0.01877653
159114.27 0.01908701
160020.38999999998 0.019443
160926.62 0.01929093
161832.77 0.01939396
162738.89 0.02168762
163645.03 0.02677876
164551.27999999997 0.03082908
165457.39 0.02840735
166363.53 0.02629963
167269.66999999998 0.02715627
168175.91 0.02676464
169082.05 0.02764174
169988.19 0.03330797
170894.41999999998 0.03347768
171800.55 0.02826764
172706.69 0.02818755
173612.91 0.02807359
174519.05 0.02641994
175425.18999999997 0.02325341
176331.30000000002 0.02122754
177237.55000000002 0.02141312
178143.69 0.02074947
179049.8 0.02003326
179956.05000000002 0.0190295
180862.19 0.01831681
181768.3 0.01776959
182674.53 0.01798516
183580.66999999998 0.01812065
184486.81 0.01811606
185392.94000000003 0.01882345
186299.16999999998 0.0250376
187205.31 0.033568
188111.43999999997 0.02349051
189017.69 0.01942853
189923.83000000002 0.01927364
190829.94 0.0188478
191736.08000000002 0.01842265
192642.33000000002 0.01836656
193548.45 0.01773078
194454.59 0.01855355
195360.81 0.01725378
196266.95 0.01662894
197173.09 0.0176895
198079.22999999998 0.01798657
198985.44999999998 0.01749263
199891.59 0.0177837
200797.72999999998 0.01890954
201703.94999999998 0.01840431
203138.91 0.01722767
204873.3 0.020095
206608.66999999998 0.01907748
208345.06 0.01805396
210082.31 0.02011582
211820.44999999998 0.01981557
213559.59 0.01865304
215299.62000000002 0.01980252
217040.63999999998 0.02121449
218782.64 0.01990872
220525.53 0.01919567
222269.42 0.02027953
224014.19 0.021109
225759.94 0.02037055
227506.68999999997 0.01956542
229254.31 0.02084474
231002.94999999998 0.02143041
232752.56 0.02113546
234503.06 0.01923907
236254.67 0.02089978
238007.05000000002 0.0219106
239760.5 0.02190848
241514.97 0.02137326
243270.31000000003 0.02129423
245026.63999999998 0.02108677
246783.94999999998 0.02180898
248542.16 0.02168868
250301.47 0.02171161
252061.66 0.02166362
253822.94 0.02176065
255585.08 0.02232551
257348.27 0.02273795
259112.38999999998 0.02333774
260877.52 0.02272948
262643.63 0.02220343
264410.75 0.02244476
266178.84 0.02248745
267947.91 0.02231245
269717.97 0.02257072
271489.03 0.02232515
273261.19 0.02206795
275034.22000000003 0.02223519
276808.25 0.02304913
278583.33999999997 0.02329999
280359.47000000003 0.02303784
282136.44 0.02343547
283914.5 0.0226561
285693.58999999997 0.02261905
287473.75 0.02277711
289254.88 0.02344817
291036.91000000003 0.02203726
292820.08999999997 0.023421
294604.22000000003 0.02344429
296389.38 0.02325271
298175.56 0.02294964
299962.75 0.02385355
301751.0 0.02356036
303540.22000000003 0.02359706
305330.47 0.02368667
307121.78 0.02416086
308914.19 0.02384333
310707.58999999997 0.0234584
312501.97 0.02460117
314297.34 0.02542888
316093.88 0.02464633
317891.34 0.02470384
319689.94 0.02553261
321489.47 0.02460082
323290.19 0.02607277
325091.91000000003 0.02555554
326894.53 0.0262647
328698.33999999997 0.02652825
330503.19 0.02582933
332309.13 0.02940688
334116.08999999997 0.03574381
335924.06 0.03247921
337733.08999999997 0.02479945
339543.19 0.0250242
341354.5 0.02524365
343166.66 0.02717567
344980.0 0.02827329
