102.07000000000001 1.087082e-08
103.97 1.432929e-08
105.9 1.924262e-08
108.12 2.625528e-08
109.88 4.001311e-08
114.0 6.53537e-08
118.01 9.981218e-08
121.02999999999999 4.039185e-07
125.0 5.651971e-07
127.03 6.475154e-07
127.91 7.034437e-07
130.89 8.457573e-07
132.1 1.026178e-06
133.94 1.14617e-06
137.06 1.563878e-06
139.93 1.833255e-06
142.86 5.587799e-06
146.85999999999999 1.589414e-05
150.98 1.841784e-05
154.85 2.158908e-05
158.82 2.524846e-05
162.15 2.819647e-05
165.92 3.297984e-05
170.17999999999998 3.760478e-05
172.94 4.161598e-05
176.97 4.701831e-05
179.85000000000002 5.131325e-05
181.93 5.44801e-05
186.17000000000002 6.098919e-05
190.94 6.986872e-05
194.04999999999998 7.625035e-05
198.10999999999999 8.3993e-05
201.79 9.295013e-05
205.07000000000002 9.982776e-05
209.85 0.0001067175
216.22 0.0001271333
220.23999999999998 0.0001390767
222.79 0.0001459733
226.94 0.0001593054
230.09 0.0002519065
233.83 0.0004367504
239.83 0.0005652687
245.98 0.0005613419
251.70999999999998 0.0006255577
256.97999999999996 0.0005498457
259.96 0.0006445462
264.18 0.000693838
269.09 0.0007182163
274.1 0.0007382981
279.19 0.0007590238
283.72999999999996 0.0007802941
289.67 0.000769549
295.74 0.0008076629
301.23 0.0008189805
308.25 0.000855545
318.35 0.000908315
328.02 0.0009424312
337.99 0.0009688022
348.26000000000005 0.0009891183
357.19 0.001009847
366.36 0.001038065
374.89000000000004 0.001050131
385.39 0.001030998
395.28000000000003 0.001079557
405.42 0.001099583
413.90999999999997 0.001104659
421.6 0.001099632
430.43 0.00110218
441.46999999999997 0.001112396
450.72 0.001107257
460.16 0.001102155
469.79 0.001099621
479.63 0.001107242
489.66999999999996 0.001087049
499.93 0.001099593
505.71 0.001087046
511.57 0.00116209
519.88 0.001162085
529.5500000000001 0.001151428
539.39 0.001117484
549.42 0.00114615
559.64 0.001186436
570.04 0.001219669
580.64 0.001191901
590.0699999999999 0.001242363
599.66 0.001225284
609.4 0.001167461
619.31 0.001325056
629.3700000000001 0.001340443
639.6 0.001346605
649.99 0.001397136
657.51 0.001419837
665.13 0.001459638
674.38 0.001456274
685.34 0.001423106
694.8699999999999 0.00161901
704.5400000000001 0.001553264
715.99 0.001722776
725.95 0.001754835
734.35 0.001791641
744.5699999999999 0.001924167
754.9300000000001 0.002000933
765.43 0.002014821
774.29 0.002199116
785.0600000000001 0.002297485
794.15 0.002378207
805.1999999999999 0.002461796
814.53 0.002524837
825.86 0.002717923
835.4200000000001 0.002281603
845.09 0.002820014
854.88 0.00288567
864.78 0.003070715
874.79 0.003267728
884.92 0.003525701
895.17 0.003700332
905.53 0.00368338
916.02 0.005678448
924.5 0.03883643
935.2 0.08555332
946.0300000000001 0.1652876
954.78 0.2394645
965.84 0.2595615
974.78 0.03821569
986.06 0.2010226
995.1899999999999 0.2265904
1004.4 0.3550083
1016.03 0.3501386
1025.43 0.1528437
1034.92 0.2324023
1044.49 0.4778132
1054.1599999999999 0.4690615
1063.91 0.3550151
1076.23 0.4357689
1086.1899999999998 0.3297927
1096.24 0.4647698
1103.84 0.4469124
1114.05 0.4238646
1124.36 0.3760471
1134.76 0.5026393
1145.26 0.4521181
1155.86 0.4889239
1163.8700000000001 0.5049611
1174.64 0.3336147
1185.51 0.4900625
1193.73 0.3149486
1204.77 0.2149038
1215.92 0.1585767
1224.35 0.3313144
1235.68 0.5263168
1244.24 0.5837661
1255.76 0.5498403
1264.46 0.4626383
1276.16 0.6255333
1285.01 0.6625705
1293.91 0.4991699
1305.89 0.4900598
1314.94 0.6430308
1324.05 0.6141055
1336.3 0.5287645
1345.5700000000002 0.6564998
1354.8899999999999 0.6342036
1364.29 0.5562204
1373.74 0.5918859
1386.4499999999998 0.5987404
1396.0600000000002 0.517888
1405.74 0.5385718
1415.48 0.5485846
1425.3 0.5717817
1435.18 0.5652448
1441.8 0.6028779
1448.46 0.6169394
1455.14 0.5959793
1465.2299999999998 0.5423151
1475.38 0.5435398
1485.61 0.5587847
1495.91 0.5717909
1506.2800000000002 0.5373475
1513.23 0.4690626
1516.72 0.5096099
1523.72 0.490067
1534.2800000000002 0.4180724
1544.9199999999998 0.472333
1555.63 0.4438401
1566.41 0.4510526
1573.64 0.4844284
1584.5500000000002 0.5143374
1595.53 0.5263177
1606.59 0.5167045
1614.01 0.5202845
1625.19 0.4878232
1636.46 0.525094
1644.01 0.5348668
1655.4099999999999 0.4889226
1666.88 0.5397936
1670.73 0.4701616
1678.4399999999998 0.544792
1686.1799999999998 0.5744305
1693.97 0.5360844
1705.71 0.5119758
1713.5800000000002 0.4822258
1725.46 0.4800191
1733.43 0.5178803
1745.44 0.5049616
1753.5 0.5447925
1765.65 0.493455
1773.8000000000002 0.5084282
1786.1 0.519106
1794.3400000000001 0.5613464
1806.78 0.556223
1815.1200000000001 0.5084257
1823.5000000000002 0.5214677
1836.14 0.4980215
1844.6100000000001 0.454209
1853.13 0.4562918
1865.97 0.4733967
1874.59 0.5178826
1883.24 0.4744982
1896.29 0.4562971
1905.04 0.4844304
1913.84 0.4658308
1927.1 0.4573621
1936.0 0.4690639
1944.94 0.4945912
1953.91 0.4626385
1967.46 0.5119698
1976.54 0.5263164
1985.6599999999999 0.4968803
1994.83 0.4822206
2004.03 0.4968821
2013.2900000000002 0.477809
2027.2399999999998 0.5014536
2036.6000000000001 0.475603
2046.0 0.4980219
2055.44 0.4712303
2064.9300000000003 0.4733957
2074.46 0.5131569
2079.24 0.4923113
2084.04 0.514337
2093.66 0.4844276
2103.3199999999997 0.4855728
2113.0299999999997 0.4923089
2122.7799999999997 0.4980248
2132.58 0.4594464
2147.36 0.4767065
2157.27 0.4957407
2167.23 0.4778098
2177.23 0.4745019
2187.28 0.4690662
2197.38 0.4923121
2207.52 0.4778091
2212.61 0.4500323
2222.82 0.4367548
2233.08 0.4723342
2243.3900000000003 0.4500293
2253.75 0.4268219
2264.15 0.4367494
2274.6 0.4510542
2285.1 0.4669354
2295.65 0.437774
2306.24 0.4409313
2316.89 0.4182715
2327.58 0.3240184
2332.95 0.3824927
2343.72 0.3678952
2354.5299999999997 0.4062944
2365.4 0.3663878
2376.32 0.3802311
2387.29 0.3484644
2392.79 0.3742924
2403.8399999999997 0.3591856
2414.9300000000003 0.3701918
2426.08 0.4004197
2437.28 0.3851632
2442.9 0.4099152
2454.17 0.4053483
2465.5 0.3998682
2476.88 0.3837368
2482.59 0.3882305
2494.0499999999997 0.3632488
2505.56 0.4152386
2511.34 0.360056
2517.13 0.3684911
2522.93 0.3535783
2534.5800000000004 0.3635762
2546.27 0.3578578
2552.14 0.3924403
2563.92 0.3766038
2575.76 0.4027059
2587.65 0.3954556
2593.61 0.3874147
2605.5899999999997 0.3726393
2617.61 0.3659394
2623.65 0.3876731
2635.7599999999998 0.4107438
2647.92 0.4546821
2654.03 0.4761517
2666.2799999999997 0.4157884
2672.4199999999996 0.4394715
2684.7599999999998 0.4426629
2697.1499999999996 0.4151192
2703.37 0.4327702
2715.8500000000004 0.4030594
2722.1099999999997 0.3984898
2734.67 0.4222104
2747.29 0.3553642
2753.63 0.3687481
2766.3399999999997 0.3880199
2772.7200000000003 0.407314
2785.5099999999998 0.3741463
2791.9300000000003 0.2958716
2804.82 0.3185872
2817.77 0.4002626
2824.26 0.4339144
2837.2999999999997 0.4183491
2843.84 0.4023522
2856.97 0.375608
2863.55 0.4352939
2876.77 0.4445527
2883.3999999999996 0.4365153
2896.71 0.4396666
2910.08 0.490066
2930.25 0.4660688
2950.56 0.4556657
2971.02 0.4686291
2991.61 0.4699287
3012.35 0.478912
3033.23 0.4791113
3047.23 0.481474
3068.3500000000004 0.4872684
3089.6200000000003 0.492035
3111.04 0.4968016
3132.6 0.4879769
3147.06 0.4892784
3168.88 0.4951449
3190.8399999999997 0.4633898
3212.96 0.486597
3227.79 0.4542865
3250.1600000000003 0.4994839
3272.6899999999996 0.5269462
3287.8 0.5210756
3310.59 0.5177239
3318.2200000000003 0.5190277
3325.8700000000003 0.5167393
3333.54 0.5362049
3341.22 0.5074829
3348.92 0.5552406
3356.6400000000003 0.5315591
3364.38 0.4577529
3372.1400000000003 0.465279
3379.91 0.5306105
3387.7000000000003 0.5306894
3395.5099999999998 0.5092539
3403.34 0.554647
3411.18 0.5024372
3419.05 0.5142189
3426.9300000000003 0.5250944
3434.83 0.5588634
3442.75 0.5027919
3450.68 0.520563
3458.64 0.5206418
3466.61 0.50886
3474.6 0.5341965
3482.6099999999997 0.5149675
3490.64 0.535615
3498.69 0.4908129
3506.75 0.5407373
3514.84 0.5047615
3522.94 0.542195
3531.06 0.5025941
3539.2000000000003 0.546135
3547.36 0.5641422
3555.54 0.5526756
3563.73 0.5426699
3571.95 0.4984558
3580.18 0.4996799
3588.44 0.4423447
3596.71 0.5126826
3605.0 0.54192
3613.31 0.4920345
3621.64 0.4921525
3629.9900000000002 0.6014186
3633.22 0.4697713
3635.9599999999996 0.4229604
3638.71 0.444355
3641.45 0.5933018
3644.19 0.6558366
3646.94 0.674078
3649.6800000000003 0.5081896
3652.42 0.5445601
3655.16 0.5514172
3657.91 0.626164
3660.6499999999996 0.6799118
3663.3900000000003 0.6140297
3666.14 0.7498912
3668.88 0.6348337
3671.62 0.4677625
3674.3700000000003 0.5770271
3677.11 0.6325479
3679.85 0.549801
3682.6 0.6038213
3685.3399999999997 0.6591845
3688.0800000000004 0.5583514
3690.82 0.5570126
3693.5699999999997 0.6208444
3696.31 0.6707306
3699.0499999999997 0.6208465
3701.8 0.5635118
3704.54 0.5764767
3707.28 0.5658386
3710.03 0.5081101
3712.7700000000004 0.6264797
3715.51 0.5942878
3718.2599999999998 0.8011942
3721.0 1.095186
3723.74 1.315377
3726.48 1.239566
3729.23 0.9703946
3731.97 0.8777186
3734.71 0.6841291
3737.46 0.6325866
3740.2000000000003 0.569581
3742.94 0.5473582
3745.69 0.5746235
3748.43 0.569502
3751.1699999999996 0.6456704
3753.92 0.6611537
3756.66 0.566113
3759.4 0.6041386
3762.14 0.6965416
3764.8900000000003 0.6059499
3767.63 0.5892831
3770.37 0.6526848
3773.12 0.7124183
3775.8599999999997 0.7681364
3778.6 0.7483175
3781.35 0.7100932
3784.09 0.6643072
3786.83 0.6531965
3789.5800000000004 0.6818405
3792.32 0.6419257
3795.06 0.6326274
3797.8 0.6570589
3800.5499999999997 0.7015038
3803.2899999999995 0.6852706
3806.03 0.8031285
3808.7799999999997 0.7705388
3811.52 0.7800757
3814.2599999999998 0.7507606
3817.01 0.7159251
3819.75 0.6334936
3822.4900000000002 0.6394446
3825.23 0.6302251
3827.9800000000005 0.6227361
3830.7200000000003 0.6533145
3833.46 0.6322344
3836.21 0.5889669
3838.95 0.6176144
3841.6899999999996 0.7519824
3844.44 0.8385495
3847.18 0.8445009
3849.92 0.815304
3852.67 0.8408346
3855.4100000000003 0.8497806
3858.15 0.8060044
3860.8900000000003 0.8054935
3863.64 0.8571488
3866.3799999999997 0.9125125
3869.12 0.8236977
3871.87 0.7907925
3874.61 0.782519
3877.35 0.7600601
3880.1000000000004 0.717659
3882.84 0.6637164
3885.58 0.606188
3888.33 0.6245085
3891.0699999999997 0.6137917
3893.81 0.6598951
3896.5499999999997 0.7416592
3899.3 0.8252318
3902.04 0.8756699
3904.7799999999997 0.8041927
3907.53 0.7895316
3910.27 0.811205
3913.01 0.8540776
3915.7599999999998 0.8059233
3918.4999999999995 0.8151845
3921.24 0.7909131
3923.99 0.6658824
3926.73 0.6701785
3929.47 0.6518567
3932.21 0.7059593
3934.96 0.7150984
3937.7000000000003 0.7662457
3940.44 0.738743
3943.1899999999996 0.7719183
3945.9300000000003 0.7964286
3948.67 0.7933958
3951.42 0.7746762
3954.16 0.7661663
3956.8999999999996 0.7408702
3959.65 0.664464
3962.39 0.5750579
3965.13 0.5356944
3967.87 0.5946827
3970.6200000000003 0.6844817
3973.36 0.6736467
3976.1000000000004 0.6649001
3978.85 0.7652196
3981.5899999999997 0.8052156
3984.33 0.8582149
3987.08 0.823458
3989.82 0.8617203
3992.56 0.9259104
3995.3100000000004 0.8700722
3998.05 0.8496624
4000.79 0.8570716
4003.53 0.9484898
4006.2799999999997 0.9194461
4009.02 0.9483305
4011.7599999999998 0.9608228
4014.51 0.948171
4017.25 0.9678742
4019.99 0.9185422
4022.7400000000002 0.9366648
4025.48 0.9345384
4028.2200000000003 0.9254376
4030.97 0.9227549
4033.7099999999996 0.9416308
4036.45 0.8377243
4039.1899999999996 0.931428
4041.94 0.9010839
4044.68 0.9099118
4047.42 0.8677511
4050.17 0.9016353
4052.9100000000003 0.9835571
4055.65 0.9696096
4058.3999999999996 1.000262
4061.14 0.9662978
4063.88 0.9186996
4066.63 0.9356794
4069.37 0.8309062
4072.1099999999997 0.8421769
4074.85 0.7837424
4077.6 0.887332
4080.34 0.9141673
4083.08 0.8714943
4085.83 0.8181389
4088.57 0.8123872
4091.3100000000004 0.841429
4094.06 0.8063963
4096.8 0.7895328
4099.54 0.7498543
4102.29 0.7672288
4105.03 0.8164847
4107.77 0.7986752
4110.5199999999995 0.9255917
4113.26 0.8975773
4116.0 0.8653856
4118.74 0.8978949
4121.49 0.884534
4124.23 0.9738639
4126.97 0.9475434
4129.72 0.9616467
4132.46 1.00913
4135.2 0.9114492
4137.95 0.9430479
4140.6900000000005 0.8906424
4143.43 0.9103456
4146.18 0.9166076
4148.92 0.9496688
4151.66 0.9129852
4154.4 0.9636994
4157.15 0.9812308
4159.89 0.9155462
4162.63 0.8868616
4165.38 0.9054179
4168.12 0.8859142
4170.86 0.9100701
4173.61 0.9199574
4176.349999999999 0.9484477
4179.09 0.9054596
4181.84 0.9315024
4184.58 0.9323705
4187.32 0.8800832
4190.0599999999995 0.903372
4192.81 0.9033296
4195.55 0.9145219
4198.29 0.9014803
4201.04 0.8888289
4203.78 0.8806737
4206.52 0.9491586
4209.2699999999995 0.8983247
4212.01 0.8908395
4214.75 0.9511679
4217.5 0.9514801
4220.24 0.8758262
4222.9800000000005 0.8391426
4225.72 0.9177543
4228.469999999999 0.9691732
4231.21 0.927131
4233.95 0.861446
4236.7 0.8909565
4239.44 0.9560135
4242.18 0.925004
4244.93 0.9161746
4247.67 0.9237416
4250.41 0.9464788
4253.16 0.8913894
4255.900000000001 0.9220075
4258.64 0.8871758
4261.38 0.885601
4264.13 0.8798846
4266.87 0.8942288
4269.61 0.8873345
4272.36 0.9242529
4275.1 0.9371391
4277.84 0.8738975
4280.59 0.8744464
4283.33 0.8877265
4286.07 0.9088877
4288.82 0.9039199
4291.5599999999995 0.8610498
4294.3 0.8053737
4297.04 0.7659315
4299.79 0.7985553
4302.53 0.8102989
4305.2699999999995 0.8255886
4308.02 0.819636
4310.76 0.8742508
4313.5 0.8712573
4316.25 0.8720821
4318.99 0.8353194
4321.73 0.8787438
4324.48 0.8162861
4327.22 0.7954033
4329.96 0.8317742
4332.7 0.8723612
4335.45 0.9192094
4338.1900000000005 0.9309137
4340.93 0.8967124
4343.679999999999 0.8549417
4346.42 0.8194008
4349.16 0.7915434
4351.91 0.8433173
4354.65 0.9127479
4357.39 0.9328451
4360.14 0.9527803
4362.88 0.959244
4365.62 0.9456509
4368.36 0.9496716
4371.110000000001 0.9469891
4373.85 0.962949
4376.59 0.9414752
4379.34 0.9273657
4382.08 0.8850473
4384.82 0.8373701
4387.57 0.8804751
4390.31 0.942734
4393.05 0.9370613
4395.8 0.9450573
4398.54 0.9914367
4401.28 0.9665351
4404.02 0.9720923
4406.7699999999995 0.9706708
4409.51 0.934736
4412.25 0.9206307
4415.0 0.9403295
4417.74 0.9537674
4420.48 0.9659841
4423.2300000000005 0.9314239
4425.97 0.9692134
4428.71 0.9244127
4431.46 0.9063235
4434.2 0.9458466
4436.94 0.9618459
4439.679999999999 0.9255956
4442.43 0.9586131
4445.17 0.9461234
4447.91 0.9203546
4450.66 0.9601101
4453.400000000001 0.9424586
4456.14 0.9363917
4458.889999999999 0.9331971
4461.63 0.9048673
4464.37 0.9981764
4467.12 0.9967943
4469.86 0.945965
4472.6 0.9875766
4475.34 0.9733532
4478.09 0.9453343
4480.83 0.9475026
4483.57 1.034232
4486.32 0.9272871
4489.06 0.9990818
4491.8 0.9604281
4494.55 0.98852
4497.29 0.9802858
4500.03 0.9979797
4502.78 1.010546
4505.52 1.028752
4508.26 1.013898
4511.0 1.004916
4513.75 0.9824523
4516.49 1.009406
4519.2300000000005 0.9073121
4521.98 0.9707098
4524.72 0.9795374
4527.46 0.9757168
4530.21 0.9184207
4532.95 0.9868662
4535.69 0.9720125
4538.4400000000005 1.011847
4541.18 0.9864325
4543.92 0.9448235
4546.66 0.9215764
4549.41 0.9614896
4552.15 0.9508126
4554.889999999999 0.9785934
4557.64 0.9929334
4560.38 0.9546738
4563.12 0.9634227
4565.87 1.005148
4568.610000000001 0.9710261
4571.35 1.00058
4574.099999999999 0.9891894
4576.84 0.9648
4579.58 0.9732336
4582.32 0.9837164
4585.07 0.9947465
4587.8099999999995 0.9969149
4590.55 0.9632654
4593.3 0.9541603
4596.04 0.9806408
4598.78 0.9591278
4601.53 0.9491951
4604.2699999999995 0.946832
4607.01 1.005939
4609.76 1.024456
4612.5 0.9753601
4615.24 0.9897042
4617.98 0.9879325
4620.7300000000005 1.060472
4623.47 0.9967178
4626.21 0.9932517
4628.96 1.009365
4631.7 1.039943
4634.4400000000005 1.026508
4637.19 0.9939182
4639.93 0.9785127
4642.67 0.971973
4645.42 1.00239
4648.16 0.968622
4650.9 0.9494732
4653.64 0.9706736
4656.39 1.012714
4659.13 0.9687413
4661.87 0.9491981
4664.62 0.9904904
4667.36 0.9544769
4670.099999999999 0.9434844
4672.85 0.9761472
4675.59 1.002746
4678.33 0.9313477
4681.08 0.9549871
4683.820000000001 0.9765817
4686.56 0.9670078
4689.3 0.9588131
4692.05 0.9773694
4694.79 0.9971118
4697.53 0.9510503
4700.28 0.9691731
4703.0199999999995 1.002116
4705.76 0.9595612
4708.51 0.9717341
4711.25 0.9891911
4713.99 0.9842668
4716.74 0.9912384
4719.48 0.9891907
4722.219999999999 0.9720908
4724.96 0.9626746
4727.71 0.9418273
4730.45 0.9329231
4733.19 0.9936851
4735.9400000000005 1.00109
4738.68 0.9831232
4741.42 0.9653141
4744.17 0.9740588
4746.91 0.9871421
4749.650000000001 0.9553052
4752.4 0.9769351
4755.14 0.9572344
4757.88 0.9492761
4760.62 0.9737076
4763.37 0.9938402
4766.11 0.9804048
4768.85 0.9390714
4771.599999999999 0.9723647
4774.34 0.9831627
4777.08 0.9762683
4779.83 0.9733889
4782.57 0.9553434
4785.3099999999995 0.9696875
4788.06 0.9647593
4790.8 0.959047
4793.54 0.9673624
4796.28 0.9746534
4799.030000000001 1.001485
4801.77 0.9960086
4804.51 0.9439181
4807.26 1.0176
4810.0 0.9992
4812.74 1.039117
4815.49 1.019215
4818.23 1.021778
4820.97 1.01973
4823.72 0.9588092
4826.46 0.9506146
4829.2 0.9591663
4831.9400000000005 0.8983676
4834.69 0.9269327
4837.429999999999 0.9054588
4840.17 0.9209456
4842.92 0.8980495
4845.66 0.9094382
4848.4 0.894466
4851.150000000001 0.9380045
4853.89 1.043489
4856.63 1.203273
4859.38 1.294135
4862.12 1.197715
4864.86 0.9453358
4867.6 0.8658199
4870.35 0.8236161
4873.09 0.8727537
4875.83 0.8828815
4878.58 0.8820909
4881.32 0.9172009
4884.06 0.914562
4886.8099999999995 0.9083729
4889.55 0.9030547
4892.29 0.9012038
4895.04 0.9068358
4897.78 0.9873389
4900.5199999999995 0.9806414
4903.26 0.9575128
4906.01 0.9305185
4908.75 0.9415132
4911.49 0.9172809
4914.240000000001 0.9002954
4916.9800000000005 0.9000996
4919.72 0.9056565
4922.47 0.9654688
4925.21 0.9415914
4927.95 0.9829271
4930.7 0.9551841
4933.44 0.9895061
4936.18 0.9442323
4938.92 0.9378107
4941.67 0.9556186
4944.41 0.9925016
4947.150000000001 1.000857
4949.9 1.016773
4952.639999999999 1.011809
4955.38 1.023435
4958.13 1.015709
4960.87 1.011888
4963.61 0.9400559
4966.360000000001 0.906836
4969.1 0.9079404
4971.84 0.9786713
4974.58 0.937062
4977.33 0.9034086
4980.07 0.9052224
4982.8099999999995 0.8844182
4985.56 0.9010048
4988.3 0.966495
4991.04 0.9283138
4993.79 0.9266957
4996.53 0.9719718
4999.27 1.062562
5002.02 1.105155
5004.76 1.12805
5007.5 1.104369
5010.240000000001 1.018313
5012.990000000001 0.9271691
5015.7300000000005 0.9165312
5018.47 0.9102671
5021.219999999999 0.9334339
5023.959999999999 0.9119207
5026.7 0.9325299
5029.45 0.9563272
5032.19 0.9324498
5034.929999999999 0.9252793
5037.68 0.9259861
5040.42 0.9493537
5043.16 0.9371396
5045.9 0.9312302
5048.65 0.9424972
5051.39 0.9503002
5054.13 0.9882078
5056.88 0.9820976
5059.62 0.9558952
5062.360000000001 0.9525867
5065.110000000001 0.9263804
5067.85 0.9264998
5070.59 0.9575511
5073.339999999999 0.9364675
5076.08 0.9352472
5078.82 0.9106998
5081.56 0.8846943
5084.3099999999995 0.9036451
5087.049999999999 0.9356027
5089.79 0.9573152
5092.54 0.928942
5095.28 0.897302
5098.0199999999995 0.8729909
5100.77 0.9066393
5103.51 0.9189343
5106.25 0.9162954
5109.0 0.8818146
5111.74 0.911526
5114.4800000000005 0.9458873
5117.22 0.9083759
5119.97 0.934104
5122.71 0.8898155
5125.450000000001 0.8800049
5128.200000000001 0.9112497
5130.9400000000005 0.9038823
5133.68 0.9387952
5136.429999999999 0.9129437
5139.169999999999 0.8673548
5141.91 0.8693654
5144.66 0.9001766
5147.4 0.9239383
5150.139999999999 0.8839052
5152.88 0.9008498
5155.63 0.9060094
5158.37 0.8970658
5161.11 0.9075876
5163.86 0.8138439
5166.6 0.782637
5169.34 0.8330749
5172.09 0.8522228
5174.83 0.8629022
5177.570000000001 0.8845754
5180.320000000001 0.891114
5183.06 0.8645963
5185.8 0.8439104
5188.54 0.8770499
5191.29 0.9062062
5194.03 0.8865056
5196.7699999999995 0.8821327
5199.5199999999995 0.9161752
5202.259999999999 0.9311892
5205.0 0.9240975
5207.75 0.9149534
5210.49 0.914127
5213.23 0.9003762
5215.9800000000005 0.8959212
5218.72 0.9169638
5221.46 0.8728721
5224.2 0.879414
5226.95 0.8679453
5229.6900000000005 0.893086
5232.43 0.9041201
5235.18 0.9102646
5237.92 0.8800037
5240.660000000001 0.9240581
5243.41 0.9303601
5246.150000000001 0.9002175
5248.89 0.9260674
5251.639999999999 0.8824057
5254.379999999999 0.8959223
5257.12 0.9326082
5259.86 0.889541
5262.61 0.8538388
5265.349999999999 0.8103775
5268.09 0.8529346
5270.84 0.8866226
5273.58 0.8691283
5276.32 0.9124734
5279.07 0.9432454
5281.81 0.9461622
5284.55 0.9603488
5287.3 0.946358
5290.04 0.9302823
5292.780000000001 0.940292
5295.52 0.9460854
5298.27 0.9393843
5301.01 0.9348146
5303.75 0.961492
5306.5 0.9732713
5309.24 0.9689773
5311.98 0.9805633
5314.73 0.9432453
5317.469999999999 0.9281546
5320.21 0.919487
5322.95 0.9319002
5325.7 0.8965132
5328.44 0.9067593
5331.179999999999 0.9211428
5333.93 0.8933213
5336.67 0.9264611
5339.41 0.9863163
5342.16 0.9711433
5344.900000000001 0.9618453
5347.64 0.9720913
5350.39 0.9649173
5353.13 0.9740996
5355.870000000001 0.9920688
5358.610000000001 0.9733137
5361.36 0.9463985
5364.1 0.9421438
5366.84 0.9307574
5369.589999999999 0.9319764
5372.33 0.9417102
5375.07 0.9616497
5377.82 0.959283
5380.5599999999995 0.9660221
5383.3 0.9872618
5386.05 0.9773295
5388.79 0.9692922
5391.53 0.9068384
5394.2699999999995 0.8947819
5397.02 0.904394
5399.76 0.9057348
5402.5 0.8850883
5405.25 0.8823672
5407.990000000001 0.9125119
5410.7300000000005 0.884694
5413.4800000000005 0.928351
5416.22 0.938794
5418.96 0.9104637
5421.71 0.9346159
5424.45 0.9633028
5427.19 0.9450994
5429.929999999999 0.9238618
5432.679999999999 0.9409606
5435.42 0.936982
5438.16 0.9371406
5440.91 0.9747688
5443.65 0.9430893
5446.389999999999 0.8805565
5449.14 0.8892625
5451.88 0.9207077
5454.62 0.933515
5457.37 0.9170025
5460.110000000001 0.9172794
5462.85 0.9000215
5465.59 0.8903686
5468.34 0.903409
5471.080000000001 0.8982087
5473.820000000001 0.9136954
5476.57 0.940133
5479.3099999999995 0.941592
5482.05 0.9451394
5484.799999999999 0.9213371
5487.54 0.9299282
5490.28 0.9460061
5493.03 0.9443093
5495.7699999999995 0.982729
5498.51 0.9638951
5501.25 0.946519
5504.0 0.9552249
5506.74 0.9370213
5509.48 0.9070362
5512.2300000000005 0.909398
5514.97 0.9333172
5517.71 0.9426174
5520.46 0.9406843
5523.200000000001 0.9346171
5525.9400000000005 0.887649
5528.6900000000005 0.8719641
5531.43 0.9100684
5534.17 0.904947
5536.910000000001 0.9246499
5539.66 0.970671
5542.4 0.9255548
5545.139999999999 0.9684273
5547.889999999999 0.9867475
5550.63 0.9333567
5553.37 0.9120401
5556.12 0.920352
5558.86 0.9406855
5561.599999999999 0.9005734
5564.35 0.9098704
5567.09 0.9311889
5569.83 0.8992334
5572.57 0.9041994
5575.320000000001 0.9287062
5578.06 0.88887
5580.8 0.8847336
5583.55 0.9023055
5586.290000000001 0.8928889
5589.030000000001 0.8721636
5591.78 0.9127867
5594.5199999999995 0.886781
5597.259999999999 0.9142072
5600.009999999999 0.9068364
5602.75 0.9512454
5605.49 0.9281951
5608.23 0.9190151
5610.98 0.9013994
5613.72 0.9151523
5616.46 0.9076666
5619.21 0.9495505
5621.95 0.9416313
5624.69 0.950853
5627.4400000000005 0.9554608
5630.18 0.9414734
5632.92 0.9592456
5635.67 0.9859985
5638.410000000001 0.9173975
5641.150000000001 0.8975391
5643.89 0.9091247
5646.64 0.9394633
5649.38 0.9292588
5652.120000000001 0.9433269
5654.87 0.8920604
5657.61 0.8313009
5660.349999999999 0.8181015
5663.099999999999 0.8843371
5665.84 0.9488421
5668.58 0.9085329
5671.33 0.8968278
5674.07 0.9441922
5676.8099999999995 0.9119214
5679.55 0.9795395
5682.3 0.9584166
5685.04 0.8909978
5687.78 0.9320182
5690.530000000001 0.9489201
5693.27 0.9084534
5696.01 0.9636198
5698.76 0.945807
5701.500000000001 0.9149548
5704.240000000001 0.8780344
5706.99 0.9005317
5709.73 0.8616413
5712.469999999999 0.8993122
5715.209999999999 0.9415935
5717.96 0.9669671
5720.7 0.9628308
5723.44 0.9300479
5726.19 0.9498263
5728.93 1.000146
5731.67 0.9807603
5734.42 0.9287845
5737.16 0.946123
5739.9 0.960546
5742.650000000001 0.9741379
5745.39 0.9893093
5748.13 0.942026
5750.87 0.9384412
5753.620000000001 0.9255144
5756.360000000001 0.976031
5759.1 0.9180297
5761.849999999999 0.9377293
5764.59 0.909399
5767.330000000001 0.9337515
5770.08 0.9215735
5772.82 0.9198409
5775.5599999999995 0.9427353
5778.3099999999995 0.9194849
5781.05 0.8962378
5783.79 0.9253187
5786.53 0.9058543
5789.28 0.8961588
5792.0199999999995 0.9534921
5794.76 0.9547935
5797.51 0.9445463
5800.25 0.9505761
5802.99 0.8580962
5805.740000000001 0.9228739
5808.4800000000005 0.9384
5811.22 0.8766946
5813.97 0.9227947
5816.710000000001 0.9301644
5819.450000000001 0.9423805
5822.1900000000005 0.9582219
5824.94 0.9662579
5827.679999999999 0.9043555
5830.419999999999 0.9952612
5833.17 0.9447039
5835.91 0.9368241
5838.65 0.921497
5841.4 0.9154661
5844.14 0.9217716
5846.88 0.8922198
5849.63 0.9257502
5852.37 0.8855593
5855.11 0.8787041
5857.85 0.9176359
5860.6 0.8984835
5863.34 0.9117242
5866.08 0.8995492
5868.830000000001 0.9505355
5871.570000000001 0.9420254
5874.31 0.9270135
5877.0599999999995 0.8865437
5879.799999999999 0.8839047
5882.540000000001 0.7850808
5885.29 0.8249555
5888.03 0.792606
5890.7699999999995 0.851673
5893.509999999999 0.8216088
5896.26 0.8577795
5899.0 0.8523033
5901.74 0.9055386
5904.49 0.9002564
5907.23 0.8955684
5909.97 0.9214969
5912.72 0.9535693
5915.46 0.8941102
5918.2 0.8829992
5920.950000000001 0.8902474
5923.6900000000005 0.8798064
5926.43 0.9056955
5929.17 0.9234283
5931.92 0.8965922
5934.660000000001 0.9102268
5937.400000000001 0.9151138
5940.15 0.9124717
5942.889999999999 0.9005726
5945.629999999999 0.9004554
5948.38 0.9145205
5951.12 0.8997448
5953.86 0.9055776
5956.61 0.8916267
5959.35 0.9149151
5962.09 0.9180685
5964.83 0.9319394
5967.58 0.9188946
5970.32 0.9208658
5973.06 0.896988
5975.81 0.8713735
5978.55 0.8670007
5981.29 0.8782316
5984.040000000001 0.9217707
5986.780000000001 0.9081379
5989.52 0.9267374
5992.2699999999995 0.8998226
5995.009999999999 0.8890663
5997.749999999999 0.905538
6000.490000000001 0.8695238
6003.24 0.9140479
6005.98 0.9229543
6008.719999999999 0.8960029
6011.47 0.8949369
6014.21 0.900021
6016.95 0.8940719
6019.7 0.8961976
6022.44 0.9200772
6025.18 0.920551
6027.93 0.9175149
6030.67 0.9619632
6033.41 0.9051439
6036.150000000001 0.9144835
6038.900000000001 0.9140087
6041.64 0.9080201
6044.38 0.9212608
6047.129999999999 0.9562098
6049.870000000001 0.898957
6052.610000000001 0.859042
6055.36 0.9210221
6058.099999999999 0.9035276
6060.839999999999 0.9038044
6063.59 0.8966309
6066.33 0.8731471
6069.07 0.9234273
6071.8099999999995 0.8916293
6074.56 0.8683397
6077.3 0.9090841
6080.04 0.8658591
6082.79 0.8490711
6085.53 0.8718473
6088.27 0.8651101
6091.02 0.8818547
6093.76 0.8766938
6096.5 0.9142858
6099.250000000001 0.9125106
6101.990000000001 0.9285881
6104.7300000000005 0.8694047
6107.47 0.9075483
6110.219999999999 0.861838
6112.959999999999 0.9088871
6115.7 0.8824874
6118.45 0.8810274
6121.19 0.8729506
6123.929999999999 0.903056
6126.68 0.8615224
6129.42 0.8460377
6132.16 0.8269276
6134.91 0.8291717
6137.65 0.7873258
6140.39 0.8759851
6143.13 0.8627857
6145.88 0.8302364
6148.62 0.8348473
6151.360000000001 0.8244457
6154.110000000001 0.8455248
6156.85 0.8451316
6159.59 0.822554
6162.339999999999 0.8179814
6165.079999999999 0.8118352
6167.820000000001 0.8907224
6170.57 0.8693636
6173.3099999999995 0.8787426
6176.049999999999 0.8693654
6178.79 0.8494278
6181.54 0.8666454
6184.28 0.8751968
6187.0199999999995 0.8603424
6189.77 0.8418602
6192.51 0.856401
6195.25 0.8692475
6198.0 0.8517503
6200.74 0.8686553
6203.4800000000005 0.8410342
6206.2300000000005 0.8385498
6208.97 0.8269266
6211.71 0.8579776
6214.45 0.9006134
6217.200000000001 0.8588039
6219.9400000000005 0.7982413
6222.68 0.762818
6225.429999999999 0.8476919
6228.169999999999 0.8692467
6230.91 0.8053345
6233.66 0.8488343
6236.4 0.8795702
6239.139999999999 0.8847329
6241.89 0.829684
6244.63 0.8513963
6247.37 0.8310648
6250.11 0.875592
6252.86 0.861247
6255.6 0.8108504
6258.34 0.8808719
6261.09 0.8729892
6263.83 0.8612476
6266.570000000001 0.8812263
6269.320000000001 0.8935183
6272.06 0.8272814
6274.8 0.8277157
6277.549999999999 0.83524
6280.289999999999 0.8572675
6283.03 0.4707962
6285.77 -0.4633887
6288.5199999999995 -0.07500891
6291.259999999999 0.6122162
6294.0 0.7855934
6296.75 0.8633746
6299.49 0.9218507
6302.23 0.9080207
6304.9800000000005 0.8571092
6307.72 0.9149153
6310.46 0.8935594
6313.21 0.8563998
6315.95 0.8880023
6318.6900000000005 0.8430435
6321.43 0.8471423
6324.18 0.8688519
6326.92 0.874724
6329.66 0.8835513
6332.410000000001 0.8641626
6335.150000000001 0.8434372
6337.89 0.8325625
6340.639999999999 0.8687728
6343.379999999999 0.8759451
6346.12 0.8879247
6348.87 0.8248768
6351.61 0.8572675
6354.349999999999 0.8702716
6357.089999999999 0.8724002
6359.84 0.8540756
6362.58 0.8844961
6365.32 0.8778771
6368.07 0.8838252
6370.81 0.864597
6373.55 0.9200783
6376.3 0.8904054
6379.04 0.9098716
6381.780000000001 0.8816201
6384.530000000001 0.8821698
6387.27 0.8354773
6390.01 0.8456837
6392.75 0.8743309
6395.499999999999 0.9001384
6398.24 0.8627058
6400.98 0.8568749
6403.73 0.8668028
6406.469999999999 0.9384001
6409.21 0.9095969
6411.96 0.8616801
6414.7 0.8761026
6417.44 0.8629427
6420.1900000000005 0.8299205
6422.93 0.8637691
6425.67 0.8368572
6428.41 0.876774
6431.16 0.900572
6433.900000000001 0.8179038
6436.64 0.8471815
6439.39 0.8881201
6442.13 0.9089657
6444.87 0.936825
6447.62 0.8783478
6450.360000000001 0.86901
6453.1 0.8192832
6455.849999999999 0.793275
6458.589999999999 0.8412696
6461.33 0.8620756
6464.07 0.8852065
6466.82 0.8660544
6469.5599999999995 0.8567952
6472.299999999999 0.8279525
6475.05 0.8896964
6477.79 0.9694897
6480.53 0.8789803
6483.28 0.8457216
6486.02 0.8452101
6488.76 0.7959956
6491.51 0.7830302
6494.25 0.8026145
6496.990000000001 0.8321286
6499.7300000000005 0.8881223
6502.4800000000005 0.8919031
6505.22 0.8697985
6507.96 0.8800442
6510.709999999999 0.9077432
6513.45 0.9311105
6516.19 0.8619183
6518.94 0.826532
6521.679999999999 0.8815797
6524.42 0.8939928
6527.17 0.8647534
6529.91 0.8973804
6532.65 0.9404891
6535.389999999999 0.9372588
6538.14 0.9162152
6540.88 0.9542802
6543.62 1.050111
6546.37 1.024378
6549.110000000001 1.044987
6551.85 1.192949
6554.6 1.683168
6557.34 2.461394
6560.08 2.866782
6562.83 2.525619
6565.57 1.769267
6568.31 1.180537
6571.05 0.9400565
6573.799999999999 1.02824
6576.54 1.271244
6579.28 1.545771
6582.03 1.519092
6584.7699999999995 1.357026
6587.509999999999 1.057755
6590.26 0.8539176
6593.0 0.8661729
6595.74 0.8882792
6598.49 0.8841005
6601.2300000000005 0.8255081
6603.97 0.8648731
6606.71 0.8359516
6609.46 0.8996263
6612.200000000001 0.8496632
6614.9400000000005 0.8709027
6617.6900000000005 0.8861106
6620.43 0.8641635
6623.17 0.8517128
6625.919999999999 0.8907207
6628.66 0.9075862
6631.4 0.8913528
6634.15 0.8530899
6636.889999999999 0.8450523
6639.63 0.9077051
6642.37 0.8822904
6645.12 0.8307485
6647.86 0.8343351
6650.599999999999 0.8525798
6653.35 0.8565578
6656.09 0.8742903
6658.83 0.8477329
6661.58 0.8703094
6664.320000000001 0.8490718
6667.06 0.8849299
6669.81 0.8586064
6672.55 0.8791366
6675.29 0.878822
6678.030000000001 0.885758
6680.78 0.8729106
6683.5199999999995 0.9091629
6686.26 0.905381
6689.009999999999 0.8580552
6691.75 0.8796493
6694.49 0.911961
6697.24 0.8933212
6699.98 0.8836682
6702.719999999999 0.8779948
6705.47 0.9064818
6708.21 1.029777
6710.95 1.216118
6713.69 1.305487
6716.4400000000005 1.228529
6719.18 1.093257
6721.92 1.002432
6724.67 1.026348
6727.410000000001 1.129311
6730.150000000001 1.114969
6732.900000000001 0.9874173
6735.64 0.9465565
6738.38 0.8680257
6741.129999999999 0.8043476
6743.87 0.8015506
6746.61 0.8107324
6749.349999999999 0.8191262
6752.099999999999 0.8137261
6754.84 0.8471019
6757.58 0.8271644
6760.33 0.80553
6763.07 0.871335
6765.8099999999995 0.848521
6768.56 0.8538782
6771.3 0.8718077
6774.04 0.8348477
6776.79 0.8244829
6779.530000000001 0.8613655
6782.27 0.8218048
6785.01 0.8386705
6787.76 0.8232225
6790.5 0.8294096
6793.240000000001 0.8162494
6795.99 0.8827218
6798.73 0.8136873
6801.469999999999 0.865898
6804.219999999999 0.8779932
6806.96 0.8992721
6809.7 0.8868607
6812.45 0.9166086
6821.9 0.8355568
6837.62 0.8413491
6853.38 0.8433195
6869.19 0.811006
6885.0199999999995 0.8261
6900.889999999999 0.8280307
6916.799999999999 0.8280701
6932.74 0.8281095
6948.73 0.841583
6964.75 0.8416248
6980.8 0.8474959
6996.89 0.8359109
7013.0199999999995 0.8150269
7029.19 0.824523
7045.39 0.8264558
7061.63 0.8188901
7077.91 0.8151858
7094.2300000000005 0.7948138
7110.58 0.7948529
7126.9800000000005 0.7894127
7143.4 0.7858289
7159.870000000001 0.7913056
7176.38 0.7804693
7192.92 0.7368511
7209.5 0.7575377
7226.12 0.8006055
7242.78 0.7806274
7259.47 0.7717237
7276.21 0.8193602
7292.98 0.802576
7309.799999999999 0.8007629
7326.650000000001 0.8156963
7343.54 0.8424508
7360.47 0.8176259
7377.43 0.8367383
7394.44 0.8046237
7411.49 0.8484398
7428.57 0.8121506
7445.6900000000005 0.8368583
7462.86 0.8465904
7480.0599999999995 0.8311826
7497.3 0.8369765
7514.59 0.8370151
7531.910000000001 0.8370535
7549.27 0.8526589
7566.68 0.8313799
7584.12 0.8391022
7601.599999999999 0.8181407
7619.129999999999 0.8069491
7636.6900000000005 0.8277161
7654.3 0.8107694
7671.9400000000005 0.7532017
7689.629999999999 0.7869325
7707.349999999999 0.7567502
7725.12 0.7744021
7742.93 0.7888624
7760.780000000001 0.7691615
7778.67 0.7691998
7796.6 0.7586798
7814.57 0.7781857
7832.59 0.7944978
7850.639999999999 0.7872483
7868.74 0.7963889
7886.879999999999 0.7801161
7905.06 0.7588762
7923.289999999999 0.7502062
7941.55 0.7502464
7959.86 0.7642355
7978.21 0.7695931
7996.6 0.7625406
8015.03 0.776766
8033.51 0.7539106
8052.03 0.7786567
8070.59 0.7894934
8089.1900000000005 0.768019
8107.839999999999 0.7592718
8126.53 0.7716433
8145.259999999999 0.7752295
8164.04 0.7593897
8182.86 0.789731
8201.72 0.7438654
8220.63 0.7682944
8239.58 0.7007173
8258.58 0.8027321
8277.61 0.8009218
8296.7 0.7355495
8315.82 0.7389778
8334.99 0.7424063
8354.21 0.7562749
8373.47 0.7442176
8392.77 0.7340124
8412.119999999999 0.7633682
8431.51 0.7546604
8450.94 0.7409478
8470.42 0.7530056
8489.95 0.7375989
8509.52 0.6395231
8529.14 0.7325949
8548.8 0.5779351
8568.51 0.7411455
8588.26 0.7497751
8608.06 0.7144299
8627.9 0.7395693
8647.789999999999 0.746465
8667.73 0.6486632
8687.71 0.7080068
8707.73 0.7145871
8727.81 0.736338
8747.93 0.7279448
8768.09 0.7364182
8788.31 0.7381501
8808.57 0.7484735
8828.869999999999 0.7399639
8849.22 0.7264875
8869.62 0.6749077
8890.07 0.6954368
8910.56 0.714981
8931.1 0.7084413
8951.69 0.7004024
8972.33 0.6673424
8993.01 0.7134839
9013.75 0.6736069
9034.52 0.6463012
9055.35 0.7489461
9076.23 0.7370062
9097.15 0.637513
9118.119999999999 0.6862944
9139.14 0.6661193
9160.21 0.6832214
9181.32 0.6540242
9202.49 0.6880277
9223.7 0.6601308
9244.96 0.670889
9266.27 0.672504
9287.640000000001 0.6663565
9309.05 0.624785
9330.51 0.7091885
9352.01 0.7075739
9373.58 0.6963023
9395.18 0.7060373
9416.84 0.6915754
9438.55 0.7110008
9460.31 0.7013067
9482.11 0.7176614
9503.98 0.6997698
9525.88 0.701427
9547.84 0.6760896
9569.85 0.6982745
9591.91 0.712932
9614.02 0.7048154
9636.19 0.7080849
9658.4 0.6984317
9680.67 0.6984701
9702.98 0.6952789
9725.35 0.6873594
9747.77 0.6842456
9770.24 0.6874377
9792.76 0.6796363
9815.34 0.6938994
9837.960000000001 0.6875558
9860.640000000001 0.6907873
9883.37 0.6860592
9906.16 0.6813691
9928.99 0.6877133
9951.88 0.6893687
9974.82 0.6894083
9997.82 0.6862549
10020.86 0.6862947
10067.12 0.6754197
10113.589999999998 0.6928365
10183.69 0.6881857
10230.699999999999 0.6930326
10277.92 0.6979189
10301.61 0.6963427
10493.13 0.6714799
10688.22 0.6400748
10912.02 0.6197813
11089.33 0.5878251
11295.49 0.5824267
11505.49 0.5837665
11692.439999999999 0.5691869
11909.82 0.5410528
12103.34 0.5373489
12300.009999999998 0.5299405
12499.86 0.513155
12702.97 0.5014519
12909.37 0.4911682
13088.960000000001 0.4822232
13301.64 0.4658308
13486.689999999999 0.4552314
13705.830000000002 0.4458925
13896.49 0.4268217
14089.82 0.4047945
14285.83 0.3992383
14484.56 0.4019971
14686.07 0.3874724
14890.35 0.3937699
15097.5 0.3964807
15307.53 0.4038886
15484.789999999999 0.3992385
15700.199999999999 0.3910586
15882.01 0.3751825
16102.95 0.3751826
16289.400000000001 0.3734567
16516.010000000002 0.3691817
16707.26 0.3691816
16900.72 0.3649576
17096.43 0.3599492
17294.38 0.3461302
17494.65 0.3351522
17697.23 0.3193319
17902.16 0.3056626
18109.440000000002 0.2892275
18319.14 0.2813468
18488.66 0.2711685
18702.73 0.2571844
18919.3 0.2513288
19094.37 0.247881
19315.48 0.2411233
19494.19 0.2313354
19719.92 0.2234824
19902.4 0.2163935
20086.54 0.2134226
20319.14 0.206176
20507.16 0.2047576
20696.89 0.2000962
20888.41 0.1964434
21081.67 0.193303
21276.75 0.1897762
21523.12 0.1863128
21722.260000000002 0.1799885
21923.27 0.1771079
22075.22 0.1722811
22279.49 0.1679742
22485.65 0.164152
22693.690000000002 0.1596758
22903.68 0.1432996
23115.59 0.1419835
23275.83 0.1245198
23491.21 0.1170133
23708.559999999998 0.1183688
23872.91 0.1089553
24093.79 0.1047706
24316.74 0.1028595
24485.28 0.09511276
24711.850000000002 0.09273276
24883.13 0.07856715
25113.39 0.0773101
25287.449999999997 0.07748749
25521.440000000002 0.07677822
25698.33 0.07802734
25876.480000000003 0.07660086
26115.93 0.07642747
26296.940000000002 0.07451641
26479.210000000003 0.07366133
26724.230000000003 0.07231767
26909.489999999998 0.07115922
27096.0 0.07018595
27283.81 0.06874375
27472.949999999997 0.06764439
27727.13 0.06610768
27919.350000000002 0.06535108
28112.86 0.06415719
28307.75 0.06313268
28503.949999999997 0.06197818
28701.55 0.06070933
28900.480000000003 0.05987401
29100.83 0.05891647
29302.53 0.05771072
29505.67 0.05678473
29710.17 0.05600849
29916.13 0.0548579
30123.489999999998 0.05410528
30332.28 0.05324234
30472.31 0.05275373
30683.52 0.0521469
30896.219999999998 0.05143373
31110.37 0.05096086
31326.04 0.05037767
31470.62 0.04980239
31688.75 0.0493453
31908.42 0.04900645
32129.579999999998 0.04889218
32277.91 0.04900644
32501.64 0.05014519
32726.91 0.05373491
32878.0 0.06460242
33105.88 0.06400745
33335.38 0.0519105
33489.23 0.04701656
33721.36 0.04479811
33877.03 0.04337565
34111.84 0.04229205
34269.28 0.04151974
34506.85 0.04075922
34666.11 0.03992387
34906.42 0.03928634
35067.53 0.03865822
35310.59 0.03786541
35473.61 0.03725978
35719.479999999996 0.03666401
35884.38 0.03607807
36133.1 0.0355012
36299.869999999995 0.03493338
36467.450000000004 0.03429585
36720.21 0.03366971
36889.7 0.03305539
37060.0 0.03245213
37316.87 0.03200686
37489.1 0.03127829
37662.17 0.03092011
37923.22 0.03042559
38098.25 0.02993936
38274.13 0.0294606
38539.409999999996 0.02898974
38717.34 0.02846053
38896.03 0.02800543
39075.56 0.02755779
39255.909999999996 0.02711686
39528.04 0.02662196
39710.48 0.0261964
39893.8 0.02565894
40077.93 0.02530706
40262.909999999996 0.02495991
40542.020000000004 0.0245044
40729.14 0.0241679
40917.130000000005 0.02378173
41105.98 0.02345547
41295.75 0.02313354
41486.35 0.02276354
41677.82 0.02239985
41870.229999999996 0.0220925
42063.48 0.02173905
42257.619999999995 0.02153966
42452.71 0.02119527
42746.950000000004 0.02090448
42944.25000000001 0.02024131
43142.509999999995 0.0195541
43341.630000000005 0.01950918
43541.670000000006 0.01889055
43742.68 0.01854577
43944.58 0.01824905
44147.4 0.01779276
44249.159999999996 0.01758905
44453.44 0.0173475
44658.61 0.01695267
44864.73 0.01687505
45071.86 0.01660513
45279.88 0.01633955
45488.869999999995 0.01622725
45698.82 0.01604126
45909.79 0.01571225
46121.689999999995 0.01567638
46334.56 0.01546124
46548.46 0.01531939
46655.759999999995 0.01521378
46871.1 0.01503962
47087.43 0.01486782
47304.810000000005 0.01483354
47523.15 0.01459633
47742.490000000005 0.01449585
47852.59 0.01436306
48073.45 0.01416565
48295.329999999994 0.01416565
48518.24 0.01397139
48742.219999999994 0.01381141
48854.58 0.01371645
49080.06999999999 0.01355962
49306.590000000004 0.01346623
49534.22 0.0133425
49648.399999999994 0.01328143
49877.55 0.01316124
50107.81 0.01317268
50339.08 0.01315337
50455.12 0.01308322
50687.990000000005 0.01312381
50804.83 0.01311396
50922.0 0.01313445
51039.37 0.01312421
51157.02 0.01311396
51274.94 0.01310372
51393.14 0.01312381
51511.6 0.01311317
51630.399999999994 0.01313287
51749.409999999996 0.01318291
51868.689999999995 0.01317228
51988.25 0.01316164
52108.090000000004 0.01318134
52228.2 0.01317031
52348.590000000004 0.01318962
52469.32 0.01320892
52590.26 0.01325896
52711.490000000005 0.01330861
52832.990000000005 0.01329719
52954.78 0.01328615
53076.840000000004 0.01330507
53199.240000000005 0.01332438
53321.87 0.01337403
53444.78 0.01339294
53567.98 0.01341185
53691.46 0.01346189
53815.22 0.01348081
53939.26 0.01353085
54063.66 0.01358089
54188.280000000006 0.01359981
54313.19 0.01361872
54438.380000000005 0.01366916
54563.87 0.01375112
54689.64 0.01377003
54815.7 0.01382047
54942.12 0.0138713
55068.76 0.01392213
55195.7 0.01400528
55322.93 0.01412112
55450.45 0.01417274
55578.27 0.01422436
55706.439999999995 0.01430908
55834.85 0.01439419
55963.56 0.01448009
56092.560000000005 0.01459948
56221.85 0.01468617
56351.45 0.01477325
56481.34 0.01492929
56611.6 0.01505223
56742.090000000004 0.01517635
56872.89 0.01530126
57003.979999999996 0.01546242
57135.38 0.01566181
57267.08 0.01586316
57399.15 0.01603023
57531.46 0.01623671
57664.07 0.01644515
57796.99 0.01669497
57930.219999999994 0.01698774
58063.75 0.01728524
58197.590000000004 0.01758786
58331.81 0.01785463
58466.259999999995 0.01820926
58601.03 0.0186561
58736.11 0.01907023
58871.5 0.01953834
59095.8 0.01902846
59404.87 0.0210609
59713.94 0.02371436
60023.01 0.02732965
60332.090000000004 0.02866386
60641.16 0.02955044
60950.23 0.0332146
61259.32 0.04294613
61568.38 0.06223034
61877.45 0.0829764
62186.53 0.08936768
62495.6 0.07983591
62804.67 0.06550085
63113.75 0.0538334
63422.82 0.04593294
63731.9 0.04004603
64040.97 0.0355339
64350.04 0.03145128
64659.12 0.02862879
64968.19 0.02681543
65277.26 0.02598755
65586.34 0.02543433
65895.41 0.0262094
66204.48 0.02669761
66513.56999999999 0.02687178
66822.63 0.02741476
67131.7 0.02755188
67440.78 0.02752233
67749.85 0.02673938
68058.93000000001 0.02669604
68368.0 0.02678864
68677.07 0.02810156
68986.15000000001 0.02861421
69295.22 0.02976834
69604.3 0.03510282
69913.37 0.03909245
70222.44 0.03230674
70531.52 0.03067699
70840.59 0.03177872
71149.66 0.03432933
71458.74 0.03493102
71767.8 0.03575142
72076.89 0.03716679
72385.95 0.03990417
72695.03 0.04221717
73004.11 0.04585415
73313.18 0.04734359
73622.25 0.05124062
73931.33 0.05709208
74240.4 0.06142649
74549.47 0.06675388
74858.54 0.07256198
75147.39 0.072495
75167.62 0.07856319
75476.7 0.08356745
75766.76 0.08512785
75785.76 0.08101017
76386.14 0.08672764
77005.51 0.08231839
77624.9 0.07900056
78244.27 0.07600193
78863.66 0.06934666
79483.03 0.05966908
80102.41 0.05120518
80721.79999999999 0.04414401
81341.17 0.0396047
81960.54999999999 0.03754072
82579.93000000001 0.03723732
83199.29999999999 0.03686024
83818.69 0.03620101
84438.06999999999 0.03726372
85057.45 0.04026668
85676.81999999999 0.04264667
86296.21 0.0412833
86915.58 0.03571752
87534.96 0.02886364
88154.34 0.023275
88773.71999999999 0.01928143
89393.09 0.01636871
90012.46999999999 0.01476734
90631.85 0.01320104
91251.23999999999 0.01238302
91870.61 0.01186723
92489.98999999999 0.01148698
93109.37 0.01104487
93728.75 0.01049361
94348.12000000001 0.01031945
94967.5 0.01004638
95586.89 0.009829657
96206.26 0.0103029
96825.64 0.01043687
97445.03 0.00969135
98064.40999999999 0.009106599
98683.78 0.008855203
99303.15999999999 0.00848205
99922.5 0.008509238
100541.93 0.008511998
101161.26 0.008268483
101780.70999999999 0.007905573
102400.04000000001 0.007930398
103019.47 0.00797256
103638.82 0.008294488
104258.15999999999 0.00860026
104877.59000000001 0.009465172
105496.92 0.01055193
106116.37 0.01111461
106735.7 0.0109704
107355.04000000001 0.01126947
107974.47 0.01141921
108593.82 0.01187511
109213.24 0.01376924
109832.57999999999 0.01685889
110452.02 0.01933344
111071.36 0.02353586
111690.69 0.03665455
112310.13 0.04802922
112929.47 0.04545221
113548.9 0.03612575
114168.24 0.02881793
114787.67 0.0235
115407.01000000001 0.02025116
116026.34 0.01791452
116645.79 0.01645264
117265.12 0.01570397
117884.55 0.01545691
118503.89 0.01614568
119123.33 0.0170433
119742.67 0.01738729
120361.99999999999 0.01715403
120981.45000000001 0.01651056
121600.78 0.01578396
122220.20999999999 0.01606018
122839.55 0.01736641
123458.90000000001 0.01789127
124078.33 0.01818758
124697.66 0.01938664
125317.1 0.02040168
125936.43999999999 0.02170713
126555.87000000001 0.02243295
127175.20999999999 0.02429004
127794.55 0.03202737
128413.98 0.03083777
129033.32 0.01807923
129652.76 0.01331807
130272.09 0.01225732
130891.43 0.01172813
131510.86 0.01159258
132130.2 0.01132464
132749.64 0.01107482
133368.97 0.01099207
133988.41 0.01082342
134607.75 0.01069575
135227.09 0.01077219
135846.53 0.01044948
136465.86 0.01011376
137085.3 0.009541221
137704.64 0.009048675
138324.06 0.008948198
138943.41 0.008999814
139562.72999999998 0.009044342
140182.19 0.009004149
140801.52 0.009077442
141420.94 0.009325291
142040.3 0.00938203
142659.72 0.008982872
143279.06 0.008664883
143898.39 0.008160515
144517.84 0.007832282
145050.8 0.00774717
145965.38 0.007633293
146880.06 0.00729324
147794.67 0.007189213
148709.25 0.007145475
149623.84 0.006957914
150538.55000000002 0.006940181
151453.14 0.006941758
152367.72 0.006984313
153282.41 0.007216796
154197.02 0.007472525
155111.59 0.009746122
156026.19 0.009954174
156940.88 0.007810217
157855.48 0.007539511
158770.06 0.007795242
159684.75 0.007679395
160599.34 0.007822826
161513.94 0.008129385
162428.63 0.008642029
163343.22 0.01051686
164257.8 0.012556
165172.40999999997 0.0118822
166087.11 0.01097512
167001.69 0.01074737
167916.27 0.01107915
168830.88 0.01085494
169745.56 0.01315888
170660.16 0.01368256
171574.77 0.011578
172489.44999999998 0.01163711
173404.03 0.01157367
174318.63 0.01067487
175233.31 0.009275248
176147.91 0.008596714
177062.5 0.008344531
177977.08 0.008203466
178891.77 0.007972167
179806.38 0.007414208
180720.95 0.007087945
181635.66 0.00690117
182550.23 0.006792812
183464.83 0.006873195
184379.52 0.006833397
185294.11 0.007297178
186208.7 0.009679136
187123.30000000002 0.01341067
188037.98 0.01000973
188952.58 0.007490257
189867.16999999998 0.007126954
190781.88 0.007106859
191696.47 0.006665143
192611.05000000002 0.006574514
193525.64 0.006382617
194440.34 0.006531958
195354.92 0.006577273
196269.52 0.006637561
197184.19999999998 0.006426357
198098.8 0.006593034
199013.39 0.006347155
199927.98 0.006255345
200842.69 0.006349125
201757.27 0.006438965
202671.86 0.006261255
203586.55 0.006162352
205034.91 0.005884161
206785.45 0.006400351
208537.05000000002 0.006249039
210289.63999999998 0.005990945
212043.09 0.006527231
213797.46999999997 0.006474035
215552.84 0.006091424
217309.13 0.006333363
219066.38 0.006614706
220824.64 0.006397197
222583.8 0.006324695
224343.94999999998 0.006383406
226105.02 0.006584366
227867.05000000002 0.006510287
229630.09 0.006283715
231394.06 0.006450392
233159.02000000002 0.006583577
234924.95 0.006650958
236691.80000000002 0.00651265
238459.73 0.006528412
240228.48 0.006576484
241998.3 0.006637954
243769.12 0.006512651
245540.86000000002 0.006352671
247313.58000000002 0.006458273
249087.3 0.006503982
250861.92 0.006744738
252637.63999999998 0.006675782
254414.27000000002 0.006566634
256191.98 0.006680116
257970.56000000003 0.006944122
259750.2 0.007126167
261530.8 0.006761289
263312.41 0.006546144
265095.0 0.006490979
266878.63 0.006575696
268663.22000000003 0.006554418
270448.78 0.006631257
272235.38 0.006615101
274022.97000000003 0.006539445
275811.66 0.006499254
277601.25 0.006582001
279391.81 0.006772716
281183.47 0.007335007
282976.16000000003 0.007101343
284769.75 0.006674205
286564.41000000003 0.006513832
288360.09 0.006500041
290156.88 0.00668051
291954.63 0.006773108
293753.27999999997 0.006622193
295553.13 0.00672149
297353.88 0.00676917
299155.72000000003 0.006760106
300958.56 0.006712034
302762.41 0.006971311
304567.38 0.006833397
306373.31 0.006913387
308180.25 0.006897231
309988.27999999997 0.006919297
311797.44 0.007028839
313607.56 0.006792811
315418.69 0.006913781
317230.81 0.007136412
319044.13 0.006912206
320858.38 0.007143504
322673.75 0.007489864
324490.08999999997 0.007207338
326307.58999999997 0.007407509
328126.13 0.00741145
329945.59 0.007493016
331766.22000000003 0.008057277
333587.94000000006 0.01140738
335410.69 0.01172931
337234.52999999997 0.007990292
339059.41 0.007684518
340885.27999999997 0.007477255
342712.31 0.007341705
344540.5 0.007510354
346369.58999999997 0.01208986
348199.88 0.01596561
