102.07000000000001 2.617357e-19
103.97 4.867956e-19
105.9 9.162151e-19
108.12 1.739711e-18
109.87 3.707843e-18
114.0 1.1045340000000001e-17
118.0 2.9605470000000004e-17
121.02999999999999 1.957411e-16
125.0 4.590163e-16
127.03 6.689363e-16
127.91 8.206939e-16
130.89 1.394784e-15
132.1 1.906633e-15
133.94 2.647691e-15
137.05 5.049059e-15
139.92 8.064496e-15
142.85 3.213017e-14
146.85999999999999 1.180424e-13
150.97 2.014447e-13
154.84 3.390444e-13
159.18 5.62793e-13
162.14 8.066266e-13
165.92 1.296648e-12
170.17000000000002 2.01315e-12
172.94 2.787674e-12
176.97 4.200871e-12
179.84 5.646228e-12
181.93 6.842882e-12
186.16 9.962155e-12
190.94 1.563995e-11
194.04000000000002 2.049066e-11
198.10000000000002 2.855443e-11
201.79 3.961203e-11
205.07000000000002 5.024237e-11
209.84 7.031197e-11
216.22 1.133932e-10
220.23999999999998 1.50897e-10
222.79 1.828595e-10
226.93 2.399707e-10
230.09 3.95769e-10
233.83 7.221109e-10
239.83 1.228144e-09
245.98 1.559006e-09
252.29000000000002 2.220358e-09
256.97999999999996 2.36245e-09
259.95 3.123638e-09
264.18 3.914781e-09
269.09 4.848305e-09
274.09 5.922056e-09
279.19 7.182135e-09
283.72 8.754789e-09
290.33 1.044055e-08
295.72999999999996 1.307598e-08
301.23 1.517778e-08
308.24 1.943586e-08
318.34000000000003 2.705553e-08
328.02 3.630778e-08
337.98 4.738876e-08
348.25 6.085284e-08
357.19 7.65897e-08
366.35 9.705602e-08
374.88 1.180382e-07
385.38000000000005 1.39483e-07
395.27 1.791259e-07
405.41 2.222082e-07
413.90000000000003 2.59853e-07
421.59000000000003 2.936859e-07
430.41999999999996 3.324613e-07
441.46 4.046737e-07
450.71 4.697391e-07
460.14 5.242887e-07
469.78 6.056469e-07
479.62 7.076402e-07
489.66 7.840887e-07
499.91 9.222299e-07
505.7 1.09502e-06
511.56 2.581979e-06
519.87 2.970997e-06
529.54 3.495293e-06
539.38 3.750319e-06
549.41 6.019233e-06
559.62 8.01628e-06
570.03 1.017082e-05
580.62 1.065818e-05
590.0600000000001 1.49376e-05
599.65 1.729191e-05
609.39 2.27695e-05
619.29 2.849857e-05
629.35 3.413887e-05
639.58 3.720314e-05
649.97 4.687031e-05
657.5 5.419417e-05
665.11 6.038976e-05
674.36 6.524522e-05
685.3199999999999 6.960773e-05
694.86 9.980663e-05
704.52 0.0001020015
715.9699999999999 0.0001326061
725.9300000000001 0.000147882
734.34 0.0001631771
744.55 0.0001994903
754.9100000000001 0.0002275811
765.41 0.000257809
774.27 0.0002991518
785.0500000000001 0.0003427116
794.14 0.0003779907
805.1800000000001 0.0004163204
814.51 0.0004548521
825.84 0.0005293441
835.4 0.0004457233
845.0699999999999 0.0006129095
854.86 0.0006616709
864.76 0.0007496419
874.77 0.0008453586
884.9 0.0009686634
895.15 0.001069689
905.5100000000001 0.001107361
916.0 0.001880543
924.47 0.01499178
935.1800000000001 0.03473426
946.01 0.06992216
954.7600000000001 0.1049676
965.82 0.118802
974.7500000000001 0.01770908
986.04 0.1006603
995.16 0.1151237
1004.37 0.1834078
1016.0 0.1844781
1025.4 0.08168119
1034.8899999999999 0.1309968
1044.47 0.2743829
1054.13 0.276324
1063.8899999999999 0.2169888
1076.2 0.2714312
1086.16 0.212614
1096.21 0.3030316
1103.8100000000002 0.2986112
1114.02 0.2910191
1124.3300000000002 0.2646617
1134.74 0.3584292
1145.24 0.3296729
1155.8300000000002 0.3628478
1163.84 0.3838327
1174.61 0.2616353
1185.48 0.3883102
1193.7 0.2579415
1204.74 0.1806864
1215.89 0.1307006
1224.32 0.2815126
1235.6499999999999 0.4526589
1244.21 0.5104063
1255.7299999999998 0.4909869
1264.43 0.4208847
1276.13 0.5730643
1284.98 0.6169006
1293.88 0.4755496
1305.8500000000001 0.4754294
1314.9099999999999 0.6280155
1324.02 0.6078942
1336.27 0.532817
1345.53 0.6657916
1354.86 0.6532211
1364.25 0.5817502
1373.71 0.6271638
1386.4199999999998 0.6409767
1396.03 0.5628679
1405.71 0.5941651
1415.45 0.6100629
1425.2600000000002 0.6409197
1435.14 0.64148
1441.77 0.6882248
1448.42 0.7051492
1455.1100000000001 0.6883398
1465.19 0.6354075
1475.35 0.64154
1485.58 0.6642995
1495.87 0.6846436
1506.24 0.6493976
1513.19 0.5725932
1516.68 0.624465
1523.68 0.6050836
1534.24 0.5220568
1544.8799999999999 0.5923071
1555.59 0.5602015
1566.37 0.5729199
1573.6 0.6197518
1584.51 0.6589366
1595.49 0.6767555
1606.55 0.6697913
1613.97 0.6806319
1625.1499999999999 0.6431707
1636.42 0.6929051
1643.9699999999998 0.7088267
1655.37 0.6543148
1666.84 0.7226744
1670.69 0.6401987
1678.3999999999999 0.7245066
1686.14 0.7669011
1693.9299999999998 0.7217444
1705.67 0.6907443
1713.54 0.6514708
1725.42 0.6496634
1733.3799999999999 0.7001135
1745.4 0.6852302
1753.46 0.739975
1765.61 0.6741416
1773.76 0.6934992
1786.0500000000002 0.7086505
1794.3 0.7614117
1806.74 0.7583209
1815.08 0.6933503
1823.45 0.7145173
1836.09 0.6839286
1844.5700000000002 0.6265417
1853.08 0.6263924
1865.93 0.6450631
1874.5400000000002 0.7102191
1883.1899999999998 0.6488329
1896.2499999999998 0.6160764
1905.0 0.6610427
1913.79 0.6321173
1927.06 0.6194531
1935.9499999999998 0.6463112
1944.8899999999999 0.6680401
1953.8700000000001 0.6210224
1967.41 0.6838387
1976.49 0.7048824
1985.61 0.6594746
1994.78 0.6386026
2003.99 0.6625249
2013.24 0.6340099
2027.19 0.6657878
2036.55 0.6223898
2045.95 0.6467227
2055.39 0.6170237
2064.88 0.6177359
2074.41 0.6580192
2079.19 0.6157792
2083.99 0.6406182
2093.6 0.6023841
2103.27 0.6082206
2112.98 0.6097638
2122.73 0.6182719
2137.44 0.5675863
2147.31 0.5752028
2157.22 0.5963649
2167.18 0.576887
2177.18 0.5669928
2187.23 0.5494993
2197.33 0.5717891
2207.47 0.5526143
2212.56 0.5283956
2222.77 0.5057809
2233.03 0.5355971
2243.34 0.5183755
2253.69 0.5051888
2264.1 0.5263175
2274.5499999999997 0.5446089
2285.04 0.5634926
2295.59 0.5404021
2306.19 0.5426844
2316.83 0.5240387
2327.5299999999997 0.4151626
2332.89 0.5024904
2343.66 0.4988416
2354.48 0.5367836
2365.35 0.5054223
2376.26 0.5230032
2387.23 0.4981614
2392.74 0.5361587
2403.78 0.5177864
2414.87 0.5345938
2426.02 0.5634941
2437.22 0.5454705
2442.84 0.5817214
2454.11 0.5762396
2465.44 0.5813983
2476.82 0.5680296
2482.53 0.5947345
2493.9900000000002 0.5652098
2505.5 0.6253259
2511.28 0.5768576
2517.07 0.6025872
2522.87 0.5767104
2534.5099999999998 0.5859632
2546.21 0.5791447
2552.08 0.6148328
2563.86 0.613289
2575.7000000000003 0.6510244
2587.58 0.6524182
2593.55 0.652361
2605.52 0.6389025
2617.55 0.6402639
2623.58 0.6642452
2635.69 0.6765182
2647.86 0.7231396
2653.96 0.7264351
2666.21 0.6873063
2672.3599999999997 0.718014
2684.69 0.7179571
2697.0899999999997 0.7031613
2703.3 0.7195263
2715.7799999999997 0.703104
2722.04 0.7112276
2734.61 0.7481588
2747.23 0.6807254
2753.56 0.6901816
2766.27 0.7127685
2772.6499999999996 0.7463523
2785.45 0.7378135
2791.8700000000003 0.6265075
2804.7499999999995 0.6744445
2817.7000000000003 0.7725842
2824.2 0.7869575
2837.23 0.7602544
2843.77 0.7550388
2856.9 0.7585336
2863.48 0.7979929
2876.7 0.790696
2883.33 0.7998899
2896.64 0.7962722
2910.01 0.8435185
2930.18 0.835905
2950.4900000000002 0.839873
2970.95 0.8576268
2991.54 0.8677062
3012.2700000000004 0.886088
3033.15 0.8965524
3047.16 0.9008452
3068.2799999999997 0.9073378
3089.5499999999997 0.9223642
3110.96 0.9247955
3132.53 0.9293576
3146.9799999999996 0.9425266
3168.7999999999997 0.9472371
3190.76 0.9324461
3212.88 0.9589723
3227.7099999999996 0.9548575
3250.09 0.9775247
3272.61 0.9961747
3287.7200000000003 1.001124
3310.5099999999998 1.01556
3325.79 1.032427
3333.4599999999996 1.042144
3341.1400000000003 1.006965
3348.84 1.044936
3356.56 1.016656
3364.3 1.000589
3372.0499999999997 0.9893292
3379.83 1.03376
3387.62 1.067846
3395.43 1.063165
3403.26 1.046355
3411.1000000000004 1.034589
3418.9700000000003 1.058921
3426.8500000000004 1.078812
3434.7499999999995 1.087883
3442.6600000000003 1.06806
3450.6 1.080444
3458.56 1.041376
3466.5299999999997 1.048608
3474.52 1.073067
3482.5299999999997 1.055932
3490.56 1.088032
3498.6 1.055964
3506.67 1.060852
3514.75 1.051162
3522.8500000000004 1.078138
3530.97 1.070753
3539.12 1.085658
3544.4399999999996 1.045054
3547.09 0.7700665
3549.7400000000002 1.310883
3552.3900000000003 0.9725799
3555.04 0.9019728
3557.69 1.318234
3560.34 1.216562
3562.99 1.214279
3565.64 1.023653
3568.29 0.9848511
3570.94 0.9583216
3573.5899999999997 0.9488361
3576.24 0.8617779
3578.8900000000003 0.9121098
3581.5399999999995 0.7549485
3584.19 1.443233
3586.84 1.446374
3589.4900000000002 1.187571
3592.14 1.038473
3594.79 1.094199
3597.44 1.054954
3600.09 1.17278
3602.74 0.9333327
3605.39 0.8338548
3608.04 0.8946501
3610.6899999999996 0.5982613
3613.3399999999997 1.004918
3615.9900000000002 0.9124943
3618.6400000000003 0.7347619
3621.29 1.132348
3623.94 1.002013
3626.59 1.152978
3629.2400000000002 0.9063286
3631.89 0.9946315
3634.54 1.108278
3637.19 1.084831
3639.8399999999997 0.957905
3642.49 1.057027
3645.14 1.030379
3647.7900000000004 1.110975
3650.4399999999996 0.976105
3653.09 1.168391
3655.7400000000002 0.9454255
3658.3900000000003 0.9763123
3661.04 1.122594
3663.69 1.097725
3666.34 1.068765
3668.99 1.019708
3671.64 1.1991
3674.29 0.9544659
3676.94 1.097072
3679.5899999999997 1.128552
3682.24 1.268224
3684.8900000000003 1.295909
3687.5400000000004 1.075671
3690.1800000000003 1.157548
3692.83 1.054986
3695.48 1.213808
3698.13 0.9905744
3700.78 1.00249
3703.43 1.005721
3706.08 1.150789
3708.73 1.306617
3711.38 1.423169
3714.0299999999997 1.285007
3716.68 1.372658
3719.33 1.576773
3721.9799999999996 2.193799
3724.63 3.013991
3727.28 3.938522
3729.9300000000003 4.670381
3732.58 4.390264
3735.23 3.478775
3737.88 2.444925
3740.53 1.686477
3743.18 1.348114
3745.83 1.165638
3748.48 1.014702
3751.1299999999997 1.021016
3753.7799999999997 1.12574
3756.43 0.9617315
3759.0800000000004 0.9527499
3761.73 1.173256
3764.38 1.253971
3767.03 1.249524
3769.6800000000003 1.091652
3772.33 1.043424
3774.98 1.329202
3777.63 1.30199
3780.2799999999997 1.362697
3782.93 1.383387
3785.58 1.480938
3788.23 1.369396
3790.8799999999997 1.389967
3793.5299999999997 1.321405
3796.1800000000003 1.155351
3798.8300000000004 1.381874
3801.48 1.302286
3804.13 1.412672
3806.78 1.384957
3809.43 1.336848
3812.08 1.572501
3814.73 1.556998
3817.38 1.586403
3820.0299999999997 1.443084
3822.68 1.293037
3825.33 1.347104
3827.9800000000005 1.274244
3830.6299999999997 1.224386
3833.28 1.128199
3835.9300000000003 0.966769
3838.58 0.9974481
3841.23 1.195782
3843.88 1.22077
3846.53 1.286189
3849.18 1.382288
3851.83 1.464218
3854.48 1.490214
3857.1299999999997 1.657809
3859.7799999999997 1.705354
3862.43 1.672807
3865.0800000000004 1.899745
3867.7299999999996 2.070511
3870.38 2.183417
3873.03 2.066925
3875.6800000000003 1.814109
3878.33 1.617643
3880.98 1.529607
3883.63 1.548252
3886.2799999999997 1.288115
3888.93 1.215344
3891.58 1.350807
3894.23 1.169369
3896.8799999999997 1.355046
3899.5299999999997 1.497385
3902.1800000000003 1.648322
3904.8300000000004 1.396811
3907.48 1.477466
3910.13 1.602614
3912.78 1.672479
3915.43 1.778004
3918.08 1.931785
3920.73 1.511198
3923.37 1.662261
3926.02 1.508716
3928.67 1.439294
3931.3199999999997 1.316487
3933.97 1.293693
3936.6200000000003 1.177674
3939.2700000000004 1.297991
3941.92 1.327277
3944.57 1.311181
3947.2200000000003 1.50003
3949.87 1.580211
3952.52 1.613677
3955.17 1.616196
3957.82 1.690034
3960.47 1.592987
3963.12 1.503171
3965.77 1.379802
3968.4199999999996 1.372124
3971.0699999999997 1.30706
3973.7200000000003 1.356918
3976.3700000000003 1.305519
3979.02 1.260522
3981.67 1.392399
3984.32 1.426042
3986.9700000000003 1.652032
3989.62 1.532249
3992.27 1.740632
3994.92 1.642517
3997.5699999999997 2.016983
4000.22 1.850069
4002.87 1.799381
4005.52 1.834981
4008.1699999999996 1.750146
4010.82 1.848438
4013.4700000000003 1.831157
4016.1200000000003 1.777742
4018.77 1.96502
4021.42 1.965909
4024.07 1.879117
4026.72 1.846482
4029.37 1.890825
4032.02 1.792148
4034.67 1.842361
4037.3199999999997 1.828548
4039.97 1.901733
4042.62 1.777741
4045.2700000000004 1.875382
4047.92 1.991163
4050.57 1.846925
4053.2200000000003 1.821137
4055.87 1.829051
4058.52 1.852082
4061.17 1.945484
4063.82 1.845828
4066.47 1.832519
4069.12 1.769203
4071.77 1.896041
4074.42 1.74546
4077.0699999999997 1.896159
4079.72 1.767188
4082.3700000000003 1.692075
4085.02 1.738613
4087.67 1.801928
4090.32 1.822647
4092.9700000000003 1.719197
4095.62 1.674615
4098.2699999999995 1.692845
4100.92 1.631753
4103.570000000001 1.603831
4106.22 1.611181
4108.87 1.424853
4111.52 1.613256
4114.17 1.619688
4116.82 1.632701
4119.47 1.764548
4122.12 1.707636
4124.7699999999995 1.780258
4127.42 1.893252
4130.07 1.679209
4132.719999999999 1.782985
4135.37 1.795642
4138.02 1.73449
4140.67 1.789091
4143.32 1.80821
4145.97 1.910918
4148.62 1.787193
4151.27 1.826053
4153.92 1.730607
4156.57 1.838088
4159.21 1.789543
4161.86 1.739389
4164.51 1.760939
4167.16 1.784889
4169.8099999999995 1.781124
4172.46 1.884842
4175.110000000001 1.853154
4177.76 1.796538
4180.41 1.813671
4183.06 1.643141
4185.71 1.771994
4188.36 1.832938
4191.01 1.906717
4193.66 1.895452
4196.3099999999995 1.79218
4198.96 1.82277
4201.61 1.873073
4204.26 1.902448
4206.91 1.758477
4209.56 1.768436
4212.21 1.837087
4214.860000000001 1.806378
4217.51 1.80946
4220.16 1.845386
4222.81 1.840377
4225.46 1.80202
4228.11 1.754889
4230.76 1.920558
4233.41 1.86326
4236.0599999999995 1.836552
4238.71 1.8525
4241.360000000001 1.87651
4244.009999999999 1.893732
4246.66 1.797602
4249.31 1.914629
4251.96 1.861451
4254.61 1.813402
4257.26 1.81927
4259.91 1.78782
4262.56 1.828459
4265.21 1.854603
4267.86 1.779135
4270.51 1.824932
4273.16 1.776763
4275.8099999999995 1.749019
4278.46 1.848734
4281.110000000001 1.829377
4283.76 1.743327
4286.41 1.750737
4289.06 1.901703
4291.71 1.83166
4294.36 1.786248
4297.01 1.688015
4299.66 1.700761
4302.3099999999995 1.733456
4304.96 1.657335
4307.61 1.585839
4310.26 1.6346
4312.91 1.669488
4315.56 1.660684
4318.21 1.688785
4320.860000000001 1.871794
4323.51 1.798104
4326.16 1.713061
4328.81 1.816126
4331.46 1.738049
4334.11 1.697855
4336.76 1.775042
4339.41 1.87363
4342.0599999999995 1.846953
4344.71 1.771811
4347.36 1.777472
4350.01 1.647167
4352.66 1.589869
4355.31 1.775753
4357.96 1.791878
4360.61 1.9191
4363.26 2.075669
4365.91 1.960747
4368.56 2.044396
4371.21 1.963741
4373.86 1.920256
4376.51 1.906206
4379.16 1.83714
4381.8099999999995 1.777678
4384.46 1.856614
4387.110000000001 1.819236
4389.76 1.790661
4392.41 1.699394
4395.05 1.834184
4397.7 1.797131
4400.35 1.86347
4403.0 1.754447
4405.65 1.806854
4408.3 1.879832
4410.95 1.879713
4413.599999999999 1.87251
4416.25 1.921953
4418.9 1.968816
4421.55 1.885849
4424.2 1.833471
4426.85 1.902507
4429.5 1.877222
4432.150000000001 1.955418
4434.8 2.002904
4437.45 1.911814
4440.1 1.86249
4442.75 1.98752
4445.4 1.907813
4448.05 1.953402
4450.7 1.946258
4453.349999999999 2.022763
4456.0 1.978715
4458.650000000001 1.859347
4461.3 1.822502
4463.95 1.925982
4466.6 1.887744
4469.25 1.837738
4471.9 2.098557
4474.55 1.964368
4477.2 1.972816
4479.85 1.932266
4482.5 1.972816
4485.15 1.924618
4487.8 1.965316
4490.450000000001 1.976758
4493.099999999999 2.001568
4495.75 1.986421
4498.400000000001 2.06349
4501.05 2.045734
4503.7 2.055842
4506.35 2.00545
4509.0 2.178233
4511.65 1.932472
4514.3 2.006992
4516.95 1.979632
4519.599999999999 2.005242
4522.25 1.867823
4524.9 1.950138
4527.55 1.88214
4530.2 1.897286
4532.85 1.881546
4535.5 1.921059
4538.150000000001 1.806641
4540.8 1.921593
4543.45 1.934338
4546.1 2.025368
4548.75 2.003107
4551.4 1.969731
4554.05 1.959267
4556.7 1.849651
4559.349999999999 1.898027
4562.0 1.93579
4564.650000000001 1.934575
4567.3 1.951411
4569.95 2.065147
4572.6 2.024952
4575.25 1.931729
4577.9 2.015615
4580.55 1.928053
4583.2 1.941481
4585.85 1.95636
4588.5 1.942547
4591.15 1.951322
4593.8 1.981793
4596.45 1.996406
4599.099999999999 1.967921
4601.75 1.957902
4604.400000000001 1.955975
4607.05 1.964512
4609.7 2.018933
4612.35 1.940175
4615.0 2.052488
4617.65 1.902441
4620.3 2.011642
4622.95 2.069295
4625.6 2.08619
4628.25 1.94391
4630.889999999999 2.02241
4633.54 2.096989
4636.19 1.997155
4638.84 1.957642
4641.49 2.085635
4644.14 1.929363
4646.79 1.9387
4649.4400000000005 2.058513
4652.09 1.941605
4654.74 1.977145
4657.39 2.04052
4660.04 2.045352
4662.69 2.136234
4665.34 2.085131
4667.99 1.938847
4670.639999999999 1.889435
4673.29 1.808305
4675.9400000000005 1.981384
4678.59 2.090407
4681.24 2.003407
4683.89 2.118833
4686.54 2.185853
4689.19 2.069123
4691.84 2.110711
4694.49 2.086849
4697.14 1.998249
4699.79 1.953193
4702.44 2.027061
4705.09 1.966028
4707.740000000001 1.990334
4710.389999999999 1.963479
4713.04 2.055339
4715.6900000000005 2.078193
4718.34 2.01464
4720.99 2.008563
4723.64 2.065061
4726.29 2.10573
4728.94 2.00136
4731.59 1.978655
4734.24 1.964426
4736.89 1.926544
4739.54 1.99478
4742.19 2.066928
4744.84 2.040339
4747.49 1.991696
4750.14 1.93342
4752.79 1.979276
4755.4400000000005 1.998899
4758.09 2.034203
4760.74 1.964544
4763.39 1.889728
4766.04 1.933538
4768.69 1.898946
4771.34 1.970502
4773.99 1.878908
4776.639999999999 1.988257
4779.29 1.972191
4781.9400000000005 1.924082
4784.59 1.974622
4787.24 2.068823
4789.89 1.976963
4792.54 1.972902
4795.19 2.096597
4797.84 1.995815
4800.49 1.961489
4803.14 1.946431
4805.79 2.026464
4808.44 1.983187
4811.09 2.043953
4813.740000000001 1.972634
4816.389999999999 1.908697
4819.04 2.01102
4821.6900000000005 2.005181
4824.34 1.94071
4826.99 2.024448
4829.64 1.94314
4832.29 1.925533
4834.94 1.921294
4837.59 1.859669
4840.24 1.920375
4842.89 1.935848
4845.54 1.933684
4848.19 1.942962
4850.84 1.802904
4853.49 1.83133
4856.14 2.032776
4858.79 2.281145
4861.4400000000005 2.459618
4864.08 2.583472
4866.7300000000005 2.408822
4869.38 2.21606
4872.03 2.007025
4874.68 1.830389
4877.33 1.845654
4879.98 1.949075
4882.63 1.773891
4885.28 1.698838
4887.929999999999 1.799175
4890.58 1.857955
4893.2300000000005 1.935143
4895.88 1.801309
4898.53 1.990662
4901.18 1.97756
4903.83 1.888664
4906.48 1.839814
4909.13 1.933838
4911.78 1.985978
4914.43 1.950437
4917.08 1.901913
4919.73 1.867736
4922.38 1.896578
4925.030000000001 1.857035
4927.68 1.850099
4930.33 1.900579
4932.9800000000005 1.935171
4935.63 1.949043
4938.28 1.898919
4940.93 1.91617
4943.58 1.949666
4946.23 2.036961
4948.88 2.053531
4951.53 2.245551
4954.18 2.695247
4956.83 3.157453
4959.48 3.637059
4962.13 3.749698
4964.78 3.439051
4967.43 2.968634
4970.08 2.509926
4972.7300000000005 2.182353
4975.38 2.095117
4978.03 1.976668
4980.68 2.013394
4983.33 1.983071
4985.98 1.991667
4988.63 2.047393
4991.28 2.198063
4993.929999999999 2.276021
4996.58 2.367703
4999.2300000000005 2.809218
5001.88 3.733096
5004.530000000001 5.226453
5007.18 6.71714
5009.83 7.369557
5012.4800000000005 6.594719
5015.13 4.956711
5017.78 3.460983
5020.43 2.57641
5023.08 2.203279
5025.7300000000005 2.038826
5028.38 1.938903
5031.03 1.933804
5033.68 1.948862
5036.33 1.931136
5038.98 1.849295
5041.63 1.851666
5044.28 1.838328
5046.929999999999 1.885991
5049.58 1.968929
5052.23 1.900219
5054.88 1.897018
5057.53 1.903717
5060.179999999999 1.900723
5062.830000000001 1.834977
5065.48 1.86453
5068.129999999999 1.910505
5070.780000000001 1.822172
5073.43 1.878195
5076.08 1.894705
5078.7300000000005 1.832368
5081.38 1.801541
5084.030000000001 1.818229
5086.68 1.877394
5089.33 1.904961
5091.9800000000005 1.798636
5094.63 1.813723
5097.28 1.961517
5099.92 1.90562
5102.57 1.834658
5105.22 1.846958
5107.87 1.909236
5110.5199999999995 1.863084
5113.17 1.87082
5115.82 1.876007
5118.47 1.820043
5121.12 1.994338
5123.7699999999995 1.914957
5126.42 1.830477
5129.07 1.813463
5131.719999999999 1.833856
5134.37 1.811387
5137.0199999999995 1.859378
5139.669999999999 1.781864
5142.320000000001 1.837709
5144.97 1.791675
5147.620000000001 1.887922
5150.27 1.801961
5152.92 1.816693
5155.570000000001 1.888901
5158.22 1.888307
5160.87 1.882497
5163.52 1.845
5166.17 1.832225
5168.82 1.794224
5171.47 1.659057
5174.12 1.525609
5176.77 1.665014
5179.42 1.76965
5182.07 1.767042
5184.72 1.696464
5187.37 1.693204
5190.0199999999995 1.815506
5192.67 1.899333
5195.32 1.95011
5197.969999999999 1.987666
5200.62 2.016685
5203.2699999999995 2.04858
5205.920000000001 1.907129
5208.57 1.855878
5211.219999999999 1.946967
5213.870000000001 1.869868
5216.52 1.878909
5219.17 1.92767
5221.820000000001 1.87796
5224.47 1.841234
5227.12 1.819655
5229.77 1.766359
5232.42 1.850512
5235.07 1.873336
5237.72 1.835216
5240.37 1.833408
5243.02 1.912285
5245.67 1.966263
5248.32 1.957844
5250.97 2.05086
5253.62 1.939852
5256.2699999999995 1.867703
5258.92 1.82905
5261.57 1.847695
5264.219999999999 1.832518
5266.87 1.887741
5269.5199999999995 1.706718
5272.17 1.667354
5274.82 1.860618
5277.469999999999 1.901405
5280.120000000001 1.926482
5282.7699999999995 2.058655
5285.419999999999 1.93407
5288.070000000001 1.951945
5290.72 2.037905
5293.37 2.029932
5296.02 2.050533
5298.67 1.982772
5301.320000000001 1.90013
5303.97 1.952715
5306.62 1.97462
5309.27 2.058595
5311.92 2.084087
5314.57 2.051007
5317.22 2.087496
5319.87 2.011494
5322.5199999999995 2.038527
5325.17 1.968039
5327.82 1.965994
5330.47 1.908666
5333.12 1.917647
5335.76 1.884634
5338.41 1.89898
5341.0599999999995 1.800361
5343.71 1.931883
5346.36 1.944658
5349.009999999999 1.902982
5351.66 1.98832
5354.3099999999995 1.85754
5356.959999999999 1.912081
5359.610000000001 2.042061
5362.26 2.061773
5364.910000000001 1.945013
5367.56 1.970416
5370.21 1.913415
5372.860000000001 1.925805
5375.51 1.977856
5378.16 1.912229
5380.81 1.934786
5383.46 1.85671
5386.11 2.034294
5388.76 1.918513
5391.41 1.954853
5394.06 1.984021
5396.71 2.072176
5399.36 1.837412
5402.01 1.915074
5404.66 1.920587
5407.3099999999995 1.853922
5409.96 1.843222
5412.61 1.955594
5415.259999999999 1.887773
5417.91 1.944715
5420.5599999999995 2.009245
5423.210000000001 2.021132
5425.860000000001 1.866846
5428.509999999999 1.905114
5431.160000000001 1.908225
5433.81 1.808006
5436.46 1.886172
5439.110000000001 1.891448
5441.76 1.944181
5444.41 1.794282
5447.06 1.94842
5449.71 1.865274
5452.360000000001 1.986065
5455.01 1.921623
5457.66 1.971125
5460.31 1.909173
5462.96 1.99057
5465.61 1.970176
5468.26 1.954496
5470.91 2.012771
5473.5599999999995 1.969227
5476.21 1.960127
5478.86 1.90775
5481.51 1.810199
5484.16 1.805752
5486.8099999999995 1.781416
5489.46 1.886585
5492.11 2.046562
5494.759999999999 1.85884
5497.410000000001 1.926068
5500.06 1.8142
5502.709999999999 1.965758
5505.360000000001 1.838654
5508.01 1.976666
5510.66 1.845145
5513.31 2.089928
5515.96 1.908312
5518.610000000001 1.988167
5521.26 1.858632
5523.91 1.975747
5526.56 1.908134
5529.21 1.949899
5531.86 1.957754
5534.51 1.886288
5537.16 1.829494
5539.8099999999995 1.831154
5542.46 1.934159
5545.11 1.994421
5547.76 2.030762
5550.41 1.971389
5553.0599999999995 1.93404
5555.71 1.898677
5558.36 1.895091
5561.009999999999 1.940591
5563.66 1.945274
5566.3099999999995 1.975449
5568.950000000001 1.844765
5571.599999999999 1.857333
5574.249999999999 1.880721
5576.900000000001 1.84767
5579.55 2.013279
5582.200000000001 1.953669
5584.85 1.903278
5587.5 1.933779
5590.150000000001 1.86913
5592.8 1.882736
5595.45 1.859259
5598.1 1.784324
5600.75 1.757469
5603.4 1.827216
5606.05 1.963065
5608.7 1.955061
5611.35 2.016005
5614.0 1.953075
5616.65 1.921922
5619.3 1.963272
5621.95 1.909976
5624.599999999999 1.905974
5627.25 1.925893
5629.9 1.923759
5632.549999999999 1.83842
5635.2 1.788651
5637.849999999999 1.866668
5640.500000000001 1.918631
5643.150000000001 1.910746
5645.799999999999 1.845208
5648.450000000001 1.924588
5651.1 1.896962
5653.75 1.985058
5656.400000000001 1.946434
5659.05 1.909708
5661.7 1.884512
5664.35 1.854248
5667.0 1.858516
5669.650000000001 1.806168
5672.3 1.927463
5674.95 1.870936
5677.6 1.850957
5680.25 1.880332
5682.9 1.890766
5685.55 1.830089
5688.2 1.939112
5690.849999999999 1.82336
5693.5 1.938015
5696.15 1.789657
5698.8 1.871676
5701.45 2.003879
5704.099999999999 1.863258
5706.75 1.951413
5709.4 1.943676
5712.049999999999 1.805456
5714.700000000001 1.818172
5717.35 1.878256
5719.999999999999 1.963921
5722.650000000001 1.871735
5725.3 1.892514
5727.950000000001 1.856588
5730.6 1.930544
5733.25 1.968811
5735.900000000001 1.994422
5738.55 1.956303
5741.2 1.852319
5743.85 1.806463
5746.5 1.92506
5749.15 2.04502
5751.8 1.971331
5754.45 2.067429
5757.1 1.984966
5759.75 1.942074
5762.4 1.972783
5765.05 2.010695
5767.7 2.000468
5770.349999999999 1.865775
5773.0 1.935819
5775.65 2.002454
5778.299999999999 1.905525
5780.95 1.820571
5783.599999999999 1.873749
5786.249999999999 1.857001
5788.900000000001 1.923636
5791.55 1.857979
5794.200000000001 1.88768
5796.85 1.984016
5799.5 1.93979
5802.150000000001 1.996525
5804.79 1.903545
5807.4400000000005 1.836258
5810.09 1.88321
5812.74 1.931437
5815.39 2.054303
5818.04 1.94033
5820.69 1.912763
5823.34 1.961909
5825.99 1.96597
5828.64 1.91798
5831.29 2.010433
5833.94 1.939944
5836.59 1.962472
5839.24 1.965495
5841.889999999999 1.922307
5844.54 1.980257
5847.19 2.004326
5849.839999999999 1.765472
5852.49 1.982924
5855.139999999999 1.92284
5857.790000000001 1.950526
5860.4400000000005 1.712205
5863.09 1.897763
5865.740000000001 1.802227
5868.39 1.974832
5871.04 2.018554
5873.6900000000005 2.085633
5876.34 1.997804
5878.99 1.989178
5881.64 1.890856
5884.29 1.921535
5886.9400000000005 1.726106
5889.59 1.675685
5892.24 1.678412
5894.89 1.700051
5897.54 1.683896
5900.19 1.599061
5902.84 1.675952
5905.49 1.81349
5908.139999999999 1.843102
5910.79 1.763751
5913.44 1.875352
5916.09 1.947441
5918.74 1.926306
5921.389999999999 1.888839
5924.04 1.961788
5926.69 1.885578
5929.339999999999 1.777978
5931.990000000001 1.873632
5934.64 1.830622
5937.29 1.859049
5939.9400000000005 1.839959
5942.59 1.714515
5945.240000000001 1.916642
5947.89 1.916613
5950.54 1.842241
5953.1900000000005 1.863465
5955.84 1.804181
5958.49 1.805307
5961.14 1.889342
5963.79 1.862042
5966.44 1.860174
5969.09 1.954169
5971.74 1.882316
5974.39 1.840136
5977.04 1.875914
5979.69 1.953309
5982.34 1.93828
5984.99 1.997208
5987.639999999999 1.921562
5990.29 1.959711
5992.94 1.951648
5995.589999999999 1.940058
5998.240000000001 1.919783
6000.889999999999 2.017868
6003.540000000001 1.965432
6006.1900000000005 1.911098
6008.84 1.892246
6011.490000000001 1.895714
6014.14 1.895328
6016.79 1.815177
6019.4400000000005 1.771514
6022.09 1.870548
6024.74 1.719878
6027.39 1.843158
6030.04 1.955056
6032.6900000000005 1.874727
6035.34 1.767364
6037.99 1.844521
6040.63 1.90722
6043.28 1.943709
6045.93 1.866789
6048.58 1.827038
6051.23 1.854013
6053.88 1.930281
6056.53 2.021104
6059.179999999999 1.828609
6061.83 1.980406
6064.48 1.936565
6067.129999999999 1.815804
6069.78 1.998991
6072.429999999999 1.924086
6075.080000000001 1.921121
6077.7300000000005 1.930133
6080.38 1.933689
6083.030000000001 1.888545
6085.68 1.937987
6088.33 1.969497
6090.9800000000005 1.934252
6093.63 1.864357
6096.28 1.862815
6098.93 1.875591
6101.58 1.94768
6104.2300000000005 1.943144
6106.88 1.869662
6109.53 1.974595
6112.18 1.878969
6114.83 1.938224
6117.48 1.889344
6120.13 1.941217
6122.78 1.869247
6125.429999999999 1.954912
6128.08 1.845118
6130.73 1.907722
6133.38 1.855937
6136.03 1.940891
6138.679999999999 1.855433
6141.330000000001 1.983041
6143.98 1.841828
6146.629999999999 1.84082
6149.280000000001 1.846896
6151.93 1.902623
6154.58 1.93179
6157.2300000000005 1.955237
6159.88 1.860472
6162.530000000001 1.786011
6165.18 1.710454
6167.83 1.667948
6170.4800000000005 1.717983
6173.13 1.715345
6175.78 1.791198
6178.43 1.887089
6181.08 1.770953
6183.73 1.71736
6186.38 1.800328
6189.03 1.767485
6191.68 1.775754
6194.33 1.803203
6196.98 1.832607
6199.63 1.83489
6202.28 1.808123
6204.929999999999 1.82493
6207.58 1.866903
6210.23 1.903036
6212.879999999999 1.825849
6215.530000000001 1.803232
6218.179999999999 1.783668
6220.830000000001 1.763601
6223.4800000000005 1.809664
6226.13 1.832607
6228.780000000001 1.78933
6231.43 1.761348
6234.08 1.761703
6236.7300000000005 1.637978
6239.38 1.749639
6242.03 1.77685
6244.68 1.583141
6247.33 1.664033
6249.9800000000005 1.757138
6252.63 1.729868
6255.28 1.65105
6257.93 1.640883
6260.58 1.628937
6263.23 1.693438
6265.88 1.862544
6268.53 1.796384
6271.179999999999 1.842061
6273.82 1.755987
6276.469999999999 1.724922
6279.12 1.805519
6281.7699999999995 1.826446
6284.419999999999 1.775491
6287.07 1.7085
6289.719999999999 1.809609
6292.370000000001 2.004119
6295.02 2.069035
6297.67 2.340673
6300.320000000001 2.19445
6302.97 2.177257
6305.62 2.341829
6308.27 2.263485
6310.92 2.011855
6313.57 1.928295
6316.22 1.82846
6318.87 1.920765
6321.52 1.7714
6324.17 1.749702
6326.82 1.907782
6329.47 1.798137
6332.12 1.717333
6334.7699999999995 1.839813
6337.42 1.855375
6340.07 1.824814
6342.719999999999 1.735236
6345.37 1.86901
6348.0199999999995 1.700822
6350.67 1.893731
6353.32 1.671773
6355.969999999999 1.940091
6358.620000000001 1.895065
6361.2699999999995 1.990867
6363.919999999999 1.977084
6366.570000000001 2.067936
6369.22 1.96161
6371.87 1.821553
6374.52 1.846511
6377.17 1.903335
6379.820000000001 1.934607
6382.47 1.806257
6385.12 1.775578
6387.77 1.940713
6390.42 1.865748
6393.07 1.811207
6395.72 1.781891
6398.37 1.790695
6401.0199999999995 1.815386
6403.67 1.930426
6406.32 1.951057
6408.97 1.846036
6411.62 1.774065
6414.2699999999995 1.813281
6416.92 1.86474
6419.57 1.855462
6422.219999999999 1.768166
6424.87 1.752308
6427.5199999999995 1.832667
6430.169999999999 1.854157
6432.820000000001 1.851727
6435.47 1.812303
6438.120000000001 1.838506
6440.77 1.871853
6443.42 1.751418
6446.070000000001 1.725808
6448.72 1.732358
6451.37 1.809901
6454.02 1.789923
6456.67 1.800861
6459.32 1.937243
6461.97 1.894025
6464.62 1.859344
6467.27 1.835601
6469.92 1.808953
6472.57 1.728653
6475.22 1.738345
6477.87 1.756219
6480.5199999999995 1.787077
6483.17 1.706184
6485.82 1.884835
6488.469999999999 1.739649
6491.12 1.707933
6493.7699999999995 1.761377
6496.42 1.82727
6499.07 1.735855
6501.719999999999 1.674793
6504.370000000001 1.78429
6507.02 1.776286
6509.660000000001 1.82944
6512.31 1.777151
6514.96 2.023475
6517.610000000001 2.032487
6520.26 2.001748
6522.91 2.009958
6525.56 1.878675
6528.21 1.784057
6530.860000000001 1.858874
6533.51 1.934134
6536.16 2.028899
6538.81 2.20349
6541.46 2.536102
6544.11 2.812305
6546.76 3.174351
6549.41 3.543096
6552.0599999999995 3.819358
6554.71 4.002249
6557.36 4.472073
6560.009999999999 5.493532
6562.66 6.3819
6565.3099999999995 6.654901
6567.96 6.113344
6570.61 5.122415
6573.259999999999 4.4946
6575.910000000001 4.240569
6578.56 4.646959
6581.209999999999 5.468928
6590.14 1.797841
6605.33 1.809903
6620.5599999999995 1.826233
6635.82 1.817431
6651.120000000001 1.800359
6666.450000000001 1.808273
6681.820000000001 1.795408
6697.22 1.807442
6712.66 1.794605
6728.14 1.785953
6743.65 1.785535
6759.1900000000005 1.748513
6774.7699999999995 1.760223
6790.389999999999 1.747684
6806.04 1.783881
6821.7300000000005 1.775284
6837.46 1.791288
6853.22 1.794996
6869.02 1.741637
6884.860000000001 1.757343
6900.7300000000005 1.76505
6916.63 1.768701
6932.580000000001 1.772345
6948.56 1.792446
6964.58 1.787908
6980.63 1.808185
6996.719999999999 1.77884
7012.85 1.75403
7029.02 1.798576
7045.22 1.769383
7061.460000000001 1.752757
7077.74 1.756371
7094.0599999999995 1.72388
7110.410000000001 1.715552
7126.8 1.71908
7143.2300000000005 1.698983
7159.7 1.714276
7176.200000000001 1.690359
7192.74 1.591742
7209.330000000001 1.6397
7225.95 1.740419
7242.6 1.684816
7259.299999999999 1.676635
7276.03 1.767397
7292.8099999999995 1.742704
7309.62 1.722312
7326.47 1.757939
7343.36 1.79019
7360.28 1.773329
7377.25 1.793396
7394.26 1.752128
7411.299999999999 1.821612
7428.39 1.77561
7445.509999999999 1.812308
7462.68 1.820218
7479.88 1.786516
7497.120000000001 1.798465
7514.41 1.797985
7531.73 1.805813
7549.09 1.822058
7566.49 1.796597
7583.93 1.808573
7601.42 1.766922
7618.94 1.742233
7636.509999999999 1.786453
7654.11 1.753375
7671.750000000001 1.670172
7689.44 1.716503
7707.17 1.657808
7724.93 1.69596
7742.74 1.71908
7760.59 1.691155
7778.48 1.66365
7796.41 1.663206
7814.38 1.709359
7832.400000000001 1.744662
7850.45 1.740185
7868.549999999999 1.755805
7886.69 1.72329
7904.870000000001 1.675864
7923.09 1.660065
7941.35 1.663415
7959.66 1.678354
7978.01 1.701236
7996.400000000001 1.685172
8014.84 1.7042
8033.31 1.661101
8051.83 1.707165
8070.4 1.718513
8088.999999999999 1.682797
8107.64 1.674619
8126.339999999999 1.685732
8145.07 1.696938
8163.84 1.661664
8182.660000000001 1.727498
8201.53 1.641713
8220.43 1.698925
8239.38 1.517221
8258.38 1.749522
8277.42 1.749018
8296.49 1.639347
8315.62 1.64643
8334.789999999999 1.653572
8354.0 1.679955
8373.26 1.652593
8392.57 1.610798
8411.91 1.69009
8431.300000000001 1.681852
8450.74 1.646873
8470.220000000001 1.676991
8489.74 1.672634
8509.32 1.463092
8528.93 1.667803
8548.59 1.352115
8568.3 1.674469
8588.050000000001 1.693353
8607.85 1.543895
8627.69 1.680696
8647.58 1.695724
8667.52 1.446198
8687.5 1.5816
8707.53 1.632911
8727.6 1.685882
8747.72 1.631901
8767.880000000001 1.601639
8788.1 1.684339
8808.35 1.707224
8828.66 1.68327
8849.01 1.625651
8869.41 1.465169
8889.85 1.591295
8910.35 1.654312
8930.89 1.649985
8951.480000000001 1.634332
8972.11 1.563877
8992.8 1.652205
9013.52 1.509841
9034.3 1.451416
9055.130000000001 1.720502
9076.0 1.700261
9096.92 1.494101
9117.9 1.607803
9138.92 1.542026
9159.98 1.573837
9181.1 1.519886
9202.27 1.591027
9223.48 1.51541
9244.74 1.497597
9266.05 1.582164
9287.41 1.545616
9308.82 1.468785
9330.279999999999 1.632378
9351.789999999999 1.635608
9373.35 1.612605
9394.96 1.626983
9416.61 1.596778
9438.32 1.63718
9460.08 1.617882
9481.89 1.639846
9503.74 1.601994
9525.65 1.579467
9547.61 1.483754
9569.619999999999 1.5784
9591.68 1.629561
9613.789999999999 1.617794
9635.949999999999 1.624702
9658.17 1.61296
9680.43 1.608692
9702.74 1.608131
9725.12 1.59651
9747.54 1.588625
9770.0 1.595417
9792.52 1.580241
9815.1 1.605343
9837.72 1.593725
9860.41 1.600514
9883.14 1.588951
9905.92 1.584745
9928.75 1.595148
9951.640000000001 1.598259
9974.58 1.597697
9997.57 1.589783
10020.63 1.5602
10066.880000000001 1.534143
10136.65 1.593668
10183.45 1.585187
10230.45 1.595
10277.67 1.601194
10301.359999999999 1.596924
10492.88 1.556764
10687.960000000001 1.50391
10911.75 1.436209
11089.06 1.393849
11295.21 1.384277
11505.220000000001 1.393848
11692.16 1.371589
11909.529999999999 1.331127
12103.05 1.321967
12299.7 1.309846
12499.560000000001 1.282988
12702.66 1.259571
12909.060000000001 1.24229
13088.64 1.230879
13301.320000000002 1.20011
13486.359999999999 1.180931
13705.49 1.16205
13896.15 1.127755
14089.47 1.081987
14285.48 1.067136
14484.21 1.074547
14685.699999999999 1.047663
14890.000000000002 1.064677
15097.15 1.072057
15307.170000000002 1.089488
15484.41 1.092006
15699.82 1.067137
15918.220000000001 1.026173
16102.55 1.033287
16289.02 1.035657
16515.62 1.023801
16706.85 1.028543
16900.31 1.019117
17096.01 1.014434
17293.98 0.9777362
17494.22 0.9576693
17696.8 0.9230473
17901.72 0.8917167
18109.02 0.8515815
18318.69 0.8321955
18488.2 0.80952
18702.29 0.7712813
18918.86 0.7589501
19093.899999999998 0.7520143
19315.0 0.7348812
19493.73 0.7099225
19719.44 0.6905963
19901.91 0.6733148
20086.050000000003 0.6656081
20318.64 0.6459852
20506.649999999998 0.6415389
20696.379999999997 0.6298304
20887.89 0.6197525
21081.18 0.6112446
21276.23 0.6014924
21522.600000000002 0.591859
21721.750000000004 0.5744003
21922.730000000003 0.5678196
22074.699999999997 0.5548957
22278.94 0.5420313
22485.1 0.530441
22693.16 0.5191177
22903.120000000003 0.469794
23115.05 0.4682823
23275.260000000002 0.415164
23490.64 0.3897903
23707.980000000003 0.3966969
23927.350000000002 0.3673222
24093.2 0.3554356
24316.140000000003 0.3526492
24396.5 0.2981083
24489.679999999997 0.3099057
24582.96 0.3134626
24676.23 0.2970116
24769.41 0.2701738
24862.690000000002 0.3025248
24955.87 0.3110024
25049.14 0.2812599
25142.42 0.2875143
25235.6 0.2853238
25328.879999999997 0.2674199
25422.15 0.2942133
25515.33 0.2872209
25608.61 0.3111506
25701.79 0.2808063
25795.059999999998 0.2716174
25888.34 0.2825433
25981.519999999997 0.326683
26074.79 0.3021101
26168.07 0.3128403
26261.25 0.3009243
26354.53 0.3008352
26447.699999999997 0.2964485
26540.98 0.2754263
26634.26 0.2522078
26727.44 0.2659616
26820.71 0.2658876
26913.99 0.2625588
27007.170000000002 0.2528422
27100.44 0.2567788
27193.62 0.2632733
27286.899999999998 0.2389046
27380.179999999997 0.259224
27473.359999999997 0.2625498
27566.63 0.262959
27659.91 0.2567519
27753.09 0.2237842
27846.36 0.23209
27939.539999999997 0.2463774
28032.82 0.2365214
28126.1 0.2256309
28219.280000000002 0.2244274
28312.55 0.2279786
28405.83 0.2079614
28499.01 0.2234581
28592.29 0.2317875
28685.46 0.229523
28778.739999999998 0.2170763
28872.010000000002 0.2121292
28965.190000000002 0.2100542
29058.47 0.2044667
29151.75 0.1958378
29244.93 0.181595
29338.199999999997 0.1819152
29431.379999999997 0.1972489
29524.66 0.1893819
29617.93 0.2109138
29711.11 0.1921801
29804.39 0.1994839
29897.670000000002 0.1831778
29990.85 0.1887623
30084.12 0.1828874
30177.3 0.1945129
30270.579999999998 0.1841975
30363.850000000002 0.1967776
30457.03 0.214951
30550.31 0.1737636
30643.59 0.1716234
30736.77 0.1707223
30830.039999999997 0.1710959
30923.219999999998 0.225379
31016.499999999996 0.1928648
31109.77 0.1931435
31202.95 0.2024955
31296.23 0.1839989
31389.5 0.1725899
31482.679999999997 0.1672039
31575.96 0.1658699
31669.14 0.1643286
31762.42 0.1691542
31855.690000000002 0.1752517
31948.87 0.1810259
32042.15 0.199961
32135.42 0.1975542
32228.6 0.19807
32321.879999999997 0.2059636
32415.06 0.2263631
32508.339999999997 0.237538
32601.61 0.2638038
32694.79 0.3142038
32788.07 0.3206361
32881.34 0.2980787
32974.52 0.2451828
33067.799999999996 0.2412463
33160.98 0.2034559
33254.26 0.1878553
33347.53 0.1926988
33440.71 0.2047364
33533.979999999996 0.1821671
33627.26 0.1599712
33720.439999999995 0.1708972
33813.72 0.1650163
33906.9 0.1727142
34000.17 0.1798669
34093.45 0.183498
34186.63 0.177623
34279.91 0.1836106
34373.18 0.1702985
34466.36 0.1698123
34559.64 0.168348
34652.82 0.1785241
34746.090000000004 0.1639196
34839.37 0.1699398
34932.55 0.1706334
35025.83 0.1756814
35119.1 0.1659737
35212.28 0.1575317
35305.55 0.1618506
35398.740000000005 0.1737606
35492.01 0.1610265
35585.29 0.1663383
35678.47 0.1578311
35771.74 0.1795675
35865.02 0.170589
35958.2 0.1670497
36051.479999999996 0.1657721
36144.65 0.1558807
36237.93 0.1691602
36331.21 0.1642219
36424.39 0.1710395
36517.659999999996 0.1689913
36610.939999999995 0.1477795
36704.119999999995 0.1644916
36797.39 0.1525638
36890.57 0.1644146
36983.85 0.162307
37077.119999999995 0.1568144
37170.31 0.1618564
37263.58 0.1645924
37356.86 0.1610502
37450.04 0.1606382
37543.31 0.1510669
37636.49 0.1695456
37729.77 0.1615363
37823.05 0.1628376
37916.22 0.1591443
38009.5 0.167189
38102.78 0.1495284
38195.96 0.1638602
38289.23 0.1593814
38382.41 0.1667296
38475.69 0.1544726
38568.97 0.153284
38662.14 0.1508683
38755.42 0.1735294
38848.7 0.1674884
38941.87 0.1614
39035.15 0.1610532
39128.33 0.1527594
39221.61 0.1634304
39314.88 0.1471274
39408.07 0.1544133
39501.34 0.1546624
39594.61 0.1487074
39687.79 0.1435645
39781.07 0.1549618
39874.25 0.1510935
39967.53 0.1557354
40060.799999999996 0.1626035
40153.98 0.1667652
40247.26 0.1855788
40340.54 0.1844465
40433.71 0.1768612
40526.99 0.1625234
40620.17 0.16065
40713.45 0.1664569
40806.72 0.1530647
40899.9 0.1524511
40993.18 0.1528957
41086.450000000004 0.1518168
41179.63 0.1534797
41272.909999999996 0.1535775
41366.09 0.1567432
41459.36 0.1685971
41552.64 0.1713004
41645.82 0.1710158
41739.100000000006 0.1671801
41832.37 0.1567462
41925.549999999996 0.1550448
42018.829999999994 0.1390915
42112.01 0.138887
42205.29 0.1423254
42298.56 0.1355849
42391.740000000005 0.1271073
42485.01 0.1253081
42578.29 0.1237933
42671.469999999994 0.1355968
42764.74999999999 0.1449813
42857.93 0.1505629
42951.2 0.1477262
43044.479999999996 0.1482153
43137.66 0.1509986
43230.94 0.1505392
43324.21 0.1504444
43417.38999999999 0.1662197
43510.67 0.1535004
43603.85 0.1691543
43697.119999999995 0.1417593
43790.4 0.169922
43883.58 0.1671772
43976.86 0.1693291
44070.13 0.1567373
44163.31 0.1583113
44256.59 0.161065
44349.77 0.1607567
44443.04 0.1443885
44536.32 0.1626242
44629.5 0.1621944
44722.78 0.1540991
44816.05 0.1525697
44909.23 0.1629028
45002.5 0.1504029
45095.69 0.1521161
45188.96 0.1516567
45282.24 0.1477084
45375.42 0.1434221
45468.69 0.1427819
45561.97 0.1468043
45655.15 0.1442966
45748.43000000001 0.1300685
45841.6 0.131521
45934.88 0.1297247
46028.159999999996 0.1373812
46121.33 0.1446879
46214.61 0.1518701
46307.89 0.1495343
46401.07000000001 0.1557769
46494.340000000004 0.1510105
46587.52 0.1784619
46680.799999999996 0.1855729
46774.07 0.1939794
46867.25 0.1677137
46960.53 0.1501005
47053.81 0.1472697
47146.990000000005 0.1539302
47240.26 0.1441484
47333.439999999995 0.155608
47426.72 0.1581127
47520.0 0.1522999
47613.17 0.1736154
47707.41 0.1368061
48184.490000000005 0.1430961
48666.340000000004 0.1494454
49153.0 0.1558599
49644.53 0.1623396
50140.969999999994 0.1688816
50273.18 0.1706245
50564.57 0.1741549
50855.96 0.1755006
51147.35 0.1760371
51438.75000000001 0.183243
51730.229999999996 0.1969436
52021.63 0.2111894
52313.01 0.2243978
52604.4 0.2172631
52895.8 0.2136438
53187.28 0.2380746
53478.68 0.2274895
53770.07 0.2103831
54061.46 0.2075079
54352.850000000006 0.2213921
54644.329999999994 0.2242231
54935.729999999996 0.257078
55227.12 0.2431226
55518.51 0.2289093
55809.9 0.2429566
56101.39 0.2592418
56392.78 0.2543658
56684.17 0.2472517
56975.56 0.2370313
57266.950000000004 0.2237132
57558.439999999995 0.2004413
57849.83 0.1874048
58141.23 0.1783403
58432.62 0.1718813
58724.01 0.1676485
59015.49 0.1653957
59306.89 0.1640914
59598.28 0.1688341
59889.67 0.1799024
60181.060000000005 0.1841234
60472.549999999996 0.182585
60763.939999999995 0.1922631
61055.33 0.2141181
61346.72 0.2476549
61638.11 0.3186501
61929.600000000006 0.3545167
62220.99 0.3455649
62512.38 0.3099058
62803.77 0.2801276
63095.17 0.254508
63386.649999999994 0.2375144
63678.03999999999 0.2353891
63969.43 0.222738
64260.83 0.2205563
64552.22 0.2111687
64843.700000000004 0.2089782
65135.09 0.2040369
65426.49 0.2114117
65717.87 0.2165399
66009.27 0.223227
66300.76 0.2275903
66592.15 0.2296593
66883.54000000001 0.223968
67174.94 0.2186858
67466.33 0.2062777
67757.81 0.191608
68049.2 0.1719021
68340.59 0.1691869
68631.98 0.1827599
68923.37000000001 0.2260904
69214.86 0.2318617
69506.26 0.2411485
69797.65000000001 0.2766505
70089.04000000001 0.2521485
70380.43000000001 0.2360915
70671.91 0.2422038
70963.3 0.2400429
71254.7 0.2381576
71546.09 0.2357862
71837.48 0.2360382
72128.97 0.2348881
72420.36 0.2280823
72711.75 0.2357388
73003.14 0.2541583
73585.92 0.2996793
74168.8 0.3509598
74751.58 0.3919545
75334.37 0.4315263
75917.24 0.4692605
76500.03 0.4766116
77082.91 0.4583226
77665.69 0.4468808
78248.48 0.432297
78831.35 0.4082574
79414.13 0.3786156
79996.92 0.3524715
80579.79 0.3185612
81162.58 0.2798252
81745.36 0.2614028
82328.24 0.2468545
82911.02 0.2309961
83493.9 0.2147939
84076.68 0.1984197
84659.47 0.1905824
85242.34999999999 0.1832104
85825.13 0.1712944
86407.92 0.1543482
86990.79 0.1330416
87573.57 0.1113823
88156.35 0.09253006
88739.23 0.07883849
89322.02 0.07439515
89904.89 0.07210978
90487.67 0.06168177
91070.46 0.05150275
91653.33 0.04952267
92236.12 0.0451416
92818.90000000001 0.04285325
93401.78 0.04041076
93984.56 0.03768667
94567.34000000001 0.03826765
95150.22 0.03582813
95733.01000000001 0.03681816
96315.89 0.05183474
96898.67 0.04847334
97481.46 0.03460391
98064.33 0.03174941
98647.11 0.03141149
99229.90000000001 0.03196282
99812.77 0.03187687
100395.56 0.03306254
100978.34000000001 0.03424821
101561.21 0.0341089
102144.0 0.03612158
102726.88 0.03627276
103309.66 0.03727465
103892.44 0.03984164
104475.33 0.05018072
105058.11 0.06367963
105640.88999999998 0.05777793
106223.76 0.04740329
106806.55 0.04718689
107389.34000000001 0.04727878
107972.21 0.04949007
108554.99999999999 0.05096327
109137.87 0.05305302
109720.65000000001 0.05849824
110303.43999999999 0.06437029
110886.32 0.07159399
111469.1 0.1003763
112051.87999999999 0.1381904
112634.75 0.144104
113217.54000000001 0.128957
113800.31999999999 0.1145895
114383.2 0.1052138
114965.98000000001 0.101396
115548.87000000001 0.09864517
116131.65000000001 0.09869854
116714.43 0.09941289
117297.31 0.1007646
117880.09000000001 0.1042593
118462.87999999999 0.1098557
119045.75 0.1162939
119628.54000000001 0.1240275
120211.31999999999 0.1298107
120794.19 0.1344289
121376.98000000001 0.1390352
121959.86 0.1480937
122542.63999999998 0.1623722
123125.42 0.1707105
123708.3 0.1728447
124291.07999999999 0.1805635
124873.87 0.1896457
125456.74999999999 0.1988969
126039.51999999999 0.2076502
126622.29999999999 0.2164064
127205.18999999999 0.2335898
127787.97000000002 0.2940592
128370.75 0.3022285
128953.62999999999 0.2193498
129536.40999999999 0.1997595
130119.29999999999 0.1962114
130702.07999999999 0.1975038
131284.86000000002 0.1969376
131867.73 0.1947382
132450.52 0.1953044
133033.30000000002 0.19542
133616.19 0.1945159
134198.95 0.1944596
134781.73 0.1969791
135364.63 0.1939408
135947.41 0.1939349
136530.3 0.1926603
137113.06 0.1878435
137695.84 0.1840286
138278.73 0.1758889
138861.52 0.169344
139444.30000000002 0.1655647
140467.23 0.1914687
141283.23 0.1957401
142099.2 0.2023087
142915.17 0.220494
143731.05000000002 0.2124403
144547.02 0.1984345
145362.98 0.194258
146178.86000000002 0.1953696
146994.83000000002 0.1962499
147810.8 0.1944625
148626.69 0.191193
149442.66 0.187301
150258.64 0.1832045
151074.52 0.17944
151890.48 0.1767219
152706.45 0.1752961
153522.31 0.1751153
154338.30000000002 0.1770953
155154.27000000002 0.2368949
155970.23 0.2095769
156786.13 0.164957
157602.09 0.1560733
158418.06 0.1544163
159233.94999999998 0.1516923
160049.91 0.146668
160865.87999999998 0.1434637
161681.77 0.1439469
162497.73 0.1456097
163313.7 0.1481412
164129.58 0.1502072
164945.56 0.1473468
165761.53000000003 0.1464753
166577.38999999998 0.1442877
167393.38 0.1453459
168209.34000000003 0.1447946
169025.31 0.1477558
169841.2 0.1627279
170657.19 0.163964
171473.14 0.1470296
172289.03 0.1460603
173105.0 0.1454349
173920.97 0.144264
174736.84 0.1428649
175552.8 0.1403246
176368.80000000002 0.1396399
177184.67 0.141611
178000.63999999998 0.141534
178816.61000000002 0.140956
179632.47 0.1401497
180448.44999999998 0.1376924
181264.44 0.1382171
182080.41 0.1386943
182896.27 0.1366905
183712.27000000002 0.1380985
184528.19999999998 0.1400964
185344.11 0.143935
186160.08000000002 0.1557473
186976.05 0.1759512
187791.91999999998 0.1597993
188607.91 0.1545171
189423.86 0.1555339
190239.73 0.1582372
191055.7 0.1593547
191871.69 0.1642397
192687.58 0.1656476
193503.52999999997 0.168185
194319.52 0.1718873
195135.48 0.1745224
195951.34000000003 0.1759008
196767.33 0.1795734
198399.18999999997 0.1790991
200031.13 0.1875737
201662.98 0.2010993
203294.81000000003 0.1984434
204926.77000000002 0.1998188
206558.61000000002 0.2126004
208190.56 0.2156238
209822.40999999997 0.214954
211454.27000000002 0.2262534
213086.2 0.2370579
214718.06 0.2378375
216349.89 0.2391832
217981.83000000002 0.2480017
219613.69999999998 0.2532986
221245.63999999998 0.2571373
222877.48 0.2619926
224509.33 0.2671592
226141.3 0.2723436
227773.14 0.2786128
229404.98 0.2820809
231036.91 0.2863375
232668.77000000002 0.2953931
234300.7 0.3047184
235932.56 0.3089572
237564.40999999997 0.3157452
239196.36000000002 0.3288469
240828.2 0.3394291
242460.06000000003 0.3511672
244092.02000000002 0.3555542
245723.86000000002 0.3576884
247355.8 0.367737
248987.63999999998 0.3754439
250619.48 0.3846329
252251.44 0.3914802
253883.3 0.3971417
255515.14 0.4026255
257147.08000000002 0.436684
258778.94 0.4634506
260410.87 0.4420491
262042.7 0.4311707
263674.59 0.4416935
265306.53 0.4514161
266938.33999999997 0.4523053
268570.19 0.4516532
270202.16000000003 0.4535503
271834.02999999997 0.4633913
273465.97 0.4683415
275097.81 0.4790422
276729.66 0.4875791
278361.58999999997 0.4905433
279993.44 0.499258
281625.27999999997 0.5055421
283257.22 0.5108184
284889.08999999997 0.5189994
286521.03 0.5242164
288152.91 0.537407
289784.75 0.5462403
291416.69 0.5520502
293048.53 0.5530876
294680.38 0.5503606
296312.31 0.5588679
297944.16 0.5669601
299576.12 0.5697759
301207.97 0.5782536
302839.81 0.5786389
304471.75 0.5865237
306103.63 0.5912071
307735.47000000003 0.5963944
309367.41000000003 0.6006629
310999.22 0.608518
312631.19 0.6149799
314263.06 0.6191889
315894.91 0.6133792
317526.83999999997 0.6173215
319158.69 0.6298008
320790.53 0.6501648
322422.5 0.6434361
324054.33999999997 0.6349288
325686.25 0.65387
327318.13 0.677613
328950.00000000006 0.6517653
330581.91000000003 0.6536328
332213.75 0.6699063
333845.59 0.6762496
335477.56 0.6873949
337109.38 0.6773464
