102.05000000000001 3.684918e-16
103.95 6.012615e-16
105.88 9.949023e-16
108.10000000000001 1.672835e-15
110.11 3.177785e-15
113.98 7.560694e-15
117.97999999999999 1.640578e-14
121.01 9.343529e-14
124.97 1.802604e-13
127.0 2.402384e-13
127.88000000000001 2.821801e-13
130.86 4.198215e-13
132.07 5.493186e-13
133.91 7.039939e-13
137.03 1.18867e-12
139.9 1.692896e-12
143.16 6.055322e-12
147.17 1.899145e-11
150.94 2.824923e-11
155.17 4.172145e-11
159.14999999999998 6.105551e-11
162.10999999999999 7.966458e-11
165.89 1.141975e-10
170.14000000000001 1.581434e-10
172.91 2.021192e-10
176.93 2.747923e-10
179.81 3.423908e-10
181.89000000000001 3.955781e-10
186.13000000000002 5.243015e-10
190.9 7.342802e-10
194.0 9.003108e-10
198.07000000000002 1.152657e-09
202.21 1.472702e-09
205.03 1.760559e-09
209.79999999999998 2.238394e-09
216.17999999999998 3.235199e-09
220.20000000000002 4.011615e-09
222.75 4.611829e-09
226.89000000000001 5.665556e-09
230.04 8.867673e-09
233.78 1.535331e-08
239.78 2.367314e-08
245.93 2.756134e-08
252.24 3.608426e-08
256.93 3.594078e-08
259.9 4.561894e-08
264.13 5.413073e-08
269.04 6.290186e-08
274.04 7.242772e-08
279.13 8.281407e-08
284.32 9.53443e-08
290.28000000000003 1.064976e-07
295.67 1.25459e-07
301.17 1.385584e-07
308.19 1.653871e-07
318.28000000000003 2.09382e-07
327.95 2.572475e-07
337.92 3.08874e-07
348.19000000000005 3.656913e-07
357.12 4.292418e-07
366.28000000000003 5.09603e-07
374.81 5.819382e-07
385.31 6.444265e-07
395.2 7.754564e-07
405.33 9.055943e-07
413.82 1.005887e-06
421.51 1.087171e-06
430.34000000000003 1.179928e-06
441.37999999999994 1.358471e-06
450.62 1.501553e-06
460.06 1.614239e-06
469.68999999999994 1.78397e-06
479.53000000000003 2.00335e-06
489.57 2.148383e-06
499.82 2.44569e-06
505.61 3.201989e-06
511.46 1.026737e-05
519.77 1.167017e-05
529.43 1.353528e-05
540.52 1.40476e-05
550.57 2.33828e-05
559.52 3.064668e-05
569.92 3.816253e-05
580.51 3.871186e-05
589.9499999999999 5.397829e-05
599.53 6.146091e-05
610.68 8.011195e-05
620.6 9.727156e-05
630.68 0.0001143558
639.46 0.0001212649
649.85 0.0001502925
657.37 0.0001720469
664.99 0.0001885025
674.24 0.0001989301
685.1899999999999 0.0002083542
694.72 0.0002931872
704.39 0.0002947311
715.8299999999999 0.0003744758
725.7900000000001 0.0004098953
734.2 0.0004448002
744.41 0.0005350096
754.77 0.0006005144
765.27 0.0006693375
774.13 0.000763921
784.9000000000001 0.000861251
795.82 0.0009335911
805.0300000000001 0.001012751
814.3499999999999 0.001088478
825.6800000000001 0.001249577
835.24 0.001042355
844.91 0.001406859
854.7 0.001497818
864.5899999999999 0.001673576
874.61 0.001861199
884.7299999999999 0.002108366
894.9799999999999 0.002296236
905.34 0.002344716
915.8199999999999 0.003936897
924.3 0.03115774
935.0 0.07187075
945.83 0.1440508
954.58 0.2142204
965.63 0.241989
974.57 0.03557078
985.85 0.2027445
994.98 0.22814
1004.18 0.3576289
1015.8100000000001 0.3549656
1025.21 0.1532422
1034.7 0.2469123
1044.27 0.5124989
1053.93 0.5126412
1066.14 0.3984936
1076.0 0.4948722
1085.96 0.3850715
1096.0 0.5414499
1106.15 0.529118
1113.81 0.510532
1124.12 0.4623571
1134.52 0.6193065
1145.02 0.5646759
1155.61 0.6175435
1166.31 0.6479011
1174.39 0.4404421
1185.26 0.6466455
1196.22 0.4270256
1204.52 0.2976702
1215.6599999999999 0.2110957
1224.0900000000001 0.4547032
1235.41 0.7267569
1243.98 0.8139905
1255.49 0.7784403
1264.19 0.662838
1275.89 0.893231
1284.73 0.9508327
1293.64 0.729836
1305.6100000000001 0.7306384
1314.66 0.9501277
1323.77 0.9137687
1336.02 0.7984087
1345.2800000000002 0.9890982
1354.6 0.9643623
1363.99 0.8554888
1373.45 0.914428
1386.1599999999999 0.9340967
1395.77 0.8133701
1405.44 0.8554192
1415.18 0.8770732
1424.9899999999998 0.913841
1434.8700000000001 0.9134345
1441.49 0.975461
1448.15 0.9947714
1454.83 0.9688087
1464.92 0.8911913
1475.07 0.8967887
1485.29 0.9212735
1495.59 0.9463443
1505.96 0.8906161
1512.91 0.7872273
1516.3999999999999 0.8536953
1523.4 0.8292704
1533.95 0.7149631
1544.5900000000001 0.7976672
1555.29 0.7574328
1566.07 0.7759402
1573.3 0.8320269
1584.21 0.8822201
1595.19 0.8994891
1606.25 0.8899729
1613.66 0.9049383
1624.85 0.8569369
1636.1100000000001 0.9188582
1643.66 0.9363538
1655.06 0.8683335
1666.53 0.952594
1670.37 0.8550206
1678.0800000000002 0.9508154
1685.8300000000002 1.000444
1693.6100000000001 0.9446961
1705.35 0.9044706
1713.22 0.8481085
1725.09 0.8462494
1733.06 0.9088834
1745.07 0.8881903
1753.12 0.951653
1765.28 0.8737843
1773.42 0.891942
1785.72 0.9145289
1793.96 0.977435
1806.3899999999999 0.9747377
1814.73 0.8886534
1823.11 0.9195239
1835.7499999999998 0.8815744
1844.22 0.8091676
1857.0 0.8010797
1865.57 0.8268171
1874.19 0.9143712
1882.8400000000001 0.8314023
1895.89 0.7876107
1904.6399999999999 0.8510517
1913.43 0.810166
1926.69 0.7942898
1935.5900000000001 0.8366453
1944.5200000000002 0.859185
1953.5 0.7972812
1967.04 0.8807556
1976.1200000000001 0.910583
1985.24 0.8526584
1994.4 0.8283176
2003.6100000000001 0.8621682
2012.85 0.827878
2026.81 0.8769558
2036.1599999999999 0.8152589
2045.56 0.8464086
2055.0 0.810671
2064.49 0.8167186
2074.02 0.8695194
2078.8 0.8088651
2083.5899999999997 0.8461864
2093.21 0.7972836
2102.87 0.810486
2112.58 0.8162959
2127.22 0.8268793
2137.04 0.7735121
2146.9 0.7806609
2156.81 0.8136364
2166.77 0.7913359
2176.77 0.7821023
2186.8199999999997 0.7588254
2196.91 0.7924582
2207.05 0.7705284
2217.2400000000002 0.7388552
2227.47 0.7084296
2232.6099999999997 0.7509518
2242.91 0.717747
2253.27 0.6948847
2263.67 0.7175604
2274.12 0.735868
2284.61 0.7528993
2295.16 0.7172594
2305.75 0.7155188
2316.3900000000003 0.6863736
2327.09 0.545124
2332.4500000000003 0.6538189
2343.22 0.6477481
2354.03 0.6828677
2364.9 0.6460663
2375.81 0.6594895
2386.78 0.6297231
2392.2799999999997 0.6700476
2403.33 0.6427384
2414.42 0.6591289
2425.56 0.6837716
2436.76 0.6574065
2442.38 0.6947043
2453.65 0.6834878
2464.98 0.6849451
2476.35 0.6646377
2487.78 0.6942437
2493.52 0.6523586
2505.0299999999997 0.7118707
2510.8 0.6597289
2516.59 0.6891764
2522.39 0.6581077
2534.0299999999997 0.6640777
2545.73 0.6503355
2557.4799999999996 0.684008
2563.38 0.6776769
2575.21 0.7111329
2587.1 0.707724
2593.06 0.7060246
2605.0299999999997 0.6866491
2617.05 0.6849512
2623.09 0.7008331
2635.19 0.7071869
2647.36 0.7437823
2653.46 0.7420007
2665.71 0.7035956
2678.01 0.7281803
2684.19 0.7230866
2696.58 0.7048567
2702.79 0.7145966
2715.27 0.6981881
2727.8 0.7012547
2734.09 0.729177
2746.71 0.6679404
2753.04 0.6725099
2765.75 0.6880137
2772.1200000000003 0.7121138
2784.92 0.705441
2797.77 0.6128555
2804.2200000000003 0.650596
2817.17 0.7181391
2823.66 0.7230518
2836.69 0.6935239
2843.23 0.6870928
2856.36 0.6885128
2862.94 0.7142772
2876.16 0.7042978
2882.79 0.7091079
2896.09 0.7008147
2909.46 0.7286179
2929.6299999999997 0.7166981
2949.9399999999996 0.7098491
2970.38 0.7144963
2990.97 0.7142183
3011.71 0.7188814
3032.5800000000004 0.7202666
3046.58 0.7150975
3067.7 0.7115315
3088.96 0.7128756
3110.37 0.7060246
3131.93 0.7024769
3146.39 0.703901
3168.2 0.6987317
3190.1600000000003 0.6809447
3212.27 0.691701
3227.1 0.6835692
3249.47 0.6879763
3272.0 0.6892324
3287.1 0.6874113
3309.88 0.687074
3325.16 0.6980109
3332.83 0.6930804
3340.5099999999998 0.6679017
3348.2099999999996 0.6928423
3355.93 0.6707441
3363.66 0.6691061
3371.42 0.6507533
3379.19 0.6766145
3386.98 0.6986495
3394.79 0.6921188
3402.6099999999997 0.682507
3410.46 0.6607479
3418.32 0.6791399
3426.2 0.6884536
3434.1 0.6867494
3442.0099999999998 0.6771966
3449.95 0.6755122
3457.8999999999996 0.655342
3465.87 0.6564253
3473.8599999999997 0.6682016
3481.8700000000003 0.6616323
3489.9 0.6750509
3497.94 0.6715099
3506.0099999999998 0.6588063
3514.09 0.6538387
3522.19 0.66708
3530.31 0.6620517
3538.4500000000003 0.6692629
3546.6 0.6734527
3554.78 0.677655
3562.97 0.677217
3568.73 0.4791025
3571.4 0.3949482
3574.0699999999997 0.6414594
3576.74 0.9525124
3579.3999999999996 0.6525991
3582.07 0.1648523
3584.7400000000002 -0.007367913
3587.41 0.4141979
3590.07 0.3726736
3592.74 1.187169
3595.41 1.185405
3598.0800000000004 0.7987892
3600.75 0.2357143
3603.4100000000003 0.1420562
3606.08 0.3857937
3608.75 0.5518171
3611.42 0.9684582
3614.08 0.1830034
3616.7500000000005 0.3177256
3619.42 0.1865006
3622.09 0.3228129
3624.76 0.469265
3627.42 -0.0955481
3630.09 0.5703071
3632.7599999999998 0.2427458
3635.43 -0.03744147
3638.09 -0.1967573
3640.76 0.7738714
3643.43 1.179115
3646.1 0.5514561
3648.7599999999998 0.3428261
3651.43 0.2457712
3654.1 0.5894776
3656.7699999999995 0.9659151
3659.44 0.8235479
3662.1 0.6815852
3664.77 0.283431
3667.44 1.060065
3670.1099999999997 0.9528337
3672.77 0.5029011
3675.4399999999996 0.7097497
3678.11 0.9430398
3680.78 1.041635
3683.45 0.2533022
3686.11 0.6834882
3688.7799999999997 0.5612529
3691.45 0.4238338
3694.1200000000003 0.7500514
3696.78 0.9338674
3699.4500000000003 0.3923044
3702.12 0.5533599
3704.79 0.4923624
3707.46 0.4539808
3710.12 0.575396
3712.7900000000004 0.7557022
3715.46 0.8936004
3718.13 0.4146787
3720.79 0.7283198
3723.46 1.174669
3726.13 1.325448
3728.7999999999997 1.939582
3731.4700000000003 1.691646
3734.13 1.453594
3736.8 0.8345274
3739.47 0.6039199
3742.14 0.6603288
3744.7999999999997 0.7026589
3747.47 0.9220272
3750.1400000000003 0.9155957
3752.81 0.6801406
3755.4700000000003 0.5161021
3758.14 0.8825849
3760.81 0.9749507
3763.48 0.8559204
3766.1499999999996 0.905358
3768.8100000000004 0.6226314
3771.48 0.426739
3774.15 0.7233501
3776.82 0.8824419
3779.48 0.603962
3782.15 0.8410587
3784.8199999999997 0.9770939
3787.4900000000002 0.8263532
3790.1600000000003 0.6727083
3792.82 0.197222
3795.4900000000002 0.6776381
3798.16 1.00626
3800.83 0.4950464
3803.49 0.3795245
3806.1600000000003 0.8706656
3808.8300000000004 0.970904
3811.5 1.027693
3814.17 1.075388
3816.83 0.9080456
3819.5 1.045022
3822.1699999999996 1.17627
3824.8399999999997 0.5158394
3827.5 0.7173424
3830.17 0.6819252
3832.84 0.7973679
3835.5099999999998 0.6360106
3838.18 0.5634947
3840.8399999999997 0.8128138
3843.5099999999998 0.984526
3846.1800000000003 0.370529
3848.85 0.7128923
3851.51 1.109266
3854.18 1.264672
3856.85 1.050911
3859.52 0.7585452
3862.18 1.01698
3864.8500000000004 0.8375731
3867.52 1.264892
3870.19 1.210324
3872.86 1.135704
3875.52 1.168601
3878.19 0.7935226
3880.8599999999997 1.177572
3883.53 1.077892
3886.19 1.083726
3888.86 0.7310835
3891.53 0.3134184
3894.2 0.2732543
3896.87 1.080195
3899.5299999999997 0.9362105
3902.2000000000003 1.013212
3904.87 0.4766578
3907.54 0.8354072
3910.2 0.8976896
3912.87 1.321082
3915.54 1.176411
3918.2099999999996 1.133742
3920.88 1.065893
3923.54 0.9721276
3926.21 1.217857
3928.88 1.346941
3931.5499999999997 0.6939423
3934.21 0.4688266
3936.8799999999997 1.077134
3939.55 0.5240132
3942.2200000000003 0.7013344
3944.89 0.8014926
3947.55 0.7741123
3950.22 1.203635
3952.89 1.098907
3955.5600000000004 1.172242
3958.2200000000003 0.8179224
3960.8900000000003 1.165094
3963.56 1.136367
3966.23 0.7806004
3968.9 0.8725054
3971.56 0.4295637
3974.2300000000005 0.6447855
3976.9 0.6628335
3979.57 0.5612714
3982.23 1.09284
3984.9 1.037571
3987.5699999999997 0.8067225
3990.24 0.8977863
3992.8999999999996 1.16786
3995.57 1.090916
3998.2400000000002 1.715027
4000.91 1.029797
4003.58 0.9881492
4006.24 0.9911778
4008.91 1.109004
4011.58 0.9916163
4014.2499999999995 1.39149
4016.9100000000003 1.288191
4019.58 1.078116
4022.25 1.309302
4024.92 1.374063
4027.5899999999997 1.090291
4030.25 0.9428008
4032.9199999999996 1.03709
4035.59 1.30858
4038.26 1.12054
4040.92 1.085188
4043.59 1.251191
4046.2599999999998 1.165814
4048.93 1.106839
4051.6000000000004 1.04578
4054.26 0.6974501
4056.9300000000003 0.785269
4059.6 1.169439
4062.27 1.22132
4064.93 1.247566
4067.6 1.53336
4070.2700000000004 1.022987
4072.94 0.9137518
4075.6 0.8126542
4078.27 1.127695
4080.94 1.280637
4083.6099999999997 1.045121
4086.2799999999997 1.023325
4088.9399999999996 1.245323
4091.61 1.03713
4094.28 1.031039
4096.95 1.116374
4099.610000000001 1.094143
4102.28 0.9616304
4104.95 0.8763937
4107.62 0.7405568
4110.29 0.6821834
4112.95 0.8841675
4115.62 0.922187
4118.29 1.096223
4120.96 1.289629
4123.62 1.237631
4126.29 0.9667985
4128.96 0.9845255
4131.63 1.012028
4134.3 1.262345
4136.96 1.236468
4139.63 1.120983
4142.3 0.824711
4144.97 1.101109
4147.63 1.024111
4150.3 1.168499
4152.97 1.298485
4155.64 1.179795
4158.31 1.035444
4160.97 0.9430809
4163.64 1.048928
4166.3099999999995 1.180276
4168.98 1.147423
4171.639999999999 0.8907581
4174.31 0.8841868
4176.9800000000005 0.9149347
4179.65 1.012389
4182.31 1.059007
4184.98 1.288651
4187.65 1.176812
4190.32 0.9005513
4192.99 0.847486
4195.650000000001 0.9173003
4198.32 0.9930399
4200.99 1.137769
4203.66 1.141353
4206.32 1.057324
4208.99 1.115475
4211.66 1.118399
4214.33 1.140392
4217.0 1.210162
4219.66 1.092719
4222.33 1.013432
4225.0 1.059705
4227.67 1.199125
4230.33 1.073189
4233.0 0.9252523
4235.67 0.9968653
4238.34 1.057941
4241.01 1.068237
4243.67 1.021626
4246.34 1.048348
4249.009999999999 0.7151369
4251.68 0.8697215
4254.34 0.8857904
4257.01 1.16267
4259.68 0.9372302
4262.349999999999 1.133982
4265.0199999999995 1.175447
4267.679999999999 1.418958
4270.35 1.095262
4273.02 1.130898
4275.69 1.075488
4278.35 0.9412185
4281.0199999999995 0.9726675
4283.69 0.8027564
4286.360000000001 1.001271
4289.02 1.219682
4291.6900000000005 0.8280378
4294.36 0.9558803
4297.03 0.939954
4299.7 1.033802
4302.36 0.9747719
4305.030000000001 1.07489
4307.7 0.821506
4310.37 0.7831643
4313.03 0.8550618
4315.7 0.991017
4318.37 1.103335
4321.04 1.083442
4323.71 0.996062
4326.37 0.9588463
4329.04 0.99947
4331.71 0.9050789
4334.38 0.9167965
4337.04 0.8065642
4339.71 0.9015546
4342.38 1.022326
4345.05 0.8736484
4347.72 0.785828
4350.38 0.7051825
4353.05 1.229636
4355.72 0.9728464
4358.389999999999 1.144719
4361.05 1.364593
4363.72 1.126833
4366.39 0.8899151
4369.06 0.7535575
4371.73 0.9400929
4374.39 1.089774
4377.0599999999995 1.104256
4379.73 1.133121
4382.400000000001 0.8013931
4385.06 1.090456
4387.7300000000005 0.925232
4390.4 0.9192617
4393.07 0.8997898
4395.73 0.9535585
4398.4 1.201292
4401.070000000001 1.16974
4403.74 1.010326
4406.41 0.8383916
4409.07 1.388811
4411.74 1.152954
4414.41 0.9905748
4417.08 0.9533147
4419.74 1.1683
4422.41 1.362628
4425.08 1.105939
4427.75 1.004977
4430.42 1.286844
4433.08 0.8132946
4435.75 1.019021
4438.42 1.009345
4441.09 1.043077
4443.75 1.269261
4446.42 0.8215473
4449.09 1.250869
4451.76 0.8761725
4454.429999999999 0.9204618
4457.09 1.098969
4459.76 1.116977
4462.43 1.00626
4465.1 1.153232
4467.76 1.085328
4470.43 1.014073
4473.099999999999 0.8725074
4475.77 0.9857665
4478.4400000000005 0.5548812
4481.1 1.280017
4483.77 0.8005132
4486.44 1.151791
4489.11 1.103854
4491.7699999999995 1.265795
4494.4400000000005 1.086709
4497.110000000001 0.9352671
4499.78 1.299285
4502.44 1.006483
4505.11 1.026414
4507.78 1.135887
4510.45 1.076491
4513.12 1.10786
4515.78 1.062471
4518.45 1.198787
4521.12 1.197524
4523.79 1.108962
4526.45 0.9265954
4529.12 0.9165585
4531.79 1.027194
4534.46 1.116174
4537.13 0.6895153
4539.79 1.067539
4542.46 1.169601
4545.13 1.101031
4547.8 0.9657344
4550.46 1.278235
4553.13 1.046986
4555.8 0.7871919
4558.47 1.071122
4561.14 1.114751
4563.8 1.232362
4566.47 1.091116
4569.139999999999 1.254855
4571.81 1.268876
4574.47 1.031122
4577.14 0.9360693
4579.81 1.151611
4582.48 1.163429
4585.15 1.036787
4587.8099999999995 1.064054
4590.4800000000005 1.000551
4593.15 0.9822815
4595.82 0.9634707
4598.48 1.193039
4601.15 1.113992
4603.82 1.284182
4606.49 1.215151
4609.150000000001 1.141738
4611.82 0.9449639
4614.49 1.147465
4617.16 1.215913
4619.83 1.22104
4622.49 1.16834
4625.16 1.185105
4627.83 1.128033
4630.5 1.215051
4633.16 1.152295
4635.83 1.163612
4638.5 0.9732879
4641.17 1.194398
4643.84 1.073786
4646.5 1.159666
4649.17 1.109144
4651.84 0.9815406
4654.51 1.249646
4657.17 1.26225
4659.84 1.186148
4662.51 0.963312
4665.18 0.9389121
4667.85 1.086205
4670.51 1.110227
4673.18 1.124649
4675.849999999999 1.112088
4678.5199999999995 0.9124897
4681.179999999999 0.8746324
4683.85 1.021465
4686.52 1.145281
4689.19 0.8296385
4691.86 1.067075
4694.5199999999995 1.247746
4697.19 1.354515
4699.860000000001 0.9191011
4702.53 1.001952
4705.1900000000005 1.054719
4707.86 0.9133732
4710.53 1.022967
4713.2 1.092155
4715.86 1.002897
4718.530000000001 1.232802
4721.2 1.034686
4723.87 1.216013
4726.54 1.280574
4729.2 1.177054
4731.87 1.133944
4734.54 1.093118
4737.21 1.158721
4739.87 1.3314
4742.54 0.9719266
4745.21 1.111808
4747.88 1.099407
4750.55 1.105757
4753.21 1.090596
4755.88 1.066877
4758.549999999999 1.085446
4761.22 1.063209
4763.88 1.265134
4766.55 0.9566624
4769.22 0.9707037
4771.889999999999 1.026431
4774.5599999999995 1.127711
4777.219999999999 1.04937
4779.89 0.8728684
4782.56 1.110525
4785.23 1.282057
4787.89 1.064455
4790.5599999999995 0.9674192
4793.23 0.9767933
4795.900000000001 1.091134
4798.57 0.9602452
4801.2300000000005 0.9869908
4803.9 1.104517
4806.57 0.9973856
4809.24 0.9664954
4811.9 1.026534
4814.570000000001 0.9638136
4817.24 0.8780962
4819.91 0.9121294
4822.57 1.069123
4825.24 1.131801
4827.91 1.109765
4830.58 1.115633
4833.25 1.044019
4835.91 0.9089869
4838.58 0.9930398
4841.25 1.102493
4843.92 0.9238881
4846.58 0.9078856
4849.25 0.924431
4851.92 0.7741513
4854.59 0.8635927
4857.26 0.9574811
4859.92 0.9213865
4862.59 1.110106
4865.26 1.241334
4867.929999999999 1.199125
4870.59 1.022648
4873.26 0.9757527
4875.93 0.674172
4878.6 0.7452044
4881.2699999999995 0.9136913
4883.93 0.8704253
4886.599999999999 0.9478877
4889.27 0.9718851
4891.9400000000005 1.045561
4894.6 0.8735506
4897.27 0.9186016
4899.94 0.8375118
4902.61 0.9515524
4905.28 1.043337
4907.9400000000005 0.9708652
4910.610000000001 1.067077
4913.28 0.8521146
4915.95 0.8587242
4918.61 0.9281175
4921.28 1.028577
4923.95 0.9808596
4926.62 0.916236
4929.28 0.9672001
4931.95 1.062951
4934.62 1.073527
4937.29 0.9487481
4939.96 0.9231867
4942.62 1.076514
4945.29 0.9839453
4947.96 0.9829828
4950.63 0.9956022
4953.29 1.062211
4955.96 1.134165
4958.63 1.203434
4961.3 1.265331
4963.969999999999 1.194457
4966.63 1.245723
4969.3 1.051773
4971.97 0.9968047
4974.64 0.9725253
4977.3 0.9546199
4979.97 1.167518
4982.639999999999 1.183802
4985.31 1.163369
4987.9800000000005 1.062007
4990.64 0.9889941
4993.31 0.9672586
4995.98 0.9776944
4998.65 0.9769122
5001.3099999999995 1.138212
5003.9800000000005 1.17529
5006.650000000001 1.320219
5009.320000000001 1.364048
5011.99 1.394335
5014.650000000001 1.302994
5017.32 1.2572
5019.99 1.154255
5022.66 0.9796564
5025.32 0.881283
5027.99 0.8973475
5030.66 1.077613
5033.33 1.053334
5036.000000000001 1.042596
5038.660000000001 0.8130739
5041.330000000001 0.7986302
5044.0 0.8477075
5046.67 0.8500305
5049.33 0.7793405
5052.0 0.8597478
5054.67 0.9667972
5057.34 0.9161158
5060.0 0.9628731
5062.67 1.069562
5065.34 0.9913968
5068.009999999999 0.9361481
5070.679999999999 0.8739082
5073.339999999999 0.975653
5076.009999999999 1.105298
5078.68 1.182881
5081.35 1.052873
5084.01 0.9496119
5086.68 1.014614
5089.35 0.9481277
5092.02 0.9143532
5094.69 0.9433786
5097.35 1.053537
5100.0199999999995 0.9782962
5102.69 0.791298
5105.36 0.9127303
5108.0199999999995 0.9953847
5110.69 0.9523352
5113.360000000001 0.9974662
5116.030000000001 0.9630507
5118.700000000001 0.9610265
5121.360000000001 0.9943626
5124.030000000001 0.8491308
5126.7 0.9040171
5129.37 1.045501
5132.03 1.141517
5134.7 0.9596065
5137.37 0.8519146
5140.04 0.9584231
5142.71 0.9567998
5145.37 0.9384133
5148.04 1.01826
5150.709999999999 0.9605669
5153.379999999999 0.9403741
5156.04 0.9563623
5158.71 0.8751523
5161.38 1.006841
5164.05 0.9720047
5166.71 0.8873527
5169.38 0.9606085
5172.05 1.049129
5174.72 1.124547
5177.389999999999 0.9808182
5180.05 0.9063025
5182.719999999999 1.018039
5185.389999999999 1.0189
5188.0599999999995 0.7931603
5190.719999999999 0.7692246
5193.39 0.9469466
5196.06 1.011749
5198.7300000000005 0.9718849
5201.400000000001 0.932301
5204.06 1.004358
5206.7300000000005 1.084245
5209.4 0.9251709
5212.07 0.9040966
5214.73 0.9945432
5217.4 0.9740899
5220.07 0.8634531
5222.74 0.8643537
5225.410000000001 0.9126297
5228.070000000001 0.9165788
5230.740000000001 0.9268342
5233.41 0.8480481
5236.08 0.9011918
5238.74 1.071225
5241.41 1.040075
5244.08 0.99999
5246.75 0.884025
5249.42 0.9045969
5252.08 0.9494708
5254.75 0.9547585
5257.42 0.9675581
5260.089999999999 0.9290762
5262.750000000001 0.8021368
5265.419999999999 0.8412984
5268.09 0.8536173
5270.76 0.8529155
5273.42 0.8813031
5276.09 0.7789596
5278.76 0.9133126
5281.43 0.9438602
5284.1 0.9168367
5286.76 0.91091
5289.43 0.9594862
5292.099999999999 0.9750903
5294.7699999999995 1.041976
5297.429999999999 1.051754
5300.099999999999 0.9162779
5302.77 0.8004931
5305.4400000000005 0.9067413
5308.110000000001 1.003294
5310.77 0.8606498
5313.4400000000005 0.9140339
5316.11 0.9889724
5318.78 0.8874502
5321.44 1.037912
5324.11 1.082583
5326.78 0.9537968
5329.45 0.8798184
5332.12 0.9126698
5334.78 0.8512148
5337.45 0.8308416
5340.120000000001 0.9788361
5342.789999999999 1.143337
5345.450000000001 0.8587869
5348.12 0.8701243
5350.79 0.9130519
5353.46 0.9850856
5356.13 1.019059
5358.79 1.007824
5361.46 0.8398358
5364.13 0.9552987
5366.8 0.9388918
5369.46 1.041738
5372.13 0.9563014
5374.799999999999 0.8320831
5377.469999999999 0.984725
5380.129999999999 1.027536
5382.8 0.8622922
5385.47 0.8770146
5388.14 0.8506721
5390.81 1.050309
5393.47 1.133865
5396.14 1.002795
5398.81 0.9978065
5401.48 0.9231271
5404.139999999999 1.092319
5406.8099999999995 0.9862291
5409.48 1.004257
5412.15 0.9208837
5414.820000000001 1.028394
5417.4800000000005 0.943161
5420.150000000001 0.9587451
5422.820000000001 1.019942
5425.49 0.9211035
5428.150000000001 1.098989
5430.82 1.104417
5433.49 0.8957244
5436.16 1.132139
5438.83 0.9583224
5441.49 1.03084
5444.16 0.9275954
5446.83 0.9403348
5449.5 0.9354063
5452.160000000001 1.016838
5454.830000000001 0.7956859
5457.5 0.9390733
5460.17 0.9411758
5462.84 1.002452
5465.5 1.034767
5468.17 0.9590855
5470.84 0.9245497
5473.51 1.018599
5476.17 1.169341
5478.84 0.7641157
5481.51 0.8095873
5484.179999999999 0.8175192
5486.839999999999 1.01748
5489.509999999999 0.946406
5492.18 0.9203636
5494.85 0.8958239
5497.52 0.9289358
5500.18 0.975172
5502.85 0.9958841
5505.52 0.7840265
5508.19 0.8691012
5510.85 0.8346888
5513.5199999999995 0.9663376
5516.19 1.008324
5518.86 1.062409
5521.53 0.8708436
5524.19 0.9105291
5526.86 0.8338464
5529.530000000001 0.9947016
5532.200000000001 0.7355889
5534.860000000001 0.9834456
5537.530000000001 0.7142164
5540.2 1.167997
5542.87 0.5627144
5545.54 1.205555
5548.2 0.5834885
5550.87 1.122105
5553.54 0.7066234
5556.21 1.109283
5558.87 0.7356509
5561.54 1.123247
5564.210000000001 0.5755552
5566.879999999999 1.186506
5569.55 1.069619
5572.21 0.8800004
5574.88 0.9359286
5577.55 1.244719
5580.22 0.8757915
5582.88 1.040616
5585.55 1.098748
5588.22 1.225809
5590.889999999999 0.7563218
5593.55 0.933386
5596.219999999999 1.010728
5598.889999999999 0.9193822
5601.5599999999995 0.8069226
5604.2300000000005 0.889353
5606.89 0.8849284
5609.56 0.9504318
5612.2300000000005 0.8479283
5614.900000000001 0.847006
5617.56 1.229738
5620.2300000000005 0.8530774
5622.9 0.9218461
5625.57 0.7080054
5628.24 0.8754709
5630.9 0.6825262
5633.57 0.8930606
5636.24 0.8351077
5638.910000000001 0.9925371
5641.570000000001 1.16215
5644.240000000001 1.007883
5646.910000000001 0.9249508
5649.58 0.8893735
5652.25 0.9801772
5654.91 1.103757
5657.58 1.177653
5660.25 1.026091
5662.92 0.9977254
5665.58 0.8643959
5668.25 0.8670393
5670.92 0.8467665
5673.589999999999 0.8195627
5676.259999999999 0.9740073
5678.919999999999 1.065295
5681.59 1.036028
5684.26 1.090173
5686.93 0.9395729
5689.59 0.9326846
5692.26 0.8577647
5694.93 0.7053215
5697.6 0.8936001
5700.26 0.9567833
5702.93 1.164673
5705.599999999999 1.04352
5708.2699999999995 1.162027
5710.94 1.632935
5713.599999999999 1.511005
5716.2699999999995 1.150691
5718.9400000000005 0.7543394
5721.610000000001 0.3643791
5724.27 0.08764352
5726.9400000000005 0.4250563
5729.610000000001 0.869583
5732.28 0.9808392
5734.95 0.8419977
5737.61 0.8578853
5740.28 0.8047802
5742.95 0.9184201
5745.62 0.9900132
5748.28 0.8832861
5750.95 0.9568022
5753.620000000001 1.091075
5756.289999999999 1.095181
5758.96 1.018939
5761.62 0.822008
5764.29 0.790898
5766.96 0.8663775
5769.63 1.053754
5772.29 1.217838
5774.96 1.183182
5777.63 0.9691812
5780.3 0.7542789
5782.969999999999 0.801373
5785.63 0.9528763
5788.299999999999 0.8999515
5790.969999999999 0.887631
5793.64 0.8978466
5796.3 0.9573638
5798.97 0.9495306
5801.64 0.9011529
5804.31 0.8793976
5806.97 0.859989
5809.64 0.896827
5812.31 1.008344
5814.98 0.9866284
5817.65 0.9114281
5820.3099999999995 1.015877
5822.98 1.022787
5825.65 0.930119
5828.320000000001 0.8141139
5830.9800000000005 0.8524369
5833.650000000001 0.9022757
5836.320000000001 0.9415576
5838.99 0.837351
5841.66 0.9476255
5844.32 0.8704854
5846.99 0.9338054
5849.66 1.006861
5852.33 0.9490081
5854.99 0.8748525
5857.66 0.9220069
5860.33 0.8716262
5863.0 0.9435196
5865.669999999999 0.8457637
5868.330000000001 0.910529
5871.0 0.956862
5873.67 0.9755309
5876.34 0.8517935
5879.0 0.9353888
5881.67 1.000993
5884.34 1.05025
5887.01 0.9265928
5889.68 0.857362
5892.34 0.7265562
5895.01 0.8837857
5897.679999999999 0.7351487
5900.349999999999 1.058181
5903.009999999999 0.9093274
5905.679999999999 0.9859886
5908.35 0.9378513
5911.02 0.7111903
5913.68 0.7878141
5916.35 0.9845265
5919.02 0.8433814
5921.69 1.011268
5924.36 0.8321022
5927.0199999999995 0.8680816
5929.69 1.176391
5932.36 1.079997
5935.03 0.9752299
5937.69 0.8935625
5940.36 1.153636
5943.030000000001 0.9735283
5945.700000000001 1.071543
5948.37 0.9836828
5951.030000000001 1.097387
5953.7 0.8455449
5956.37 0.9197022
5959.04 0.9965236
5961.7 0.8936023
5964.37 0.8044399
5967.04 0.967158
5969.71 0.9502103
5972.38 0.899449
5975.04 1.006782
5977.710000000001 0.8182815
5980.379999999999 0.7155176
5983.05 1.057921
5985.71 0.9150365
5988.38 1.053396
5991.05 0.8421793
5993.72 0.9338242
5996.39 0.8106879
5999.05 0.7123536
6001.72 0.8799796
6004.389999999999 0.9502507
6007.0599999999995 0.7158574
6009.719999999999 0.8170003
6012.389999999999 0.6604507
6015.0599999999995 0.8520749
6017.7300000000005 0.8532161
6020.39 0.9270157
6023.06 0.882344
6025.7300000000005 0.7892553
6028.400000000001 0.929077
6031.07 0.9431386
6033.7300000000005 0.9724877
6036.4 0.9453439
6039.07 0.953396
6041.74 0.9814597
6044.4 0.9340469
6047.07 1.13098
6049.74 1.095542
6052.41 1.088751
6055.080000000001 0.8671578
6057.740000000001 0.911791
6060.410000000001 0.9799788
6063.08 0.8719463
6065.75 1.053855
6068.41 1.228215
6071.08 1.253675
6073.75 0.736992
6076.42 0.7433617
6079.09 0.7585854
6081.75 0.7568445
6084.42 0.8859893
6087.089999999999 0.8130527
6089.759999999999 0.9177986
6092.419999999999 1.086329
6095.089999999999 0.7920803
6097.76 1.177653
6100.43 0.81788
6103.1 0.6019363
6105.76 0.9977277
6108.43 2.37057
6111.1 3.280415
6113.7699999999995 1.248684
6116.43 -0.4360139
6119.099999999999 -1.031321
6121.7699999999995 0.3852726
6124.44 0.5010163
6127.099999999999 1.085027
6129.7699999999995 1.057363
6132.4400000000005 0.8322637
6135.110000000001 0.8258729
6137.780000000001 0.9300179
6140.4400000000005 1.067619
6143.110000000001 0.8193835
6145.78 0.9023949
6148.45 0.8844256
6151.11 0.7417208
6153.78 0.9667582
6156.45 0.9962043
6159.12 0.9054392
6161.79 0.8976862
6164.45 0.9518748
6167.120000000001 0.9166581
6169.790000000001 0.7155176
6172.46 0.8910962
6175.12 0.932324
6177.79 0.9990695
6180.46 1.009285
6183.13 0.8489094
6185.8 0.9021735
6188.46 1.098949
6191.13 0.9004122
6193.8 1.116175
6196.469999999999 0.6379738
6199.13 0.987011
6201.799999999999 0.9048196
6204.469999999999 0.9047787
6207.14 0.7204451
6209.81 0.88116
6212.47 0.9909568
6215.14 0.7983698
6217.81 0.9219658
6220.4800000000005 0.7858889
6223.14 0.7528783
6225.81 0.7934623
6228.48 0.8712453
6231.15 0.6879535
6233.82 0.7011339
6236.48 0.7006749
6239.15 0.8363702
6241.82 0.8013539
6244.490000000001 0.8629311
6247.150000000001 0.9049803
6249.820000000001 0.6948053
6252.490000000001 0.8216865
6255.16 0.7805406
6257.82 0.7725698
6260.49 0.6287203
6263.16 0.7497324
6265.83 0.8855877
6268.5 1.076931
6271.16 0.9606487
6273.83 1.06846
6276.5 0.8489298
6279.169999999999 0.8316417
6281.830000000001 0.9583454
6284.499999999999 1.019883
6287.17 0.9516535
6289.84 0.8477877
6292.51 0.8710441
6295.17 0.7797208
6297.84 0.8277767
6300.51 1.160505
6303.18 1.186085
6305.84 0.9687219
6308.51 0.7221088
6311.179999999999 0.6489519
6313.849999999999 0.8472868
6316.5199999999995 0.8400146
6319.179999999999 0.7356505
6321.85 0.7760743
6324.52 0.9194618
6327.1900000000005 0.8860681
6329.85 0.7384353
6332.52 0.9350075
6335.1900000000005 1.027213
6337.86 0.7862897
6340.53 0.703658
6343.19 0.6417011
6345.86 0.7842072
6348.53 1.127893
6351.2 0.9776935
6353.86 0.6956671
6356.530000000001 0.9891736
6359.200000000001 0.9721657
6361.87 0.8895538
6364.530000000001 0.9218475
6367.2 0.9387936
6369.87 0.917419
6372.54 0.711471
6375.21 0.9838633
6377.87 0.9544589
6380.54 1.020323
6383.21 0.9413969
6385.88 0.743782
6388.54 0.8336069
6391.210000000001 0.8368915
6393.879999999999 0.7599886
6396.55 1.206778
6399.22 1.050349
6401.88 0.7323855
6404.55 1.148727
6407.22 0.7794191
6409.89 0.7536176
6412.55 0.5897787
6415.22 1.049009
6417.89 0.7713866
6420.5599999999995 0.9942804
6423.23 0.8706433
6425.889999999999 0.9331849
6428.5599999999995 0.7543198
6431.23 0.7615908
6433.900000000001 0.6912986
6436.56 0.8582458
6439.2300000000005 0.7115319
6441.900000000001 0.7277172
6444.57 0.793922
6447.24 0.7090464
6449.9 0.8531375
6452.57 1.038051
6455.24 0.7513144
6457.91 0.7130131
6460.57 0.9331051
6463.24 0.8904365
6465.91 0.8030168
6468.580000000001 0.9487479
6471.240000000001 0.8378135
6473.910000000001 0.9017547
6476.58 0.8393348
6479.25 0.8567018
6481.92 0.9089043
6484.58 1.017379
6487.25 0.8842466
6489.92 0.9838243
6492.59 1.009565
6495.25 0.984467
6497.92 0.9346271
6500.59 0.8565422
6503.259999999999 0.7083461
6505.929999999999 0.7082654
6508.589999999999 0.776075
6511.26 0.7884542
6513.93 0.9092256
6516.6 1.007521
6519.26 0.8451051
6521.93 0.7678616
6524.6 0.7730493
6527.2699999999995 0.8792776
6529.94 1.011567
6532.599999999999 0.9762535
6535.2699999999995 0.7786584
6537.94 0.7901362
6540.61 0.7810813
6543.2699999999995 0.7655984
6545.9400000000005 0.9453038
6548.610000000001 1.092938
6551.280000000001 1.116334
6553.95 1.02623
6556.610000000001 1.259224
6559.28 1.305537
6561.95 1.600524
6564.62 2.146611
6567.28 2.55747
6569.95 2.322895
6572.62 1.726065
6575.29 1.121723
6577.95 0.982604
6580.620000000001 1.074149
6583.290000000001 1.368396
6585.96 1.565589
6588.63 1.909054
6591.29 1.572743
6593.96 1.450347
6596.63 1.012189
6599.3 0.9780344
6601.96 0.9168192
6604.63 1.012471
6607.3 0.7883137
6609.969999999999 1.090774
6612.639999999999 0.8883916
6615.299999999999 0.8488308
6617.969999999999 0.6822852
6620.639999999999 1.114772
6623.31 1.291613
6634.57 0.8881924
6649.86 0.8755319
6665.19 0.879097
6680.5599999999995 0.8826616
6695.950000000001 0.8741118
6711.39 0.86762
6726.86 0.8611706
6742.37 0.8666572
6757.91 0.8445221
6773.49 0.8499132
6789.110000000001 0.8494296
6804.750000000001 0.85484
6820.44 0.8543786
6836.17 0.8558597
6851.92 0.8593287
6867.72 0.8335258
6883.55 0.8369116
6899.420000000001 0.8441634
6915.320000000001 0.8436826
6931.27 0.8471052
6947.24 0.8564219
6963.26 0.8500508
6979.3099999999995 0.8633533
6995.400000000001 0.8510346
7011.5199999999995 0.8369329
7027.69 0.8598872
7043.89 0.8534772
7060.13 0.8316423
7076.400000000001 0.819763
7092.72 0.8117697
7109.07 0.8057014
7125.45 0.8108105
7141.88 0.7918991
7158.34 0.8005935
7174.84 0.7927813
7191.38 0.7601294
7207.96 0.7614312
7224.580000000001 0.8116504
7241.23 0.7872532
7257.93 0.7958858
7274.66 0.8233682
7291.43 0.8115702
7308.240000000001 0.8092068
7325.080000000001 0.8050002
7341.97 0.8251522
7358.900000000001 0.8246509
7375.86 0.8317615
7392.86 0.819844
7409.900000000001 0.8403576
7426.99 0.8283169
7444.110000000001 0.8431989
7461.259999999999 0.8485098
7478.47 0.822969
7495.71 0.8358292
7512.9800000000005 0.8295408
7530.31 0.83094
7547.660000000001 0.8361715
7565.06 0.8260739
7582.5 0.8312627
7599.98 0.8062432
7617.5 0.8038794
7635.06 0.8201851
7652.66 0.8084057
7670.3 0.7679827
7687.98 0.7799407
7705.71 0.7794386
7723.47 0.7717869
7741.27 0.7784197
7759.120000000001 0.7637142
7777.009999999999 0.7597076
7794.9400000000005 0.7627118
7812.900000000001 0.7781776
7830.92 0.788473
7848.969999999999 0.7825241
7867.06 0.7965468
7885.2 0.7796801
7903.37 0.7544399
7921.589999999999 0.7436024
7939.86 0.7499719
7958.16 0.7477294
7976.5 0.7646372
7994.89 0.7536384
8013.320000000001 0.7635946
8031.79 0.7630738
8050.31 0.769604
8068.87 0.7708455
8087.47 0.754519
8106.11 0.7402373
8124.8 0.7431208
8143.53 0.7477485
8162.3 0.7336064
8181.12 0.7641146
8199.98 0.7530969
8218.88 0.7542984
8237.82 0.6565039
8256.82 0.7672189
8275.85 0.7666789
8294.93 0.7367316
8314.05 0.7095683
8333.21 0.7424823
8352.42 0.7419411
8371.68 0.727878
8390.98 0.7075246
8410.32 0.7335468
8429.710000000001 0.7363899
8449.140000000001 0.707606
8468.62 0.7252323
8488.14 0.7330861
8507.710000000001 0.5712483
8527.32 0.7153383
8546.98 0.6225698
8566.68 0.7175612
8586.43 0.7337272
8606.22 0.6717685
8626.06 0.7242518
8645.95 0.7304009
8665.880000000001 0.6640949
8685.85 0.6666613
8705.880000000001 0.7105098
8725.95 0.7265154
8746.06 0.6932826
8766.23 0.6738713
8786.43 0.7215084
8806.69 0.7226076
8826.99 0.7253727
8847.34 0.6890155
8867.73 0.655983
8888.17 0.6661192
8908.66 0.6969694
8929.2 0.6916205
8949.78 0.6958665
8970.42 0.6732498
8991.09 0.6758156
9011.82 0.6287594
9032.6 0.6111314
9053.42 0.7191027
9074.29 0.7054018
9095.2 0.6669415
9116.17 0.6557428
9137.189999999999 0.6845288
9158.25 0.6761356
9179.36 0.6451862
9200.52 0.6765758
9221.73 0.6352709
9242.99 0.6160395
9264.3 0.662594
9285.65 0.6805829
9307.06 0.6088689
9328.52 0.6716872
9350.02 0.6695648
9371.57 0.6613524
9393.18 0.6669005
9414.83 0.652678
9436.529999999999 0.6673215
9458.29 0.657606
9480.09 0.6661794
9501.94 0.6519576
9523.85 0.6439442
9545.8 0.6060042
9567.81 0.6413393
9589.86 0.6587482
9611.97 0.6521376
9634.13 0.6530787
9656.34 0.6494923
9678.6 0.6459472
9700.91 0.6528584
9723.27 0.641841
9745.69 0.6383339
9768.15 0.6392362
9790.68 0.6328056
9813.24 0.6425227
9835.869999999999 0.6375138
9858.54 0.6384155
9881.26 0.6349099
9904.039999999999 0.6314239
9926.880000000001 0.6337485
9949.76 0.6331668
9972.7 0.6325862
9995.68 0.6291009
10018.720000000001 0.6170617
10064.97 0.6046813
10134.74 0.6227299
10181.519999999999 0.6187032
10228.51 0.6203861
10275.730000000001 0.6192045
10299.41 0.6171825
10490.89 0.5984123
10710.57 0.5767575
10909.7 0.5470092
11112.519999999999 0.5272184
11293.08 0.5211891
11503.03 0.5223907
11689.94 0.5128562
11907.28 0.4977321
12100.759999999998 0.4920426
12297.38 0.4852917
12497.199999999999 0.4742341
12700.26 0.4645187
12906.619999999999 0.4560456
13086.17 0.4497753
13298.8 0.4385378
13514.89 0.4315264
13702.9 0.423634
13893.53 0.4120952
14086.810000000001 0.3953688
14315.7 0.387256
14514.86 0.3881569
14716.78 0.379323
14887.18 0.3837104
15094.28 0.3837101
15304.27 0.3890384
15517.17 0.3890387
15696.85 0.3801846
15915.220000000001 0.36476
16099.5 0.3664425
16285.93 0.3664427
16512.489999999998 0.3605731
16703.7 0.3605734
16897.120000000003 0.3564471
17092.76 0.3523605
17290.7 0.3404014
17490.920000000002 0.3334301
17693.46 0.3228532
17898.32 0.312597
18105.579999999998 0.2999168
18315.239999999998 0.2930859
18484.71 0.2844525
18698.74 0.272894
18915.27 0.2673049
19090.3 0.264841
19311.329999999998 0.2582307
19490.03 0.2494568
19715.72 0.2432267
19898.13 0.2371371
20082.260000000002 0.2338918
20314.800000000003 0.2269811
20502.760000000002 0.2248977
20692.48 0.2202903
20883.949999999997 0.2162641
21077.18 0.2132992
21321.24 0.2094131
21518.54 0.2055868
21717.629999999997 0.1999861
21918.59 0.1972416
22121.39 0.1931972
22274.739999999998 0.1887982
22480.829999999998 0.1849881
22688.850000000002 0.1807534
22898.800000000003 0.1640648
23110.66 0.1636583
23324.51 0.1458279
23486.18 0.1374085
23703.5 0.1396041
23922.84 0.1299466
24088.65 0.1261567
24311.55 0.1258221
24480.059999999998 0.1188169
24706.579999999998 0.1179516
24776.030000000002 0.1089613
24869.84 0.09806393
24963.739999999998 0.09642336
25057.649999999998 0.1026753
25151.460000000003 0.108821
25245.36 0.1092017
25339.170000000002 0.1083343
25433.07 0.1035627
25526.98 0.1074829
25620.780000000002 0.1070323
25714.69 0.1046364
25808.589999999997 0.09699229
25902.4 0.1096384
25996.31 0.1175089
26090.12 0.12453
26184.02 0.1310184
26277.93 0.1184704
26371.730000000003 0.1067097
26465.640000000003 0.1004677
26559.54 0.09759323
26653.35 0.0921826
26747.260000000002 0.09409561
26841.059999999998 0.08864097
26934.969999999998 0.08616901
27028.87 0.09300392
27122.68 0.09817813
27216.58 0.09033169
27310.49 0.08403163
27404.3 0.09381116
27498.2 0.09589453
27592.01 0.09011931
27685.92 0.08687614
27779.820000000003 0.08928399
27873.63 0.08934006
27967.53 0.09190418
28061.440000000002 0.08657166
28155.239999999998 0.08407174
28249.149999999998 0.08436016
28342.960000000003 0.07975683
28436.86 0.07485906
28530.77 0.08140145
28624.58 0.0841538
28718.48 0.07725886
28812.38 0.07862506
28906.19 0.07866312
29000.1 0.07339471
29093.91 0.07046604
29187.81 0.07386746
29281.72 0.07575444
29375.52 0.06990318
29469.43 0.07239111
29563.329999999998 0.06724695
29657.140000000003 0.06453063
29751.04 0.06206272
29844.85 0.07635544
29938.760000000002 0.06400779
30032.66 0.06345292
30126.469999999998 0.06089484
30220.379999999997 0.0653519
30314.28 0.06864117
30408.09 0.0686732
30501.99 0.06380148
30595.8 0.05748342
30689.71 0.06249336
30783.61 0.06165605
30877.42 0.06032994
30971.320000000003 0.05913805
31065.230000000003 0.05509361
31159.04 0.05800423
31252.94 0.06813637
31346.75 0.06748731
31440.649999999998 0.064134
31534.559999999998 0.06800013
31628.370000000003 0.06435833
31722.27 0.06237721
31816.179999999997 0.06234714
31909.98 0.06353105
32003.89 0.06905982
32097.699999999997 0.08028566
32191.6 0.07801609
32285.499999999996 0.09221066
32379.31 0.1042378
32473.22 0.1249907
32567.12 0.1553771
32660.93 0.1779069
32754.829999999998 0.198065
32848.65 0.1988782
32942.55 0.1858696
33036.45 0.1592894
33130.259999999995 0.1293497
33224.17 0.110053
33318.07 0.09779953
33411.88 0.09479876
33505.78 0.08342869
33599.59 0.08679003
33693.5 0.08512937
33787.4 0.08760533
33881.21 0.09242698
33975.11 0.1008584
34069.020000000004 0.09669175
34162.83 0.09403955
34256.73 0.09073628
34350.54 0.09149951
34444.45 0.08261334
34538.35 0.08544586
34632.15 0.08415185
34726.06 0.08540583
34819.97 0.07252933
34913.77 0.0714837
35007.68 0.07189633
35101.490000000005 0.07864905
35195.39 0.07263151
35289.299999999996 0.07358901
35383.1 0.06800416
35477.01 0.07017759
35570.909999999996 0.06469289
35664.72 0.06163002
35758.63 0.06746528
35852.43 0.06703663
35946.340000000004 0.06387157
36040.25 0.06581664
36134.05 0.06272776
36227.95 0.06146777
36321.86 0.06186038
36415.670000000006 0.06307629
36509.57 0.06485514
36603.38 0.06429625
36697.29 0.06250539
36791.19 0.06356509
36885.0 0.05944653
36978.9 0.06084878
37072.81 0.06282791
37166.62 0.06431226
37260.520000000004 0.06604704
37354.33 0.07120324
37448.229999999996 0.06394971
37542.14 0.06042008
37635.95 0.05696057
37729.85 0.05962883
37823.75 0.06003749
37917.56 0.06278186
38011.47 0.06213881
38105.28 0.06280987
38199.18 0.06311637
38293.09 0.05711481
38386.9 0.05835077
38480.8 0.05675224
38574.700000000004 0.05792012
38668.51 0.05743133
38762.42 0.05518174
38856.229999999996 0.05514968
38950.13 0.0497371
39044.03 0.05954069
39137.840000000004 0.06045414
39231.74 0.0652538
39325.65 0.06257953
39419.46 0.06265364
39513.37 0.05617732
39607.17 0.05895575
39701.08 0.05911
39794.98 0.05726907
39888.79 0.05887163
39982.700000000004 0.05628549
40076.6 0.06104907
40170.409999999996 0.06226901
40264.31 0.08013544
40358.12 0.1017318
40452.02 0.1040875
40545.920000000006 0.09902351
40639.74 0.0808045
40733.64 0.06503543
40827.549999999996 0.05759959
40921.35 0.05831874
41015.259999999995 0.05233121
41109.07 0.05063051
41202.97 0.05114535
41296.88 0.05562646
41390.68 0.05302433
41484.59 0.0561533
41578.49 0.05412809
41672.3 0.05096706
41766.2 0.05087692
41860.020000000004 0.0537735
41953.92 0.05153594
42047.83 0.05139172
42141.630000000005 0.04951474
42235.54 0.05080278
42329.439999999995 0.04740939
42423.25 0.04312658
42517.15 0.04338901
42610.96 0.04198477
42704.87 0.04426238
42798.77 0.04525998
42892.58 0.0521269
42986.48 0.05190455
43080.39 0.04390181
43174.200000000004 0.04524595
43268.1 0.04794625
43361.91 0.05711283
43455.810000000005 0.0531886
43549.72 0.04413819
43643.520000000004 0.04385376
43737.43 0.0435152
43831.340000000004 0.04608127
43925.14 0.04924031
44019.05 0.04713295
44112.85999999999 0.04453281
44206.76 0.04476719
44300.670000000006 0.04015986
44394.479999999996 0.03852325
44488.380000000005 0.04185256
44582.28 0.0397392
44676.090000000004 0.04069072
44769.990000000005 0.03944675
44863.799999999996 0.03858336
44957.71000000001 0.04506566
45051.62 0.04035617
45145.42 0.0372913
45239.33 0.04024199
45333.23 0.03812062
45427.03999999999 0.03831494
45520.94 0.04027806
45614.75 0.04322875
45708.659999999996 0.03791428
45802.560000000005 0.04441664
45896.369999999995 0.03647199
45990.270000000004 0.04487137
46084.18 0.04096915
46177.99 0.0450897
46271.89000000001 0.04952075
46365.7 0.05673622
46459.6 0.05352312
46553.509999999995 0.05037611
46647.32 0.05720296
46741.219999999994 0.04725315
46835.12 0.04353725
46928.93 0.04599516
47022.84 0.04139383
47116.740000000005 0.03949281
47210.549999999996 0.04558049
47304.45 0.04698273
47398.27 0.03858335
47492.17 0.04124959
47586.079999999994 0.03413828
47679.88 0.0413097
47773.79 0.0400597
47867.59 0.04180449
47962.47 0.03651607
48442.090000000004 0.03998158
48926.51 0.04348314
49415.78 0.04701677
49909.939999999995 0.05058844
50409.04 0.05419418
50913.130000000005 0.05783797
51422.26 0.06151583
51761.86 0.06396973
52062.44 0.07059827
52363.03999999999 0.07710461
52663.62 0.08286176
52964.200000000004 0.07620119
53264.79 0.08113504
53565.38 0.07495319
53865.96 0.05942249
54166.55 0.05502551
54467.13 0.05977107
54767.729999999996 0.06382148
55068.31 0.07453052
55368.899999999994 0.07301613
55669.49 0.0676095
55970.07 0.08338459
56270.65 0.1001272
56571.24 0.1064693
56871.83 0.1079878
57172.409999999996 0.1023889
57473.0 0.1047005
57773.59 0.09480877
58074.18 0.09082041
58374.759999999995 0.09071024
58675.35 0.09763527
58975.92999999999 0.09486487
59276.520000000004 0.09411366
59577.11 0.1013291
59877.69 0.1182661
60178.27 0.1347703
60478.86 0.1404454
60779.45 0.1491332
61080.03 0.1747159
61380.619999999995 0.2442685
61681.21 0.3482938
61981.799999999996 0.4234534
62282.380000000005 0.4343708
62582.96 0.3680053
62883.560000000005 0.304344
63184.14 0.2432068
63484.72 0.2102143
63785.32 0.1869353
64085.89 0.1693814
64386.479999999996 0.1506015
64687.08 0.1402591
64987.649999999994 0.1267376
65288.240000000005 0.1245761
65588.83 0.1261987
65889.42 0.130199
66190.01 0.1366633
66490.59 0.1369057
66791.18 0.1325708
67091.77 0.1323364
67392.34 0.1304014
67692.94 0.1305817
67993.52 0.1282479
68294.1 0.1284543
68594.7 0.1315311
68895.28 0.1543474
69195.86 0.1620938
69496.46 0.1827626
69797.03 0.213139
70097.63 0.20122
70398.20999999999 0.1716329
70698.79000000001 0.1712183
70999.39 0.1715388
71299.97 0.181703
71600.55 0.1754931
71901.15 0.177989
72201.73 0.1865347
72502.31 0.1913443
72802.9 0.2020212
73083.81999999999 0.1751485
73103.49 0.2183672
73404.08 0.2330907
73686.17 0.2098938
73704.66 0.2423654
74288.55 0.2585311
74890.91 0.2890398
75493.29000000001 0.3643594
76095.65 0.4064063
76698.03 0.3806654
77300.4 0.3604332
77902.76999999999 0.3509581
78505.15 0.3367355
79107.51000000001 0.2955701
79709.88 0.2545648
80312.24999999999 0.2191886
80914.62 0.1942028
81517.0 0.1758016
82119.37000000001 0.1701886
82721.73999999999 0.1709478
83324.09999999999 0.172949
83926.49 0.1735319
84528.84 0.1792711
85131.21999999999 0.1891548
85733.59 0.1950141
86335.96 0.189297
86938.32 0.1613666
87540.70000000001 0.1356637
88143.06 0.1130558
88745.44 0.09719457
89347.81 0.0888553
89950.18 0.08430207
90552.56 0.07239713
91154.92 0.06585673
91757.29000000001 0.06103105
92359.65000000001 0.05780594
92962.04 0.05497943
93564.4 0.05223307
94166.77 0.0545848
94769.15 0.05092298
95371.52 0.04743544
95973.89 0.04974912
96576.26000000001 0.05123948
97178.59000000001 0.04648392
97781.01 0.04258173
98383.34 0.04187058
98985.76999999999 0.04133774
99588.09999999999 0.04310655
100190.52 0.04228324
100792.86 0.04234935
101395.19 0.04010377
101997.61 0.04234734
102599.94 0.04599715
103202.37000000001 0.04586094
103804.70000000001 0.04661012
104407.03 0.05205878
105009.45 0.06169211
105611.79 0.0539538
106214.20999999999 0.05673221
106816.54 0.05759759
107418.96 0.05767773
108021.3 0.06167008
108623.63 0.06027384
109226.05 0.06509352
109828.37999999999 0.07484702
110430.81000000001 0.0827596
111033.14 0.08829441
111635.56 0.1551227
112237.89 0.1950902
112840.22 0.1906212
113442.65 0.1636403
114044.98 0.1400067
114647.40000000001 0.1230497
115249.73 0.1137689
115852.16 0.1079076
116454.48999999999 0.1041136
117056.81999999999 0.0952094
117659.25 0.1004197
118261.58 0.1075911
118864.0 0.1099969
119466.33 0.1126291
120068.67 0.1177072
120671.09 0.1172705
121273.42 0.115684
121875.84 0.1166235
122478.18000000001 0.123254
123080.59999999999 0.1277371
123682.93 0.1289371
124285.26 0.1352271
124887.69 0.1409161
125490.02 0.147807
126092.44 0.1569396
126694.77 0.1658918
127297.1 0.2057873
127899.53 0.258451
128501.86 0.2366163
129104.29000000001 0.1754049
129706.61 0.1224127
130309.04 0.11946
130911.37 0.1171323
131513.7 0.1165714
132116.13 0.115039
132718.45 0.1149668
133320.88 0.1168879
133923.22 0.1161126
134525.64 0.1167837
135127.95 0.1214031
135730.3 0.1191034
136332.73 0.1161727
136935.06 0.1065274
137537.47 0.115095
138139.81 0.1061869
138742.23 0.1065034
139344.56 0.1030859
139946.88999999998 0.09974463
140549.33 0.09745499
141067.66 0.1066396
141957.13 0.1192296
142846.69 0.1447823
143736.16999999998 0.1155958
144625.64 0.1145141
145515.13 0.1144841
146404.7 0.1130758
147294.19 0.1128074
148183.66 0.1140714
149073.22 0.09536967
149962.7 0.108759
150852.17 0.1109264
151741.66 0.09229877
152631.23 0.1084284
153520.69999999998 0.110686
154410.19 0.1205277
155299.75 0.1521159
156189.23 0.1446981
157078.7 0.1375808
157968.27 0.1133743
158857.77 0.1127673
159747.22 0.1117577
160636.69999999998 0.1498222
161526.3 0.120103
162415.75 0.1141095
163305.22999999998 0.1216635
164194.7 0.1297483
165084.30000000002 0.1584059
165973.77000000002 0.1246823
166863.25 0.1263289
167752.83000000002 0.1275248
168642.3 0.134546
169531.78 0.1326529
170421.34 0.1396581
171310.80999999997 0.1336846
172200.30000000002 0.1180017
173089.77 0.1305336
173979.34 0.1306958
174868.81 0.1281718
175758.3 0.1240232
176647.86 0.1225809
177537.34000000003 0.123256
178426.81 0.1229255
179316.39 0.1226891
180205.88 0.1204756
181095.34 0.1191255
181984.81 0.1187569
182874.38999999998 0.1192076
183763.87000000002 0.1205597
184653.34 0.1252051
185542.93999999997 0.124538
186432.41 0.1457738
187321.88 0.1651086
188211.34 0.1386245
189100.94 0.1125129
189990.40999999997 0.1259924
190879.89 0.1228353
191769.45 0.1258882
192658.94 0.112589
193548.41 0.1301891
194437.88999999998 0.1538507
195327.47 0.1308541
196216.94 0.1341934
197106.42 0.1322363
197995.97999999998 0.1180818
199404.56 0.1228494
201107.06 0.1379634
202810.55 0.1344037
204515.0 0.1297924
206220.31 0.1448283
207926.52 0.1426008
209633.67 0.1338649
211341.73 0.1418576
213050.73 0.1497942
214760.7 0.1444938
216471.56 0.1428812
218183.39 0.1477149
219896.09000000003 0.1492934
221609.72999999998 0.1489649
223324.38 0.1429033
225039.89 0.1462205
226756.38 0.1280036
228473.83000000002 0.1554833
230192.16 0.1530714
231911.55 0.1761541
233631.7 0.1730873
235352.94 0.1588646
237075.13999999998 0.1602328
238798.22 0.1840667
240522.27 0.1828888
242247.27000000002 0.1646038
243973.16 0.1698261
245700.13 0.1665308
247427.95 0.1782615
249156.84 0.1688726
250886.59 0.1684279
252617.38 0.1698261
254349.06000000003 0.1668433
256081.73 0.1711342
257815.38999999998 0.172955
259550.03000000003 0.1769194
261285.63 0.178001
263022.16000000003 0.1744414
264759.69 0.1769254
266498.19 0.1760099
268237.78 0.1503791
269978.22 0.1772819
271719.63 0.1833275
273462.09 0.1871656
275205.52999999997 0.1844814
276949.87 0.1854749
278695.22 0.1843492
280441.63 0.1859216
282189.06 0.1838924
283937.44 0.1936519
285686.72 0.1886059
287437.13 0.1869753
289188.44 0.1860539
290940.77999999997 0.1904148
292694.13 0.1881853
294448.44 0.1854109
296203.84 0.1906271
297960.19 0.1920073
299717.5 0.1934116
301475.88 0.1927766
303235.38 0.1945153
304995.77999999997 0.1914945
306757.19 0.209433
308519.53 0.2008794
310283.06 0.1982954
312047.47000000003 0.19869
313813.02999999997 0.204385
315579.47 0.1976443
317347.06 0.20126
319115.66000000003 0.2362557
320885.16 0.2043049
322655.77999999997 0.2002545
324427.47 0.1900563
326200.19 0.2052464
327973.93999999994 0.2078506
329748.72 0.213179
331524.47000000003 0.2111358
333301.31 0.2203704
335079.31 0.2365161
336858.13 0.2480946
338638.16 0.2077103
