906.6899999999999 0.06748128
911.61 0.08848973
916.53 0.08213824
921.46 0.09250532
926.38 0.09862874
931.3000000000001 0.09160882
936.23 0.1025568
941.1500000000001 0.1249841
946.0699999999999 0.1221969
951.0 0.1332601
955.92 0.2051667
960.84 0.1398818
965.77 0.1497182
970.69 0.09624273
975.6099999999999 0.1570164
980.5400000000001 0.1767132
985.4599999999999 0.1462568
990.38 0.1808197
995.31 0.1527152
1019.92 0.1593719
1024.8500000000001 0.1431677
1029.77 0.3086911
1034.7 0.3531454
1039.62 0.4005471
1044.54 0.2148981
1049.47 0.1974152
1054.39 0.1736645
1059.31 0.168773
1064.24 0.1342421
1069.16 0.1365772
1074.08 0.1660458
1079.01 0.1600519
1083.93 0.1614767
1088.85 0.1459679
1093.78 0.1540529
1098.7 0.1537717
1103.6200000000001 0.1447827
1108.55 0.1442464
1113.47 0.1380848
1118.3899999999999 0.1505571
1123.32 0.1419477
1128.24 0.1374385
1133.16 0.1604132
1138.09 0.1610289
1143.01 0.1602079
1147.93 0.1633949
1152.86 0.1616435
1157.78 0.1589112
1164.45 0.1780004
1169.54 0.1669357
1174.6299999999999 0.1589159
1179.73 0.1711177
1184.82 0.2048735
1210.29 0.30222
1215.3799999999999 0.5756588
1220.48 0.47959
1225.58 0.3758381
1230.6699999999998 0.2929549
1235.77 0.2017017
1240.8700000000001 0.1997506
1245.97 0.2315971
1251.07 0.2061684
1256.17 0.1939115
1261.27 0.1646908
1266.37 0.1596064
1271.47 0.1828805
1276.58 0.1737918
1281.68 0.1429821
1286.78 0.1527024
1291.8899999999999 0.1527956
1296.99 0.1532511
1302.1 0.1491187
1307.2 0.1529709
1312.31 0.1521855
1317.42 0.1679344
1322.52 0.1550828
1327.6299999999999 0.1547447
1332.74 0.1493819
1337.85 0.1544127
1342.96 0.1581669
1348.0700000000002 0.1675672
1353.1799999999998 0.1608212
1358.29 0.1604741
1363.3999999999999 0.1511811
1368.51 0.1505456
1373.6200000000001 0.1592165
1378.74 0.1524334
1383.8500000000001 0.157691
1388.9599999999998 0.1600719
1394.0800000000002 0.1670757
1399.1899999999998 0.167855
1404.3 0.1726547
1409.42 0.1607855
1414.54 0.1493447
1419.65 0.1484915
1424.77 0.1517039
1429.89 0.1428598
1435.0 0.1441276
1440.1200000000001 0.1480437
1445.2400000000002 0.1445233
1450.36 0.1483759
1455.48 0.1424861
1460.6 0.1430005
1465.72 0.1437266
1470.84 0.136599
1475.96 0.1497915
1481.08 0.1605806
1486.2 0.1561203
1491.32 0.16536
1496.44 0.1584553
1501.5600000000002 0.1533881
1506.69 0.1635849
1511.8100000000002 0.1530862
1516.9299999999998 0.1895621
1522.0600000000002 0.1699162
1527.1799999999998 0.1936847
1532.3100000000002 0.2217715
1537.4299999999998 0.241389
1542.56 0.2581546
1547.6799999999998 0.3301521
1552.81 0.3662043
1557.9299999999998 0.3067789
1563.06 0.2890733
1568.1899999999998 0.2358927
1573.31 0.2002778
1578.44 0.1848202
1583.57 0.1874429
1588.7 0.1726095
1593.82 0.1664588
1598.95 0.1570201
1604.08 0.1526257
1609.21 0.1511761
1614.34 0.1450575
1619.47 0.1390231
1624.6 0.137795
1629.73 0.1529788
1634.86 0.1362127
1639.99 0.1571971
1645.12 0.1379086
1650.25 0.1375631
1655.3799999999999 0.1360367
1660.51 0.1429265
1665.6499999999999 0.1466905
1670.78 0.1346322
1675.9099999999999 0.1394665
1681.04 0.1311095
1686.1799999999998 0.1282439
1691.31 0.1190233
1696.4399999999998 0.1169588
1701.57 0.1180487
1706.7099999999998 0.1135657
1711.84 0.108399
1716.9799999999998 0.1171079
1722.1100000000001 0.1141692
1727.2399999999998 0.1191162
1732.38 0.1210659
1737.51 0.1169603
1742.65 0.1114995
1747.78 0.113067
1752.92 0.116524
1758.05 0.132816
1763.19 0.115436
1768.32 0.1176342
1770.66 0.1130997
1776.5600000000002 0.1139934
1782.4599999999998 0.1132652
1788.37 0.1142724
1794.27 0.1170824
1800.17 0.11848
1806.07 0.1202805
1811.98 0.1149853
1817.88 0.1132669
1823.7800000000002 0.1134711
1829.6799999999998 0.1126339
1835.58 0.1121324
1841.49 0.1060215
1847.3899999999999 0.1063631
1853.29 0.1114382
1859.19 0.1077678
1865.1000000000001 0.1126133
1870.9999999999998 0.1193724
1876.8999999999999 0.1206383
1882.8 0.1236049
1888.7 0.1316907
1894.61 0.1383725
1900.51 0.1518584
1906.41 0.1676377
1912.3100000000002 0.1630759
1918.22 0.1373562
1924.12 0.12091
1930.02 0.1122392
1935.9199999999998 0.1071281
1941.82 0.1059786
1947.73 0.08631929
1977.24 0.1024373
1983.1399999999999 0.1000609
1989.04 0.09903792
1994.94 0.0971335
2000.8500000000001 0.09850688
2006.75 0.09756999
2012.65 0.09569458
2018.55 0.09427032
2024.45 0.09525476
2030.36 0.09428803
2036.26 0.09206664
2042.16 0.09309752
2048.06 0.09265752
2053.97 0.09159534
2059.87 0.09329566
2065.77 0.09507717
2071.67 0.09876659
2077.57 0.1014294
2083.48 0.1047608
2089.38 0.1000918
2095.2799999999997 0.09703633
2101.18 0.09467356
2107.09 0.09468965
2112.99 0.0964847
2118.89 0.09904037
2124.79 0.10147
2130.69 0.09998011
2136.6 0.09325215
2142.5 0.09189827
2148.4 0.08840847
2154.3 0.08930351
2160.21 0.09113892
2166.11 0.09156464
2172.01 0.09323555
2177.9100000000003 0.09238656
2183.81 0.09090896
2189.72 0.09272171
2195.62 0.0935932
2201.52 0.09321534
2207.42 0.09507707
2213.33 0.09133847
2219.23 0.09098793
2225.13 0.0987296
2231.0299999999997 0.08534137
2236.93 0.1001825
2242.84 0.08973575
2248.74 0.08901906
2254.64 0.08871644
2260.54 0.09257732
2266.4500000000003 0.09133799
2272.35 0.1005986
2278.25 0.09819427
2284.15 0.09915531
2290.0499999999997 0.09762547
2295.96 0.09977288
2301.86 0.09366628
2307.76 0.09131825
2313.66 0.09835049
2319.56 0.09897226
2325.4700000000003 0.08804519
2331.37 0.09326794
2337.27 0.09213829
2343.17 0.0847907
2349.08 0.09334792
2354.98 0.1009197
2360.88 0.08745282
2366.78 0.08851807
2372.6800000000003 0.09179504
2378.5899999999997 0.09113331
2384.49 0.08468656
2390.39 0.0883398
2396.29 0.08596575
2402.2 0.08783505
2408.1 0.08825537
2414.0 0.09103869
2419.9 0.09971722
2425.7999999999997 0.09974484
2431.71 0.09631864
2437.61 0.09674666
2443.51 0.09924378
2449.41 0.09915471
2455.32 0.1039443
2461.2200000000003 0.1007774
2467.12 0.0975593
2473.02 0.09798301
2478.92 0.09745125
2484.83 0.09694445
2490.73 0.09314806
2496.63 0.09151873
2502.53 0.0997865
2508.44 0.0941661
2514.3399999999997 0.08974064
2520.2400000000002 0.09258556
2526.14 0.09185068
2532.04 0.09166134
2537.95 0.08743219
2543.85 0.08496245
2549.75 0.08488907
2555.65 0.09156777
2561.55 0.086913
2567.4599999999996 0.09151953
2573.36 0.09451918
2579.2599999999998 0.09448642
2585.1600000000003 0.09192854
2591.0699999999997 0.09166023
2596.9700000000003 0.0909225
2602.87 0.08898243
2608.7700000000004 0.08885687
2614.67 0.08733523
2620.58 0.09166026
2626.48 0.09120694
2632.38 0.09759651
2638.28 0.09503877
2644.19 0.1018684
2650.09 0.1082022
2655.99 0.1059286
2661.89 0.09455294
2667.79 0.09568849
2673.7 0.09797253
2679.6 0.0994947
2685.5 0.1002598
2691.4 0.09536206
2697.31 0.09663677
2703.2099999999996 0.1028619
2709.11 0.09659639
2715.0099999999998 0.09770572
2720.9100000000003 0.09902882
2726.8199999999997 0.09613005
2732.7200000000003 0.1023088
2738.62 0.1033069
2744.5199999999995 0.09190736
2750.43 0.08978599
2756.3300000000004 0.09157555
2762.23 0.103662
2768.1299999999997 0.1107665
2774.03 0.1230488
2779.94 0.1355999
2785.84 0.1335833
2791.74 0.1307596
2797.6400000000003 0.1355959
2803.55 0.1355351
2809.45 0.1227794
2815.35 0.1248465
2821.25 0.1216324
2827.15 0.1192455
2833.06 0.1146419
2838.96 0.1115116
2844.86 0.1008268
2850.7599999999998 0.09292144
2856.67 0.0910636
2862.5699999999997 0.1017057
2868.4700000000003 0.09945808
2874.37 0.1076658
2880.27 0.1011622
2886.18 0.09937055
2892.0800000000004 0.1043775
2897.98 0.1029659
2903.8799999999997 0.1156383
2909.78 0.1165909
2915.69 0.1158718
2921.59 0.112619
2927.49 0.1118262
2933.3900000000003 0.1104023
2939.3 0.1088198
2945.2 0.1087139
2951.1 0.1090285
2957.0 0.1069254
2962.9 0.1105121
2968.81 0.1114725
2974.71 0.1092242
2980.61 0.1120981
2986.51 0.1077972
2992.42 0.108297
2998.3199999999997 0.1056154
3004.2200000000003 0.07697284
3010.12 0.08311826
3016.02 0.1036477
3021.93 0.1092015
3027.8300000000004 0.1080193
3033.73 0.107872
3039.6299999999997 0.1085208
3045.54 0.1095492
3051.44 0.1116666
3057.34 0.1135626
3063.24 0.1174953
3069.1400000000003 0.1123185
3075.0499999999997 0.1126889
3080.9500000000003 0.1121495
3086.85 0.1133032
3092.75 0.1143113
3098.66 0.1138046
3104.56 0.1188607
3110.46 0.1211817
3116.36 0.1189369
3122.26 0.1158007
3128.17 0.1166977
3134.0699999999997 0.1131151
3139.9700000000003 0.1181573
3145.87 0.1129209
3167.51 0.1154221
3187.1899999999996 0.1076449
3206.86 0.1123152
3226.54 0.10374
3248.18 0.1157242
3254.08 0.1164327
3259.98 0.115212
3265.88 0.1233601
3271.79 0.1235845
3277.6899999999996 0.1234234
3283.59 0.1215927
3289.49 0.1213349
3295.4 0.1225616
3301.2999999999997 0.1191358
3307.2000000000003 0.119015
3313.1 0.117807
3318.9999999999995 0.1152917
3324.91 0.1153134
3330.81 0.1158381
3336.71 0.1092696
3342.6099999999997 0.1100627
3348.52 0.1249314
3354.42 0.1201038
3360.32 0.09822049
3366.22 0.09792645
3372.12 0.109874
3378.03 0.1170234
3383.93 0.1155917
3389.83 0.1140378
3395.73 0.1158058
3401.6400000000003 0.1290342
3407.54 0.1169343
3413.4399999999996 0.1170194
3419.34 0.1116018
3425.24 0.1275052
3431.15 0.1385512
3437.0499999999997 0.1328995
3442.9500000000003 0.1175585
3448.85 0.1121839
3454.7499999999995 0.1195444
3460.66 0.1198656
3466.5600000000004 0.1111381
3472.46 0.1247972
3478.3599999999997 0.1136064
3484.27 0.1136824
3490.17 0.1210233
3496.07 0.1124437
3501.97 0.1269332
3507.8700000000003 0.1268628
3513.78 0.1179312
3519.68 0.1282872
3525.58 0.1055074
3531.48 0.1054068
3537.3900000000003 0.1240235
3543.29 0.1259282
3549.19 0.1261366
3555.09 0.1286956
3560.99 0.1219181
3566.9 0.1074347
3572.7999999999997 0.1066217
3578.7000000000003 0.1128692
3584.6 0.09959434
3590.51 0.09964122
3596.41 0.117455
3602.3100000000004 0.13208
3608.21 0.1093957
3614.1099999999997 0.1087564
3620.02 0.1233585
3625.92 0.1359808
3631.82 0.1297441
3637.72 0.1183443
3643.63 0.1238682
3649.53 0.1195944
3655.4300000000003 0.124667
3661.33 0.11912
3667.23 0.1335173
3673.14 0.1231351
3679.04 0.1271664
3684.94 0.1195833
3690.84 0.126711
3696.7400000000002 0.1364042
3702.65 0.1108823
3708.5499999999997 0.11665
3714.4500000000003 0.1292489
3720.35 0.1381594
3726.26 0.2029356
3732.16 0.1529062
3738.0600000000004 0.1176122
3742.58 0.115954
3748.36 0.1137316
3754.15 0.1282487
3759.94 0.1377452
3765.7200000000003 0.1247114
3771.51 0.1381503
3777.29 0.1514287
3783.08 0.1545991
3788.87 0.1413397
3794.65 0.1261291
3800.44 0.1296042
3806.2200000000003 0.1474658
3812.01 0.1425969
3817.8 0.1311956
3823.58 0.1229451
3829.3700000000003 0.1126441
3835.15 0.1015263
3840.94 0.111917
3846.73 0.1331085
3852.51 0.1406924
3858.3 0.14182
3864.09 0.1603232
3869.8700000000003 0.1586656
3875.6600000000003 0.1426426
3881.44 0.1355009
3887.23 0.1356024
3893.02 0.1412621
3898.8 0.142391
3904.59 0.1477251
3910.3700000000003 0.156974
3916.1600000000003 0.1519492
3921.9500000000003 0.1348208
3927.73 0.1187338
3933.52 0.1010772
3939.31 0.1184479
3945.09 0.1389951
3950.88 0.1453734
3956.6600000000003 0.1401633
3962.4500000000003 0.1166579
3968.2400000000002 0.1088608
3974.02 0.1270058
3979.81 0.1572667
3985.59 0.1653972
3991.38 0.1760857
3997.17 0.1772656
4002.9500000000003 0.1805327
4008.7400000000002 0.1839343
4014.52 0.1888706
4020.3100000000004 0.1899548
4026.1000000000004 0.1915313
4031.88 0.1851452
4037.67 0.1876065
4043.46 0.1835782
4049.2400000000002 0.1905555
4055.03 0.1879598
4060.8100000000004 0.1804787
4066.6000000000004 0.1880719
4072.3900000000003 0.1887135
4078.17 0.1889779
4083.96 0.1929065
4089.7400000000002 0.1915171
4095.53 0.178873
4101.32 0.1730344
4107.1 0.1769946
4112.89 0.186709
4118.67 0.1861115
4124.46 0.1851812
4130.25 0.1883461
4136.03 0.1891337
4141.82 0.1859556
4147.61 0.1850541
4153.39 0.179544
4159.18 0.1880951
4164.96 0.1867775
4170.75 0.182192
4176.54 0.1814943
4182.32 0.1844958
4188.11 0.187976
4193.89 0.1906268
4199.68 0.1782771
4205.47 0.1838317
4211.25 0.1923941
4217.04 0.1895494
4222.82 0.1847775
4228.61 0.1773508
4234.4 0.1850901
4240.18 0.1956386
4245.97 0.1875742
4251.76 0.1896887
4257.54 0.1823327
4263.33 0.1913366
4269.11 0.1839388
4274.9 0.1778695
4280.69 0.1880362
4286.47 0.1757486
4292.26 0.1715247
4298.04 0.1667433
4303.83 0.1580234
4309.62 0.1669721
4315.4 0.1852888
4321.19 0.1989191
4326.9800000000005 0.1885887
4332.76 0.2004013
4338.55 0.1948417
4344.33 0.1992868
4350.12 0.1988895
4355.91 0.2044093
4361.69 0.2169619
4367.4800000000005 0.2119338
4373.26 0.2002956
4379.05 0.1987741
4384.84 0.1849966
4390.62 0.1984229
4396.41 0.1986913
4402.1900000000005 0.1934217
4407.9800000000005 0.1962749
4413.77 0.2070365
4419.55 0.2124625
4425.34 0.2103162
4431.13 0.2116068
4436.91 0.2114652
4442.7 0.2115933
4448.4800000000005 0.2167416
4454.27 0.2112076
4460.06 0.2029907
4465.84 0.2107971
4471.63 0.2245688
4477.41 0.225492
4483.2 0.2229862
4488.99 0.2254867
4494.77 0.225622
4500.56 0.234284
4506.34 0.2342722
4512.13 0.2343718
4517.92 0.2350907
4523.7 0.2268163
4529.49 0.2146326
4535.28 0.2142304
4541.06 0.2284069
4546.85 0.2247683
4552.63 0.2249585
4558.42 0.2333716
4564.21 0.2326504
4569.99 0.236616
4575.78 0.2283139
4581.56 0.2261851
4587.35 0.2267605
4593.14 0.2316301
4598.92 0.2313586
4604.71 0.2342496
4610.49 0.2437697
4616.28 0.2431865
4622.07 0.243929
4627.85 0.2440354
4633.64 0.2387572
4639.43 0.2331876
4645.21 0.2251588
4651.0 0.230794
4656.78 0.2375411
4662.57 0.2301382
4668.36 0.2213435
4674.14 0.2265764
4679.93 0.2290515
4685.71 0.2310074
4691.5 0.2312019
4697.29 0.2258136
4703.07 0.2216347
4708.860000000001 0.2226994
4714.650000000001 0.2287744
4720.43 0.2332697
4726.22 0.2376604
4732.0 0.2298242
4737.79 0.232013
4743.58 0.2355001
4749.360000000001 0.238562
4755.150000000001 0.2339698
4760.93 0.2290895
4766.72 0.2342235
4772.51 0.2339737
4778.29 0.2442442
4784.08 0.239935
4789.860000000001 0.2388844
4795.650000000001 0.2501016
4801.4400000000005 0.2483635
4807.22 0.2536439
4813.01 0.2494806
4818.79 0.2567568
4824.58 0.2553255
4830.37 0.2502271
4836.150000000001 0.2504415
4841.9400000000005 0.2435357
4847.7300000000005 0.2417587
4853.51 0.2506114
4859.3 0.2658884
4865.08 0.2490869
4870.87 0.2282397
4876.66 0.2309542
4882.4400000000005 0.2376534
4888.2300000000005 0.2305456
4894.009999999999 0.2393662
4899.8 0.2464186
4905.59 0.2441512
4911.37 0.2393429
4917.16 0.2323646
4922.95 0.2275661
4928.7300000000005 0.2436546
4934.52 0.241998
4940.3 0.2365915
4946.09 0.2499502
4951.88 0.2662662
4957.66 0.2950833
4963.45 0.275259
4969.2300000000005 0.2428395
4975.02 0.2427571
4980.81 0.2326697
4986.59 0.2309639
4992.38 0.2437593
4998.16 0.2674534
5003.950000000001 0.3542171
5009.740000000001 0.3823361
5015.5199999999995 0.2464628
5021.3099999999995 0.2230655
5027.099999999999 0.2301082
5032.879999999999 0.2354049
5038.669999999999 0.223848
5044.450000000001 0.2210863
5050.240000000001 0.2286976
5056.030000000001 0.2321715
5061.8099999999995 0.2365529
5067.599999999999 0.227474
5073.379999999999 0.2307151
5079.169999999999 0.2248192
5084.959999999999 0.2257212
5090.740000000001 0.2277048
5096.530000000001 0.2282956
5102.3099999999995 0.2228152
5108.099999999999 0.2219884
5113.889999999999 0.226125
5119.669999999999 0.2292249
5125.459999999999 0.2141359
5131.250000000001 0.2191685
5137.030000000001 0.2191323
5142.820000000001 0.2172559
5148.599999999999 0.2187876
5154.389999999999 0.2201927
5160.179999999999 0.2239822
5165.960000000001 0.2035996
5171.750000000001 0.1861722
5177.53 0.2014547
5183.32 0.1958225
5189.11 0.207236
5194.889999999999 0.2192178
5200.679999999999 0.222795
5206.469999999999 0.2130126
5212.250000000001 0.2166298
5218.040000000001 0.2292726
5223.82 0.221271
5229.61 0.2243553
5235.4 0.2323803
5241.179999999999 0.2362924
5246.969999999999 0.2309054
5252.750000000001 0.2293751
5258.540000000001 0.2313651
5264.330000000001 0.2169961
5270.11 0.2082819
5275.9 0.2284462
5281.679999999999 0.2423921
5287.469999999999 0.2467156
5293.259999999999 0.2484005
5299.04 0.2364757
5304.83 0.2464671
5310.62 0.2550434
5316.4 0.2493397
5322.19 0.2443476
5327.969999999999 0.2337874
5333.759999999999 0.2393175
5339.549999999999 0.243391
5345.33 0.2400546
5351.12 0.2457774
5356.9 0.2576908
5362.69 0.2532575
5368.48 0.2407311
5374.259999999999 0.2392587
5380.049999999999 0.247948
5385.83 0.2465919
5391.62 0.2394741
5397.41 0.2345799
5403.19 0.2313512
5408.98 0.2312327
5414.7699999999995 0.2413606
5420.549999999999 0.243446
5426.339999999999 0.2392311
5432.12 0.2370589
5437.91 0.240548
5443.7 0.2469215
5449.48 0.2326629
5455.2699999999995 0.2312644
5461.049999999999 0.2391703
5466.839999999999 0.2406137
5472.63 0.2390161
5478.41 0.2343706
5484.2 0.2436319
5489.98 0.247532
5495.7699999999995 0.244939
5501.5599999999995 0.2470835
5507.339999999999 0.238799
5513.13 0.2398342
5518.92 0.2388152
5524.7 0.2434368
5530.49 0.2403481
5536.2699999999995 0.2440562
5542.0599999999995 0.2426778
5547.849999999999 0.2455136
5553.63 0.2488155
5559.42 0.2399192
5565.2 0.2395435
5570.99 0.2389777
5576.78 0.2419961
5582.5599999999995 0.2392957
5588.349999999999 0.2271433
5594.139999999999 0.2342083
5599.92 0.235845
5605.71 0.2416303
5611.49 0.2450895
5617.28 0.2353259
5623.07 0.2349789
5628.849999999999 0.2430053
5634.639999999999 0.2418958
5640.42 0.240106
5646.21 0.2447441
5652.0 0.2488226
5657.78 0.2435207
5663.57 0.2400961
5669.349999999999 0.2444062
5675.139999999999 0.2495497
5680.929999999999 0.2458462
5686.71 0.242603
5692.5 0.2457403
5698.29 0.2460376
5704.07 0.2368624
5709.86 0.239167
5715.639999999999 0.2465076
5721.429999999999 0.2528383
5727.219999999999 0.2521024
5733.0 0.2516995
5738.79 0.2505853
5744.57 0.2520572
5750.36 0.2539611
5756.15 0.2471344
5761.929999999999 0.2473664
5767.719999999999 0.2496135
5773.5 0.2449332
5779.29 0.244964
5785.08 0.2357633
5790.86 0.2495535
5796.65 0.2487748
5802.44 0.2475962
5808.219999999999 0.2526508
5814.009999999999 0.2526734
5819.79 0.2472903
5825.58 0.2560228
5831.37 0.2545281
5837.15 0.2520447
5842.94 0.2523582
5848.719999999999 0.2484391
5854.51 0.2366846
5860.3 0.239987
5866.08 0.2497304
5871.87 0.2543765
5877.66 0.2495288
5883.44 0.233378
5889.23 0.2149337
5895.01 0.2081734
5900.8 0.2209119
5906.59 0.2422531
5912.37 0.2370389
5918.16 0.2420865
5923.94 0.2413278
5929.73 0.2438583
5935.5199999999995 0.2399496
5941.3 0.2402592
5947.09 0.2416038
5952.87 0.240259
5958.66 0.2430313
5964.45 0.2438772
5970.23 0.2445308
5976.0199999999995 0.2414208
5981.8099999999995 0.2349924
5987.59 0.2433648
5993.38 0.2456358
5999.16 0.2405608
6004.95 0.2371413
6010.74 0.2362116
6016.5199999999995 0.236174
6022.3099999999995 0.2374671
6028.09 0.2460718
6033.88 0.2458194
6039.67 0.2432588
6045.45 0.2425512
6051.24 0.2430942
6057.0199999999995 0.2417073
6062.8099999999995 0.2429843
6068.599999999999 0.2487208
6074.38 0.2471398
6080.17 0.2421988
6085.96 0.2418272
6091.74 0.2374396
6097.53 0.239086
6103.3099999999995 0.2359641
6109.099999999999 0.2411774
6114.889999999999 0.2390892
6120.67 0.2333365
6126.46 0.2382956
6132.24 0.2335145
6138.03 0.2313037
6143.82 0.2381414
6149.599999999999 0.2383926
6155.389999999999 0.2340939
6161.17 0.2257276
6166.96 0.2186379
6172.75 0.2261353
6178.53 0.2315166
6184.32 0.2268085
6190.11 0.2251498
6195.889999999999 0.2287032
6201.68 0.235563
6207.46 0.2288239
6213.25 0.2286935
6219.04 0.2157735
6224.82 0.2240544
6230.61 0.2210511
6236.39 0.2265625
6242.18 0.2214246
6247.97 0.2199569
6253.75 0.2186477
6259.54 0.2194383
6265.33 0.2238895
6271.11 0.2293512
6276.9 0.2258773
6282.68 0.226408
6288.47 0.2210359
6294.26 0.2366966
6300.04 0.2433713
6305.83 0.2392134
6311.61 0.2339816
6317.4 0.2292591
6323.19 0.2341891
6328.97 0.2346606
6334.76 0.2305101
6340.54 0.237415
6346.33 0.2361675
6352.12 0.2377684
6357.9 0.2295163
6363.69 0.2271338
6369.48 0.2332304
6375.26 0.2361559
6381.05 0.2371552
6386.83 0.2359113
6392.62 0.2366771
6398.41 0.2366412
6404.19 0.2312813
6409.98 0.230425
6415.76 0.2321782
6421.55 0.2309213
6427.34 0.2371227
6433.12 0.2349468
6438.91 0.2385064
6444.69 0.2369373
6450.48 0.2388034
6456.2699999999995 0.2433207
6462.05 0.2417786
6467.84 0.2476965
6473.63 0.2481171
6479.41 0.2485259
6485.2 0.2516452
6490.98 0.2407666
6496.7699999999995 0.2367466
6502.5599999999995 0.2526368
6508.34 0.2591009
6514.13 0.2642647
6519.91 0.2643433
6525.7 0.2665488
6531.49 0.2691819
6537.2699999999995 0.2677293
6543.06 0.2844723
6548.85 0.2963446
6554.63 0.3053068
6560.42 0.3874569
6566.2 0.385034
6571.99 0.2900106
6577.78 0.2883223
6583.56 0.3525582
6589.35 0.293811
6595.13 0.2579398
6600.92 0.2494153
6606.71 0.2485891
6612.49 0.2483327
6618.28 0.2489829
6624.06 0.2471114
6629.85 0.2442307
6635.64 0.240508
6641.42 0.2405921
6647.21 0.2427606
6653.0 0.2381581
6658.78 0.2336744
6664.57 0.2364042
6670.35 0.2344015
6676.14 0.2325345
6681.93 0.2319841
6687.71 0.2316265
6693.5 0.2291931
6699.28 0.2299527
6705.07 0.2323271
6710.86 0.2474056
6716.64 0.2684228
6722.43 0.251995
6728.21 0.2553615
6734.0 0.2564054
6739.79 0.2351828
6745.57 0.223365
6751.36 0.2194627
6757.15 0.2169556
6762.93 0.2168727
6768.72 0.2127232
6774.5 0.2195175
6780.29 0.2185133
6786.08 0.2195488
6791.86 0.2102871
6797.65 0.2160177
6803.43 0.2204229
6809.22 0.2140287
6815.01 0.2243279
6820.79 0.2243356
6826.58 0.2227911
6832.36 0.2222624
6838.15 0.2222125
6843.94 0.2197368
6849.72 0.2202669
6855.51 0.2194035
6861.3 0.2160206
6867.08 0.2158667
6872.87 0.2146159
6878.65 0.2202267
6884.44 0.2193095
6890.2300000000005 0.2217331
6896.01 0.2220243
6901.8 0.2217033
6907.58 0.2221017
6913.37 0.2224444
6919.16 0.2214736
6924.9400000000005 0.2204327
6930.7300000000005 0.220229
6936.52 0.2198589
6942.3 0.2271675
6948.09 0.2268023
6953.87 0.2230137
6959.66 0.2226879
6965.45 0.2223353
6971.2300000000005 0.2295187
6977.02 0.2287214
6982.8 0.227972
6988.59 0.229697
6994.38 0.2299252
7000.16 0.229638
7005.95 0.2259695
7011.7300000000005 0.2254471
7017.52 0.2253576
7023.31 0.229209
7029.09 0.2286201
7034.88 0.2297663
7040.67 0.2297546
7046.45 0.2290807
7052.24 0.2290351
7058.02 0.2277192
7063.81 0.2265976
7069.6 0.2125772
7075.38 0.2108959
7081.17 0.2117478
7086.95 0.2141232
7092.74 0.21333
7098.53 0.2138005
7104.31 0.216045
7110.1 0.2160579
7115.88 0.2152143
7121.67 0.2157284
7127.46 0.2159239
7133.24 0.211877
7139.03 0.2122451
7144.82 0.21087
7150.6 0.2082828
7156.39 0.2077024
7162.17 0.207188
7167.96 0.2044986
7173.75 0.2031292
7179.53 0.2041633
7185.32 0.2066737
7191.1 0.2060008
7196.89 0.2056096
7202.68 0.2074278
7208.46 0.2068839
7214.25 0.2068029
7220.04 0.2146726
7225.82 0.2143136
7231.610000000001 0.2168718
7237.39 0.2171251
7243.18 0.2155705
7248.97 0.2231909
7254.75 0.2225866
7260.54 0.2225544
7266.32 0.2201573
7272.110000000001 0.2202283
7277.900000000001 0.2197377
7283.68 0.2144067
7289.47 0.2136458
7295.25 0.213759
7298.87 0.220861
7308.89 0.2190683
7318.73 0.2203275
7328.57 0.219746
7338.400000000001 0.2228474
7348.240000000001 0.2222607
7358.08 0.224474
7367.91 0.2257759
7381.8099999999995 0.225436
7386.91 0.2252481
7392.01 0.2243701
7397.120000000001 0.2237455
7402.23 0.2239381
7407.35 0.2237104
7412.47 0.2232757
7417.589999999999 0.2223675
7422.71 0.2218627
7427.84 0.2217127
7432.9800000000005 0.2215259
7438.11 0.2310124
7443.25 0.2307184
7448.4 0.2309202
7453.54 0.2321508
7458.69 0.2321533
7463.849999999999 0.2315364
7469.0 0.2287975
7474.17 0.2283335
7479.33 0.2280392
7484.499999999999 0.228462
7489.67 0.2327103
7494.849999999999 0.2319971
7500.0199999999995 0.2315803
7505.21 0.2314977
7510.39 0.2312327
7515.58 0.2308839
7520.780000000001 0.2327795
7525.969999999999 0.2327467
7531.17 0.2323539
7536.38 0.2320414
7541.59 0.2337305
7546.8 0.2337762
7552.01 0.2336434
7557.2300000000005 0.2305126
7562.45 0.2301974
7567.68 0.230043
7572.910000000001 0.2285479
7578.14 0.2285321
7583.379999999999 0.2278759
7588.620000000001 0.227679
7593.86 0.2237587
7599.11 0.2235664
7604.36 0.2227753
7609.62 0.2226523
7614.87 0.2224495
7620.139999999999 0.2219085
7625.4 0.2244758
7630.67 0.2241149
7635.94 0.2242362
7641.219999999999 0.2239106
7646.500000000001 0.2189208
7651.780000000001 0.2187094
7657.070000000001 0.2181874
7662.360000000001 0.2148389
7667.66 0.2145464
7672.96 0.2141187
7678.26 0.2176717
7683.56 0.2176924
7688.87 0.2172455
7694.19 0.217122
7699.5 0.216456
7704.82 0.2158636
7710.15 0.2159517
7715.4800000000005 0.2102064
7720.81 0.2097385
7726.14 0.2102398
7731.48 0.2143538
7736.83 0.2142727
7742.17 0.2143226
7747.5199999999995 0.2141186
7752.87 0.204236
7758.2300000000005 0.2040227
7763.59 0.2029435
7768.96 0.2143008
7774.330000000001 0.2139991
7779.700000000001 0.2137659
7785.07 0.2128862
7790.45 0.2125
7795.84 0.2119918
7801.22 0.2119081
7806.610000000001 0.2156937
7812.01 0.2155283
7817.41 0.2151715
7822.81 0.2185812
7828.21 0.2179168
7833.62 0.2176177
7839.040000000001 0.2170003
7844.45 0.2167925
7849.88 0.2167168
7855.299999999999 0.2163678
7860.7300000000005 0.2184129
7866.16 0.2180708
7871.59 0.2178593
7877.030000000001 0.2142668
7882.48 0.2142538
7887.92 0.2143054
7893.38 0.2117209
7898.83 0.2111733
7904.290000000001 0.2104226
7909.75 0.2099959
7915.21 0.2072754
7920.68 0.2069557
7926.16 0.2067161
7931.639999999999 0.2084962
7937.110000000001 0.2082931
7942.599999999999 0.207975
7948.09 0.2077128
7953.58 0.207251
7959.08 0.2072674
7964.58 0.2071906
7968.52 0.2144685
7974.47 0.2127547
7980.429999999999 0.2104812
7986.39 0.2150108
7992.34 0.2155398
7998.29 0.2152015
8003.61 0.2124785
8010.509999999999 0.2107036
8017.410000000001 0.212055
8024.31 0.2160534
8031.21 0.2156896
8038.110000000001 0.2165444
8045.01 0.2205212
8051.9 0.2198634
8058.8 0.2215323
8065.7 0.2219313
8072.589999999999 0.2217658
8079.48 0.2162069
8086.370000000001 0.2167074
8093.26 0.2166167
8100.150000000001 0.2106005
8107.04 0.2096287
8113.93 0.2143947
8120.82 0.2131056
8127.71 0.2143374
8134.59 0.2135241
8141.48 0.2124659
8148.36 0.2119846
8155.240000000001 0.2130007
8162.120000000001 0.2142568
8169.01 0.2125117
8175.89 0.2122186
8182.77 0.2107931
8189.650000000001 0.2115007
8196.52 0.2110295
8203.4 0.212616
8210.28 0.2159338
8217.15 0.214943
8224.03 0.2154151
8230.9 0.1972607
8237.77 0.1971669
8244.65 0.1964866
8251.52 0.2217312
8258.39 0.221048
8265.25 0.2208647
8272.13 0.2209312
8278.99 0.220564
8285.86 0.2155583
8292.73 0.2148289
8299.59 0.213984
8306.46 0.2088058
8313.32 0.2078955
8320.189999999999 0.2064987
8327.050000000001 0.2071627
8333.91 0.2069224
8340.77 0.2070682
8347.630000000001 0.2124576
8354.49 0.2123861
8361.35 0.2139749
8368.210000000001 0.2138111
8375.07 0.2142493
8381.92 0.2121537
8388.78 0.2131663
8395.64 0.2133861
8402.49 0.2142058
8409.35 0.2136664
8416.2 0.2128265
8423.05 0.2124477
8429.91 0.2123385
8436.75 0.2118103
8443.61 0.2026851
8450.46 0.202139
8457.3 0.2056737
8464.15 0.2049862
8471.01 0.2046804
8477.85 0.2094411
8484.699999999999 0.2087325
8491.539999999999 0.2085031
8498.39 0.1622317
8505.23 0.1604947
8512.08 0.1601054
8518.92 0.1970209
8525.77 0.1957712
8532.6 0.195705
8539.449999999999 0.1907077
8546.289999999999 0.1894307
8553.13 0.1897002
8559.97 0.2004404
8566.81 0.2004518
8573.65 0.2002652
8580.48 0.2041179
8587.33 0.2034483
8594.16 0.2037649
8601.0 0.2026103
8607.83 0.2017684
8614.67 0.2051346
8621.5 0.2044886
8628.33 0.2033269
8635.17 0.206112
8642.0 0.2053169
8648.83 0.2051387
8655.67 0.1985448
8662.5 0.1972722
8669.33 0.1967977
8676.16 0.1886728
8683.0 0.1886964
8689.82 0.1896146
8696.65 0.199046
8703.48 0.1998026
8710.31 0.1985205
8717.14 0.2036064
8723.96 0.203456
8730.79 0.2033195
8737.62 0.1991604
8744.44 0.1978244
8751.27 0.1974672
8758.09 0.2030418
8764.92 0.2029728
8771.74 0.2019456
8778.57 0.2035938
8785.39 0.2037144
8792.210000000001 0.2030222
8799.03 0.20313
8805.86 0.2037632
8812.67 0.2021762
8819.5 0.2074865
8826.32 0.2074066
8833.140000000001 0.206991
8839.960000000001 0.2013436
8846.779999999999 0.2005855
8853.6 0.2010779
8860.41 0.2058945
8867.23 0.2051785
8874.06 0.2041496
8880.869999999999 0.1910565
8887.69 0.1921235
8894.51 0.1911356
8901.33 0.1962253
8908.14 0.1964784
8914.95 0.1954963
8921.77 0.1967594
8928.58 0.1979205
8935.4 0.1975156
8942.22 0.1983564
8949.02 0.1984787
8955.84 0.1977715
8962.66 0.1982154
8969.470000000001 0.1967014
8976.28 0.196505
8983.09 0.191086
8989.91 0.191702
8996.720000000001 0.1906931
9003.529999999999 0.1812411
9010.34 0.1802326
9017.16 0.1799021
9023.96 0.1871415
9030.78 0.18675
9037.59 0.1860812
9044.39 0.2067776
9051.21 0.2074444
9058.02 0.2073573
9064.83 0.1983817
9071.630000000001 0.2028318
9078.44 0.2040945
9085.25 0.2036087
9092.06 0.2008427
9098.87 0.2004173
9105.68 0.1980557
9112.49 0.1982937
9119.289999999999 0.1991851
9126.1 0.2051109
9132.91 0.2062889
9139.71 0.2066644
9146.52 0.1944619
9153.33 0.1942196
9160.14 0.1943905
9166.94 0.1909955
9173.75 0.1911701
9180.55 0.190989
9187.36 0.1904656
9194.17 0.1978095
9200.970000000001 0.1973819
9207.78 0.1964174
9214.58 0.1859083
9221.390000000001 0.1847301
9228.199999999999 0.185303
9235.0 0.1830913
9241.81 0.1829029
9246.56 0.1824135
9251.9 0.193596
9257.24 0.1918836
9262.58 0.1905587
9267.92 0.1923462
9273.26 0.1978537
9278.6 0.1973602
9283.93 0.1975777
9289.269999999999 0.1974718
9294.61 0.1774255
9299.95 0.1782317
9305.29 0.1770761
9310.619999999999 0.1778133
9315.96 0.1991491
9321.289999999999 0.1981048
9326.630000000001 0.1970798
9331.960000000001 0.197156
9337.3 0.1975221
9342.64 0.1966866
9347.97 0.1977131
9353.3 0.1976111
9358.64 0.196852
9363.970000000001 0.1944834
9369.31 0.1941656
9374.64 0.1936817
9379.97 0.1931521
9385.3 0.1960294
9390.64 0.1961595
9395.97 0.1961557
9401.310000000001 0.1966005
9406.64 0.1941095
9411.97 0.1937359
9417.3 0.1931722
9422.63 0.1928082
9427.96 0.1971788
9433.289999999999 0.1970278
9438.619999999999 0.1969462
9443.95 0.1968039
9449.28 0.194442
9454.61 0.1948731
9459.94 0.1946878
9465.27 0.1944512
9470.6 0.1993503
9475.93 0.1986487
9481.25 0.1984261
9486.58 0.1982178
9491.91 0.198756
9497.24 0.1989234
9502.57 0.19856
9507.89 0.1983482
9513.22 0.1975696
9518.55 0.1988006
9523.880000000001 0.2016982
9529.2 0.2091563
9534.53 0.2158758
9539.85 0.216906
9545.18 0.2072119
9550.5 0.1974733
9555.83 0.1965208
9561.16 0.1957663
9566.480000000001 0.1945236
9571.81 0.194505
9577.130000000001 0.1972924
9582.45 0.1974755
9587.78 0.1970027
9593.1 0.196983
9598.42 0.197008
9603.75 0.1947712
9609.07 0.1945884
9614.390000000001 0.1945899
9619.710000000001 0.1947225
9625.04 0.1960573
9630.35 0.1956324
9635.68 0.195945
9641.0 0.1951961
9646.32 0.1934424
9651.64 0.1929493
9656.96 0.1930719
9662.29 0.1925628
9667.6 0.1929624
9672.92 0.1929946
9678.25 0.1929424
9683.56 0.1926865
9688.88 0.1949316
9694.21 0.1947935
9699.52 0.1945235
9704.84 0.1940317
9710.16 0.1920397
9715.48 0.1921491
9720.800000000001 0.191633
9726.12 0.1917998
9731.43 0.1919581
9736.75 0.1903905
9742.07 0.1897418
9747.39 0.1897813
9752.699999999999 0.1890869
9758.019999999999 0.190227
9763.34 0.1899921
9768.65 0.1896024
9773.960000000001 0.1897049
9779.29 0.1881476
9784.6 0.1880891
9789.92 0.1876818
9795.23 0.1873617
9800.539999999999 0.1910875
9805.859999999999 0.1916614
9811.18 0.1915864
9816.49 0.1916257
9821.800000000001 0.1909073
9827.11 0.1907172
9832.44 0.1915443
9837.74 0.1904258
9843.05 0.1902253
9848.36 0.1915205
9853.67 0.1916513
9858.99 0.1920217
9864.300000000001 0.1917334
9869.61 0.1909991
9874.92 0.1904558
9880.23 0.1905573
9885.55 0.1905284
9890.86 0.1891187
9896.17 0.1891854
9901.48 0.1891611
9906.8 0.1897591
9912.109999999999 0.1901345
9917.42 0.1920762
9922.73 0.1915884
9928.04 0.1909638
9933.35 0.1905931
9938.67 0.1908349
9943.98 0.1913114
9949.289999999999 0.1906413
9954.6 0.1903345
9959.91 0.1915479
9965.230000000001 0.191238
9970.539999999999 0.1916385
9975.85 0.1912672
9981.16 0.1905865
9986.47 0.190728
9991.79 0.1908943
9997.1 0.1901321
10002.41 0.1901272
10007.72 0.1906579
10013.039999999999 0.1900248
10018.35 0.1898213
10023.61 0.1901536
10028.87 0.1893878
10034.179999999998 0.1893907
10039.499999999998 0.1892073
10044.81 0.1892308
10050.12 0.1896961
10055.43 0.1900113
10060.74 0.189361
10066.05 0.1885491
10071.369999999999 0.1878785
10076.68 0.1877476
10081.99 0.1875771
10087.3 0.1873633
10092.62 0.1868975
10097.93 0.1868644
10103.24 0.1874644
10108.5 0.1869284
10113.76 0.1902095
10119.08 0.1898164
10124.390000000001 0.1905481
10129.699999999999 0.18953
10135.01 0.1897912
10140.32 0.1885007
10145.64 0.1882277
10150.95 0.1879922
10156.259999999998 0.1873637
10161.57 0.187652
10166.880000000001 0.1864611
10172.15 0.1866335
10177.41 0.1863294
10182.720000000001 0.1860455
10188.029999999999 0.1861833
10193.35 0.1865118
10198.66 0.1860718
10203.97 0.1876639
10209.28 0.1876818
10214.589999999998 0.1869237
10219.910000000002 0.187146
10225.12 0.1870768
10230.429999999998 0.1865925
10235.74 0.1860524
10241.06 0.1862677
10246.37 0.186223
10251.68 0.1877917
10256.99 0.1874212
10262.3 0.1872236
10267.619999999999 0.1868136
10272.83 0.1868549
10278.14 0.1867011
10283.45 0.1868329
10288.77 0.1870107
10294.080000000002 0.1865803
10299.39 0.1860202
10304.7 0.1853066
10309.960000000001 0.1857096
10315.23 0.1854799
10320.54 0.1859937
10325.85 0.1860155
10331.16 0.1864357
10336.47 0.1854861
10341.789999999999 0.1843859
10347.1 0.1844624
10352.31 0.1835189
10357.62 0.1833293
10362.94 0.1825454
10368.250000000002 0.1826173
10373.56 0.1827582
10378.87 0.1822958
10384.130000000001 0.1826797
10389.4 0.1824666
10394.710000000001 0.1837766
10400.02 0.1835109
10405.33 0.1838914
10410.65 0.183165
10415.96 0.1832505
10421.17 0.1823694
10426.48 0.1820222
10431.8 0.1820973
10437.11 0.1814743
10442.419999999998 0.1819709
10447.73 0.1817975
10452.95 0.1811549
10458.259999999998 0.180189
10463.57 0.1809304
10468.880000000001 0.1806805
10474.19 0.181026
10479.5 0.1805586
10484.720000000001 0.1801772
10490.029999999999 0.1800611
10495.34 0.179043
10500.65 0.1790422
10505.97 0.1794158
10511.23 0.1789531
10516.49 0.1790094
10521.8 0.1789095
10527.109999999999 0.178606
10532.429999999998 0.1783063
10537.74 0.1784527
10542.95 0.1781657
10548.27 0.178143
10553.58 0.1776995
10558.890000000001 0.1779179
10564.199999999999 0.1777877
10569.46 0.1777382
10574.730000000001 0.1773635
10580.039999999999 0.1768168
10585.35 0.1768885
10590.66 0.1768175
10595.93 0.1766567
10601.19 0.1768296
10606.500000000002 0.1766299
10611.81 0.1765173
10617.13 0.1773232
10622.39 0.1771619
10627.65 0.1771608
10632.960000000001 0.1780304
10638.27 0.1770029
10643.58 0.1778295
10648.85 0.1778602
10654.11 0.1772074
10659.42 0.177126
10664.73 0.1773788
10670.05 0.1776823
10675.26 0.1772742
10680.57 0.1779804
10685.880000000001 0.1770653
10691.2 0.177762
10696.509999999998 0.1773302
10701.72 0.1768068
10707.029999999999 0.177419
10712.349999999999 0.1774817
10717.66 0.1777607
10722.92 0.1779228
10728.18 0.1781231
10733.5 0.1780658
10738.810000000001 0.1794092
10744.119999999999 0.1785012
10749.33 0.1783989
10754.65 0.1804561
10759.96 0.1791377
10765.27 0.1787609
10770.53 0.1792051
10775.79 0.1791154
10781.11 0.1794536
10786.420000000002 0.1792176
10791.73 0.1791087
10796.939999999999 0.1790125
10802.259999999998 0.1803262
10807.57 0.1816576
10812.880000000001 0.1842934
10818.09 0.1873157
10823.41 0.1932389
10828.720000000001 0.2005787
10834.029999999999 0.2109975
10839.289999999999 0.2143142
10844.560000000001 0.2051067
10849.869999999999 0.1919933
10855.18 0.1836428
10860.44 0.1806292
10865.71 0.1794933
10871.02 0.1790676
10876.33 0.1777053
10881.59 0.1766803
10886.849999999999 0.1764726
10892.170000000002 0.17597
10897.48 0.1750323
10902.79 0.1739845
10908.0 0.1736943
10913.32 0.1737101
10918.630000000001 0.1732906
10923.94 0.1731452
10929.150000000001 0.1726297
10934.470000000001 0.1724645
10939.779999999999 0.1736563
10945.09 0.1728776
10950.3 0.1727373
10955.619999999999 0.1708558
10960.93 0.1710194
10966.24 0.1708584
10971.45 0.1701499
10976.77 0.16986
10982.08 0.1681472
10987.39 0.1693897
10992.599999999999 0.1696762
10997.920000000002 0.1688842
11003.23 0.1684485
11008.54 0.1681541
11013.75 0.1671739
11019.060000000001 0.1677702
11024.369999999999 0.1665963
11029.640000000001 0.167172
11034.900000000001 0.1655611
11040.21 0.165776
11045.529999999999 0.1641174
11050.789999999999 0.1654023
11056.05 0.1646967
11061.36 0.1648033
11066.67 0.1651056
11071.94 0.1641112
11077.2 0.1637417
11082.51 0.1639584
11087.83 0.1627566
11093.09 0.1626755
11099.42 0.163683
11106.37 0.1631486
11112.759999999998 0.1634412
11119.16 0.1628648
11125.55 0.1627862
11131.94 0.162459
11138.39 0.1622298
11144.78 0.162078
11151.169999999998 0.1614542
11157.570000000002 0.1615947
11163.96 0.1614043
11170.359999999999 0.1617793
11176.75 0.1611141
11183.14 0.1610285
11189.54 0.1606079
11195.93 0.160478
11202.33 0.1613342
11208.720000000001 0.1613038
11215.12 0.1608209
11221.509999999998 0.1610218
11227.9 0.1607037
11234.3 0.1605011
11240.69 0.1599951
11247.08 0.1593567
11253.48 0.1590621
11259.87 0.1591679
11266.27 0.158711
11272.660000000002 0.1585169
11279.060000000001 0.1586137
11285.449999999999 0.1587788
11291.84 0.1585271
11298.24 0.1585384
11304.63 0.1580652
11311.029999999999 0.1581414
11317.42 0.1582384
11323.810000000001 0.1577682
11330.210000000001 0.1576116
11336.599999999999 0.1575495
11343.0 0.1570322
11349.39 0.1569168
11355.740000000002 0.156514
11362.13 0.1565513
11368.52 0.1562061
11374.92 0.1561308
11381.31 0.1556196
11387.71 0.1551599
11394.1 0.1552671
11400.490000000002 0.1586126
11406.84 0.1586361
11413.230000000001 0.158334
11419.630000000001 0.1582223
11426.019999999999 0.1578835
11432.41 0.1582207
11438.81 0.1577251
11445.15 0.1576588
11451.55 0.1576279
11457.94 0.1573846
11464.34 0.1574754
11470.73 0.1575592
11477.08 0.15712
11483.47 0.1567778
11489.86 0.1564297
11496.26 0.1565066
11502.650000000001 0.1563583
11509.0 0.1561111
11515.390000000001 0.1558875
11521.779999999999 0.155602
11528.179999999998 0.155494
11534.519999999999 0.1554527
11540.919999999998 0.1550889
11547.31 0.1553249
11553.659999999998 0.1552882
11560.05 0.1548519
11566.44 0.1545449
11572.84 0.154542
11579.18 0.1542932
11585.58 0.1545561
11591.970000000001 0.1538381
11598.32 0.1542707
11604.710000000001 0.1539427
11611.1 0.153963
11617.5 0.1537014
11623.84 0.1536916
11630.24 0.1536706
11636.58 0.1535897
11642.980000000001 0.1528673
11649.369999999999 0.15299
11655.76 0.1530812
11662.11 0.1529252
11668.5 0.1528103
11674.85 0.1524714
11681.24 0.152513
11687.64 0.1520782
11693.98 0.1519144
11700.38 0.1521337
11706.72 0.1519082
11713.11 0.151595
11719.51 0.1514809
11725.85 0.1512472
11732.25 0.1510932
11738.59 0.1509523
11744.99 0.1506745
11751.380000000001 0.1507513
11757.73 0.1507996
11764.12 0.1504997
11770.460000000001 0.150001
11776.86 0.1500725
11783.25 0.1496914
11789.6 0.1496342
11795.94 0.1495079
11802.34 0.1492342
11808.730000000001 0.1491168
11815.070000000002 0.1492172
11821.42 0.1488333
11827.810000000001 0.1488555
11834.210000000001 0.1482684
11840.550000000001 0.1481439
11846.95 0.1482483
11853.29 0.1482037
11859.69 0.1481922
11866.03 0.1480914
11872.37 0.1479157
11878.77 0.1482562
11885.16 0.1481496
11891.51 0.1481025
11897.85 0.1475954
11904.25 0.1474966
11910.64 0.1470591
11916.98 0.1469839
11923.330000000002 0.1467837
11929.72 0.1466484
11936.070000000002 0.1463655
11942.42 0.1464288
11948.810000000001 0.1462446
11955.199999999999 0.1462976
11961.550000000001 0.1458494
11967.890000000001 0.1456344
11974.29 0.1455898
11980.630000000001 0.1450152
11986.98 0.1450721
11993.37 0.1449739
11999.71 0.145016
12006.11 0.1459859
12012.449999999999 0.1456679
12018.85 0.1458478
12025.189999999999 0.1455471
12031.54 0.1453731
12037.929999999998 0.1455274
12044.28 0.1450835
12050.62 0.1450487
12057.009999999998 0.144897
12063.36 0.1449031
12069.710000000001 0.1450101
12076.1 0.1447209
12082.44 0.1444325
12088.79 0.1440462
12095.18 0.1442833
12101.53 0.1439993
12107.87 0.1438116
12114.27 0.1436878
12120.61 0.1435982
12126.96 0.1434112
12133.35 0.1434127
12139.7 0.1431154
12146.04 0.1430881
12152.43 0.1431367
12158.78 0.1427124
12165.12 0.1429744
12171.52 0.1429249
12177.86 0.1426427
12184.21 0.1426081
12190.55 0.1423266
12196.9 0.1438522
12203.29 0.1436281
12209.64 0.1436189
12215.98 0.1433129
12222.38 0.1433344
12228.72 0.1431397
12235.07 0.1429979
12241.46 0.1431341
12247.75 0.142681
12254.15 0.1428167
12260.49 0.1426261
12266.840000000002 0.1425472
12273.23 0.1421902
12279.580000000002 0.1419621
12285.919999999998 0.1422679
12292.27 0.1419611
12298.61 0.1418488
12305.01 0.1415551
12311.35 0.1416188
12317.7 0.1416614
12324.04 0.1414163
12330.39 0.1410746
12336.78 0.140993
12343.13 0.1407387
12349.47 0.1406419
12355.810000000001 0.1405245
12362.16 0.1402579
12368.550000000001 0.1402986
12374.85 0.1400873
12381.24 0.1398192
12387.59 0.1401521
12393.93 0.1400386
12400.279999999999 0.1402205
12406.619999999999 0.140119
12413.019999999999 0.139821
12419.359999999999 0.1397434
12425.710000000001 0.1400053
12432.05 0.1397475
12438.400000000001 0.1393336
12444.789999999999 0.1391843
12451.09 0.1388605
12457.480000000001 0.1388194
12463.78 0.1389525
12470.17 0.1390334
12476.51 0.1384538
12482.86 0.1385148
12489.2 0.1384879
12495.55 0.1385917
12501.94 0.1387369
12508.24 0.1384421
12514.63 0.1386041
12520.929999999998 0.138879
12527.32 0.138797
12533.669999999998 0.1383324
12540.009999999998 0.1380208
12546.36 0.1374886
12552.7 0.137463
12559.050000000001 0.1376775
12565.390000000001 0.1384605
12571.79 0.1393631
12578.08 0.1393543
12584.48 0.1380594
12590.77 0.1376621
12597.17 0.1377563
12603.46 0.1381272
12609.859999999999 0.1379022
12616.15 0.1380874
12622.539999999999 0.1378962
12628.89 0.138294
12635.23 0.1378939
12641.579999999998 0.1378756
12647.919999999998 0.1381651
12654.27 0.1379651
12660.61 0.1376977
12666.960000000001 0.1379331
12673.300000000001 0.137929
12679.65 0.1377521
12685.99 0.1379124
12692.34 0.1377084
12698.68 0.1377671
12705.029999999999 0.1379506
12711.369999999999 0.1378851
12717.72 0.1379096
12724.06 0.1381462
12730.410000000002 0.1380775
12736.749999999998 0.1381248
12743.1 0.137717
12749.44 0.1379482
12755.79 0.1376339
12762.130000000001 0.1376316
12768.48 0.1373632
12774.82 0.1371789
12781.17 0.1370409
12787.51 0.137352
12793.859999999999 0.137102
12800.199999999999 0.1371685
12806.550000000001 0.1374618
12812.89 0.1377377
12819.24 0.1390182
12825.580000000002 0.1399384
12831.93 0.1395719
12838.27 0.1382543
12844.57 0.1367466
12850.960000000001 0.1363389
12857.25 0.1361084
12863.65 0.1356366
12869.94 0.1356942
12876.34 0.1360004
12882.63 0.1355365
12889.029999999999 0.1349353
12895.32 0.1347894
12901.720000000001 0.1340193
12908.01 0.1339361
12914.36 0.1332441
12920.71 0.1331558
12927.05 0.1332864
12933.39 0.1330268
12939.74 0.1331201
12946.08 0.1327579
12952.38 0.1329689
12958.769999999999 0.1324974
12965.070000000002 0.1324447
12971.46 0.1322021
12977.76 0.1323532
12984.150000000001 0.131698
12990.45 0.1316049
12996.79 0.1315249
13003.14 0.1313192
13009.48 0.1325683
13015.83 0.1320766
13022.119999999999 0.1320884
13028.519999999999 0.1322558
13034.81 0.1319316
13041.210000000001 0.1315829
13047.5 0.1316815
13053.85 0.131646
13060.19 0.1314394
13066.539999999999 0.1313077
13072.88 0.1311927
13079.179999999998 0.1311745
13085.57 0.1310267
13091.87 0.1307847
13098.26 0.1304424
13104.560000000001 0.1300292
13110.900000000001 0.1298189
13117.25 0.1297146
13123.54 0.1298273
13129.94 0.1292134
13136.23 0.1290805
13142.63 0.1288741
13148.92 0.1289575
13155.269999999999 0.1287176
13161.609999999999 0.1288038
13167.960000000001 0.1285185
13174.300000000001 0.1288291
13180.6 0.1286907
13186.99 0.1283342
13193.289999999999 0.1280434
13199.63 0.1279983
13205.98 0.12819
13212.269999999999 0.1276792
13218.669999999998 0.1281207
13224.96 0.1276018
13231.36 0.1271578
13237.650000000001 0.1273818
13244.0 0.1270432
13250.34 0.12666
13256.64 0.1266313
13263.03 0.1265725
13269.33 0.1263523
13275.67 0.1267561
13282.02 0.1261845
13286.74 0.1266126
13378.32 0.1243617
13427.51 0.1249101
13476.69 0.1239766
13525.88 0.1230784
13575.060000000001 0.1222148
13624.25 0.1221238
13673.43 0.1213216
13722.62 0.1205517
13771.800000000001 0.1198142
13820.99 0.1183884
13889.849999999999 0.1182372
13897.859999999999 0.1185363
13905.83 0.1181632
13913.85 0.1179504
13921.859999999999 0.1177375
13929.83 0.1174498
13937.85 0.1173579
13945.82 0.1175112
13953.83 0.1170811
13961.8 0.1172343
13969.82 0.1167361
13977.839999999998 0.1167696
13985.8 0.1167045
13993.77 0.1166193
14001.79 0.1164031
14009.81 0.1154165
14017.779999999999 0.1156149
14025.74 0.1155715
14033.76 0.1157916
14041.779999999999 0.1154489
14049.75 0.1151195
14057.710000000001 0.1150972
14065.730000000001 0.1149708
14073.7 0.1147144
14081.72 0.1145713
14089.68 0.1143168
14097.699999999999 0.1145482
14105.669999999998 0.1140952
14113.69 0.1139774
14121.65 0.1140181
14129.62 0.1138784
14137.64 0.1137313
14145.609999999999 0.1135899
14153.579999999998 0.1134721
14161.59 0.1134528
14169.560000000001 0.1133889
14177.53 0.1135831
14185.54 0.1132623
14193.51 0.1129284
14201.48 0.1128246
14209.5 0.1128776
14217.470000000001 0.1136775
14225.429999999998 0.1136347
14233.4 0.1134394
14241.42 0.1133934
14249.39 0.1128976
14257.359999999999 0.1132562
14265.369999999999 0.1132128
14273.34 0.1130617
14281.31 0.1127273
14289.28 0.1133842
14297.24 0.1133313
14305.26 0.1135475
14313.23 0.1132726
14321.2 0.1127635
14329.17 0.1123751
14337.18 0.1122828
14345.15 0.1120501
14353.119999999999 0.1117839
14361.09 0.1114948
14369.050000000001 0.1115789
14377.02 0.1115474
14384.99 0.1114479
14393.01 0.1115521
14400.980000000001 0.1111864
14408.939999999999 0.1110242
14416.91 0.1137174
14424.88 0.1140616
14432.849999999999 0.1137284
14440.820000000002 0.1137603
14448.78 0.1136076
14456.75 0.1132417
14464.77 0.1130365
14472.74 0.1127693
14480.710000000001 0.1132519
14488.669999999998 0.1132468
14496.640000000001 0.1130496
14504.61 0.1131125
14512.58 0.1129365
14520.539999999999 0.1124736
14528.509999999998 0.1124
14536.480000000001 0.1124883
14544.45 0.112149
14552.42 0.1121312
14560.38 0.1120324
14568.35 0.1119071
14576.32 0.111651
14584.289999999999 0.1116804
14592.259999999998 0.1117248
14600.22 0.111358
14608.19 0.1112929
14616.16 0.1104652
14624.08 0.1102624
14632.050000000001 0.1101773
14640.01 0.1101623
14647.98 0.1099867
14655.949999999999 0.1098116
14663.92 0.1098473
14671.890000000001 0.1096893
14679.85 0.1097199
14687.82 0.10964
14695.789999999999 0.1094987
14703.710000000001 0.1093936
14711.68 0.1092453
14719.65 0.109229
14727.61 0.1092142
14735.58 0.1089969
14743.550000000001 0.1090435
14751.47 0.1088653
14759.439999999999 0.10866
14767.4 0.108615
14775.37 0.1086521
14783.34 0.1084594
14791.31 0.1082992
14799.230000000001 0.1109219
14807.189999999999 0.1111894
14815.16 0.1106781
14823.13 0.1105252
14831.05 0.1105781
14839.02 0.110693
14846.99 0.1103947
14854.95 0.1103591
14862.92 0.1103894
14870.84 0.1103077
14878.81 0.1098588
14886.779999999999 0.1097096
14894.7 0.1095225
14902.660000000002 0.1095056
14910.630000000001 0.1096337
14918.6 0.1094903
14926.52 0.1095146
14934.49 0.1095084
14942.4 0.109401
14950.369999999999 0.1093937
14958.340000000002 0.109131
14966.310000000001 0.109158
14974.23 0.1090361
14982.2 0.1088683
14990.11 0.1115539
14998.08 0.1114046
15006.05 0.1113991
15014.019999999999 0.1114863
15021.94 0.110972
15029.9 0.1106232
15037.82 0.110376
15045.79 0.1099453
15053.76 0.1100727
15061.68 0.1099835
15069.650000000001 0.1101212
15077.57 0.1098525
15085.53 0.1097975
15093.5 0.109805
15101.42 0.1099044
15109.34 0.1097045
15117.31 0.1096399
15125.27 0.109449
15133.19 0.1094889
15141.16 0.1092429
15149.08 0.1091319
15157.050000000001 0.1092164
15165.02 0.109049
15172.93 0.1089262
15180.849999999999 0.1087935
15188.820000000002 0.108895
15196.79 0.1124659
15204.71 0.1121779
15212.630000000001 0.1120622
15220.6 0.1119648
15228.56 0.1120455
15236.48 0.1119497
15244.4 0.1116968
15252.369999999999 0.1116667
15260.29 0.1116364
15268.250000000002 0.111589
15276.17 0.1113252
15284.14 0.1113703
15292.060000000001 0.1111454
15299.98 0.1109847
15307.949999999999 0.1108017
15315.91 0.1109689
15323.83 0.1109585
15331.75 0.1110507
15339.72 0.1111201
15347.64 0.1109188
15355.56 0.110851
15363.53 0.1106435
15371.490000000002 0.11047
15379.41 0.1102714
15387.33 0.1100806
15395.300000000001 0.1099584
15403.22 0.1099336
15411.140000000001 0.1115425
15419.11 0.1114179
15427.02 0.1113847
15434.939999999999 0.1112242
15442.910000000002 0.1112525
15450.83 0.1112768
15458.750000000002 0.1115005
15466.720000000001 0.111364
15474.64 0.1109585
15482.55 0.1110664
15490.52 0.1109125
15498.44 0.1108673
15506.359999999999 0.1105895
15514.33 0.1105793
15522.25 0.1102836
15530.17 0.1101394
15538.130000000001 0.1102388
15546.05 0.1100069
15553.97 0.1099044
15561.94 0.1096087
15569.86 0.1096951
15577.78 0.1092984
15585.74 0.1093533
15593.66 0.1092509
15601.58 0.1090938
15609.5 0.1098669
15617.42 0.1098373
15625.39 0.109704
15633.31 0.1098533
15641.23 0.1099428
15649.189999999999 0.1097571
15657.11 0.1095939
15665.03 0.1094077
15673.0 0.1092341
15680.87 0.1091259
15688.84 0.1091059
15696.75 0.1087835
15704.67 0.1087418
15712.64 0.1086802
15720.51 0.1086805
15728.48 0.1086443
15736.4 0.1085319
15744.32 0.1082939
15752.28 0.1083416
15760.15 0.108002
15768.12 0.1077138
15776.04 0.1077409
15783.96 0.1073092
15791.93 0.1071832
15799.8 0.1074016
15807.77 0.1070143
15815.68 0.106972
15823.6 0.1068227
15831.519999999999 0.1068657
15839.44 0.1065235
15847.41 0.1067335
15855.33 0.1067371
15863.25 0.1063279
15871.170000000002 0.1064445
15879.080000000002 0.1065834
15887.050000000001 0.1064095
15894.919999999998 0.1059197
15902.890000000001 0.1057048
15910.81 0.1056639
15918.730000000001 0.105569
15926.65 0.1054364
15934.56 0.1053484
15942.480000000001 0.1055464
15950.4 0.1055514
15958.369999999999 0.105477
15966.24 0.1049613
15974.21 0.1048642
15982.130000000001 0.1051117
15990.04 0.1046413
15997.96 0.1046736
16005.88 0.1066984
16013.800000000001 0.1066253
16021.72 0.1065361
16029.69 0.1063776
16037.56 0.1062054
16045.529999999999 0.1062867
16053.4 0.106039
16061.36 0.106112
16069.230000000001 0.1060488
16077.2 0.1060458
16085.119999999999 0.1058746
16093.04 0.1060727
16100.96 0.1058875
16108.880000000001 0.1059631
16116.79 0.1056551
16124.71 0.1057258
16132.63 0.1054009
16140.55 0.1052526
16148.52 0.1052878
16156.390000000001 0.1052739
16164.36 0.1050801
16172.230000000001 0.1052678
16180.2 0.1049432
16188.06 0.1049373
16196.029999999999 0.1060357
16203.9 0.1054443
16211.869999999999 0.1053411
16219.74 0.1052496
16227.71 0.1051285
16235.58 0.1055148
16243.54 0.1051904
16251.41 0.1052215
16259.380000000001 0.1051704
16267.25 0.1050952
16275.22 0.1050036
16283.09 0.1051653
16291.06 0.1051293
16298.93 0.10522
16306.890000000001 0.1048188
16314.759999999998 0.1049607
16322.730000000001 0.1047485
16330.6 0.1045583
16338.57 0.1045152
16346.44 0.1045922
16354.41 0.1043093
16362.28 0.1042364
16370.25 0.1040467
16378.109999999999 0.1040102
16386.08 0.103893
16393.95 0.1036496
16401.920000000002 0.1043417
16409.79 0.1043164
16417.76 0.1042136
16425.63 0.103907
16433.6 0.10434
16441.460000000003 0.1049009
16449.38 0.1049189
16457.3 0.1046986
16465.22 0.1041077
16473.14 0.1037602
16481.06 0.1035293
16488.98 0.1036701
16496.9 0.1037874
16504.82 0.1034613
16512.73 0.1036171
16520.649999999998 0.1033414
16528.52 0.1031962
16536.489999999998 0.1031957
16544.36 0.1029008
16552.329999999998 0.1029005
16560.2 0.1026199
16568.16 0.1027559
16576.04 0.1028544
16584.0 0.1028261
16591.87 0.1027745
16599.79 0.1026003
16607.71 0.1032778
16615.629999999997 0.1030931
16623.55 0.1028486
16631.469999999998 0.1027528
16639.379999999997 0.1026023
16647.25 0.1026827
16655.22 0.1022987
16663.09 0.1024786
16671.06 0.1023157
16678.93 0.1019917
16686.9 0.1020958
16694.77 0.1019944
16702.69 0.1018969
16710.61 0.1017975
16718.53 0.1018176
16726.44 0.1018829
16734.36 0.1018219
16742.28 0.1015103
16750.149999999998 0.1013595
16758.12 0.1013687
16765.989999999998 0.1012795
16773.960000000003 0.1012344
16781.829999999998 0.1012109
16789.739999999998 0.1013983
16797.66 0.101366
16805.58 0.1012135
16813.5 0.1012235
16821.37 0.1011081
16829.34 0.1008515
16837.21 0.1006341
16845.18 0.1003241
16853.04 0.1004669
16861.010000000002 0.100492
16868.88 0.1004946
16876.8 0.1002921
16884.72 0.100041
16892.64 0.09994413
16900.56 0.09991674
16908.43 0.09987937
16916.39 0.099706
16924.26 0.09970943
16932.23 0.09945625
16940.1 0.09975606
16948.02 0.09955477
16955.94 0.09930035
16963.86 0.09909796
16971.780000000002 0.09937505
16979.649999999998 0.09923967
16987.620000000003 0.0992463
16995.48 0.09873246
17003.45 0.0985926
17011.32 0.09883061
17019.24 0.0986306
17027.16 0.09852183
17035.08 0.09836393
17043.0 0.09833707
17050.87 0.0984553
17058.84 0.098024
17066.71 0.09805855
17074.670000000002 0.09768167
17082.54 0.09770279
17090.46 0.09772091
17098.38 0.09758457
17106.25 0.09754719
17114.22 0.09745478
17122.09 0.09761755
17130.050000000003 0.09741534
17137.93 0.09743805
17145.84 0.09724491
17153.76 0.09719673
17161.68 0.09675295
17169.600000000002 0.09703052
17177.469999999998 0.09707639
17185.440000000002 0.09695101
17193.309999999998 0.09529884
17201.280000000002 0.09513484
17209.14 0.09488791
17217.06 0.09513337
17224.98 0.09492943
17232.9 0.09483967
17240.82 0.09488059
17248.69 0.09457186
17256.66 0.09480624
17264.53 0.09454171
17272.49 0.09421316
17280.36 0.09430553
17288.28 0.09422282
17296.2 0.09421912
17304.12 0.09386354
17312.04 0.0937913
17319.91 0.0936652
17327.88 0.09337672
17335.75 0.09351989
17343.710000000003 0.09338833
17351.579999999998 0.09313662
17359.5 0.09274771
17367.420000000002 0.09318312
17375.34 0.09313975
17383.260000000002 0.09327426
17391.18 0.09260891
17399.100000000002 0.09234759
17406.97 0.092502
17414.93 0.09248263
17422.8 0.09227908
17430.77 0.09203824
17438.64 0.0918921
17446.56 0.09198966
17454.48 0.09194235
17462.4 0.09193491
17470.32 0.09187091
17478.19 0.09185115
17486.15 0.09158659
17494.02 0.09164581
17501.99 0.09157671
17509.86 0.09145009
17517.83 0.09120467
17525.7 0.09111956
17533.620000000003 0.09085894
17541.54 0.09085725
17549.46 0.09094146
17557.38 0.09020935
17565.29 0.09021867
17573.21 0.09016128
17581.08 0.09016284
17589.05 0.08876456
17596.920000000002 0.08885069
17604.89 0.08881693
17612.760000000002 0.08870212
17620.68 0.08862832
17628.59 0.08818626
17636.510000000002 0.08861249
17644.43 0.08821535
17652.350000000002 0.08833258
17660.27 0.08817772
17668.19 0.08800419
17676.11 0.0881871
17683.98 0.08825337
17691.94 0.08849142
17699.81 0.08836598
17707.78 0.08813373
17715.65 0.08760358
17723.62 0.08790014
17731.49 0.08760476
17739.46 0.08750776
17747.329999999998 0.08732462
17755.24 0.08731532
17763.16 0.08680507
17771.079999999998 0.08713438
17779.0 0.0871197
17786.92 0.08718234
17794.84 0.08567232
17802.76 0.08626581
17810.68 0.08582723
17818.6 0.08600102
17826.52 0.08603097
17834.43 0.08523774
17842.35 0.08611952
17850.27 0.08539747
17858.19 0.085944
17866.11 0.08568755
17874.030000000002 0.08558001
17881.899999999998 0.08561049
17889.870000000003 0.0854432
17895.77 0.08522418
17952.53 0.08576038
18001.71 0.08375309
18050.9 0.08336838
18100.08 0.08298685
18149.27 0.08260829
18198.45 0.08223285
18247.64 0.08155036
18296.82 0.08118253
18346.01 0.08081753
18395.19 0.0804555
18444.38 0.07919605
18522.48 0.0791689
18527.79 0.07943737
18533.11 0.07954202
18538.42 0.07911002
18543.73 0.079239
18549.04 0.07920013
18554.36 0.07935102
18559.67 0.0794698
18564.98 0.07903508
18570.29 0.079291
18575.600000000002 0.0793741
18580.91 0.07976599
18586.23 0.08002306
18591.54 0.07868382
18596.85 0.07844035
18602.16 0.07855555
18607.469999999998 0.07901264
18612.690000000002 0.07865789
18618.0 0.07866732
18623.31 0.07920588
18628.63 0.07892774
18633.94 0.07864182
18639.25 0.07862502
18644.559999999998 0.07890454
18649.87 0.07917135
18655.18 0.07909308
18660.5 0.07947723
18665.81 0.07960575
18671.120000000003 0.07937364
18676.43 0.07973768
18681.74 0.07970758
18687.05 0.07981296
18692.37 0.07901633
18697.68 0.07739777
18702.989999999998 0.07784568
18708.21 0.07886214
18713.52 0.07898505
18718.829999999998 0.0787044
18724.14 0.07845241
18729.45 0.07923842
18734.77 0.07943986
18740.079999999998 0.07973654
18745.39 0.07956669
18750.7 0.08159593
18756.010000000002 0.08153139
18761.32 0.08261934
18766.64 0.08357589
18771.95 0.08376479
18777.26 0.08257661
18782.57 0.08137462
18787.79 0.08033687
18793.1 0.07898452
18798.41 0.07836418
18803.719999999998 0.07776605
18809.04 0.07752807
18814.35 0.07735942
18819.66 0.07749054
18824.97 0.07713784
18830.28 0.07641677
18835.59 0.07608324
18840.91 0.07655627
18846.22 0.07701957
18851.530000000002 0.07630044
18856.74 0.07579579
18862.05 0.07529981
18867.370000000003 0.07527805
18872.68 0.07563955
18877.99 0.07618431
18883.3 0.07619573
18888.62 0.07621883
18893.93 0.07486459
18899.239999999998 0.07409144
18904.55 0.07395088
18909.86 0.07422475
18915.18 0.07454526
18920.39 0.07491756
18925.7 0.07488395
18931.01 0.0742542
18936.32 0.0743278
18941.64 0.07398494
18946.95 0.07399033
18952.260000000002 0.07438344
18957.57 0.07406399
18962.88 0.07396014
18968.2 0.07397557
18973.51 0.07332273
18978.72 0.0735758
18984.03 0.07380971
18989.350000000002 0.0735692
18994.66 0.07361328
18999.97 0.07338606
19005.28 0.07316634
19010.59 0.0729837
19015.91 0.07315575
19021.22 0.07315067
19026.53 0.07299245
19031.739999999998 0.0727037
19037.059999999998 0.07283018
19042.37 0.07291128
19047.68 0.07285633
19052.99 0.07278237
19058.3 0.07265448
19063.62 0.07277111
19068.93 0.07284049
19074.24 0.07275975
19079.55 0.07242618
19084.77 0.07249314
19090.08 0.07254358
19095.39 0.0722686
19100.7 0.07216201
19106.01 0.07225951
19111.329999999998 0.07212785
19116.64 0.07201238
19121.95 0.07216151
19127.26 0.07188371
19132.469999999998 0.07218344
19137.789999999997 0.07213241
19143.1 0.07227072
19148.41 0.07231762
19153.72 0.07247712
19159.04 0.07233383
19164.350000000002 0.07224915
19169.66 0.07213626
19174.87 0.07208778
19180.18 0.07196219
19185.5 0.07206495
19190.81 0.07179544
19196.120000000003 0.07198127
19201.43 0.07123933
19206.74 0.07141336
19212.06 0.0712521
19217.37 0.0713876
19222.58 0.07120528
19227.89 0.07100938
19233.21 0.07103021
19238.52 0.07078962
19243.829999999998 0.07063497
19249.14 0.0707382
19254.45 0.07070123
19259.77 0.07052039
19264.98 0.07049565
19270.29 0.07035678
19275.6 0.07023754
19280.92 0.07023378
19286.23 0.07010571
19291.54 0.07006442
19296.850000000002 0.07001732
19302.06 0.07023003
19307.38 0.07001722
19312.69 0.07003525
19318.0 0.06980215
19323.31 0.06959086
19328.63 0.06963113
19333.940000000002 0.06982177
19339.25 0.06950943
19344.460000000003 0.06961102
19349.780000000002 0.06956866
19355.09 0.06961629
19360.4 0.06953619
19365.71 0.06958481
19371.02 0.06944288
19376.329999999998 0.06954881
19381.55 0.06936488
19386.86 0.06961048
19392.17 0.06950282
19397.48 0.068161
19402.8 0.06793279
19408.11 0.068084
19413.42 0.06781971
19418.629999999997 0.06779429
19423.95 0.06763877
19429.26 0.06772103
19434.57 0.06772471
19439.88 0.06760038
19445.190000000002 0.06757725
19450.510000000002 0.06784237
19455.72 0.06768285
19461.03 0.067669
19466.34 0.06763902
19471.65 0.06766546
19476.97 0.06745967
19482.280000000002 0.06733467
19487.49 0.06731433
19492.8 0.06710868
19498.120000000003 0.06718532
19503.43 0.06732293
19508.74 0.06726477
19514.05 0.06727048
19519.37 0.06721529
19524.58 0.06712577
19529.89 0.06703754
19535.2 0.06715161
19540.51 0.06722323
19545.82 0.0671641
19551.14 0.06705932
19556.35 0.06711304
19561.66 0.06700425
19566.969999999998 0.0671959
19572.29 0.06721533
19577.6 0.06734864
19582.91 0.06744301
19588.12 0.0675062
19593.44 0.06753934
19598.75 0.06696131
19604.06 0.06696725
19609.37 0.06700918
19614.69 0.06712424
19619.899999999998 0.06719686
19625.21 0.06756237
19630.52 0.06761256
19635.83 0.0676413
19641.15 0.06788745
19646.46 0.06773343
19651.670000000002 0.06752554
19656.98 0.06700972
19662.29 0.06683913
19667.61 0.06687336
19672.920000000002 0.06583967
19678.23 0.06662346
19683.45 0.06643041
19688.760000000002 0.06638143
19694.07 0.06585334
19699.38 0.06617659
19704.69 0.06645892
19710.0 0.06633948
19715.22 0.06639377
19720.53 0.06606436
19725.84 0.06609523
19731.149999999998 0.06590026
19736.469999999998 0.06510338
19741.78 0.06521254
19746.99 0.06517267
19752.31 0.06519938
19757.62 0.06516121
19762.93 0.06538392
19768.239999999998 0.06548805
19773.45 0.06545183
19778.77 0.06539884
19784.079999999998 0.06532502
19789.39 0.06527061
19794.7 0.06520105
19800.01 0.06500153
19805.23 0.06442837
19810.54 0.06426402
19815.85 0.06422705
19821.16 0.064194
19826.47 0.06407436
19831.69 0.06426766
19837.0 0.06427701
19842.31 0.06394948
19847.62 0.06396755
19852.94 0.06403719
19858.15 0.06402457
19863.46 0.06374648
19868.77 0.06370741
19874.09 0.06370093
19879.4 0.06367551
19884.61 0.06360837
19889.920000000002 0.06357395
19895.24 0.06351531
19900.55 0.06348492
19905.86 0.06335063
19911.170000000002 0.06339502
19916.39 0.06352693
19921.7 0.0634087
19927.010000000002 0.0632986
19932.32 0.06330322
19937.63 0.06321269
19942.850000000002 0.06297243
19948.16 0.06303174
19953.47 0.06320437
19958.78 0.06315163
19964.1 0.06314343
19969.31 0.06294552
19974.62 0.06300325
19979.93 0.06290213
19985.239999999998 0.06297541
19990.559999999998 0.06297709
19995.77 0.06297978
20001.08 0.06297367
20006.39 0.06299421
20011.71 0.06288388
20017.02 0.06284476
20022.23 0.06280147
20027.54 0.06271312
20032.85 0.06272538
20038.170000000002 0.06270227
20043.48 0.06275805
20048.69 0.06272818
20054.01 0.0626079
20059.32 0.06263674
20064.63 0.06275699
20069.84 0.06252866
20075.16 0.06256164
20080.469999999998 0.06233024
20085.78 0.06262133
20091.09 0.06240771
20096.3 0.06249935
20101.62 0.06244842
20106.929999999997 0.06243788
20112.239999999998 0.06232853
20117.55 0.06242512
20122.77 0.06235076
20128.08 0.06237907
20133.390000000003 0.06237912
20138.699999999997 0.06240497
20144.01 0.06234508
20149.23 0.06227675
20154.54 0.06227334
20159.850000000002 0.06233841
20165.160000000003 0.06229083
20170.379999999997 0.0622123
20175.69 0.06220753
20181.0 0.06211451
20186.31 0.06214733
20191.620000000003 0.0621563
20196.839999999997 0.06142837
20202.149999999998 0.06145385
20207.46 0.06127694
20212.77 0.06133011
20217.99 0.06122506
20223.300000000003 0.06118104
20228.609999999997 0.06117574
20233.93 0.06108728
20239.24 0.06107065
20244.45 0.06099535
20249.760000000002 0.06093675
20255.070000000003 0.06095224
20260.379999999997 0.0610197
20265.6 0.06091757
20270.91 0.06101213
20276.22 0.06106105
20281.539999999997 0.06093435
20286.749999999996 0.06086276
20292.059999999998 0.06097027
20297.37 0.06083869
20302.68 0.06078311
20308.0 0.0608579
20313.210000000003 0.06074561
20318.52 0.06073008
20323.84 0.06083606
20329.15 0.06075176
20334.36 0.06067414
20339.670000000002 0.06101853
20344.980000000003 0.06084242
20350.29 0.06080742
20355.51 0.06080227
20360.82 0.06079443
20366.13 0.06069422
20371.45 0.06051065
20376.76 0.06036214
20381.969999999998 0.06038965
20387.28 0.0605085
20392.59 0.06037158
20397.91 0.0605453
20403.120000000003 0.06034131
20408.43 0.06049097
20413.739999999998 0.06056169
20419.06 0.06035701
20424.27 0.06049255
20429.58 0.06033964
20434.89 0.06042221
20440.21 0.06032159
20445.42 0.06031764
20450.73 0.06020141
20456.04 0.06028725
20461.36 0.06017029
20466.570000000003 0.06022898
20471.879999999997 0.06006162
20477.19 0.06018066
20482.510000000002 0.05995831
20487.72 0.05993729
20493.030000000002 0.05996835
20498.34 0.0599943
20503.65 0.05984969
20508.97 0.05980994
20514.18 0.05982671
20519.49 0.05978979
20524.8 0.05985909
20530.12 0.05976242
20535.329999999998 0.05971415
20540.64 0.05971595
20545.95 0.05971451
20551.27 0.05956365
20556.480000000003 0.05958577
20561.79 0.05972863
20567.1 0.05949021
20572.420000000002 0.05949807
20577.63 0.05940315
20582.940000000002 0.05950347
20588.25 0.05951628
20593.56 0.05920726
20598.78 0.05919721
20604.09 0.05918599
20609.4 0.05905957
20614.620000000003 0.0589685
20619.93 0.05892725
20625.239999999998 0.05882901
20630.55 0.05886273
20635.76 0.05862459
20641.08 0.05878438
20646.39 0.05870335
20651.7 0.05872876
20656.92 0.05866193
20662.23 0.05855384
20667.54 0.05872989
20672.850000000002 0.05877511
20678.070000000003 0.05864261
20683.379999999997 0.05855145
20688.69 0.05851497
20694.0 0.05854631
20699.21 0.05844771
20704.530000000002 0.05834551
20709.84 0.0584203
20715.15 0.05846884
20720.36 0.0584827
20725.68 0.05823555
20730.99 0.05836387
20736.3 0.05831447
20741.510000000002 0.05846981
20746.82 0.05842575
20752.14 0.058227
20757.35 0.05823903
20762.66 0.05815205
20767.980000000003 0.05818359
20773.29 0.05816891
20778.500000000004 0.0582147
20783.809999999998 0.05768563
20789.12 0.05764034
20794.440000000002 0.0577325
20799.65 0.05755074
20804.960000000003 0.05756213
20810.27 0.05746822
20815.59 0.05746477
20820.8 0.05740193
20826.11 0.05741865
20831.420000000002 0.057397
20836.640000000003 0.0573197
20841.949999999997 0.05732614
20847.26 0.05741411
20852.57 0.05733632
20857.79 0.05728606
20863.100000000002 0.05727529
20868.410000000003 0.05724731
20873.719999999998 0.05714176
20878.930000000004 0.05734801
20884.25 0.05716947
20889.56 0.05718857
20894.77 0.05704837
20900.089999999997 0.0572856
20905.399999999998 0.05721102
20910.71 0.05710169
20915.92 0.05709549
20921.24 0.05712254
20926.550000000003 0.05699191
20931.86 0.05706924
20937.070000000003 0.05688779
20942.379999999997 0.05697622
20947.7 0.05694362
20952.91 0.05687578
20958.22 0.05691203
20963.530000000002 0.05675122
20968.85 0.05671796
20974.059999999998 0.05678175
20979.37 0.05665397
20984.68 0.05680986
20989.9 0.05662573
20995.210000000003 0.05661184
21000.519999999997 0.0567664
21005.829999999998 0.05674765
21011.05 0.05673393
21016.36 0.05673163
21021.670000000002 0.05670613
21026.88 0.05668902
21032.199999999997 0.05643186
21037.51 0.05665629
21042.82 0.05656693
21048.03 0.05652558
21053.350000000002 0.05646803
21058.659999999996 0.05637959
21063.87 0.05639891
21069.179999999997 0.05638982
21074.489999999998 0.05634223
21079.81 0.05638773
21085.02 0.05630125
21090.33 0.05628037
21095.649999999998 0.05625398
21100.86 0.05613644
21106.17 0.05612764
21111.48 0.05610321
21116.79 0.05610101
21122.010000000002 0.05612574
21127.32 0.05597395
21132.629999999997 0.05617559
21137.85 0.05596785
21143.16 0.05595301
21148.47 0.05602721
21153.780000000002 0.05602274
21158.99 0.05589865
21164.31 0.05583133
21169.62 0.05591731
21174.83 0.05576926
21180.14 0.05576544
21185.46 0.05570007
21190.67 0.05576361
21195.98 0.0558386
21201.3 0.05582243
21206.61 0.05579448
21211.82 0.05571359
21217.13 0.05579003
21222.44 0.05559233
21227.66 0.05582985
21232.97 0.05591627
21238.28 0.05579118
21243.59 0.05570979
21248.809999999998 0.05551979
21254.12 0.05546684
21259.43 0.05526907
21264.64 0.05535592
21269.960000000003 0.05541939
21275.27 0.05528053
21280.480000000003 0.05538826
21285.79 0.0552649
21291.11 0.0553343
21296.420000000002 0.05536797
21301.63 0.05536916
21306.940000000002 0.05528767
21312.25 0.05542985
21317.469999999998 0.05527543
21322.78 0.05532422
21328.09 0.05538344
21333.31 0.05523151
21338.620000000003 0.05520117
21343.93 0.05511733
21349.239999999998 0.05504892
21354.46 0.05506496
21359.77 0.05517808
21365.08 0.05514037
21370.29 0.05487335
21375.609999999997 0.05505334
21380.92 0.05497236
21386.129999999997 0.05495139
21391.44 0.05501673
21396.75 0.05507138
21401.97 0.0549548
21407.280000000002 0.0549371
21412.589999999997 0.05487986
21417.899999999998 0.05466781
21423.12 0.05465328
21428.43 0.0545324
21433.74 0.05451647
21438.96 0.05448636
21444.269999999997 0.05457748
21449.579999999998 0.05445211
21454.79 0.05451466
21460.11 0.05428002
21465.420000000002 0.05453352
21470.63 0.0545604
21475.95 0.05441438
21481.26 0.05444827
21486.57 0.0544225
21491.78 0.05433923
21497.09 0.05406767
21502.4 0.0542656
21507.62 0.05429831
21512.93 0.05432028
21518.239999999998 0.05420509
21523.46 0.05415535
21528.77 0.05422218
21534.08 0.05419288
21539.29 0.05416998
21544.61 0.05418281
21549.920000000002 0.05407299
21555.13 0.05413243
21560.45 0.05407625
21565.76 0.05418246
21570.969999999998 0.05405993
21576.28 0.05396713
21581.59 0.05388337
21586.9 0.05392738
21592.120000000003 0.05376055
21597.43 0.05387841
21602.739999999998 0.05390216
21607.96 0.05388895
21613.27 0.05318827
21618.58 0.05307348
21623.79 0.05313378
21629.109999999997 0.05320776
21634.42 0.05314827
21639.629999999997 0.05317903
21644.95 0.05314736
21650.260000000002 0.05310619
21655.47 0.05313405
21660.780000000002 0.05322363
21666.089999999997 0.05313076
21671.3 0.05326109
21676.62 0.05330838
21681.93 0.05327121
21687.14 0.05291408
21692.46 0.05306646
21697.769999999997 0.05286673
21703.079999999998 0.05275566
21708.289999999997 0.05282197
21713.61 0.0526109
21718.920000000002 0.05265857
21724.13 0.05254944
21729.440000000002 0.05259179
21734.76 0.0526811
21739.97 0.05253892
21745.28 0.05257632
21750.59 0.05259305
21755.81 0.05228603
21761.12 0.05226397
21766.43 0.05249056
21771.64 0.05240528
21776.96 0.05244655
21782.27 0.05239426
21787.48 0.05231482
21792.79 0.05218591
21798.11 0.05218495
21803.32 0.05214683
21808.63 0.05213286
21813.940000000002 0.05196767
21819.160000000003 0.05205466
21824.469999999998 0.05194737
21829.78 0.05191831
21834.989999999998 0.05191009
21840.31 0.05191624
21845.620000000003 0.05189749
21850.83 0.05194759
21856.140000000003 0.05195113
21861.46 0.05187087
21866.67 0.05183454
21871.98 0.05181088
21877.29 0.05179692
21882.510000000002 0.0517055
21887.819999999996 0.05184252
21893.129999999997 0.0517978
21898.34 0.05166765
21903.66 0.05167229
21908.97 0.05162256
21914.18 0.05168692
21919.5 0.0515611
21924.809999999998 0.05153838
21930.02 0.05156692
21935.329999999998 0.05165238
21940.64 0.05148381
21945.86 0.0515847
21951.170000000002 0.05148245
21956.48 0.05142503
21961.69 0.0514554
21967.01 0.05155251
21972.32 0.05147858
21977.530000000002 0.0514403
21982.84 0.05138897
21988.16 0.05137452
21993.37 0.05122886
21998.68 0.05124529
22003.99 0.05130345
22009.210000000003 0.05130749
22014.52 0.05127502
22019.829999999998 0.05078813
22025.039999999997 0.05056809
22030.36 0.05079969
22035.670000000002 0.05075875
22040.88 0.0506226
22046.199999999997 0.05068986
22051.51 0.05054218
22056.719999999998 0.05065229
22062.03 0.05042007
22067.34 0.05048063
22072.56 0.05045547
22077.870000000003 0.050487
22083.179999999997 0.05046721
22088.399999999998 0.05035168
22093.71 0.05032873
22099.02 0.05044177
22104.23 0.05021414
22109.54 0.0503447
22114.859999999997 0.05037518
22120.07 0.05023584
22125.379999999997 0.05029445
22130.69 0.05040425
22135.91 0.05021357
22141.22 0.05007951
22146.530000000002 0.05056443
22151.74 0.04995705
22157.06 0.0502165
22162.37 0.05019091
22167.58 0.05020413
22172.9 0.05008789
22178.21 0.05017568
22183.42 0.05012649
22188.73 0.05012316
22194.04 0.05015136
22199.260000000002 0.04985683
22204.57 0.05002413
22209.88 0.04987419
22215.1 0.04983176
22220.41 0.04956065
22225.72 0.04944581
22230.93 0.04947034
22236.24 0.04980638
22241.460000000003 0.04950223
22246.769999999997 0.04964152
22252.079999999998 0.04946171
22257.3 0.04954106
22262.61 0.04949514
22267.920000000002 0.04920968
22273.13 0.04935749
22278.449999999997 0.04935378
22283.76 0.04915902
22288.969999999998 0.04920435
22294.29 0.04916092
22299.600000000002 0.04909016
22304.81 0.0491834
22310.120000000003 0.0490984
22315.429999999997 0.04915598
22320.64 0.04912153
22325.96 0.04909964
22331.27 0.04916643
22336.48 0.04902879
22341.8 0.04910171
22347.11 0.04911122
22352.32 0.04895244
22357.63 0.04908695
22362.95 0.04896888
22368.16 0.049131
22373.47 0.0489413
22378.78 0.04901137
22384.0 0.04875679
22389.31 0.04890481
22394.52 0.04889164
22399.83 0.04843273
22405.149999999998 0.04844356
22410.359999999997 0.04827782
22415.67 0.04827873
22420.98 0.04828174
22426.2 0.04833565
22431.510000000002 0.04821987
22436.820000000003 0.04829781
22442.039999999997 0.04817185
22447.35 0.0482558
22452.66 0.04818019
22457.87 0.04814206
22463.190000000002 0.04811131
22468.499999999996 0.04806984
22473.71 0.04800385
22479.019999999997 0.04801734
22484.329999999998 0.04800568
22489.55 0.04800554
22494.86 0.04801689
22500.07 0.04795862
22505.39 0.04798427
22510.7 0.04799081
22515.91 0.04804707
22521.22 0.04794342
22526.53 0.04788185
22531.75 0.04786278
22537.06 0.04780912
22542.37 0.04788028
22547.59 0.04780162
22552.9 0.04771799
22558.21 0.04783119
22563.43 0.04776529
22568.739999999998 0.04787864
22574.05 0.04780301
22579.26 0.04759099
22584.57 0.04725211
22589.79 0.04727358
22595.100000000002 0.04734661
22600.410000000003 0.04739493
22605.629999999997 0.04741297
22610.94 0.0473375
22616.25 0.04727615
22621.46 0.0472509
22626.77 0.04730846
22632.089999999997 0.04715654
22637.3 0.04705935
22642.609999999997 0.04715994
22647.92 0.046956
22653.14 0.04702921
22658.45 0.04695386
22663.66 0.04701442
22668.97 0.04707019
22674.29 0.0470392
22679.5 0.04690849
22684.81 0.04698663
22690.13 0.04679698
22695.34 0.0469822
22700.65 0.04690166
22705.96 0.04694906
22711.18 0.04672841
22716.49 0.04666418
22721.8 0.04692262
22727.010000000002 0.04672503
22732.329999999998 0.04666491
22737.539999999997 0.04687226
22742.85 0.0466068
22748.16 0.04662712
22753.38 0.04665545
22758.690000000002 0.04667615
22764.000000000004 0.04669693
22769.210000000003 0.0466616
22774.53 0.04669928
22779.84 0.04674524
22785.05 0.0466558
22790.370000000003 0.04363733
22795.670000000002 0.04359863
22800.89 0.04367607
22806.199999999997 0.0434392
22811.41 0.04344877
22816.73 0.04333633
22822.04 0.04343048
22827.25 0.04332899
22832.56 0.04343863
22837.88 0.04327789
22843.09 0.04329872
22848.4 0.04340917
22853.71 0.04337532
22858.93 0.04331195
22864.239999999998 0.04333175
22869.55 0.04324372
22874.77 0.04319166
22880.08 0.04320513
22885.29 0.04317842
22890.600000000002 0.04297958
22895.91 0.04318262
22901.129999999997 0.04329524
22906.44 0.04300503
22911.75 0.04306676
22916.96 0.04298857
22922.280000000002 0.04308634
22927.590000000004 0.04290862
22932.800000000003 0.04287499
22938.12 0.04283946
22943.329999999998 0.04287508
22948.64 0.04264768
22953.95 0.04250267
22959.170000000002 0.04260526
22964.48 0.04248282
22969.789999999997 0.04260016
22975.01 0.04239855
22980.32 0.04226769
22985.63 0.04241598
22990.84 0.04248139
22996.15 0.04264669
23001.46 0.04286732
23006.68 0.04279071
23011.99 0.04281169
23017.210000000003 0.04274549
23022.52 0.04286066
23027.829999999998 0.04267075
23033.039999999997 0.04273939
23038.35 0.04266857
23043.670000000002 0.0427867
23048.88 0.04266836
23054.190000000002 0.042708
23059.51 0.04264124
23064.719999999998 0.04263543
23070.03 0.04263015
23075.239999999998 0.04276289
23080.55 0.04269664
23085.870000000003 0.04277286
23091.08 0.04271941
23096.390000000003 0.0425696
23101.71 0.04247814
23106.92 0.04258947
23112.23 0.04264078
23117.54 0.04249851
23122.760000000002 0.04256187
23128.07 0.04263234
23133.28 0.04243272
23138.59 0.04247411
23143.91 0.04245058
23149.120000000003 0.04244825
23154.43 0.04236777
23159.74 0.04234076
23164.96 0.04238136
23170.27 0.04223427
23175.58 0.04234329
23180.79 0.04224066
23186.11 0.04226548
23191.320000000003 0.04245579
23196.629999999997 0.0424738
23201.94 0.04221378
23207.16 0.04234874
23212.47 0.03906576
23217.780000000002 0.03911518
23222.999999999996 0.03901972
23228.309999999998 0.03894928
23233.62 0.03890479
23238.829999999998 0.0388013
23244.14 0.03879722
23249.36 0.03857486
23254.670000000002 0.03832873
23259.98 0.03836651
23265.2 0.0383478
23270.51 0.03841752
23275.82 0.03833633
23281.03 0.03853175
23286.34 0.03850064
23291.66 0.03826019
23296.87 0.0383935
23302.18 0.03840497
23307.4 0.03842751
23312.71 0.03848062
23318.02 0.0386065
23323.230000000003 0.03832243
23328.54 0.0382888
23333.86 0.03820275
23339.07 0.03824364
23344.38 0.03844672
23349.7 0.03835196
23354.910000000003 0.03834657
23360.219999999998 0.0381564
23365.44 0.03837981
23370.739999999998 0.03827272
23376.06 0.03824042
23381.27 0.03821925
23386.58 0.0382357
23391.899999999998 0.03816072
23397.109999999997 0.03800923
23402.42 0.03695499
23407.73 0.03716253
23412.95 0.03707796
23418.260000000002 0.03691762
23423.47 0.0367828
23428.79 0.03668978
23434.1 0.03700538
23439.31 0.03705035
23444.63 0.03704239
23449.94 0.03675017
23455.149999999998 0.03666923
23460.46 0.03671783
23465.77 0.03661486
23470.98 0.03671998
23476.3 0.03685173
23481.510000000002 0.03687798
23486.820000000003 0.0367405
23492.13 0.03672558
23497.35 0.03661301
23502.66 0.03658293
23507.97 0.03671931
23513.190000000002 0.03670496
23518.500000000004 0.03674217
23523.710000000003 0.03640549
23529.03 0.0365215
23534.34 0.0365192
23539.55 0.03623436
23544.86 0.03627644
23550.170000000002 0.03632417
23555.39 0.0363512
23560.699999999997 0.03629289
23566.01 0.03634316
23571.22 0.03622938
23576.54 0.0363461
23581.75 0.03634937
23587.06 0.03636182
23592.37 0.03704494
23597.59 0.03733031
23602.9 0.03719581
23608.21 0.03716673
23903.91 0.03456046
24100.649999999998 0.0335828
24297.39 0.03323578
24494.129999999997 0.03157002
24690.87 0.03122853
24887.609999999997 0.02786886
25203.38 0.02791715
25295.649999999998 0.02763044
25388.02 0.02735097
25480.390000000003 0.02735914
25572.86 0.02736685
25665.32 0.02777196
25757.789999999997 0.02772579
25850.460000000003 0.02753304
25943.03 0.02739868
26035.69 0.0274219
26128.45 0.02725791
26221.21 0.02705495
26314.079999999998 0.02671447
26406.94 0.02630465
26499.8 0.02629945
26592.760000000002 0.02609182
26685.819999999996 0.02556399
26778.870000000003 0.02539962
26871.93 0.02525563
26965.089999999997 0.0250094
27058.239999999998 0.02483803
27151.5 0.02471364
27244.75 0.02440687
27338.010000000002 0.02427178
27431.359999999997 0.02411331
27524.71 0.02409726
27618.170000000002 0.0239939
27711.62 0.02383893
27805.07 0.02369935
27898.62 0.02360864
27992.170000000002 0.02346255
28085.82 0.02325389
28179.47 0.02311645
28273.11 0.02296791
28366.859999999997 0.02283905
28460.61 0.02262791
28554.35 0.0224685
28648.2 0.0221027
28742.04 0.02193246
28835.989999999998 0.02176975
28929.83 0.02161912
29023.780000000002 0.02132643
29117.82 0.02117683
29211.76 0.02093268
29305.8 0.02100565
29399.94 0.02070169
29493.99 0.02056709
29588.12 0.02036172
29682.260000000002 0.02022969
29776.5 0.02010388
29870.739999999998 0.01991523
29964.98 0.01978431
30059.22 0.01962336
30153.55 0.01955404
30247.890000000003 0.01936716
30342.23 0.01938149
30436.57 0.01921584
30531.0 0.01911938
30625.44 0.01905377
30719.87 0.01895359
30814.41 0.01880234
30908.84 0.01860776
31003.370000000003 0.01851974
31098.010000000002 0.01841935
31192.54 0.0181995
31287.17 0.01806692
31381.71 0.01787683
31476.440000000002 0.01775321
31571.07 0.01772015
31665.7 0.0177183
31760.43 0.01764573
31855.159999999996 0.01772057
31949.89 0.01756223
32044.72 0.01746175
32139.55 0.01735703
32234.280000000002 0.01722378
32329.11 0.01722516
32424.04 0.01721214
32518.859999999997 0.01727701
32613.789999999997 0.01755628
32708.620000000003 0.01735981
32803.54 0.01758115
32898.47 0.01742366
32993.5 0.01723699
33088.43 0.01713784
33183.45 0.01692883
33278.47 0.01627999
33373.5 0.01622196
33468.520000000004 0.01594179
33563.55 0.01588947
33658.68 0.01560111
33753.700000000004 0.01580636
33848.82 0.0155804
33943.95 0.0156359
34039.07 0.01549684
34134.2 0.01517981
34229.42 0.01495377
34324.54 0.01496871
34419.770000000004 0.01483307
34514.99 0.01487223
34610.21 0.01474927
34705.43 0.01462412
34800.65 0.01448498
34895.88 0.01434255
34991.2 0.0141739
35086.42 0.01415391
35181.74 0.01408331
35277.06 0.01389824
35372.38 0.013821
35467.7 0.0138178
35563.020000000004 0.01366726
35658.340000000004 0.01354924
35753.76 0.01364559
35849.08 0.01352459
35944.5 0.01340951
36039.82 0.01338206
36135.24 0.0133234
36230.66 0.01314375
36326.08 0.01309454
36421.5 0.01292562
36516.91 0.01285181
36612.43 0.01281207
36707.85 0.01268097
36803.270000000004 0.01258974
36898.79 0.01242873
36994.3 0.01248912
37089.72 0.01238289
37185.24 0.01236358
37280.76 0.0122381
37376.28 0.01221722
37471.79 0.01202191
37567.31 0.01190577
37662.83 0.01191937
37758.44 0.01189618
37853.96 0.01171089
37949.48 0.01167475
38045.09 0.01164734
38140.61 0.01155481
38236.23 0.01150767
38331.840000000004 0.01134225
38427.36 0.01126194
38522.979999999996 0.01115709
38618.59 0.01103324
38714.200000000004 0.01106402
38809.82 0.01095643
38905.43 0.01087139
39001.05 0.01084537
39096.67 0.01087412
39192.28 0.01083497
39287.9 0.01077891
39383.62 0.01070797
39479.229999999996 0.01062395
39574.84 0.01059008
39670.56 0.01049846
39766.18 0.0105064
39861.89 0.01036867
39957.5 0.01031792
40053.219999999994 0.01027097
40148.83 0.01021103
40244.549999999996 0.01017866
40340.27 0.01006615
40435.88 0.009963362
40531.59 0.00994214
40627.3 0.00984598
40723.02 0.009777404
40818.729999999996 0.009628272
40914.450000000004 0.00957321
41010.07 0.009532725
41105.780000000006 0.009467202
41201.49 0.009413894
41297.21 0.009405791
41392.920000000006 0.009335895
41488.630000000005 0.009213945
41584.35 0.009203166
41680.06 0.009223836
41775.78 0.009130058
41871.590000000004 0.009041889
41967.299999999996 0.008963496
42063.02 0.009063822
42158.73 0.008979796
42254.45 0.008929987
42350.159999999996 0.008905835
42445.87 0.008864355
42541.59 0.008794811
42637.4 0.008721608
42733.10999999999 0.008725578
42828.83 0.008652616
42924.54 0.008637775
43020.259999999995 0.008447401
43115.97 0.008195222
43211.78 0.008195722
43307.5 0.008426218
43403.21000000001 0.008233581
43498.92 0.008046089
43594.64 0.008082917
43690.45 0.008209048
43786.16 0.008037799
43881.880000000005 0.007973657
43977.59 0.007919495
44073.31 0.007837719
44169.020000000004 0.00776568
44264.74 0.007697273
44360.45 0.007654088
44456.26 0.007537581
44551.97 0.007706485
44647.69 0.00760552
44743.399999999994 0.007509643
44839.11 0.007456966
44934.83 0.007509314
45030.53999999999 0.007507229
45126.16 0.007506479
45221.869999999995 0.007363726
45317.590000000004 0.007127813
45413.3 0.007123528
45509.009999999995 0.007087669
45604.73 0.007120246
45700.35 0.007090224
45796.06 0.006984384
45891.770000000004 0.007001892
45987.49 0.006989415
46083.100000000006 0.006979588
46178.82 0.006978278
46274.439999999995 0.007056362
46370.15 0.007042927
46465.759999999995 0.006948394
46561.479999999996 0.006869347
46657.09 0.007044482
46752.71000000001 0.007049483
46848.32 0.006992249
46944.03999999999 0.006951859
47039.65 0.006862133
47135.27 0.006809153
47230.88 0.006733973
47326.49999999999 0.006766924
47422.11 0.006759995
47517.73 0.006820973
47613.35 0.006797127
47708.86 0.006708523
47804.479999999996 0.006662101
47900.1 0.006585917
47995.61 0.006649167
48091.229999999996 0.006496834
48186.75 0.006465668
49185.0 0.00628296
50168.7 0.006096936
51152.41 0.005930497
52214.5 0.005686902
52511.979999999996 0.005705379
52809.549999999996 0.005792173
53107.02 0.005830603
53404.48 0.005892362
53701.96 0.005646175
53999.43 0.005413792
54297.00000000001 0.005541258
54594.47 0.00550444
54891.94 0.005531398
55189.409999999996 0.005547987
55486.880000000005 0.005389828
55784.450000000004 0.005462085
56081.92 0.005468343
56379.39 0.005297035
56676.86 0.005390198
56974.340000000004 0.005342143
57271.91 0.005297375
57569.38 0.005308716
57866.840000000004 0.005252575
58164.32 0.005368694
58461.79 0.005405662
58759.36 0.005396702
59056.829999999994 0.005526768
59354.3 0.005416709
59651.77 0.005450135
59949.24 0.005645828
60246.810000000005 0.005655034
60544.28 0.005620247
60841.75 0.005719459
61139.219999999994 0.006137542
61436.69 0.006918828
61734.270000000004 0.007532547
62031.729999999996 0.007866698
62329.21 0.007497879
62626.68 0.006883159
62924.14 0.006743602
63221.72 0.006312123
63519.189999999995 0.005983091
63816.66 0.005695894
64114.13 0.005460688
64411.6 0.005305301
64709.17 0.005007448
65006.64000000001 0.004990067
65304.11 0.004928369
65601.59 0.004946249
65899.05 0.004910553
66196.63 0.004933028
66494.09 0.004889741
66791.57 0.004945238
67089.03 0.004912184
67386.51 0.00475438
67684.08 0.004898498
67981.55 0.0049031
68279.02 0.004856566
68576.49 0.00480498
68873.95999999999 0.005030694
69171.53 0.00509444
69469.0 0.005098668
69766.47 0.005315649
70063.94 0.005134959
70361.41 0.0049458
70658.98 0.004987066
70956.45 0.005050475
71253.92 0.005044703
71551.39 0.005020664
71848.86 0.005022094
72146.43 0.005177881
72443.9 0.005275051
72741.38 0.005295981
73038.85 0.005438763
73336.31999999999 0.005401901
73633.87999999999 0.005609689
73931.36 0.005719772
74526.3 0.006145124
75121.24 0.006656299
75716.28 0.007169043
76311.22 0.007363555
76906.16 0.007089714
77501.2 0.006744923
78096.15 0.006621107
78691.19 0.006347521
79286.13 0.005951458
79881.07 0.005563077
80476.1 0.005196868
81071.05 0.004912973
81666.00000000001 0.004804738
82261.03 0.0047976
82855.98 0.004829237
83450.91 0.004549617
84045.95999999999 0.004696756
84640.90000000001 0.004772043
85235.95 0.004904299
85830.88 0.005004132
86425.83 0.004975163
87020.87000000001 0.004692064
87615.8 0.004350567
88210.76 0.00413466
88805.78 0.003888798
89400.73 0.003772242
89995.67000000001 0.003809321
90590.70999999999 0.003659217
91185.65999999999 0.00358806
91780.7 0.003541692
92375.63 0.00361285
92970.58 0.00361978
93565.60999999999 0.003606505
94160.55 0.00360237
94755.5 0.003651467
95350.54000000001 0.003667081
95945.48 0.003699756
96540.42 0.003818416
97135.47 0.003695998
97730.40999999999 0.003639623
98325.45 0.003603954
98920.39 0.003605329
99515.34000000001 0.003623837
100110.37999999999 0.003605313
100705.31000000001 0.003620061
101300.26000000001 0.003605877
101895.29000000001 0.003621543
102490.23 0.00362455
103085.17 0.003612472
103680.21 0.003631542
104275.16 0.003728375
104870.2 0.003894089
105465.14 0.004003488
106060.09 0.003800328
106655.13 0.00377005
107250.06999999999 0.003808978
107845.01000000001 0.003789301
108440.04999999999 0.003792072
109034.99 0.003881619
109629.94 0.004030511
110224.97 0.004161929
110819.91 0.004381342
111414.95000000001 0.005181656
112009.89 0.006043216
112604.84 0.005958955
113199.88 0.005374421
113794.81999999999 0.0051682
114389.76999999999 0.004689302
114984.8 0.004382938
115579.73999999999 0.004155349
116174.68000000001 0.004003802
116769.71999999999 0.003819
117364.66 0.00377826
117959.70999999999 0.0037527
118554.65000000001 0.003743203
119149.59 0.003805906
119744.63 0.003814799
120339.58 0.003742127
120934.51999999999 0.003665161
121529.55 0.003626874
122124.5 0.00365794
122719.45000000001 0.003726757
123314.48 0.003729439
123909.42000000001 0.003702971
124504.45999999999 0.003744934
125099.40000000001 0.003784055
125694.34 0.003840172
126289.38 0.00388268
126884.32 0.003946069
127479.27 0.004224426
128074.31 0.004366475
128669.25 0.003824876
129264.18999999999 0.003513579
129859.23 0.00331154
130454.17 0.003223972
131049.11 0.003242073
131644.16 0.003201773
132239.09 0.003170386
132834.14 0.003143791
133429.08 0.003146716
134024.02 0.003193275
134619.06 0.003191619
135214.0 0.003187247
135808.94 0.003186489
136403.97999999998 0.003154499
136998.92 0.003165506
137593.86 0.003114447
138400.2 0.00317199
139233.2 0.003199992
140066.22 0.003238129
140899.11000000002 0.003221963
141732.09 0.003297982
142565.09 0.003353037
143397.98 0.003432907
144231.0 0.003309049
145064.0 0.003300062
145896.98 0.00317881
146729.88999999998 0.003148193
147562.89 0.003146809
148395.88 0.00303785
149228.78 0.003142079
150061.77 0.003106267
150894.77000000002 0.003096819
151727.67 0.003085703
152560.66 0.00307447
153393.66999999998 0.003084295
154226.58000000002 0.003162023
155059.56 0.003401975
155892.56 0.003672509
156725.44999999998 0.003258172
157558.45 0.003226454
158391.45 0.00318865
159224.45 0.003194229
160057.33 0.003257261
160890.37000000002 0.003192985
161723.35 0.003150452
162556.24999999997 0.0032211
163389.23 0.003336624
164222.22 0.003510904
165055.14 0.003497932
165888.12 0.003431056
166721.13 0.003364983
167554.02 0.003395108
168387.03 0.003401915
169220.03 0.003571333
170052.91 0.0036792
170885.93 0.003753421
171718.91999999998 0.003510414
172551.92 0.003378308
173384.81999999998 0.003394098
174217.82 0.003364843
175050.78999999998 0.003249665
175883.71 0.00319321
176716.71 0.003157482
177549.71000000002 0.003163869
178382.61 0.00310492
179215.58000000002 0.003094736
180048.6 0.003020544
180881.5 0.00302951
181714.48 0.002963716
182547.46999999997 0.002984224
183380.37 0.002948386
184213.37000000002 0.00294906
185046.39 0.002924341
185879.38 0.002961551
186712.27 0.003127547
187545.28 0.003144516
188378.27999999997 0.002995912
189211.18 0.002846743
190044.17 0.002856882
190877.17 0.002817119
191710.05000000002 0.002755413
192543.09 0.002844519
193376.06 0.002829746
194208.95 0.002745179
195041.93999999997 0.002684989
195874.96000000002 0.002745449
196707.86 0.002699764
197540.84 0.002737914
198373.83 0.002656241
199206.84999999998 0.002644989
200039.72999999998 0.002575138
200872.73 0.002646872
201705.74 0.002561678
202538.64 0.00261013
204204.62 0.002579231
205870.53 0.002540093
207536.40999999997 0.002481129
209202.4 0.00251288
210868.3 0.002457609
212534.31 0.002461109
214200.19 0.002446737
215866.09 0.002408611
217532.1 0.00239166
219198.0 0.002366601
220863.88 0.002369478
222529.87 0.002327136
224195.78999999998 0.002311084
225861.78 0.002319759
227527.66 0.002273464
229193.55 0.002268854
230859.57 0.002247963
232525.44 0.002245153
234191.36000000002 0.002244293
235857.33000000002 0.002198674
237523.23 0.002198343
239189.21999999997 0.002141586
240855.12000000002 0.002120545
242521.02000000002 0.002139896
244187.03 0.002105668
245852.93 0.002044801
247518.81 0.002036698
249184.82 0.001998518
250850.72 0.001961607
252516.69 0.001936357
254182.59 0.001909507
255848.48 0.001930577
257514.48 0.002043674
259180.37000000002 0.002163558
260846.27000000002 0.001956076
262512.25 0.001841727
264178.16 0.001821906
265844.15 0.001800835
267510.03 0.001787975
269175.97000000003 0.001775895
270841.95999999996 0.001770243
272507.8 0.001744372
274173.72000000003 0.00174393
275839.75 0.001740029
277505.63 0.0017276
279171.62 0.001705206
280837.54 0.00172566
282503.41 0.001730779
284169.41000000003 0.001654179
285835.3 0.001636992
287501.18 0.001612763
289167.19 0.001615312
290833.09 0.00158507
292499.07 0.00156614
294165.0 0.001555992
295830.92 0.001541829
297496.87 0.001541008
299162.79 0.001530762
300828.69 0.001501796
302494.66000000003 0.00150971
304160.56 0.001512517
305826.57 0.001474817
307492.45 0.001462195
309158.34 0.001477357
310824.33999999997 0.001481315
312490.25 0.001454595
314156.14999999997 0.001431687
315822.12 0.001428062
317488.0 0.001447971
319154.03 0.001450621
320819.89 0.001456391
322485.81 0.00143664
324151.8 0.001417279
325817.68 0.001438192
327483.6 0.001469145
329149.63 0.001490491
330815.50999999995 0.001406915
332481.45999999996 0.001444171
334147.38 0.001695247
335813.29 0.001584245
337479.25 0.001384409
339145.16 0.001386361
340811.04000000004 0.001371252
342477.07 0.001383295
344142.95 0.001377528
345808.94 0.001517795
