900.0 0.1965319
908.4200000000001 0.1965319
916.84 0.1965319
925.26 0.1965319
933.6800000000001 0.1965318
942.1 0.1965319
950.52 0.1965319
958.9399999999999 0.1965318
967.36 0.1965319
975.78 0.1965319
984.1999999999999 0.1965319
992.62 0.1965319
1001.04 0.1965319
1009.4599999999999 0.1965319
1017.88 0.1965319
1026.3 0.1965319
1034.72 0.1965319
1043.14 0.1965319
1051.56 0.1965319
1059.98 0.1965319
1068.4 0.1965319
1076.82 0.1965319
1085.24 0.1965319
1093.66 0.1965318
1102.08 0.1965319
1110.51 0.1965318
1118.93 0.1965318
1127.35 0.1965319
1135.77 0.1965319
1144.19 0.1965319
1152.6100000000001 0.1965318
1161.03 0.1965319
1169.45 0.1965318
1177.8700000000001 0.7861274
1186.29 0.7861274
1194.71 0.7861275
1203.13 0.7861274
1211.55 0.7861274
1219.97 0.7861275
1228.39 0.7861274
1236.81 0.7861274
1245.23 0.7861275
1253.65 0.7861274
1262.0700000000002 0.2947977
1270.49 0.2947978
1278.91 0.2947978
1287.33 0.2947978
1295.75 0.2947978
1304.17 0.2947978
1312.59 0.2947978
1321.01 0.2947978
1329.43 0.2947978
1337.85 0.2947978
1346.27 0.2947978
1354.69 0.2947978
1363.11 0.2947978
1371.53 0.2947978
1379.95 0.2947978
1388.37 0.2947978
1396.79 0.2947978
1405.21 0.2947978
1413.6299999999999 0.2947978
1422.05 0.2947978
1430.47 0.2947978
1438.8899999999999 0.2947978
1447.31 0.2947978
1455.73 0.2947978
1464.1499999999999 0.2947978
1472.57 0.2947978
1480.99 0.2947978
1489.4099999999999 0.2947978
1497.83 0.2947978
1506.25 0.2947978
1514.6699999999998 0.2947978
1523.09 0.2947978
1531.5200000000002 0.2947978
1539.9399999999998 0.2947978
1548.3600000000001 0.2947978
1556.7800000000002 0.2947978
1565.1999999999998 0.2947978
1573.6200000000001 0.2947978
1582.0400000000002 0.2947978
1590.46 0.2947978
1598.88 0.2947977
1607.3000000000002 0.2947978
1615.72 0.2947978
1624.14 0.2947978
1632.5600000000002 0.2947978
1640.98 0.2947978
1649.4 0.2947978
1657.8200000000002 0.2947977
1666.24 0.2947978
1674.66 0.2947978
1683.0800000000002 0.2947978
1691.5 0.2947978
1699.92 0.2947978
1708.3400000000001 0.2947978
1716.76 0.2947978
1725.18 0.2947978
1733.6 0.2947978
1742.02 0.2947977
1750.44 0.2947977
1758.86 0.2947978
1767.28 0.2947978
1775.7 0.2947978
1784.12 0.2947978
1792.54 0.2947978
1800.96 0.2947978
1809.3799999999999 0.2947978
1817.8 0.2947978
1826.22 0.2947978
1834.6399999999999 0.2947978
1843.06 0.2947978
1851.48 0.2947978
1859.8999999999999 0.2947978
1868.32 0.2947978
1876.74 0.2947978
1885.1599999999999 0.2947978
1893.58 0.2947978
1902.0 0.2947978
1910.4199999999998 0.2947978
1918.84 0.2947978
1927.26 0.2947978
1935.6799999999998 0.2947978
1944.1 0.2947977
1952.5300000000002 0.2947978
1960.9499999999998 0.2947978
1969.3700000000001 0.2947977
1977.7900000000002 0.2947978
1986.2099999999998 0.2947978
1994.63 0.2947978
2003.0500000000002 0.2947978
2011.47 0.2947978
2019.89 0.2947978
2028.3100000000002 0.2947978
2036.73 0.2947978
2045.15 0.2947978
2053.57 0.2947978
2061.99 0.2947978
2070.41 0.2947978
2078.83 0.2947978
2087.25 0.2947978
2095.67 0.2947978
2104.09 0.2947977
2112.5099999999998 0.2947978
2120.93 0.2947978
2129.35 0.2947978
2137.77 0.2947978
2146.19 0.2947978
2154.61 0.2947978
2163.0299999999997 0.2947978
2171.4500000000003 0.2947978
2179.87 0.2947978
2188.29 0.2947978
2196.71 0.2947978
2205.1299999999997 0.2947978
2213.55 0.2947977
2221.9700000000003 0.2947978
2230.39 0.2947978
2238.81 0.2947978
2247.23 0.2947978
2255.65 0.2947978
2264.07 0.2947978
2272.4900000000002 0.2947978
2280.91 0.2947978
2289.33 0.2947978
2297.75 0.2947978
2306.17 0.2947978
2314.59 0.2947978
2323.01 0.2947978
2331.43 0.2947978
2339.85 0.2947978
2348.27 0.2947978
2356.69 0.2947977
2365.11 0.2947978
2373.54 0.2947978
2381.96 0.2947978
2390.38 0.2947977
2398.8 0.2947978
2407.22 0.2947978
2415.64 0.2947978
2424.06 0.2947978
2432.48 0.2947978
2440.9 0.2947978
2449.32 0.2947978
2457.74 0.2947978
2466.16 0.2947978
2474.58 0.2947978
2483.0 0.2947978
2491.42 0.2947978
2499.84 0.2947978
2508.2599999999998 0.2947978
2516.68 0.2947978
2525.1 0.2947978
2533.5200000000004 0.2947978
2541.9399999999996 0.2947978
2550.3599999999997 0.2947978
2558.7799999999997 0.2947977
2567.2 0.2947978
2575.6200000000003 0.2947978
2584.0400000000004 0.2947978
2592.4599999999996 0.2947978
2600.8799999999997 0.2947978
2609.2999999999997 0.2947978
2617.7200000000003 0.2947977
2626.1400000000003 0.2947978
2634.5600000000004 0.2947978
2642.9799999999996 0.2947978
2651.4 0.2947978
2659.82 0.2947978
2668.2400000000002 0.2947978
2676.6600000000003 0.2947978
2685.0800000000004 0.2947978
2693.5 0.2947978
2701.92 0.2947978
2710.34 0.2947978
2718.76 0.2947978
2727.1800000000003 0.2947978
2735.6000000000004 0.2947978
2744.02 0.2947978
2752.44 0.2947978
2760.86 0.2947978
2769.28 0.2947978
2777.7000000000003 0.2947978
2786.13 0.2947978
2794.55 0.2947977
2802.9700000000003 0.2947978
2811.39 0.2947978
2819.81 0.2947978
2828.23 0.2947978
2836.65 0.2947978
2845.07 0.2947978
2853.4900000000002 0.2947977
2861.91 0.2947978
2870.33 0.2947978
2878.75 0.2947978
2887.17 0.2947978
2895.59 0.2947978
2904.01 0.2947978
2912.43 0.2947978
2920.85 0.2947978
2929.27 0.2947978
2937.69 0.2947978
2946.11 0.2947978
2954.53 0.2947978
2962.95 0.2947978
2971.37 0.2947977
2979.79 0.2947978
2988.21 0.2947978
2996.63 0.2947978
3005.05 0.2947978
3013.47 0.2947978
3021.89 0.2947978
3030.31 0.2947977
3038.73 0.2947978
3041.74 0.1865965
3046.65 0.3804617
3051.2099999999996 0.2693035
3055.4300000000003 0.2417398
3059.6600000000003 0.3571436
3063.8900000000003 0.003582421
3068.12 0.5569573
3072.36 0.1701838
3076.61 0.348318
3080.86 0.2330403
3085.12 0.2448427
3089.3900000000003 0.1966028
3093.66 0.2710711
3097.94 0.1923384
3102.22 0.2118959
3106.51 0.2991106
3110.8 0.1538638
3115.1 0.2692551
3119.4100000000003 0.3658533
3123.72 0.2146265
3128.0400000000004 0.4085176
3132.37 0.4822212
3136.7 0.3628208
3141.03 0.2695128
3145.3799999999997 0.3254704
3149.72 0.2171013
3154.0800000000004 0.1712267
3158.44 0.2901425
3162.81 0.2830651
3167.18 0.2403732
3171.56 0.2613784
3175.94 0.2817797
3180.33 0.2417765
3184.73 0.263372
3189.13 0.312047
3193.5400000000004 0.2834536
3197.96 0.2890455
3202.38 0.3897219
3206.8 0.3421526
3211.2400000000002 0.2745632
3215.6800000000003 0.2422374
3220.1200000000003 0.3911501
3224.5800000000004 0.3256521
3229.0299999999997 0.2293094
3233.5000000000005 0.2794497
3237.97 0.2299084
3242.4399999999996 0.2816949
3246.9300000000003 0.2798939
3251.42 0.3287858
3255.9100000000003 0.3072293
3260.4100000000003 0.2997408
3264.92 0.3285591
3269.43 0.2803174
3273.95 0.350396
3278.4799999999996 0.4182106
3283.01 0.3162472
3287.55 0.3143983
3292.1 0.3137813
3296.6499999999996 0.3307187
3301.21 0.3603251
3305.77 0.3375131
3310.34 0.3890891
3314.92 0.371062
3319.5000000000005 0.3435557
3324.09 0.3832072
3328.68 0.4451058
3333.29 0.4547943
3337.89 0.4852655
3342.51 0.4577148
3347.1299999999997 0.4936038
3351.7599999999998 0.3660895
3356.3900000000003 0.4141921
3361.0299999999997 0.3753132
3365.68 0.4290073
3370.3300000000004 0.4290389
3374.99 0.4349925
3379.66 0.4040205
3384.33 0.3950194
3389.01 0.4408776
3393.6899999999996 0.516509
3398.3799999999997 0.3893673
3403.08 0.4721349
3407.79 0.5325224
3412.5 0.6537454
3417.2200000000003 0.7695176
3421.94 0.7426548
3426.67 0.6601974
3431.41 0.5012439
3436.15 0.5356014
3440.9 0.4549453
3445.66 0.4933961
3450.42 0.4192536
3455.19 0.4405079
3459.97 0.4754616
3464.76 0.4676051
3469.55 0.4637072
3474.34 0.4448605
3479.1499999999996 0.5555716
3483.96 0.4186706
3488.77 0.4632141
3493.5899999999997 0.4801697
3498.42 0.4537768
3503.26 0.4402787
3508.1 0.5080701
3512.9500000000003 0.5418805
3517.81 0.5197458
3522.67 0.5435355
3527.54 0.5491589
3532.42 0.4892663
3537.3100000000004 0.5340538
3542.2 0.5312799
3547.09 0.5388876
3552.0 0.6247302
3556.91 0.5469309
3561.82 0.5644679
3566.75 0.5538142
3571.68 0.5490409
3576.62 0.5797817
3581.56 0.5562314
3586.5099999999998 0.567793
3591.47 0.5911482
3596.44 0.558341
3601.41 0.6088653
3606.39 0.6436026
3611.37 0.5582613
3616.37 0.5235421
3621.37 0.6752188
3626.37 0.6073015
3631.39 0.6754753
3636.41 0.6901546
3641.43 0.652953
3646.47 0.6204633
3651.51 0.6211953
3656.56 0.6252764
3661.19 0.6247591
3665.41 0.6232856
3669.6299999999997 0.59871
3673.86 0.689456
3678.09 0.6868799
3682.33 0.713827
3686.57 0.6727143
3690.82 0.6798369
3695.0699999999997 0.6455502
3699.33 0.7188404
3703.59 0.5742115
3707.85 0.762429
3712.12 0.8795682
3716.4 1.151334
3720.6800000000003 1.410056
3724.9700000000003 1.821669
3729.2599999999998 2.08592
3733.5499999999997 2.538747
3737.86 2.04268
3742.16 0.8770801
3746.4700000000003 0.9172518
3750.79 0.7568578
3755.1099999999997 0.7456281
3759.4300000000003 0.8151987
3763.7599999999998 0.7086724
3768.1 0.8194945
3772.44 0.7682478
3776.79 0.7776932
3781.14 0.7246804
3785.4900000000002 0.8345707
3789.8500000000004 0.8364814
3794.22 0.8520953
3798.59 0.8072791
3802.97 0.8377265
3807.35 0.7540496
3811.73 0.8720303
3816.12 0.8725303
3820.52 0.9682547
3824.92 0.9599266
3829.3300000000004 0.9947054
3833.74 0.9030286
3838.16 0.9128193
3842.58 0.9218319
3847.0 1.03773
3851.4300000000003 1.138801
3855.8700000000003 1.359243
3860.31 1.380827
3864.7599999999998 1.507809
3869.21 1.435642
3873.67 1.413604
3878.13 1.238363
3882.6 1.071376
3887.07 1.01396
3891.5499999999997 1.081223
3896.0299999999997 0.9335001
3900.52 0.9017338
3905.0099999999998 0.9225031
3909.5099999999998 1.018085
3914.0200000000004 0.963479
3918.52 1.065601
3923.04 1.00648
3927.56 0.9694533
3932.08 0.9549096
3936.6099999999997 1.047825
3941.15 1.065808
3945.69 1.104554
3950.23 1.122041
3954.7799999999997 1.161091
3959.34 1.197983
3963.9 1.154
3968.4599999999996 1.277325
3973.04 1.188012
3977.6099999999997 1.035848
3982.19 1.032538
3986.7799999999997 1.071854
3991.38 1.117259
3995.97 1.135898
4000.5800000000004 1.111971
4005.18 1.089843
4009.8 1.161249
4014.42 1.202614
4019.04 1.240085
4023.6699999999996 1.198346
4028.31 1.207562
4032.9500000000003 1.215009
4037.5899999999997 1.204576
4042.2400000000002 1.182481
4046.9 1.174591
4051.56 1.282526
4056.23 1.21132
4060.9 1.287958
4065.58 1.239351
4070.2599999999998 1.3458
4074.95 1.38722
4079.65 1.352241
4084.35 1.30389
4089.05 1.303022
4093.76 1.373395
4098.48 1.423325
4103.2 1.431916
4107.93 1.385421
4112.66 1.345717
4117.4 1.319455
4122.14 1.341496
4126.889999999999 1.379343
4131.639999999999 1.35467
4136.4 1.452492
4141.17 1.40744
4145.9400000000005 1.366448
4150.71 1.376415
4155.49 1.335673
4160.28 1.323396
4165.07 1.311999
4169.87 1.425111
4174.67 1.379228
4179.48 1.422273
4184.3 1.532952
4189.12 1.500395
4193.94 1.475704
4198.77 1.434292
4203.61 1.436267
4208.45 1.417822
4213.3 1.430394
4218.16 1.478527
4223.01 1.385745
4227.88 1.421662
4232.75 1.515099
4237.63 1.555825
4242.51 1.614884
4247.389999999999 1.613166
4252.29 1.599878
4257.1900000000005 1.668413
4262.09 1.658129
4267.0 1.61685
4271.91 1.646262
4276.84 1.583107
4281.76 1.712315
4286.6900000000005 1.680141
4291.63 1.741481
4296.58 1.782869
4301.53 1.726832
4306.48 1.770454
4311.4400000000005 1.795258
4316.41 1.774706
4321.38 1.923146
4326.360000000001 1.910433
4331.34 2.021763
4336.33 2.067344
4341.33 2.230891
4346.33 2.347827
4351.33 2.258326
4356.35 2.165897
4361.37 2.10244
4366.39 2.140412
4371.42 2.043923
4376.46 1.849318
4381.5 1.91346
4386.54 1.940166
4391.6 1.945293
4396.66 1.94864
4401.72 1.930548
4406.79 1.888218
4411.87 1.882458
4416.95 1.953553
4422.04 2.000881
4427.13 2.00903
4432.23 1.901619
4437.34 1.909441
4442.45 1.883321
4447.57 1.8508
4452.6900000000005 1.927158
4457.82 2.063172
4462.96 2.053729
4468.099999999999 2.02677
4473.24 2.115847
4478.400000000001 2.100568
4483.5599999999995 2.154873
4488.72 2.147065
4493.889999999999 2.157552
4499.07 2.214846
4504.25 2.306824
4509.4400000000005 2.244446
4514.63 2.287248
4519.83 2.372108
4525.04 2.459818
4530.25 2.434075
4535.469999999999 2.410989
4540.7 2.267439
4545.93 2.332567
4551.16 2.313927
4556.41 2.467369
4561.66 2.446322
4566.91 2.486727
4572.17 2.471129
4576.91 2.445906
4581.13 2.552086
4585.35 2.594858
4589.57 2.587091
4593.8 2.576503
4598.04 2.633623
4602.2699999999995 2.470709
4606.52 2.430982
4610.76 2.361477
4615.01 2.376041
4619.26 2.341297
4623.5199999999995 2.45783
4627.780000000001 2.529195
4632.04 2.714513
4636.31 2.707758
4640.58 2.757541
4644.86 2.57973
4649.14 2.6365
4653.42 2.527667
4657.71 2.466769
4662.0 2.569993
4666.3 2.520642
4670.599999999999 2.597825
4674.900000000001 2.549693
4679.21 2.53396
4683.5199999999995 2.54116
4687.84 2.426916
4692.16 2.334509
4696.4800000000005 2.304612
4700.81 2.322623
4705.14 2.298041
4709.48 2.246352
4713.8099999999995 2.324411
4718.16 2.351651
4722.51 2.244835
4726.86 2.373045
4731.21 2.404706
4735.57 2.45791
4739.9400000000005 2.458961
4744.3 2.50849
4748.68 2.431427
4753.05 2.334033
4757.43 2.295149
4761.81 2.364219
4766.2 2.345721
4770.59 2.374138
4774.99 2.503274
4779.39 2.468527
4783.79 2.415413
4788.2 2.602777
4792.61 2.619445
4797.03 2.517342
4801.45 2.509908
4805.88 2.592745
4810.3 2.696046
4814.74 2.844098
4819.17 2.869581
4823.61 2.894746
4828.06 2.985878
4832.51 3.125597
4836.96 3.290258
4841.42 3.461036
4845.88 3.568218
4850.34 3.817087
4854.81 4.140914
4859.29 4.618072
4863.759999999999 5.153832
4868.25 5.786493
4872.7300000000005 5.833474
4877.22 5.080993
4881.72 4.49763
4886.21 4.09369
4890.72 3.741537
4895.22 3.544955
4899.73 3.53944
4904.25 3.518221
4908.77 3.427706
4913.29 3.350342
4917.82 3.435016
4922.349999999999 3.535519
4926.89 3.594772
4931.43 3.845147
4935.97 4.047929
4940.5199999999995 4.11302
4945.07 4.073916
4949.63 4.338664
4954.19 4.576536
4958.75 4.590043
4963.32 4.170849
4967.900000000001 3.845577
4972.47 3.840396
4977.0599999999995 4.126067
4981.64 4.70047
4986.23 5.173069
4990.83 5.289101
4995.43 6.165971
5000.03 6.936026
5004.64 7.452907
5009.249999999999 6.49729
5013.86 5.165855
5018.48 4.526709
5023.11 4.052817
5027.740000000001 3.921722
5032.370000000001 3.74536
5037.009999999999 3.636233
5041.65 3.519377
5046.29 3.472728
5050.9400000000005 3.411616
5055.6 3.321868
5060.259999999999 3.228947
5064.920000000001 3.185001
5069.59 3.289081
5074.26 3.218161
5078.93 3.192909
5083.61 3.232618
5088.3 3.16148
5092.99 3.203476
5097.68 3.19624
5102.38 3.216938
5107.080000000001 3.251706
5111.780000000001 3.232077
5116.49 3.215651
5121.21 3.245372
5125.929999999999 3.321648
5130.65 3.326184
5135.38 3.382585
5140.11 3.582437
5144.849999999999 3.527832
5149.589999999999 3.477443
5154.33 3.46542
5159.08 3.67408
5163.839999999999 3.711356
5168.599999999999 4.006738
5173.360000000001 4.093936
5178.13 4.111427
5182.900000000001 4.113046
5187.67 4.101503
5192.45 4.015448
5197.24 4.02563
5202.03 4.246869
5206.82 4.342488
5211.62 4.302822
5216.42 3.992401
5221.2300000000005 3.872781
5226.04 3.824891
5230.85 3.841623
5235.67 3.958817
5240.5 4.157157
5245.33 4.174948
5250.160000000001 4.221737
5255.0 4.206415
5259.84 3.999029
5264.69 4.003949
5269.54 4.302759
5274.39 4.246512
5279.25 4.502941
5284.12 4.520924
5288.99 4.470452
5293.860000000001 4.402284
5298.74 4.211206
5303.62 4.023386
5308.509999999999 4.109145
5313.400000000001 4.118332
5318.3 4.257661
5323.2 4.500415
5328.1 4.651697
5333.01 4.574959
5337.929999999999 4.274097
5342.84 4.25302
5347.7699999999995 4.235046
5352.7 4.150244
5357.63 4.047598
5362.5599999999995 3.941478
5367.51 4.008881
5372.45 4.171555
5377.4 4.164705
5382.360000000001 4.129918
5387.32 3.885706
5392.280000000001 3.823588
5397.25 3.789234
5402.219999999999 3.722763
5407.2 3.73281
5412.179999999999 3.854643
5417.17 3.897583
5422.160000000001 4.089203
5427.16 4.098351
5432.160000000001 4.160665
5437.17 4.318073
5442.179999999999 4.227781
5447.19 4.026408
5452.209999999999 3.964714
5457.23 3.891872
5462.26 3.862259
5467.29 3.725334
5472.33 3.692334
5477.379999999999 3.680329
5482.42 3.802326
5487.47 3.759636
5492.53 3.83959
5497.59 3.880834
5502.660000000001 3.803584
5507.73 3.876583
5512.8 3.866416
5517.879999999999 3.953277
5522.97 3.95173
5528.06 3.883071
5533.15 4.063319
5538.25 4.214259
5543.35 4.486128
5548.459999999999 4.537293
5553.57 4.320156
5558.69 4.08249
5563.81 3.905183
5568.94 3.920316
5574.07 3.844917
5579.21 3.846018
5584.35 3.929572
5589.490000000001 3.870099
5594.639999999999 3.89097
5599.8 3.855316
5604.96 3.775704
5610.12 3.822704
5615.289999999999 3.819372
5620.469999999999 3.678912
5625.65 3.736352
5630.83 3.80412
5636.02 3.823865
5641.21 3.896562
5646.41 3.896484
5651.610000000001 3.829922
5656.820000000001 3.781053
5662.03 3.990354
5667.25 4.018984
5672.469999999999 4.052088
5677.7 4.057903
5682.93 4.037109
5688.17 4.008808
5693.41 3.935123
5698.66 3.966427
5703.91 3.879972
5709.16 3.953771
5714.42 3.88428
5719.69 3.86491
5724.96 3.88595
5730.24 3.78803
5735.5199999999995 3.903226
5740.8 3.940622
5746.09 4.032856
5751.389999999999 4.066915
5756.69 3.987282
5761.99 4.09754
5767.299999999999 4.134748
5772.610000000001 4.024551
5777.93 4.038505
5783.26 3.989164
5788.59 3.813031
5793.92 3.980849
5799.26 3.994207
5804.599999999999 4.021309
5809.950000000001 4.008249
5815.3 4.083535
5820.66 4.094564
5826.03 3.971118
5831.4 3.979185
5836.77 4.22464
5842.150000000001 4.184199
5847.53 4.308367
5852.92 4.23453
5858.3099999999995 4.404401
5863.71 4.397806
5869.11 4.47575
5874.5199999999995 3.509906
5879.93 2.626364
5885.35 2.21908
5890.78 2.667453
5896.200000000001 4.387946
5901.64 4.732405
5907.08 4.761907
5912.52 4.775848
5917.97 4.703404
5923.42 4.615512
5928.88 4.66268
5934.34 4.552192
5939.8099999999995 4.448848
5945.28 4.517484
5950.76 4.435874
5956.240000000001 4.495397
5961.73 4.454824
5967.2300000000005 4.49459
5972.72 4.522661
5978.23 4.40481
5983.74 4.582571
5989.25 4.548588
5994.77 4.641918
6000.29 4.656067
6005.82 4.757603
6011.36 4.671511
6016.9 4.64593
6022.44 4.602032
6027.99 4.488673
6033.539999999999 4.3884
6039.099999999999 4.533217
6044.67 4.511735
6050.24 4.52122
6055.81 4.608087
6061.389999999999 4.621737
6066.98 4.564747
6072.570000000001 4.543573
6078.17 4.494344
6083.7699999999995 4.670353
6089.37 4.675213
6094.28 4.735931
6098.49 4.72779
6102.71 4.615948
6106.92 4.823318
6111.14 4.78665
6115.37 4.721838
6119.59 4.732774
6123.82 4.797934
6128.05 4.868254
6132.29 4.870443
6136.5199999999995 4.741687
6140.759999999999 4.838543
6145.009999999999 5.029156
6149.259999999999 4.914245
6153.499999999999 5.076428
6157.76 5.239974
6162.01 5.341866
6166.27 5.377426
6170.53 5.212778
6174.79 4.922505
6179.0599999999995 5.09187
6183.33 4.913112
6187.599999999999 4.975239
6191.879999999999 4.921891
6196.16 4.985399
6200.4400000000005 4.913787
6204.72 4.963897
6209.01 4.817793
6213.3 4.913644
6217.599999999999 4.856437
6221.89 4.904895
6226.1900000000005 4.927098
6230.49 5.057837
6234.8 5.054751
6239.11 5.151037
6243.419999999999 5.37466
6247.7300000000005 5.667076
6252.05 5.6162
6256.37 5.889259
6260.7 5.809095
6265.02 5.884734
6269.35 5.547053
6273.68 5.413316
6278.0199999999995 5.330753
6282.360000000001 5.323811
6286.7 5.427226
6291.04 5.371533
6295.389999999999 5.403513
6299.740000000001 5.463579
6304.09 5.633774
6308.45 5.749326
6312.8099999999995 6.208729
6317.17 6.17839
6321.54 5.825389
6325.9 5.696456
6330.27 5.70021
6334.65 5.720762
6339.03 5.513214
6343.410000000001 5.517177
6347.79 5.55584
6352.179999999999 5.54561
6356.56 5.54299
6360.96 5.64466
6365.349999999999 5.752972
6369.75 5.857358
6374.15 5.802033
6378.5599999999995 5.951139
6382.97 5.942415
6387.38 5.798431
6391.790000000001 5.788194
6396.21 5.885845
6400.63 5.89643
6405.05 5.851671
6409.48 5.706006
6413.900000000001 5.768437
6418.34 5.775012
6422.7699999999995 5.811122
6427.21 5.923671
6431.65 6.010534
6436.1 6.076954
6440.54 6.36956
6444.990000000001 6.358403
6449.45 6.347101
6453.900000000001 6.407519
6458.36 6.503529
6462.830000000001 6.589444
6467.29 6.818673
6471.759999999999 6.813078
6476.23 6.893546
6480.709999999999 6.676022
6485.19 6.704687
6489.669999999999 6.882778
6494.15 7.082872
6498.64 7.200282
6503.13 7.638461
6507.62 7.722304
6512.12 8.080879
6516.62 8.507695
6521.12 8.795126
6525.63 9.719358
6530.139999999999 10.33549
6534.65 11.38669
6539.17 12.10298
6543.69 13.7823
6548.21 15.5502
6552.73 17.54487
6557.26 20.58476
6561.79 25.23189
6566.33 31.44252
6570.86 37.23136
6575.400000000001 40.44294
6579.95 39.54349
6584.5 33.32852
6589.049999999999 27.58471
6593.599999999999 23.49955
6598.16 20.99564
6602.710000000001 17.20509
6607.28 14.24421
6611.84 12.48491
6616.410000000001 11.51632
6620.98 10.52298
6625.56 9.866105
6630.14 9.249344
6634.719999999999 8.761664
6639.3 8.334859
6643.89 8.071157
6648.48 7.512348
6653.08 7.677077
6657.67 7.417687
6662.27 7.189869
6666.879999999999 6.967915
6671.48 6.798018
6676.1 6.75863
6680.71 6.645876
6685.32 6.67825
6689.94 6.45891
6694.57 6.335526
6699.1900000000005 6.471581
6703.820000000001 6.365549
6708.460000000001 6.238507
6713.09 6.323603
6717.73 6.375607
6722.37 6.455487
6727.02 6.617479
6731.669999999999 7.141721
6736.32 6.433101
6740.969999999999 6.242958
6745.63 6.515479
6750.29 6.073569
6754.96 5.753448
6759.62 5.621275
6764.289999999999 5.580565
6768.969999999999 5.634082
6773.65 5.64686
6778.33 5.502418
6783.01 5.554989
6787.7 5.773445
6792.39 5.581013
6797.08 5.542951
6801.78 5.07616
6806.4800000000005 5.53256
6811.18 5.516968
6815.89 5.549842
6820.6 5.523454
6825.31 5.465798
6830.030000000001 5.680794
6834.750000000001 5.641667
6839.469999999999 5.499084
6844.200000000001 5.599696
6848.929999999999 5.502602
6853.66 5.531828
6858.4 5.52979
6863.129999999999 5.479937
6867.879999999999 5.610202
6872.620000000001 5.517232
6877.370000000001 5.520835
6882.120000000001 5.364496
6886.88 5.320402
6891.64 5.353074
6896.400000000001 5.388103
6901.17 5.413622
6905.93 5.446974
6910.71 5.464901
6915.4800000000005 5.39371
6920.26 5.459796
6925.04 5.431573
6929.83 5.50139
6934.62 5.400811
6939.41 5.507149
6944.200000000001 5.411869
6949.0 5.56075
6953.81 5.583437
6958.61 5.519369
6963.42 5.597687
6968.23 5.553824
6973.049999999999 5.553049
6977.860000000001 5.514476
6982.6900000000005 5.609707
6987.51 5.556071
6992.34 5.648218
6997.17 5.595891
7002.009999999999 5.721451
7006.85 5.670732
7011.6900000000005 5.834667
7016.53 5.716908
7021.38 5.745932
7026.23 5.989843
7031.09 5.689526
7035.95 5.738494
7040.8099999999995 5.860984
7045.670000000001 5.900092
7050.54 5.86869
7055.41 5.937861
7060.29 6.064742
7065.169999999999 6.100727
7070.05 6.035942
7074.94 6.011045
7079.82 6.010531
7084.72 5.967553
7089.61 5.906834
7094.51 5.943185
7099.42 5.769218
7104.32 5.798879
7109.23 5.757837
7114.14 5.946195
7119.06 5.837482
7123.98 5.880886
7128.900000000001 5.871533
7133.83 5.786875
7138.759999999999 5.883257
7143.6900000000005 5.864282
7148.62 5.877886
7153.5599999999995 5.829403
7158.51 5.897749
7163.45 5.772387
7168.41 5.950447
7173.36 6.009301
7178.31 5.918543
7183.27 6.01983
7188.24 5.96922
7193.21 5.880144
7198.179999999999 5.906867
7203.150000000001 5.947006
7208.13 5.937699
7213.110000000001 6.002342
7218.09 6.040609
7223.08 6.181362
7228.07 6.21666
7233.070000000001 6.330378
7238.07 6.272893
7243.070000000001 6.332648
7248.07 6.367076
7253.08 6.3611
7258.09 6.065578
7263.110000000001 6.011285
7268.13 6.146366
7273.150000000001 6.128148
7278.179999999999 6.044074
7283.2 6.184291
7288.240000000001 6.279006
7293.2699999999995 6.345473
7298.31 6.419491
7303.36 6.577279
7308.400000000001 6.762647
7313.45 6.896885
7318.51 6.813022
7323.56 6.7124
7328.62 7.010936
7333.6900000000005 7.125811
7338.759999999999 6.969545
7343.83 6.880492
7348.900000000001 6.535919
7353.98 6.315463
7359.0599999999995 6.144424
7364.150000000001 6.166561
7369.24 6.035127
7374.33 5.952818
7379.42 5.999085
7384.5199999999995 5.970111
7389.63 6.044549
7394.7300000000005 6.300502
7399.84 6.239959
7404.96 6.120999
7410.07 6.006857
7415.1900000000005 6.096074
7420.320000000001 6.065773
7425.45 6.201905
7430.58 6.268131
7435.71 6.48592
7440.85 6.194631
7445.99 6.128631
7451.14 6.22015
7456.28 6.23152
7461.4400000000005 6.271248
7466.589999999999 6.467958
7471.75 6.561635
7476.92 6.550767
7482.08 6.465203
7487.25 6.652616
7492.43 6.460729
7497.599999999999 6.322271
7502.79 6.215927
7507.97 6.265698
7513.16 6.177145
7518.35 6.278586
7523.55 6.381209
7528.740000000001 6.281958
7533.950000000001 6.401884
7539.15 6.262903
7544.36 6.425392
7549.58 6.444975
7554.79 6.108362
7560.01 6.065815
7565.24 6.109899
7570.47 5.869219
7575.6900000000005 6.341329
7580.93 5.79145
7586.17 5.893359
7591.41 5.7324
7596.66 5.769189
7601.91 5.586405
7607.16 5.90293
7612.42 6.035692
7617.68 5.869876
7622.9400000000005 5.728947
7628.21 5.887202
7633.4800000000005 5.901588
7638.75 5.894894
7644.030000000001 5.844061
7649.31 5.817243
7654.6 5.87345
7659.89 6.01292
7665.18 6.167116
7670.48 6.154166
7675.78 6.258663
7681.08 6.29254
7686.389999999999 6.148809
7691.7 6.211418
7697.0199999999995 6.274692
7702.34 6.142921
7707.66 6.317457
7712.99 6.492672
7718.32 6.508514
7723.65 6.614357
7728.98 6.889103
7734.33 6.844149
7739.669999999999 6.665805
7745.02 6.518365
7750.37 6.279383
7755.73 6.201852
7761.09 6.18149
7766.450000000001 6.426111
7771.820000000001 6.479769
7777.1900000000005 6.501662
7782.5599999999995 6.391683
7787.94 6.290593
7793.320000000001 6.451428
7798.71 6.411255
7804.09 6.365789
7809.49 6.27966
7814.879999999999 6.262735
7820.28 6.274797
7825.69 6.298949
7831.099999999999 6.254242
7836.51 6.313934
7841.92 7.086988
7847.34 6.312547
7852.759999999999 6.363681
7858.1900000000005 6.436711
7863.62 6.320724
7869.049999999999 6.466104
7874.49 6.551792
7879.93 6.67813
7885.379999999999 6.805225
7890.83 6.826652
7896.28 6.903722
7901.740000000001 6.808848
7907.2 6.984689
7912.66 6.945253
7918.13 6.971942
7923.599999999999 6.786904
7929.070000000001 6.62307
7934.55 6.544322
7940.040000000001 6.65914
7945.52 6.17408
7951.009999999999 6.30913
7956.51 6.114899
7962.01 6.088402
7967.51 6.553515
7973.01 6.158747
7978.52 5.968081
7984.04 6.348299
7989.549999999999 6.111174
7995.08 6.126601
8000.6 6.149301
8006.13 6.191979
8011.660000000001 6.251447
8017.2 6.111381
8022.740000000001 6.219478
8028.28 6.166524
8033.83 6.013671
8039.38 6.097484
8044.93 6.107384
8050.49 6.147413
8056.06 6.021141
8061.620000000001 6.205649
8067.19 6.114879
8072.77 6.132711
8078.349999999999 6.095891
8083.93 6.210392
8089.52 6.235764
8095.099999999999 6.223914
8100.7 6.262756
8106.299999999999 6.498433
8111.9 6.29966
8117.5 6.406625
8123.11 6.361755
8128.73 6.619304
8134.34 6.498283
8139.960000000001 6.254044
8145.59 6.45535
8151.22 6.401651
8156.85 6.268265
8162.49 6.269309
8168.13 6.340754
8173.77 6.260188
8179.419999999999 6.258491
8185.07 6.377241
8190.7300000000005 6.349413
8196.39 6.52924
8202.05 6.441834
8207.72 6.566129
8213.390000000001 6.633145
8219.07 6.756128
8224.75 6.692898
8230.43 6.805969
8236.12 7.083828
8241.810000000001 6.934578
8247.5 7.02202
8336.0 6.64977
8420.2 6.711227
8504.4 6.772161
8588.61 6.832565
8672.81 6.892436
8757.01 6.951773
8841.210000000001 7.010571
8925.41 7.068827
9009.62 7.126539
9093.82 7.183704
9178.02 7.240322
9262.22 7.296387
9346.42 7.3519
9430.63 7.406858
9514.83 7.46126
9599.029999999999 7.515104
9683.23 7.568389
9767.43 7.621116
9851.640000000001 7.673281
9935.84 7.724885
10020.039999999999 7.775926
10104.24 7.826406
10188.44 7.876322
10272.650000000001 7.925676
10356.85 7.974467
10441.050000000001 8.022696
10525.25 8.070362
10609.45 8.117465
10693.66 8.164008
10777.859999999999 8.209989
10862.06 8.25541
10946.26 8.300272
11030.46 8.344575
11114.67 8.38832
11198.87 8.431508
11283.07 8.474142
11367.27 8.516221
11451.47 8.557747
11535.679999999998 8.598723
11619.880000000001 8.63915
11704.079999999998 8.679028
11788.28 8.71836
11872.480000000001 8.757146
11956.69 8.795391
12040.89 8.833094
12125.09 8.870259
12209.289999999999 8.906888
12293.49 8.942982
12377.7 8.978544
12461.9 9.013574
12546.1 9.048078
12630.300000000001 9.082055
12714.5 9.115509
12798.71 9.148442
12882.91 9.180858
12967.109999999999 9.212758
13051.310000000001 9.244143
13135.509999999998 9.275019
13219.72 9.305386
13303.92 9.335248
13388.119999999999 9.364607
13472.32 9.393466
13556.52 9.421829
13640.730000000001 9.449698
13724.93 9.477074
13809.130000000001 9.503962
13893.33 9.530363
13977.539999999999 9.556284
14061.74 9.581723
14145.939999999999 9.606687
14230.14 9.631176
14314.34 9.655194
14398.539999999999 9.678745
14482.75 9.70183
14566.95 9.724453
14651.15 9.746618
14735.35 9.768328
14819.55 9.789585
14903.759999999998 9.810393
14987.960000000001 9.830755
15072.159999999998 9.850673
15156.36 9.870151
15240.57 9.889193
15324.77 9.9078
15408.97 9.925978
15493.17 9.943728
15577.369999999999 9.961054
15661.58 9.977959
15745.78 9.994446
15829.98 10.01052
15914.18 10.02618
15998.380000000001 10.04143
16082.58 10.05628
16166.789999999999 10.07073
16250.990000000002 10.08478
16335.189999999999 10.09843
16419.39 10.11169
16503.600000000002 10.12456
16587.8 10.13704
16672.0 10.14914
16756.2 10.16087
16840.4 10.17221
16924.61 10.18319
17008.81 10.19379
17093.01 10.20402
17177.21 10.2139
17261.41 10.22341
17345.62 10.23256
17429.82 10.24136
17514.02 10.24981
17598.22 10.25791
17682.420000000002 10.26566
17766.63 10.27308
17850.829999999998 10.28015
17935.030000000002 10.28689
18019.23 10.29329
18103.43 10.29937
18187.64 10.30511
18271.84 10.31054
18356.04 10.31564
18440.24 10.32043
18524.44 10.3249
18608.65 10.32906
18692.850000000002 10.33291
18777.05 10.33645
18861.25 10.3397
18945.45 10.34264
19029.66 10.34528
19113.86 10.34763
19198.059999999998 10.34969
19282.26 10.35146
19366.46 10.35294
19450.670000000002 10.35414
19534.87 10.35507
19619.07 10.35571
19703.27 10.35608
19787.47 10.35618
19871.68 10.35601
19955.879999999997 10.35557
20040.079999999998 10.35487
20124.28 10.35391
20208.48 10.35269
20292.690000000002 10.35121
20376.89 10.34949
20461.09 10.34751
20545.29 10.34528
20629.49 10.34281
20713.7 10.3401
20797.9 10.33715
20882.100000000002 10.33396
20966.300000000003 10.33054
21050.5 10.32689
21134.710000000003 10.323
21218.910000000003 10.31889
21303.109999999997 10.31455
21387.309999999998 10.31
21498.8 10.38305
21577.69 9.983158
21656.68 10.24184
21735.739999999998 10.2296
21814.8 10.20102
21893.96 10.17157
21973.11 10.27848
22052.34 10.24928
22131.57 10.22821
22210.809999999998 9.869914
22290.21 10.07635
22369.530000000002 9.974067
22448.929999999997 10.65272
22528.42 10.32585
22607.9 10.78987
22687.48 10.53377
22767.050000000003 10.48449
22846.62 9.842677
22926.27 10.25036
23005.93 10.24384
23085.670000000002 10.55211
23165.41 10.22666
23245.23 10.62151
23325.05 10.46579
23404.96 10.53427
23484.87 10.167
23564.780000000002 10.26606
23644.690000000002 9.733062
23724.76 9.50396
23804.75 9.362499
23884.829999999998 10.19295
23964.91 10.36971
24045.06 10.5338
24125.22 10.36894
24205.390000000003 10.40386
24285.63 10.02637
24365.87 10.41019
24446.12 10.37273
24526.45 10.4869
24606.780000000002 9.952095
24687.11 10.35693
24767.519999999997 10.07348
24847.929999999997 10.10791
24928.340000000004 10.22025
25008.84 10.72264
25089.34 10.57397
25169.920000000002 10.28287
25250.420000000002 10.29969
25331.0 9.988702
25411.579999999998 10.088
25492.24 10.0052
25572.910000000003 9.843855
25653.579999999998 9.577004
25734.24 9.63763
25814.99 9.499416
25895.739999999998 9.67979
25976.49 9.254395
26057.239999999998 9.089174
26138.07 7.99052
26218.910000000003 8.791845
26299.739999999998 9.302126
26380.659999999996 9.830607
26461.5 9.798376
26542.41 9.590918
26623.41 9.284131
26704.33 9.47218
26785.34 9.625821
26866.34 10.06919
26947.34 10.1365
27028.34 9.850359
27109.43 10.25179
27190.51 9.639109
27271.6 9.704875
27352.690000000002 9.689807
27433.78 9.850981
27514.949999999997 9.600352
27596.120000000003 9.873094
27677.29 9.994012
27758.46 9.904589
27839.63 9.431453
27920.88 9.314811
28002.14 9.150475
28083.390000000003 9.171196
28164.65 9.21193
28245.91 9.098963
28327.239999999998 9.24653
28408.5 9.218926
28489.84 9.020413
28571.179999999997 8.891438
28652.52 8.662364
28733.94 8.686604
28815.28 8.987563
28896.7 9.680237
28978.039999999997 8.993765
29059.460000000003 8.812647
29140.97 8.231082
29222.399999999998 8.327882
29303.82 9.03168
29385.33 9.642311
29466.75 9.6369
29548.260000000002 9.500245
29629.76 9.215162
29711.27 9.045096
29792.78 9.225162
29874.37 8.878951
29955.88 9.08263
30037.47 9.305274
30118.98 9.357
30200.57 9.356747
30282.16 8.921393
30363.75 9.400488
30445.34 9.117548
30527.02 9.053221
30608.61 8.791326
30690.29 8.565529
30771.88 8.681335
30853.56 8.902343
30935.23 7.943586
31016.910000000003 7.199882
31098.58 7.88369
31180.26 9.104669
31261.94 9.307583
31343.61 9.431763
31425.37 9.000474
31507.05 8.80001
31588.81 8.558736
31670.48 8.781551
31752.250000000004 8.477017
31833.999999999996 8.649306
31915.77 8.113959
31997.53 8.541767
32079.29 8.123463
32161.050000000003 8.796304
32242.8 8.854054
32324.57 9.424606
32406.41 8.733178
32488.17 9.306683
32569.93 8.976555
32651.77 9.187575
32733.620000000003 8.914082
32815.38 9.062645
32897.22 8.895976
32979.07 9.080493
33060.909999999996 8.549195
33142.76 8.652102
33224.6 8.320384
33306.450000000004 7.78511
33388.29 7.827346
33470.13 7.80486
33551.98 8.201951
33633.82 8.453883
33715.66 8.149202
33797.59 8.452769
33879.44 8.185352
33961.37 8.232818
34043.21 8.352426
34125.06 7.673258
34206.979999999996 7.963842
34288.91 8.163738
34370.759999999995 8.573418
34452.69 7.890779
34534.62 7.583291
34616.46 7.612021
34698.39 7.68227
34780.32 7.862806
34862.24 8.132845
34944.090000000004 7.810991
35026.02 7.427851
35107.95 7.80627
35189.88 8.026904
35271.8 7.845682
35353.729999999996 7.613341
35435.66 7.532081
35517.590000000004 7.524174
35599.52 7.261978
35681.45 7.450133
35763.38 7.767903
35845.3 7.863944
35927.229999999996 7.942514
36009.159999999996 7.816049
36091.18 7.864372
36173.1 7.808295
36255.03 7.914338
36336.96 7.490922
36418.89 6.927894
36500.82 6.867781
36582.83 7.531165
36664.76 7.826399
36746.69 7.792764
36828.61 7.547283
36910.55 7.943348
36992.47 8.290609
37074.479999999996 8.184883
37156.41 7.77111
37238.340000000004 7.591404
37320.27 7.477722
37402.2 7.151703
37484.130000000005 7.192236
37566.14 6.789097
37648.07 7.148617
37730.0 7.005789
37811.93 7.568742
37893.86 7.396029
37975.78 7.153019
38057.71 6.777163
38139.64 6.279534
38221.57 6.095489
38303.5 6.469136
38385.43 7.70831
38467.36 7.597971
38549.28 8.072643
38631.21 7.13315
38713.14 7.255258
38795.07 6.84158
38877.0 6.862772
38958.93 6.849683
39040.77 6.814777
39122.7 6.814636
39204.63 6.75047
39286.55 6.576025
39368.4 6.709583
39450.33 6.516254
39532.17 6.490236
39614.1 6.41572
39695.95 6.769062
39777.88 7.171809
39859.72 7.146031
39941.65 7.097944
40023.5 7.217816
40105.34 6.827741
40187.18 6.78842
40269.11 6.856891
40350.96 6.907978
41258.990000000005 6.796404
42101.01 6.73427
42943.03 6.663853
43785.049999999996 6.585957
44627.07 6.50135
45469.090000000004 6.410761
46476.73 6.377987
46731.36 6.317706
46985.99 6.336474
47240.62 6.309004
47495.24 6.232318
47749.95 6.0352
48004.58 6.123792
48259.21 6.142726
48513.840000000004 6.006038
48768.46 5.887426
49023.18 6.043915
49277.8 6.000836
49532.42999999999 5.928054
49787.049999999996 5.895035
50041.68 5.882183
50296.39000000001 5.734928
50551.02 5.713495
50805.64 5.68596
51060.270000000004 5.601335
51314.9 5.610074
51569.61 5.550479
51824.24 5.513356
52078.86 5.49405
52333.49 5.552335
52588.119999999995 5.492912
52842.83 5.511249
53097.46 5.541587
53352.09 5.483728
53606.71 5.43206
53861.33 5.267115
54116.049999999996 5.27579
54370.67 5.157905
54625.3 5.245945
54879.93 5.367398
55134.56 5.294044
55389.270000000004 5.215398
55643.89 5.043281
55898.52 5.004568
56153.15 5.013998
56407.77 4.952817
56662.48 5.001084
56917.11 4.945289
57171.74 4.970673
57426.36 4.917801
57680.990000000005 4.865515
57935.7 4.792873
58190.33 4.697917
58444.96000000001 4.615925
58699.59 4.599741
58954.21 4.618929
59208.93000000001 4.580174
59463.549999999996 4.503492
59718.18 4.553416
59972.8 4.535092
60227.43 4.509006
60482.14 4.534366
60736.77 4.508332
60991.39 4.500233
61246.020000000004 4.539273
61500.649999999994 4.549502
61755.36 4.590541
62009.98 4.638029
62264.619999999995 4.665438
62519.24 4.610487
62773.87 4.567894
63028.579999999994 4.604751
63283.2 4.42247
63792.45 4.111154
64301.71 3.954196
64811.05 3.849321
65320.299999999996 3.858664
65829.55 3.883021
66338.9 3.801452
66848.16 3.750212
67357.49 3.661976
67866.73999999999 3.63652
68376.0 3.593061
68885.33 3.61612
69394.59 3.602779
69903.84 3.557442
70413.17 3.487351
70922.43 3.500712
71431.68000000001 3.277232
71941.02 3.240243
72450.28 3.230336
72959.62000000001 3.226006
73468.88 3.23291
73978.13 3.210864
74487.47 3.281652
74996.72 3.37224
75505.98 3.479462
76015.3 3.525562
76524.56 3.498653
77033.81 3.467229
77543.15 3.410045
78052.41 3.34287
78561.74 3.30836
79071.0 3.276276
79580.26000000001 3.204582
80089.59000000001 3.161692
80598.84 3.101394
81108.1 2.993911
81617.44 2.978275
82126.69 2.942849
82635.93999999999 2.896022
83145.28 2.862738
83654.54 2.815533
84163.87999999999 2.776708
84673.13 2.711674
85182.38 2.665255
85691.72 2.658789
86200.98000000001 2.613502
86710.23 2.528715
87219.56 2.465724
87728.81999999999 2.380398
88238.07 2.275617
88747.41 2.192905
89256.66 2.121846
89766.01000000001 2.045133
90275.25 1.977671
90784.51 1.927092
91293.84999999999 1.856268
91803.1 1.785226
92312.36000000002 1.713863
92821.70000000001 1.656476
93330.95 1.593801
93840.21 1.569714
94349.54 1.507232
94858.8 1.478114
95368.13 1.460396
95877.38 1.449129
96386.64 1.406534
96895.98 1.41227
97405.23 1.401086
97914.48000000001 1.391317
98423.82 1.38393
98933.07999999999 1.353011
99442.33 1.36975
99951.65999999999 1.362817
100460.92 1.381223
100970.27 1.404712
101479.52 1.410179
101988.76999999999 1.410945
102498.11 1.447936
103007.36 1.463298
103516.62 1.47526
104025.95 1.482454
104535.2 1.51082
105044.45999999999 1.54276
105553.79999999999 1.562252
106063.05 1.578106
106572.39 1.581294
107081.64 1.588214
107590.90000000001 1.6021
108100.23 1.623249
108609.48000000001 1.655402
109118.73999999999 1.643908
109628.09 1.66762
110137.33 1.680504
110646.58 1.696941
111155.92 1.743146
111665.18 1.795943
112174.43 1.868015
112683.76999999999 1.925481
113193.02 1.921238
113702.37 1.917477
114211.62000000001 1.942934
114720.87 1.920575
115230.21 1.932753
115739.45999999999 1.935916
116248.71 1.933368
116758.05 1.972861
117267.3 2.002694
117776.56 2.034167
118466.76999999999 2.289362
119179.79000000001 2.319543
119892.81999999999 2.353409
120605.76 2.369059
121318.76999999999 2.412707
122031.79000000001 2.438248
122744.73000000001 2.470549
123457.76000000001 2.494321
124170.78 2.484445
124883.79999999999 2.473409
125596.73999999999 2.461761
126309.76999999999 2.452238
127022.78 2.470122
127735.73000000001 2.549751
128448.74 2.683287
129161.76999999999 2.517752
129874.7 2.385446
130587.73000000001 2.363734
131300.77 2.359997
132013.7 2.304534
132726.72 2.301025
133439.73 2.351198
134152.67 2.315414
134865.7 2.297726
135578.72 2.287974
136291.73 2.291046
137004.69 2.288888
137717.72 2.227404
138430.72 2.209473
139143.67 2.190138
139856.69 2.186761
140569.7 2.208946
141282.66 2.215428
141995.67 2.218675
142708.7 2.20509
143421.63 2.195722
144134.66 2.146372
144847.66999999998 2.166955
145560.61 2.15751
146273.64 2.141788
146986.66 2.119549
147699.69 2.101384
148412.63 2.086944
149125.66 2.056146
149838.66 2.054777
150551.61 2.033285
151264.64 2.001025
151977.66 1.988999
152690.59 1.979942
153403.61 1.931216
154116.64 1.92618
154829.58 1.973208
155542.59 2.019448
156255.63 1.926087
156968.55 1.859251
157681.58 1.815076
158394.61 1.799117
159107.63 1.785522
159820.56 1.75705
160533.59 1.759257
161246.59000000003 1.73605
161959.55000000002 1.694344
162672.58000000002 1.706728
163385.59 1.677059
164098.52999999997 1.655496
164811.56 1.705844
165524.58000000002 1.69223
166237.52 1.686383
166950.53000000003 1.654869
167663.55999999997 1.661153
168376.52 1.661028
169089.52 1.659289
169802.55 1.6293
170515.58 1.659464
171228.5 1.660042
171941.53 1.62632
172654.56 1.599134
173367.5 1.608496
174793.53 1.602354
176219.52 1.572812
177645.44999999998 1.557879
179071.5 1.57534
180497.45 1.559099
181923.52 1.561404
183349.47 1.559102
184775.44000000003 1.553942
186201.48 1.55325
187627.44999999998 1.560481
189053.39 1.575852
190479.44 1.561789
191905.41 1.571876
193331.44999999998 1.571487
194757.41 1.591745
196183.38 1.599592
197609.42 1.60513
199035.38999999998 1.614652
200461.34 1.60766
201887.38 1.610072
203313.34 1.617124
204739.39 1.625046
206165.34000000003 1.630611
207591.31 1.624928
209017.36 1.61685
210443.33000000002 1.631932
211869.28000000003 1.64581
213295.34 1.645197
214721.3 1.637783
216147.33000000002 1.636903
217573.3 1.641839
218999.25 1.65053
220425.3 1.634369
221851.27000000002 1.639649
223277.22999999998 1.646855
224703.27000000002 1.662664
226129.22999999998 1.66066
227555.27000000002 1.647787
228981.22999999998 1.648991
230407.22 1.671888
231833.25 1.676893
233259.19 1.677079
234685.16 1.677657
236111.22000000003 1.676673
237537.19 1.707481
238963.22 1.694105
240389.19 1.692627
241815.14 1.716637
243241.19 1.721382
244667.13999999998 1.716396
246093.11000000002 1.710589
247519.13999999998 1.736266
248945.11000000002 1.734793
250371.13999999998 1.7362
251797.14 1.755096
253223.09 1.755077
254649.14 1.762592
256075.09 1.763487
257501.06 1.767522
258927.09 1.802367
260353.06 1.795151
261779.09 1.774227
263205.06 1.774349
264631.03 1.778372
266057.06 1.818508
267483.06 1.801646
268909.0 1.765883
270335.06 1.777065
271761.0 1.80353
273187.06 1.812436
274613.0 1.824451
276038.97 1.807378
277465.0 1.786097
278890.97 1.810215
280316.94 1.819122
281743.0 1.843041
283168.97000000003 1.819053
284594.97 1.828263
286020.94 1.907479
287446.94 1.832544
288872.94 1.822896
290298.91 1.806614
291724.88 1.831692
293150.94 1.879317
294576.88 1.866816
294995.72000000003 1.803824
297945.69 1.815099
300925.16 1.825453
303934.41 1.834878
306973.78 1.843371
310043.5 1.85093
313143.97 1.857551
316275.38 1.863236
319438.16000000003 1.867985
322632.52999999997 1.871801
325858.87 1.87469
329117.44 1.876657
332408.66 1.877707
335732.72000000003 1.877852
339090.06 1.877098
342480.97000000003 1.875457
345905.75 1.872941
349364.81 1.869563
352858.43999999994 1.865336
356387.02999999997 1.860276
359950.91000000003 1.854398
363550.41 1.84772
367185.91000000003 1.840257
370857.77999999997 1.83203
374566.37 1.823057
378312.03 1.813358
382095.16000000003 1.802952
385916.08999999997 1.791861
389775.25 1.780107
393672.97000000003 1.76771
397609.72000000003 1.754693
401585.81 1.741079
405601.66000000003 1.726891
409657.72000000003 1.71215
413754.27999999997 1.696881
417891.81 1.681107
422070.72 1.664851
426291.43999999994 1.648137
430554.33999999997 1.630988
434859.91 1.613427
439208.5 1.595479
443600.59 1.577166
448036.63 1.55851
452516.97 1.539536
457042.13 1.520266
461612.56 1.500722
466228.69 1.480926
470891.0 1.4609
475599.94000000006 1.440666
480355.94000000006 1.420245
485159.44 1.399657
490011.06 1.378923
494911.19 1.358062
499860.27999999997 1.337095
504858.88 1.31604
509907.47 1.294915
515006.52999999997 1.273739
520156.58999999997 1.252529
525358.19 1.231303
530611.8099999999 1.210075
535917.88 1.188865
541277.06 1.167685
546689.81 1.146551
552156.75 1.125478
557678.25 1.10448
563255.0599999999 1.083569
568887.63 1.062759
574576.4400000001 1.042062
580322.19 1.02149
586125.44 1.001053
591986.63 0.9807635
597906.5 0.9606303
603885.56 0.9406636
609924.38 0.9208722
616023.63 0.9012653
622183.88 0.8818503
628405.6900000001 0.8626357
634689.8099999999 0.8436279
641036.62 0.8248345
647447.0 0.806261
653921.5 0.7879134
660460.6900000001 0.7697973
667065.25 0.7519175
673736.0 0.7342785
680473.31 0.7168845
687278.0 0.699739
694150.81 0.6828457
701092.3099999999 0.6662073
708103.2500000001 0.6498264
715184.2499999999 0.6337056
722336.13 0.6178462
729559.4400000001 0.6022505
736855.06 0.5869192
744223.5599999999 0.5718536
751665.8099999999 0.5570543
759182.5 0.5425215
766774.3099999999 0.5282556
774442.0599999999 0.5142564
782186.44 0.5005236
790008.31 0.4870563
797908.4400000001 0.473854
805887.5 0.4609155
813946.38 0.4482395
822085.88 0.4358246
830306.75 0.4236692
838609.8099999999 0.4117715
846995.8099999999 0.4001295
855465.81 0.3887411
864020.5 0.3776039
872660.6900000001 0.3667157
881387.31 0.3560738
890201.19 0.3456757
899103.13 0.3355186
908094.25 0.3255995
917175.12 0.3159157
926346.94 0.3064638
935610.31 0.2972411
944966.38 0.2882441
954416.0599999999 0.2794696
963960.25 0.2709144
973599.81 0.2625749
983335.88 0.2544479
993169.19 0.2465299
1003100.8799999999 0.2388174
1013131.81 0.2313069
1023263.25 0.2239947
1033495.87 0.2168775
1043830.75 0.2099515
1054269.13 0.2032132
1064811.8800000001 0.196659
1075460.0 0.1902854
1086214.5 0.1840888
1097076.75 0.1780654
1108047.38 0.172212
1119128.0 0.1665247
1130319.25 0.1610002
1141622.3800000001 0.1556349
1153038.6300000001 0.1504253
1164569.0 0.1453679
1176214.88 0.1404593
1187977.0 0.1356962
1199856.75 0.1310751
1211855.25 0.1265927
1223973.8800000001 0.1222457
1236213.6300000001 0.1180308
1248575.8800000001 0.1139448
1261061.63 0.1099846
1273672.38 0.1061469
1286408.9999999998 0.1024288
1299273.12 0.09882716
1312265.8699999999 0.09533893
1325388.5 0.09196122
1338642.25 0.0886911
1352028.6300000001 0.0855257
1365549.0 0.08246222
1379204.4999999998 0.07949791
1392996.5000000002 0.07663007
1406926.4999999998 0.07385602
1420995.63 0.07117317
1435205.6300000001 0.06857895
1449557.75 0.06607086
1464053.38 0.06364644
1478693.75 0.06130329
1493480.6199999999 0.05903906
1508415.6300000001 0.05685144
1523499.75 0.05473818
1538734.7500000002 0.05269705
1554122.0000000002 0.05072596
1569663.2500000002 0.04882276
1585359.8800000001 0.04698539
1601213.5 0.04521187
1617225.5000000002 0.04350023
1633397.75 0.04184855
1649731.8699999999 0.04025497
1666229.1300000001 0.03871769
1682891.2500000002 0.03723493
1699720.25 0.03580495
1716717.5 0.03442607
1733884.6300000001 0.03309667
1751223.5 0.03181514
1768735.7499999998 0.03057993
1786423.0 0.02938954
1804287.3800000001 0.02824249
1822330.3699999999 0.02713736
1840553.63 0.02607275
1858959.1300000001 0.02504733
1877548.75 0.02405977
1896324.1300000001 0.02310879
1915287.5 0.02219318
1934440.25 0.02131171
1953784.8800000001 0.02046323
1973322.75 0.01964661
1993056.13 0.01886074
2012986.75 0.01810456
2033116.4999999998 0.01737704
2053447.63 0.01667718
2073982.0 0.01600401
2094721.9999999998 0.01535657
2115669.25 0.01473397
2136826.0 0.01413533
2158194.25 0.01355978
2179776.25 0.01300649
2201574.25 0.01247468
2223589.75 0.01196356
2245825.5 0.01147237
2268283.75 0.0110004
2290966.5 0.01054695
2313876.25 0.01011132
2337015.25 0.009692875
2360385.25 0.00929097
2383989.25 0.008904991
2407829.0 0.008534348
2431907.5 0.008178467
2456226.5 0.0078368
2480789.0 0.007508802
2505597.0 0.007193967
2530653.0 0.006891795
2555959.5 0.0066018
2581519.0 0.006323525
2607334.0 0.006056518
2633407.5 0.005800346
2659741.75 0.005554594
2686339.0 0.005318863
2713202.5 0.00509276
2740334.75 0.004875915
2767738.0 0.004667967
2795415.25 0.004468569
2823369.75 0.004277386
2851603.25 0.004094097
2880119.0000000005 0.003918391
2908920.25 0.003749967
2938009.5 0.003588539
2967389.5 0.003433828
2997063.25 0.003285568
3027034.0 0.003143501
3057303.9999999995 0.003007381
3087877.25 0.002876967
3118756.0 0.002752032
3149943.5 0.002632355
3181443.25 0.002517723
3213257.5000000005 0.002407933
3245390.0 0.002302788
3277844.0 0.002202099
3310622.25 0.002105685
3343728.5000000005 0.002013371
3377165.75 0.00192499
3410937.5 0.00184038
3445046.75 0.001759386
3479497.5 0.001681859
3514292.2499999995 0.001607656
3549434.9999999995 0.00153664
3584929.5 0.001468679
3620779.0 0.001403645
3656986.75 0.001341416
3693556.5000000005 0.001281877
3730492.0 0.001224914
3767797.0 0.001170419
3805474.75 0.00111829
3843529.5 0.001068427
3881964.75 0.001020733
3920784.4999999995 0.0009751187
3959992.75 0.000931495
3999592.5 0.0008897779
4039588.5 0.0008498865
4079984.25 0.0008117437
4120784.4999999995 0.0007752744
4161992.5 0.0007404078
4203612.5 0.0007070751
4245648.5 0.0006752111
