909.5799999999999 0.002148463
914.5699999999999 0.007426772
919.56 0.01674788
924.56 0.02016849
929.55 0.02294571
934.54 0.02724805
939.54 0.02505587
944.53 0.02599053
949.52 0.02637848
954.52 0.02518902
959.51 0.02363226
964.4999999999999 0.0216886
969.5 0.06981515
974.4899999999999 0.02285823
979.4799999999999 0.03782319
994.46 0.03094314
999.4599999999999 0.02616025
1004.45 0.02499157
1009.44 0.02334134
1034.41 0.07359536
1039.4 0.07436661
1044.4 0.04135078
1049.39 0.02785376
1054.38 0.02787781
1059.38 0.02705539
1064.3700000000001 0.0256451
1069.3600000000001 0.02762852
1074.3600000000001 0.02873868
1079.3500000000001 0.01354745
1084.34 0.02349731
1089.34 0.02045315
1094.33 0.0185712
1099.32 0.018276
1104.32 0.01933843
1109.31 0.0178108
1114.3 0.01937685
1119.3 0.01851944
1124.29 0.01747599
1129.28 0.01841717
1134.28 0.01966697
1139.27 0.01859289
1144.26 0.01811129
1150.39 0.01829764
1155.38 0.01864146
1160.3700000000001 0.01858598
1165.36 0.01996537
1170.35 0.02236627
1175.34 0.02858041
1180.33 0.02239202
1185.32 0.01982914
1190.31 0.0218837
1195.3 0.02104908
1200.29 0.03110118
1205.28 0.03361779
1220.25 0.0953948
1225.24 0.03873714
1230.23 0.03509248
1235.22 0.03008288
1240.21 0.03319152
1245.2 0.04012026
1250.1899999999998 0.02864309
1255.1799999999998 0.02227475
1260.1699999999998 0.02273798
1265.1599999999999 0.02327682
1270.1499999999999 0.01928421
1275.1399999999999 0.01796265
1280.1299999999999 0.01852814
1285.12 0.01885686
1290.0900000000001 0.018517
1295.11 0.01982355
1300.1 0.02443021
1305.09 0.03496714
1310.0800000000002 0.02325589
1315.0700000000002 0.01732152
1320.0600000000002 0.01759298
1325.0500000000002 0.01844403
1330.0400000000002 0.01737222
1335.0300000000002 0.02424726
1340.0200000000002 0.02024969
1345.01 0.01975375
1350.0 0.01893713
1354.99 0.01963652
1359.98 0.02008465
1364.97 0.01992526
1369.96 0.02039616
1374.95 0.02006709
1379.94 0.02039388
1384.93 0.02315054
1389.92 0.0271391
1394.91 0.0339079
1399.9 0.03636056
1404.89 0.03460194
1409.88 0.02394041
1414.8700000000001 0.02131282
1419.86 0.02015962
1424.85 0.01932217
1429.84 0.01869077
1434.83 0.0178279
1439.82 0.01833947
1444.7099999999998 0.01894295
1449.81 0.01777118
1454.8 0.01818649
1459.8 0.01802101
1464.79 0.01818794
1469.78 0.01783469
1474.78 0.01773335
1479.77 0.01849927
1484.76 0.02510604
1489.76 0.01970179
1494.75 0.01890058
1499.75 0.01892681
1504.74 0.018838
1509.73 0.01907204
1514.73 0.01884721
1519.72 0.01996665
1524.71 0.02048243
1529.71 0.02709405
1534.7 0.03621191
1539.69 0.05075089
1544.69 0.05442637
1549.6799999999998 0.09070341
1554.68 0.07148008
1559.6699999999998 0.03722115
1564.6599999999999 0.02970942
1569.6599999999999 0.02600472
1574.6499999999999 0.02552228
1579.71 0.02040839
1584.6399999999999 0.0201584
1589.6299999999999 0.01993271
1594.62 0.01988124
1599.62 0.02230639
1604.61 0.01962598
1609.6 0.02141879
1614.6 0.02224616
1619.59 0.02276923
1624.59 0.02387896
1629.58 0.02709208
1634.57 0.0325578
1639.57 0.05875653
1644.56 0.02964109
1649.55 0.02640177
1654.55 0.02435215
1659.54 0.02813776
1664.53 0.03034885
1669.53 0.02396442
1672.59 0.02103196
1766.7 0.02058215
1771.71 0.01834512
1776.73 0.01886178
1781.75 0.01859736
1786.77 0.01848942
1791.78 0.01814863
1796.8 0.01824844
1801.8200000000002 0.0182413
1806.8400000000001 0.0196226
1811.8500000000001 0.01981889
1816.87 0.02031075
1821.8899999999999 0.01952146
1826.9099999999999 0.01921642
1831.9199999999998 0.01850318
1836.94 0.01892476
1841.96 0.02013586
1846.98 0.02071856
1851.99 0.02178983
1857.01 0.02172997
1862.03 0.02137225
1867.0500000000002 0.02179171
1872.0600000000002 0.02207624
1877.0800000000002 0.02160595
1882.1 0.02320908
1887.11 0.02783508
1892.1299999999999 0.03160267
1897.1499999999999 0.02912035
1902.1599999999999 0.03494838
1907.18 0.05434473
1912.2 0.04481556
1917.22 0.03061175
1922.23 0.02353796
1927.25 0.02229917
1932.2700000000002 0.02102024
1937.2900000000002 0.02006902
1942.3000000000002 0.02033566
1947.32 0.02119165
1952.34 0.02287095
1957.35 0.0213237
1962.37 0.0210055
1967.3899999999999 0.02030208
1972.41 0.02051895
1975.7 0.01603636
1981.02 0.02403745
1986.33 0.02529233
1991.65 0.02240078
1996.96 0.03814582
2002.27 0.03694088
2007.58 0.04560428
2012.8999999999999 0.02073866
2018.21 0.02787157
2023.52 0.02241829
2028.8400000000001 0.02404643
2034.15 0.01720647
2039.4599999999998 0.01880682
2044.77 0.02217278
2050.09 0.03300042
2055.4 0.02071507
2060.71 0.02306314
2066.02 0.01720132
2071.34 0.02155362
2076.65 0.02407749
2081.97 0.02298104
2087.27 0.0229271
2092.59 0.02026073
2097.9 0.02780988
2103.2200000000003 0.02413996
2108.53 0.02313657
2113.8399999999997 0.02615651
2119.15 0.02256419
2124.47 0.01698173
2129.78 0.02156315
2135.09 0.02541162
2140.4100000000003 0.02481841
2145.7200000000003 0.02821928
2151.04 0.02551274
2156.34 0.03044297
2161.66 0.02438024
2166.97 0.02780072
2172.29 0.01908628
2177.59 0.02398207
2182.9100000000003 0.01501733
2188.22 0.01897465
2193.54 0.01580798
2198.85 0.01955993
2204.16 0.01805612
2209.4700000000003 0.02144705
2214.79 0.02408612
2220.1 0.02523514
2225.41 0.01625619
2230.73 0.01503848
2236.04 0.0185348
2241.35 0.0202457
2246.66 0.02088607
2251.98 0.01961634
2257.29 0.01858531
2262.6 0.01981905
2267.92 0.02491903
2273.23 0.01997995
2278.54 0.02292675
2283.85 0.02276658
2289.17 0.02283287
2294.48 0.0232472
2299.79 0.02474675
2305.11 0.02785781
2310.42 0.02004561
2315.73 0.0221011
2321.05 0.02540975
2326.36 0.02654687
2331.67 0.02349334
2336.98 0.01884064
2342.2999999999997 0.01857084
2347.61 0.01946933
2352.92 0.01836098
2358.2400000000002 0.01856961
2363.55 0.02121527
2368.86 0.018398
2374.17 0.01900047
2379.49 0.01871923
2384.8 0.02098053
2390.12 0.02015774
2395.42 0.02012085
2400.7400000000002 0.02180647
2406.05 0.02052514
2411.37 0.02241627
2416.68 0.02527635
2421.99 0.02591775
2427.3 0.02279352
2432.62 0.02189822
2437.9300000000003 0.02234898
2443.2400000000002 0.02389183
2448.56 0.02054366
2453.87 0.02037468
2459.18 0.0221151
2464.4900000000002 0.02032108
2469.81 0.0227803
2475.12 0.02145406
2480.44 0.02259875
2485.74 0.02139967
2491.06 0.02309627
2496.37 0.02095715
2501.6899999999996 0.02313923
2507.0 0.02445262
2512.31 0.02329396
2517.62 0.02166126
2522.94 0.02256889
2528.25 0.02195078
2533.5600000000004 0.02223975
2538.88 0.02249892
2544.19 0.02096831
2549.5 0.02016326
2554.81 0.02133566
2560.13 0.0204401
2565.44 0.02168476
2570.75 0.02014996
2576.0699999999997 0.02068324
2581.3799999999997 0.01938571
2586.6899999999996 0.01895187
2592.01 0.02069744
2597.32 0.01922117
2602.63 0.02130024
2607.94 0.02149155
2613.26 0.02060711
2618.57 0.01941903
2623.88 0.02134239
2629.2 0.02160995
2634.5099999999998 0.02158143
2639.82 0.02120441
2645.13 0.02223419
2650.45 0.02252284
2655.7599999999998 0.02039213
2661.0699999999997 0.02123462
2666.3900000000003 0.02097681
2671.7000000000003 0.02094729
2677.01 0.02154809
2682.32 0.0203782
2687.64 0.02126092
2692.9500000000003 0.02058651
2698.27 0.02069782
2703.57 0.02269849
2708.89 0.02220301
2714.2 0.02326435
2719.5200000000004 0.02158532
2724.82 0.02219599
2730.14 0.02389969
2735.45 0.02288098
2740.77 0.02346339
2746.0800000000004 0.02219008
2751.3900000000003 0.02286585
2756.71 0.0229136
2762.02 0.02124663
2767.33 0.02225306
2772.6400000000003 0.0231872
2777.96 0.02506896
2783.27 0.02419734
2788.59 0.02862379
2793.89 0.03736778
2799.2099999999996 0.04309587
2804.52 0.03638451
2809.84 0.02701821
2815.15 0.02424375
2820.46 0.02322076
2825.7700000000004 0.02324446
2831.09 0.02299439
2836.4 0.02433382
2841.71 0.02275994
2847.02 0.02338981
2852.3399999999997 0.02297489
2857.65 0.02166498
2862.96 0.02141322
2868.28 0.02267003
2873.5899999999997 0.02466698
2878.8999999999996 0.02319218
2884.21 0.02251184
2889.53 0.02153823
2894.84 0.02179385
2900.16 0.02234487
2905.47 0.02218139
2910.78 0.02213128
2916.09 0.02341108
2921.41 0.02342843
2926.72 0.02423843
2932.0299999999997 0.02357395
2937.3500000000004 0.02320807
2942.6600000000003 0.02291047
2947.97 0.02326974
2953.2799999999997 0.02297262
2958.6 0.0228724
2963.9100000000003 0.02355705
2969.2200000000003 0.02409484
2974.54 0.02294167
2979.85 0.02264485
2985.16 0.02274354
2990.4700000000003 0.02346574
2995.79 0.02163746
3001.1 0.02084139
3006.41 0.02214643
3011.72 0.02151557
3017.0400000000004 0.02054877
3022.35 0.02285989
3027.67 0.02237173
3032.98 0.02275879
3038.29 0.02176245
3072.82 0.02285688
3092.78 0.0227881
3112.73 0.0230301
3132.68 0.02286852
3152.64 0.02284112
3172.59 0.02301135
3192.54 0.02276689
3212.5 0.02291676
3232.45 0.02263917
3252.3999999999996 0.02324707
3272.36 0.02359967
3292.31 0.02353116
3312.26 0.02334828
3332.2200000000003 0.02341012
3352.17 0.02340896
3372.12 0.02270578
3392.08 0.0233386
3412.0299999999997 0.0232294
3431.98 0.02347263
3451.94 0.0233346
3471.8900000000003 0.02336915
3491.84 0.02341565
3511.7999999999997 0.02367633
3531.75 0.02352725
3551.7 0.02382521
3571.66 0.02282739
3591.61 0.02242699
3611.56 0.02308015
3631.5199999999995 0.02338044
3651.47 0.02372236
3671.42 0.02410824
3692.18 0.02275339
3698.0499999999997 0.0226676
3703.9100000000003 0.02231336
3709.7799999999997 0.02164468
3715.6499999999996 0.02307038
3721.52 0.03098657
3727.39 0.03763257
3733.25 0.02414834
3739.1200000000003 0.02397065
3744.9900000000002 0.02377971
3750.8599999999997 0.0232575
3756.73 0.02729102
3762.6 0.02661898
3768.46 0.02306669
3774.3300000000004 0.02402663
3780.2000000000003 0.02537315
3786.07 0.02206946
3791.9399999999996 0.02187589
3797.81 0.02199374
3803.67 0.02250009
3809.54 0.0243754
3815.4100000000003 0.02196311
3821.28 0.02443147
3827.15 0.0206008
3833.02 0.02184353
3838.88 0.02148335
3844.75 0.02373046
3850.6200000000003 0.02405727
3856.4900000000002 0.02543287
3862.36 0.0268165
3868.2299999999996 0.03366349
3874.09 0.02467911
3879.96 0.02219065
3885.83 0.02566389
3891.7000000000003 0.0250245
3897.57 0.02506129
3903.43 0.02336146
3909.3 0.02419102
3915.17 0.02276323
3921.04 0.02396811
3926.9100000000003 0.02109998
3932.78 0.01830387
3938.64 0.02111553
3944.5099999999998 0.02279405
3950.38 0.02256804
3956.25 0.0231891
3962.12 0.02325301
3967.9900000000002 0.0246844
3973.85 0.02235809
3979.72 0.02382819
3985.59 0.02399287
3991.46 0.02401223
3997.33 0.02527951
4003.2000000000003 0.02574138
4009.06 0.0234985
4014.93 0.02494147
4020.7999999999997 0.02551833
4026.67 0.02582207
4032.54 0.02395331
4038.3999999999996 0.02430892
4044.27 0.02288384
4050.14 0.02471645
4056.0099999999998 0.02339852
4061.88 0.02374359
4067.75 0.0245737
4073.6099999999997 0.02439647
4079.4799999999996 0.02456206
4085.35 0.02470443
4091.22 0.02528087
4097.09 0.02703054
4102.96 0.02847346
4108.820000000001 0.02553109
4114.69 0.02584026
4120.5599999999995 0.02622841
4126.429999999999 0.02497329
4132.3 0.02326678
4138.17 0.02386164
4144.030000000001 0.02298341
4149.900000000001 0.02376024
4155.7699999999995 0.02274686
4161.639999999999 0.02441422
4167.51 0.02551254
4173.38 0.02510262
4179.24 0.02551633
4185.110000000001 0.02544565
4190.9800000000005 0.02403524
4196.849999999999 0.02351598
4202.719999999999 0.02395068
4208.58 0.02406084
4214.45 0.02377973
4220.320000000001 0.0254613
4226.1900000000005 0.02420005
4232.06 0.025681
4237.929999999999 0.02513944
4243.79 0.02516418
4249.66 0.02411003
4255.53 0.02431458
4261.400000000001 0.02449319
4267.27 0.02462915
4273.14 0.02366637
4279.0 0.02480303
4284.87 0.02462266
4290.74 0.02373808
4296.610000000001 0.02459308
4302.4800000000005 0.02242529
4308.34 0.02372013
4314.21 0.02522524
4320.08 0.02607884
4325.95 0.02497711
4331.82 0.02918107
4337.6900000000005 0.03426919
4343.55 0.03300245
4349.42 0.03119299
4355.29 0.02900818
4361.16 0.03008295
4367.03 0.02735366
4372.900000000001 0.02504051
4378.76 0.02535372
4384.63 0.02460525
4390.5 0.02530426
4396.37 0.02489726
4402.24 0.02439081
4408.11 0.02544741
4413.97 0.02581033
4419.84 0.02553741
4425.71 0.0247834
4431.58 0.02461244
4437.45 0.02467796
4443.32 0.02604611
4449.179999999999 0.0252666
4455.05 0.02539293
4460.92 0.02484845
4466.79 0.0272072
4472.66 0.02855875
4478.5199999999995 0.02740883
4484.389999999999 0.02785615
4490.26 0.02801527
4496.13 0.027828
4502.0 0.02935811
4507.87 0.0317384
4513.7300000000005 0.03105765
4519.599999999999 0.03068978
4525.469999999999 0.0297565
4531.34 0.02828008
4537.21 0.02916511
4543.08 0.0306657
4548.9400000000005 0.03085873
4554.81 0.03053603
4560.679999999999 0.03085716
4566.55 0.03003666
4572.42 0.03098375
4578.29 0.03109962
4584.150000000001 0.03019321
4590.02 0.03061382
4595.89 0.0285477
4601.759999999999 0.02854142
4607.63 0.02926938
4613.49 0.02940693
4619.360000000001 0.03016567
4625.2300000000005 0.03212497
4631.1 0.031423
4636.97 0.03073375
4642.84 0.02949757
4648.7 0.02846095
4654.57 0.03027731
4660.4400000000005 0.02986662
4666.31 0.02863471
4672.18 0.02937651
4678.05 0.03109505
4683.91 0.03309167
4689.78 0.03093084
4695.650000000001 0.02904638
4701.52 0.02753014
4707.39 0.02739038
4713.26 0.02815928
4719.12 0.02866173
4724.99 0.02830233
4730.86 0.02649267
4736.7300000000005 0.02718047
4742.6 0.02707448
4748.47 0.02752235
4754.33 0.02593913
4760.2 0.02646744
4766.07 0.02598638
4771.9400000000005 0.02639213
4777.81 0.02698948
4783.67 0.02634344
4789.54 0.02667211
4795.41 0.02666702
4801.28 0.02681183
4807.15 0.02723531
4813.02 0.02783942
4818.88 0.02816488
4824.75 0.02816445
4830.62 0.02832768
4836.49 0.02969752
4842.36 0.03106131
4848.2300000000005 0.03500385
4854.09 0.04473471
4859.96 0.05930645
4865.83 0.05001411
4871.7 0.03767979
4877.57 0.03269036
4883.44 0.02926083
4889.3 0.02830739
4895.17 0.02876492
4901.04 0.02848558
4906.91 0.02813276
4912.78 0.02831097
4918.65 0.02835674
4924.51 0.02867614
4930.38 0.02972977
4936.25 0.02786112
4942.12 0.02877287
4947.99 0.03006156
4953.85 0.03939678
4959.72 0.04552603
4965.59 0.02852952
4971.46 0.02703978
4977.33 0.02703459
4983.2 0.02623969
4989.06 0.02827474
4994.93 0.03263159
5000.799999999999 0.05545773
5006.67 0.09152474
5012.54 0.03666684
5018.41 0.02915397
5024.2699999999995 0.02812524
5030.139999999999 0.02787018
5036.009999999999 0.02695022
5041.88 0.02632257
5047.75 0.02753416
5053.61 0.02677913
5059.48 0.02705377
5065.349999999999 0.02706031
5071.219999999999 0.02625092
5077.089999999999 0.02570144
5082.96 0.02504462
5088.82 0.026371
5094.69 0.02628686
5100.5599999999995 0.02633054
5106.429999999999 0.02575906
5112.299999999999 0.02630567
5118.17 0.02720227
5124.030000000001 0.02576456
5129.9 0.02569348
5135.7699999999995 0.02660564
5141.639999999999 0.02601347
5147.509999999999 0.0262075
5153.379999999999 0.02660463
5159.240000000001 0.02764998
5165.110000000001 0.02612243
5170.98 0.0257836
5176.849999999999 0.02715162
5182.719999999999 0.02538824
5188.580000000001 0.02613675
5194.450000000001 0.02720203
5200.320000000001 0.02854026
5206.1900000000005 0.02625794
5212.0599999999995 0.02596148
5217.929999999999 0.02653467
5223.79 0.02676626
5229.660000000001 0.02710519
5235.530000000001 0.02810335
5241.400000000001 0.02790154
5247.27 0.0273985
5253.139999999999 0.02699739
5259.0 0.02788491
5264.870000000001 0.02568676
5270.740000000001 0.02665184
5276.610000000001 0.0285542
5282.4800000000005 0.02834197
5288.35 0.02864987
5294.21 0.02834436
5300.08 0.02814733
5305.950000000001 0.02957379
5311.820000000001 0.0304693
5317.6900000000005 0.02919059
5323.56 0.02832275
5329.42 0.02633792
5335.29 0.02709774
5341.160000000001 0.02736256
5347.030000000001 0.0267937
5352.900000000001 0.02804564
5358.77 0.02779922
5364.63 0.02714832
5370.5 0.02697191
5376.37 0.02738291
5382.240000000001 0.02675037
5388.110000000001 0.02658745
5393.97 0.02569645
5399.84 0.025449
5405.71 0.02489541
5411.58 0.02648767
5417.450000000001 0.02719214
5423.320000000001 0.02714485
5429.18 0.02696932
5435.05 0.026735
5440.92 0.02680321
5446.79 0.02600864
5452.66 0.02596556
5458.530000000001 0.02591869
5464.39 0.02629275
5470.26 0.02596551
5476.13 0.0253724
5482.0 0.02562906
5487.87 0.02556955
5493.73 0.02606005
5499.6 0.026054
5505.47 0.02561989
5511.34 0.02510506
5517.21 0.02592567
5523.08 0.0264475
5528.94 0.02645643
5534.81 0.02703165
5540.68 0.0266068
5546.55 0.02643828
5552.42 0.02603626
5558.29 0.02597845
5564.15 0.02616194
5570.0199999999995 0.02588684
5575.89 0.02561606
5581.76 0.0256809
5587.63 0.02390057
5593.5 0.02479266
5599.36 0.02501515
5605.23 0.0254405
5611.1 0.02586263
5616.97 0.02547525
5622.84 0.02500772
5628.71 0.02560862
5634.57 0.0253516
5640.44 0.02467792
5646.3099999999995 0.02540431
5652.18 0.02540024
5658.05 0.02506687
5663.91 0.02501872
5669.78 0.02560164
5675.65 0.02541463
5681.5199999999995 0.02496033
5687.39 0.02493969
5693.26 0.02592243
5699.12 0.02523964
5704.99 0.02436085
5710.86 0.02463456
5716.73 0.02665774
5722.6 0.02696916
5728.47 0.02580769
5734.33 0.02627211
5740.2 0.02634646
5746.07 0.02589608
5751.94 0.02577247
5757.8099999999995 0.02619853
5763.68 0.02587068
5769.54 0.02553752
5775.41 0.02541409
5781.28 0.02494016
5787.15 0.02489761
5793.0199999999995 0.02617545
5798.879999999999 0.0261911
5804.75 0.02596173
5810.62 0.02591333
5816.49 0.02610512
5822.36 0.02665266
5828.23 0.02641302
5834.089999999999 0.02655213
5839.96 0.02650613
5845.83 0.02662924
5851.7 0.02553162
5857.57 0.02544241
5863.44 0.02518978
5869.299999999999 0.02700798
5875.169999999999 0.02782832
5881.04 0.02686801
5886.91 0.02433277
5892.78 0.02252697
5898.65 0.02410874
5904.509999999999 0.02478209
5910.379999999999 0.02485301
5916.25 0.02515794
5922.12 0.0252428
5927.99 0.024442
5933.85 0.02434626
5939.72 0.02509787
5945.589999999999 0.02468211
5951.459999999999 0.02466063
5957.33 0.02467623
5963.2 0.02530362
5969.06 0.02517903
5974.93 0.02504037
5980.799999999999 0.02477269
5986.669999999999 0.02502225
5992.54 0.02554892
5998.41 0.02532521
6004.27 0.02495798
6010.14 0.02446415
6016.01 0.02466931
6021.879999999999 0.02451006
6027.749999999999 0.02482614
6033.62 0.02471175
6039.4800000000005 0.02541364
6045.35 0.0253282
6051.22 0.02584713
6057.09 0.02499299
6062.959999999999 0.02491337
6068.83 0.02525116
6074.6900000000005 0.02559184
6080.56 0.02640409
6086.43 0.02718758
6092.3 0.02527607
6098.170000000001 0.02463529
6104.039999999999 0.02526693
6109.900000000001 0.02466514
6115.77 0.02503611
6121.64 0.02476917
6127.51 0.02486772
6133.38 0.02488987
6139.240000000001 0.02480282
6145.110000000001 0.02534586
6150.9800000000005 0.02498389
6156.85 0.02457243
6162.72 0.02353093
6168.59 0.02398632
6174.45 0.02412123
6180.320000000001 0.02463216
6186.1900000000005 0.02412612
6192.06 0.02392331
6197.93 0.02405231
6203.79 0.02430766
6209.66 0.02397673
6215.530000000001 0.02358915
6221.400000000001 0.02398784
6227.27 0.02442916
6233.14 0.02401244
6239.0 0.02398941
6244.87 0.02388445
6250.74 0.02380845
6256.610000000001 0.02288851
6262.4800000000005 0.02302306
6268.35 0.02306609
6274.21 0.02348671
6280.08 0.02337579
6285.95 0.02383993
6291.820000000001 0.02419017
6297.6900000000005 0.02901318
6303.56 0.02749703
6309.42 0.02539813
6315.29 0.02402049
6321.16 0.02422606
6327.03 0.02524717
6332.900000000001 0.02448687
6338.77 0.02477879
6344.63 0.02491238
6350.5 0.02457866
6356.37 0.02454733
6362.24 0.02642643
6368.110000000001 0.02793494
6373.97 0.02838461
6379.84 0.02576179
6385.71 0.02563551
6391.58 0.02494315
6397.45 0.02474508
6403.32 0.02481624
6409.18 0.02487947
6415.05 0.02477901
6420.92 0.02475669
6426.79 0.02457861
6432.66 0.02506588
6438.53 0.02494008
6444.389999999999 0.02494168
6450.26 0.02447435
6456.13 0.02431482
6462.0 0.0242749
6467.87 0.02467227
6473.74 0.02491603
6479.599999999999 0.02480782
6485.47 0.02490517
6491.34 0.02443245
6497.21 0.02360875
6503.08 0.02468107
6508.94 0.02603058
6514.8099999999995 0.02700926
6520.679999999999 0.02713289
6526.55 0.02841823
6532.42 0.03041298
6538.29 0.03462628
6544.15 0.04480154
6550.0199999999995 0.05809796
6555.889999999999 0.08658635
6561.76 0.1288944
6567.63 0.08948204
6573.5 0.06170666
6579.36 0.06099576
6585.23 0.05533069
6591.099999999999 0.03406626
6596.969999999999 0.02942383
6602.84 0.02807082
6608.71 0.02718153
6614.57 0.02619573
6620.44 0.02597021
6626.3099999999995 0.02550222
6632.179999999999 0.02498777
6638.05 0.02439918
6643.92 0.0244732
6649.78 0.02453169
6655.65 0.02445114
6661.5199999999995 0.02469497
6667.389999999999 0.02418381
6673.259999999999 0.02533246
6679.13 0.02522619
6684.99 0.0250709
6690.86 0.02485143
6696.73 0.02429268
6702.599999999999 0.02436143
6708.469999999999 0.02543972
6714.329999999999 0.02999079
6720.2 0.02823424
6726.07 0.02742814
6731.94 0.03036751
6737.8099999999995 0.02470477
6743.679999999999 0.02321516
6749.540000000001 0.02324386
6755.41 0.0231503
6761.28 0.02349085
6767.15 0.02306309
6773.0199999999995 0.02289915
6778.889999999999 0.02387816
6784.750000000001 0.02320019
6790.620000000001 0.02332506
6796.49 0.0231272
6802.36 0.02296734
6808.23 0.02352679
6814.09 0.02306888
6819.96 0.02345254
6825.830000000001 0.02326818
6831.700000000001 0.02356857
6837.57 0.02312854
6843.44 0.0233957
6849.3 0.02186988
6855.17 0.01845602
6861.040000000001 0.02027356
6866.910000000001 0.02155402
6872.78 0.02085725
6878.65 0.02086974
6884.51 0.0214394
6890.38 0.02216639
6896.25 0.02228981
6902.120000000001 0.02217929
6907.990000000001 0.02232251
6913.86 0.02186133
6919.72 0.02216516
6925.59 0.02179535
6931.46 0.02253324
6937.330000000001 0.0220802
6943.200000000001 0.02210534
6949.06 0.02268415
6954.93 0.02339363
6960.8 0.0233462
6966.67 0.02304927
6972.54 0.02271793
6978.410000000001 0.0223527
6984.27 0.02202212
6990.14 0.02208179
6996.01 0.02298124
7001.88 0.02263279
7007.75 0.0229763
7013.620000000001 0.02270347
7019.4800000000005 0.02279895
7025.35 0.02269449
7031.22 0.02315485
7037.09 0.02287091
7042.96 0.02360786
7048.83 0.02408118
7054.6900000000005 0.02415607
7060.56 0.02476711
7066.43 0.02473026
7072.3 0.02439337
7078.17 0.02379088
7084.04 0.02325328
7089.9 0.02196929
7095.77 0.02231143
7101.64 0.02227185
7107.51 0.02247844
7113.38 0.02194695
7119.25 0.02219407
7125.11 0.02234415
7130.9800000000005 0.02270149
7136.85 0.0234983
7142.72 0.0219586
7148.59 0.02089557
7154.45 0.02012942
7160.32 0.01913725
7166.1900000000005 0.01950999
7172.06 0.01961325
7177.93 0.0194197
7183.8 0.01947959
7189.66 0.01942727
7195.53 0.02089511
7201.4 0.02091659
7207.27 0.0213925
7213.14 0.02101124
7219.01 0.01979173
7224.87 0.02034481
7230.74 0.02062542
7236.61 0.02042061
7242.4800000000005 0.02093479
7248.35 0.02083761
7254.22 0.02139037
7260.08 0.01998397
7265.95 0.02153043
7271.82 0.02091506
7277.69 0.02134469
7283.56 0.02121423
7289.42 0.02098307
7295.29 0.02102292
7301.16 0.02094863
7307.03 0.02250557
7312.9 0.02245506
7318.77 0.02361293
7324.63 0.0231127
7330.5 0.02310258
7336.37 0.02281672
7342.24 0.02277822
7348.11 0.02188859
7353.98 0.022273
7359.84 0.0220172
7365.71 0.02201211
7371.58 0.02294934
7377.45 0.02280749
7383.32 0.02254901
7389.19 0.02226438
7395.049999999999 0.02267787
7400.92 0.02235375
7406.79 0.02229425
7412.66 0.02258818
7418.53 0.02215906
7424.4 0.02208399
7430.259999999999 0.02233869
7436.13 0.02263214
7442.0 0.02280877
7447.87 0.02259466
7453.74 0.02311844
7459.599999999999 0.02274341
7465.469999999999 0.0228881
7471.339999999999 0.02280882
7477.21 0.02233994
7483.08 0.02229453
7488.95 0.02252453
7494.8099999999995 0.02194973
7500.679999999999 0.02292139
7506.549999999999 0.02259444
7511.69 0.02293112
7542.379999999999 0.02241082
7562.330000000001 0.02243427
7582.290000000001 0.02241971
7602.24 0.02215342
7622.19 0.02206294
7642.15 0.02182396
7662.099999999999 0.02184645
7682.05 0.02067756
7702.01 0.0208553
7721.96 0.02151096
7741.92 0.0216424
7761.87 0.02142949
7781.820000000001 0.02130884
7801.77 0.02138479
7821.7300000000005 0.02131801
7841.679999999999 0.02150416
7861.639999999999 0.02151011
7881.59 0.02136952
7901.54 0.0213394
7921.5 0.02100702
7941.45 0.02117163
7961.4 0.02119592
7981.36 0.02129341
8001.31 0.02131919
8021.26 0.02125364
8041.22 0.02086751
8061.17 0.02098016
8081.120000000001 0.02133432
8101.080000000001 0.02134267
8121.03 0.02127741
8140.98 0.02130559
8160.94 0.02129685
8180.889999999999 0.02101061
8200.84 0.02027225
8220.800000000001 0.02101135
8240.75 0.02073242
8267.2 0.02041029
8275.2 0.02077362
8283.21 0.02053328
8291.21 0.02021652
8299.2 0.02005192
8307.2 0.01965486
8315.2 0.0192575
8323.199999999999 0.01930582
8331.199999999999 0.01924275
8339.210000000001 0.01943647
8347.210000000001 0.01980363
8355.2 0.01978434
8363.199999999999 0.0197523
8371.199999999999 0.01993395
8379.2 0.0199503
8387.2 0.01931525
8395.2 0.0193804
8403.21 0.01973307
8411.210000000001 0.02050424
8419.2 0.02062159
8427.2 0.02088789
8435.2 0.02311141
8443.199999999999 0.02581382
8451.2 0.02510666
8459.2 0.02306456
8467.21 0.0211814
8475.21 0.02012716
8483.199999999999 0.02014768
8491.2 0.02017152
8499.2 0.01988606
8507.2 0.01957016
8515.2 0.0196847
8523.21 0.01952053
8531.210000000001 0.01941276
8539.2 0.01879567
8547.2 0.0154136
8555.199999999999 0.01599574
8563.199999999999 0.01925587
8571.2 0.01905677
8579.2 0.01879197
8587.21 0.01883502
8595.21 0.01900519
8603.199999999999 0.01888567
8611.2 0.0188259
8619.2 0.01886522
8627.2 0.01905748
8635.199999999999 0.01920606
8643.199999999999 0.01912226
8651.210000000001 0.01917031
8659.2 0.01894999
8667.2 0.01611012
8675.199999999999 0.01656666
8683.199999999999 0.01900302
8691.2 0.01853662
8699.2 0.01835013
8707.21 0.01843401
8715.21 0.01863981
8723.2 0.01890144
8731.2 0.01873821
8739.2 0.0188082
8747.2 0.01885273
8755.199999999999 0.01865414
8763.2 0.01880252
8771.210000000001 0.01865392
8779.21 0.0185346
8787.199999999999 0.01854599
8795.199999999999 0.01852355
8803.2 0.01843657
8811.2 0.01850199
8819.2 0.01882725
8827.21 0.0185562
8835.21 0.01863149
8843.2 0.01905657
8851.2 0.01953804
8859.2 0.01937749
8867.199999999999 0.01838061
8875.199999999999 0.01807449
8883.2 0.01829663
8891.210000000001 0.01831694
8899.21 0.01820916
8907.199999999999 0.01854757
8915.199999999999 0.01852045
8923.2 0.01833108
8931.2 0.01845142
8939.2 0.01820925
8947.21 0.01772265
8955.210000000001 0.01757079
8963.210000000001 0.01753848
8971.2 0.01742372
8979.2 0.01746354
8987.199999999999 0.01752017
8995.2 0.01783411
9003.2 0.01780053
9011.21 0.01840761
9019.21 0.01821089
9027.199999999999 0.01817995
9035.2 0.01851622
9043.2 0.01863098
9051.2 0.01924919
9059.199999999999 0.01985114
9067.199999999999 0.02188827
9075.210000000001 0.02074527
9083.210000000001 0.01873534
9091.2 0.01776376
9099.199999999999 0.01773442
9107.199999999999 0.01794002
9115.2 0.01851094
9123.2 0.0186853
9131.21 0.01880366
9139.21 0.0180216
9147.199999999999 0.01770983
9155.2 0.01718439
9163.2 0.01743904
9171.2 0.01749538
9179.199999999999 0.01744159
9187.199999999999 0.01793089
9195.210000000001 0.01880806
9203.21 0.01867318
9211.2 0.01848284
9219.199999999999 0.01861489
9227.2 0.01870409
9235.2 0.01831849
9243.2 0.01823272
9251.2 0.01801326
9259.21 0.01762854
9267.210000000001 0.01728934
9275.2 0.01733437
9283.2 0.01718781
9291.199999999999 0.01691801
9299.199999999999 0.01676751
9307.2 0.0173736
9315.2 0.01751296
9323.21 0.01701834
9331.199999999999 0.01687136
9339.199999999999 0.0172283
9347.2 0.0172297
9355.2 0.01696394
9363.2 0.01702132
9371.199999999999 0.01682908
9379.210000000001 0.01708749
9387.210000000001 0.01700909
9395.2 0.01696818
9403.2 0.01709033
9411.199999999999 0.01681105
9419.199999999999 0.01668859
9427.2 0.01692214
9435.2 0.01692904
9443.21 0.01662233
9451.199999999999 0.01663336
9459.2 0.01684561
9467.2 0.01678118
9475.2 0.01684337
9483.2 0.01679394
9491.199999999999 0.01710626
9499.2 0.01728551
9507.210000000001 0.01728379
9515.2 0.01792931
9523.2 0.02107839
9531.199999999999 0.02532571
9539.2 0.02317794
9547.2 0.01905306
9555.2 0.01799679
9563.21 0.01781843
9571.21 0.01742755
9579.2 0.01708671
9587.2 0.01703591
9595.2 0.01699119
9603.199999999999 0.01680607
9611.199999999999 0.01701835
9619.2 0.01702527
9627.210000000001 0.01671322
9635.2 0.0166262
9643.199999999999 0.01659981
9651.199999999999 0.01653626
9659.2 0.01648681
9667.2 0.01657397
9675.2 0.01672295
9683.21 0.01671162
9691.210000000001 0.01651841
9699.2 0.01644044
9707.2 0.01657906
9715.2 0.01671144
9723.199999999999 0.01672277
9731.2 0.01644324
9739.2 0.01623681
9747.21 0.01625786
9755.21 0.01631419
9763.199999999999 0.01650472
9771.2 0.01659397
9779.2 0.01651987
9787.2 0.01629553
9795.199999999999 0.01639838
9803.21 0.01651687
9811.210000000001 0.0165531
9819.2 0.01657035
9827.2 0.01673927
9835.199999999999 0.01663046
9843.199999999999 0.01683971
9851.2 0.01713968
9859.2 0.01688151
9867.21 0.01660336
9875.21 0.01650455
9883.199999999999 0.01664395
9891.2 0.01684298
9899.2 0.017002
9907.2 0.01743658
9915.199999999999 0.01739075
9923.199999999999 0.01692564
9931.210000000001 0.01666422
9939.2 0.01661754
9947.2 0.01662046
9955.199999999999 0.01672035
9963.2 0.01681606
9971.2 0.01694291
9979.19 0.01712956
9987.17 0.01742347
9995.199999999999 0.01755672
10003.230000000001 0.0174239
10011.21 0.01739231
10019.19 0.01752587
10027.18 0.01757488
10035.16 0.01782026
10043.24 0.01845123
10051.220000000001 0.01849638
10059.199999999999 0.017786
10067.18 0.01742268
10075.17 0.01721525
10083.25 0.0169998
10091.23 0.01688624
10099.210000000001 0.01702121
10107.189999999999 0.01718678
10115.17 0.01732697
10123.2 0.01762534
10131.23 0.01730359
10139.210000000001 0.01682032
10147.2 0.01656782
10155.179999999998 0.01649446
10163.16 0.01647748
10171.24 0.01643858
10179.22 0.01638073
10187.2 0.01630527
10195.179999999998 0.01614805
10203.17 0.01628184
10211.25 0.01633175
10219.23 0.01629623
10227.21 0.01635593
10235.19 0.01627239
10243.17 0.01619141
10251.2 0.01623275
10259.23 0.01620082
10267.22 0.01612527
10275.2 0.01621792
10283.18 0.01640805
10291.16 0.01639672
10299.24 0.0162526
10307.22 0.01635444
10315.2 0.01647491
10323.18 0.01657457
10331.17 0.01646465
10339.25 0.01631935
10347.230000000001 0.01617357
10355.21 0.0161486
10363.19 0.01609111
10371.17 0.01610304
10379.199999999999 0.01605735
10387.24 0.01609412
10395.220000000001 0.01624735
10403.199999999999 0.01637931
10411.18 0.01618003
10419.16 0.01594401
10427.24 0.01602772
10435.220000000001 0.01593382
10443.199999999999 0.01589901
10451.189999999999 0.01594747
10459.17 0.01591681
10467.2 0.01596331
10475.23 0.01600518
10483.210000000001 0.01630089
10491.189999999999 0.01635974
10499.17 0.01625617
10507.210000000001 0.01617825
10515.24 0.01614698
10523.22 0.01605207
10531.2 0.01581924
10539.179999999998 0.01561443
10547.16 0.01553577
10555.24 0.01550009
10563.22 0.01544503
10571.21 0.01534599
10579.19 0.01534953
10587.169999999998 0.01534242
10595.2 0.0153731
10603.23 0.01541252
10611.21 0.01541023
10619.19 0.01552885
10627.169999999998 0.01542877
10635.21 0.01551802
10643.24 0.01558362
10651.22 0.01553934
10659.199999999999 0.01536463
10667.18 0.01540752
10675.16 0.01557126
10683.24 0.01551868
10691.23 0.01541057
10699.21 0.01546022
10707.19 0.01565351
10715.17 0.0156498
10723.199999999999 0.01570219
10731.230000000001 0.01589328
10739.21 0.0162408
10747.19 0.01608652
10755.18 0.01577023
10763.16 0.0156772
10771.24 0.01583471
10779.220000000001 0.0159405
10787.199999999999 0.01637067
10795.18 0.01681245
10803.16 0.01730418
10811.249999999998 0.01865463
10819.23 0.02259486
10827.210000000001 0.02880911
10835.189999999999 0.02793783
10843.17 0.02187702
10851.2 0.01922434
10859.23 0.01800008
10867.210000000001 0.01681647
10875.2 0.01602483
10883.179999999998 0.01583772
10891.16 0.01585383
10899.24 0.01596185
10907.22 0.01597801
10915.2 0.01638199
10923.179999999998 0.01695449
10931.169999999998 0.0179044
10939.25 0.01821326
10947.23 0.01737208
10955.21 0.01652197
10963.19 0.01577408
10971.169999999998 0.01512093
10979.2 0.01479244
10987.23 0.01474993
10995.220000000001 0.01473742
11003.199999999999 0.01461352
11011.18 0.0146077
11019.16 0.01447316
11027.24 0.01431084
11035.22 0.01427522
11043.199999999999 0.01429214
11051.18 0.01426033
11059.17 0.01438115
11067.25 0.01431614
11075.23 0.01428763
11083.21 0.01446632
11091.19 0.01443636
11099.17 0.01425364
11107.199999999999 0.01441178
11115.24 0.01455658
11123.220000000001 0.01441831
11131.2 0.01431265
11139.18 0.01428331
11147.16 0.01426394
11155.24 0.01433766
11163.220000000001 0.01438093
11171.199999999999 0.01424511
11179.19 0.01425477
11187.17 0.01418847
11195.2 0.01401365
11203.23 0.0140149
11211.210000000001 0.01434568
11219.19 0.01437117
11227.17 0.01434797
11235.21 0.01415435
11243.240000000002 0.01430418
11251.22 0.01444923
11259.2 0.01458698
11267.18 0.01521301
11275.16 0.01644392
11283.240000000002 0.01719624
11291.22 0.01677793
11299.21 0.01607921
11307.19 0.01561334
11315.170000000002 0.0151706
11323.2 0.01456992
11331.230000000001 0.01419326
11339.21 0.01412071
11347.19 0.0141798
11355.170000000002 0.01424493
11363.21 0.01419199
11371.24 0.01411129
11379.220000000001 0.01396909
11387.199999999999 0.01391471
11395.18 0.01392917
11403.160000000002 0.01393428
11411.24 0.01404539
11419.220000000001 0.01412792
11427.210000000001 0.01412975
11435.189999999999 0.01417696
11443.17 0.0140633
11451.199999999999 0.0141298
11459.23 0.01425206
11467.210000000001 0.01417942
11475.189999999999 0.01406668
11483.18 0.01406305
11491.210000000001 0.01403893
11499.24 0.01393509
11507.22 0.01391986
11515.2 0.01403464
11523.18 0.01411292
11531.16 0.01416909
11539.24 0.01422383
11547.23 0.01416049
11555.210000000001 0.01419467
11563.19 0.01418485
11571.17 0.01416938
11579.2 0.01417139
11587.23 0.01411975
11595.210000000001 0.01397374
11603.19 0.01393724
11611.18 0.01393617
11619.16 0.01412044
11627.240000000002 0.01428314
11635.22 0.01408927
11643.2 0.01401669
11651.18 0.01398431
11659.17 0.01401664
11667.25 0.01409188
11675.230000000001 0.01411886
11683.21 0.01401599
11691.19 0.01394541
11699.17 0.01398078
11707.2 0.0140499
11715.230000000001 0.014046
11723.21 0.01397785
11731.199999999999 0.01398485
11739.18 0.01401419
11747.160000000002 0.01391741
11755.24 0.0138738
11763.220000000001 0.01390533
11771.199999999999 0.01383984
11779.18 0.01368241
11787.17 0.01367819
11795.25 0.01371924
11803.23 0.01372018
11811.210000000001 0.01377015
11819.189999999999 0.01380688
11827.17 0.01362917
11835.199999999999 0.01350451
11843.23 0.01359181
11851.22 0.01376433
11859.2 0.01386117
11867.18 0.01383501
11875.16 0.01374925
11883.24 0.01368078
11891.22 0.01364869
11899.2 0.01365352
11907.18 0.01374584
11915.17 0.01367943
11923.25 0.01359051
11931.23 0.01367524
11939.210000000001 0.01366334
11947.19 0.01360801
11955.17 0.01360094
11963.2 0.01360101
11971.240000000002 0.01351949
11979.22 0.01342955
11987.2 0.01334439
11995.18 0.01343798
12003.16 0.01348023
12011.240000000002 0.01358802
12019.22 0.01361285
12027.2 0.01344631
12035.19 0.01333512
12043.17 0.01344053
12051.199999999999 0.01348188
12059.230000000001 0.01353753
12067.21 0.01357404
12075.19 0.01346525
12083.17 0.01340835
12091.21 0.01341163
12099.24 0.01345953
12107.220000000001 0.01342614
12115.199999999999 0.0134244
12123.18 0.01345984
12131.160000000002 0.01349388
12139.24 0.01352591
12147.220000000001 0.0135011
12155.210000000001 0.01353473
12163.189999999999 0.01352746
12171.17 0.01347712
12179.199999999999 0.01341214
12187.23 0.01339933
12195.210000000001 0.0134327
12203.189999999999 0.01341169
12211.17 0.01337754
12219.210000000001 0.01339621
12227.24 0.01335904
12235.22 0.01338542
12243.2 0.0134294
12251.179999999998 0.01341752
12259.16 0.01338345
12267.24 0.01343998
12275.23 0.01345177
12283.21 0.01338831
12291.19 0.01331679
12299.17 0.01333937
12307.2 0.01341173
12315.23 0.01334543
12323.21 0.01342589
12331.19 0.01344776
12339.18 0.01334881
12347.21 0.01339071
12355.24 0.01336102
12363.22 0.01336797
12371.2 0.01344641
12379.18 0.0134231
12387.16 0.01333823
12395.25 0.0131937
12403.230000000001 0.01312129
12411.21 0.01318159
12419.19 0.01318773
12427.17 0.01312595
12435.199999999999 0.01312043
12443.230000000001 0.01311435
12451.21 0.01317444
12459.199999999999 0.01319473
12467.18 0.01321806
12475.16 0.01323908
12483.24 0.01319964
12491.220000000001 0.01321491
12499.199999999999 0.01330503
12507.18 0.01351403
12515.17 0.01386497
12523.25 0.01402557
12531.23 0.01362569
12539.210000000001 0.01332274
12547.189999999999 0.01319276
12555.17 0.01324505
12563.2 0.01353319
12571.23 0.01354254
12579.210000000001 0.01327539
12587.2 0.01305103
12595.179999999998 0.01296969
12603.16 0.01298578
12611.24 0.01297347
12619.22 0.01295813
12627.2 0.01301107
12635.179999999998 0.01292602
12643.169999999998 0.01292075
12651.25 0.01292665
12659.23 0.01291931
12667.21 0.01292029
12675.19 0.01294211
12683.17 0.01282748
12691.2 0.01283256
12699.24 0.01300934
12707.22 0.01304244
12715.2 0.01303169
12723.18 0.01295837
12731.16 0.0129573
12739.24 0.0129271
12747.22 0.01299868
12755.2 0.01311216
12763.19 0.01324107
12771.17 0.0133651
12779.199999999999 0.01364833
12787.230000000001 0.01405631
12795.21 0.01467685
12803.19 0.0158117
12811.17 0.01746171
12819.210000000001 0.01783346
12827.24 0.01639763
12835.220000000001 0.01515589
12843.199999999999 0.0145882
12851.18 0.01395444
12859.16 0.01341838
12867.24 0.01324762
12875.220000000001 0.01309648
12883.210000000001 0.01294862
12891.189999999999 0.01288593
12899.17 0.01283822
12907.2 0.01274094
12915.23 0.01272776
12923.210000000001 0.01282191
12931.189999999999 0.01283604
12939.17 0.01275846
12947.210000000001 0.01281863
12955.24 0.01290869
12963.22 0.01285436
12971.2 0.01275966
12979.179999999998 0.01273301
12987.16 0.01273414
12995.24 0.01278841
13003.22 0.01274981
13011.21 0.01273127
13019.19 0.01275286
13027.169999999998 0.01278614
13035.2 0.01271861
13043.23 0.01269828
13051.21 0.01272604
13059.19 0.01265773
13067.169999999998 0.01264169
13075.21 0.0126178
13083.24 0.0126145
13091.22 0.01272547
13099.199999999999 0.01272396
13107.18 0.01261358
13115.16 0.01259537
13123.24 0.01246852
13131.23 0.01249988
13139.21 0.01265875
13147.19 0.01260808
13155.17 0.01256202
13163.199999999999 0.01271559
13171.23 0.01276967
13179.21 0.01272619
13187.19 0.0126805
13195.18 0.01266621
13203.16 0.01273114
13211.24 0.01276679
13219.220000000001 0.01263937
13227.199999999999 0.01261364
13235.18 0.01265926
13243.16 0.0126939
13251.250000000002 0.01263852
13259.23 0.01261843
13267.210000000001 0.01260524
13275.189999999999 0.01251929
13283.17 0.01243536
13291.2 0.01226798
13299.23 0.0122626
13307.210000000001 0.01230666
13315.2 0.01219519
13323.179999999998 0.01219555
13331.16 0.01228389
13339.240000000002 0.01243046
13347.22 0.01227986
13355.2 0.01217597
13363.179999999998 0.01219728
13371.170000000002 0.01214341
13379.25 0.01208163
13387.230000000001 0.01205072
13395.21 0.01203417
13403.19 0.01207472
13411.169999999998 0.01206616
13419.2 0.01205757
13427.230000000001 0.01204899
13435.21 0.01204046
13443.199999999999 0.01203191
13451.18 0.01202339
13459.159999999998 0.01201489
13467.24 0.01200632
13475.220000000001 0.01199784
13483.199999999999 0.01198935
13491.18 0.01198088
13499.17 0.0119724
13507.25 0.01196388
13515.23 0.01195544
13523.210000000001 0.011947
13531.19 0.01193857
13539.17 0.01193015
13547.199999999999 0.01192171
13555.24 0.01191326
13563.220000000001 0.01190487
13571.2 0.01189649
13579.18 0.01188812
13587.16 0.01187975
13595.24 0.01187133
13603.220000000001 0.01192056
13611.2 0.01191215
13619.19 0.01190373
13627.17 0.01189535
13635.2 0.01188693
13643.23 0.01187853
13651.210000000001 0.01187017
13659.19 0.01186181
13667.17 0.01185347
13675.21 0.01184508
13683.240000000002 0.01183672
13691.22 0.0118284
13699.2 0.01182009
13707.18 0.01181178
13715.16 0.01180349
13723.240000000002 0.01179514
13731.22 0.01178687
13739.21 0.01177858
13747.19 0.01177032
13755.170000000002 0.01176207
13763.2 0.01175379
13771.230000000001 0.01174553
13779.21 0.0117373
13787.19 0.01172909
13795.170000000002 0.01172088
13803.21 0.01171263
13811.24 0.01169518
13819.220000000001 0.011687
13827.199999999999 0.01167884
13835.18 0.01167068
13843.160000000002 0.01166253
13851.24 0.01165433
13859.220000000001 0.0116462
13867.210000000001 0.01163805
13875.189999999999 0.01162994
13883.17 0.01162183
13891.199999999999 0.0116137
13899.23 0.01160558
13907.210000000001 0.01159749
13915.189999999999 0.01158942
13923.18 0.01158133
13931.210000000001 0.01157324
13939.24 0.01156516
13947.22 0.01155711
13955.2 0.01154908
13963.18 0.01154105
13971.16 0.01153302
13979.25 0.01152494
13987.23 0.01151693
13995.210000000001 0.01150894
14003.19 0.01148272
14011.17 0.01147476
14019.2 0.01146677
14027.23 0.01145883
14035.210000000001 0.01145089
14043.2 0.01144291
14051.18 0.01143499
14059.16 0.01142708
14067.240000000002 0.01141912
14075.22 0.01141122
14083.2 0.01140333
14091.18 0.01139544
14099.16 0.01138755
14107.25 0.01138072
14115.230000000001 0.01131668
14123.21 0.01117504
14131.19 0.01114346
14139.17 0.01115917
14147.199999999999 0.01117877
14155.230000000001 0.01124029
14163.21 0.01111783
14171.199999999999 0.0110845
14179.18 0.0111331
14187.160000000002 0.01118278
14195.24 0.01124536
14203.220000000001 0.01128108
14211.199999999999 0.01120008
14219.18 0.01119286
14227.17 0.0112225
14235.25 0.01121279
14243.23 0.01120236
14251.210000000001 0.01111771
14259.189999999999 0.01113953
14267.17 0.01131735
14275.199999999999 0.01170046
14283.23 0.01223431
14291.210000000001 0.01288914
14299.2 0.01293873
14307.179999999998 0.01242396
14315.16 0.01157665
14323.24 0.01131769
14331.22 0.0113252
14339.2 0.01126534
14347.19 0.01123306
14355.17 0.01120159
14363.25 0.01131704
14371.23 0.01128883
14379.210000000001 0.01132819
14387.19 0.01129534
14395.17 0.01136437
14403.2 0.01128739
14411.240000000002 0.01131134
14419.22 0.01137962
14427.2 0.01127314
14435.18 0.01115694
14443.16 0.01125562
14451.240000000002 0.01133942
14459.22 0.01137552
14467.21 0.01140183
14475.19 0.01136624
14483.17 0.01134647
14491.199999999999 0.01152678
14499.230000000001 0.01146391
14507.21 0.01130263
14515.19 0.01131883
14523.17 0.01136224
14531.210000000001 0.01132684
14539.24 0.01131836
14547.220000000001 0.01124756
14555.199999999999 0.01123987
14563.18 0.01131924
14571.160000000002 0.01132051
14579.24 0.01132666
14587.220000000001 0.01132989
14595.210000000001 0.01127057
14603.189999999999 0.01109129
14611.17 0.01098973
14619.2 0.01104436
14627.23 0.01111807
14635.210000000001 0.01118374
14643.189999999999 0.01115025
14651.17 0.01113557
14659.210000000001 0.01114007
14667.24 0.01107274
14675.22 0.01101813
14683.2 0.01095611
14691.179999999998 0.01109085
14699.16 0.01107538
14707.24 0.01103454
14715.22 0.01110627
14723.21 0.01123046
14731.19 0.01116909
14739.17 0.01109893
14747.2 0.01104149
14755.23 0.0110596
14763.21 0.01113185
14771.19 0.01108417
14779.18 0.01108633
14787.16 0.01120668
14795.24 0.01128161
14803.22 0.01121392
14811.2 0.01120815
14819.18 0.01122485
14827.16 0.01126093
14835.25 0.01116209
14843.230000000001 0.01114585
14851.21 0.01128217
14859.19 0.01132816
14867.17 0.01123249
14875.199999999999 0.01108715
14883.230000000001 0.01101046
14891.21 0.01106355
14899.199999999999 0.0112078
14907.18 0.01126139
14915.16 0.01129717
14923.24 0.01130793
14931.220000000001 0.01132888
14939.199999999999 0.01128633
14947.18 0.01130372
14955.16 0.01136776
14963.249999999998 0.01137168
14971.23 0.01134732
14979.210000000001 0.01132979
14987.189999999999 0.01131594
14995.17 0.01131179
15003.2 0.01146851
15011.23 0.01135863
15019.210000000001 0.01116164
15027.2 0.01102071
15035.179999999998 0.01099409
15043.16 0.01103671
15051.24 0.01111139
15059.22 0.01118156
15067.2 0.01126348
15075.179999999998 0.01132838
15083.169999999998 0.01132771
15091.25 0.01124376
15099.23 0.01124462
15107.21 0.01128217
15115.19 0.01127346
15123.169999999998 0.01126385
15131.2 0.0112033
15139.23 0.01120238
15147.22 0.01126247
15155.199999999999 0.01124716
15163.18 0.01118655
15171.16 0.011162
15179.24 0.01123737
15187.22 0.0112286
15195.2 0.01120607
15203.19 0.01125663
15211.17 0.01135104
15219.199999999999 0.01132991
15227.230000000001 0.01133916
15235.21 0.01136505
15243.19 0.01139499
15251.17 0.01137958
15259.199999999999 0.01135022
15267.24 0.01130153
15275.220000000001 0.01128064
15283.199999999999 0.01126799
15291.18 0.01118952
15299.16 0.01123937
15307.24 0.01137875
15315.220000000001 0.01142255
15323.210000000001 0.01138311
15331.189999999999 0.01133389
15339.17 0.01135623
15347.2 0.01139179
15355.23 0.01133431
15363.210000000001 0.01138942
15371.189999999999 0.01134654
15379.17 0.01129104
15387.210000000001 0.01125718
15395.24 0.01126674
15403.22 0.01132183
15411.2 0.0112854
15419.179999999998 0.01126162
15427.16 0.01124901
15435.24 0.01125321
15443.22 0.01143804
15451.21 0.01149773
15459.19 0.01138823
15467.169999999998 0.01135979
15475.2 0.01136551
15483.23 0.01144022
15491.21 0.01140672
15499.19 0.01131273
15507.18 0.01124932
15515.21 0.01127344
15523.24 0.01135905
15531.22 0.01134003
15539.199999999999 0.01126585
15547.18 0.01124231
15555.16 0.01121848
15563.24 0.01125855
15571.23 0.01116528
15579.21 0.01101939
15587.19 0.0109373
15595.17 0.01092957
15603.199999999999 0.01102483
15611.23 0.01106013
15619.21 0.01109906
15627.2 0.01114488
15635.18 0.01118767
15643.16 0.01119548
15651.24 0.01113986
15659.220000000001 0.01115047
15667.199999999999 0.01117055
15675.18 0.01115592
15683.16 0.01119264
15691.250000000002 0.01123313
15699.23 0.01125752
15707.210000000001 0.0112632
15715.19 0.011276
15723.17 0.01127355
15731.2 0.01126081
15739.23 0.0111741
15747.210000000001 0.01106162
15755.2 0.01102451
15763.18 0.01088265
15771.16 0.01073202
15779.240000000002 0.0106735
15787.22 0.01083083
15795.2 0.01094989
15803.179999999998 0.01096694
15811.170000000002 0.01101016
15819.25 0.01100686
15827.230000000001 0.01090259
15835.21 0.01085773
15843.19 0.01082454
15851.170000000002 0.01092199
15859.2 0.01104648
15867.230000000001 0.01113646
15875.21 0.0110833
15883.199999999999 0.01095108
15891.18 0.0107691
15899.160000000002 0.01067368
15907.24 0.01079341
15915.220000000001 0.0108742
15923.199999999999 0.01091059
15931.189999999999 0.01097398
15939.17 0.01095592
15947.25 0.01097942
15955.23 0.01096919
15963.210000000001 0.01087094
15971.189999999999 0.01077869
15979.17 0.01070381
15987.199999999999 0.01061545
15995.23 0.01067173
16003.22 0.01087299
16011.2 0.01088773
16019.18 0.01087448
16027.16 0.0109507
16035.24 0.01103871
16043.220000000001 0.01102369
16051.2 0.01101725
16059.19 0.01095692
16067.17 0.01082882
16075.2 0.01073661
16083.23 0.01088166
16091.210000000001 0.01115803
16099.19 0.0112804
16107.17 0.0113294
16115.2 0.01124582
16123.240000000002 0.01111914
16131.22 0.01103465
16139.2 0.01102945
16147.18 0.01105096
16155.16 0.01100774
16163.240000000002 0.01096662
16171.22 0.01099592
16179.21 0.01097278
16187.19 0.01074106
16195.17 0.01050962
16203.2 0.01052227
16211.230000000001 0.01060042
16219.21 0.01071757
16227.19 0.01078267
16235.170000000002 0.01080801
16243.21 0.01077344
16251.24 0.01071339
16259.220000000001 0.01078058
16267.199999999999 0.01084488
16275.18 0.01099118
16283.160000000002 0.01104599
16291.24 0.01100609
16299.220000000001 0.01111013
16307.210000000001 0.01113275
16315.189999999999 0.01101842
16323.17 0.01095502
16331.199999999999 0.01097463
16339.23 0.01103494
16347.210000000001 0.01103606
16355.189999999999 0.01090388
16363.18 0.0108478
16371.210000000001 0.01082442
16379.24 0.01081202
16387.22 0.01083613
16395.2 0.01088756
16403.18 0.01084284
16411.16 0.01079299
16419.239999999998 0.01094721
16427.23 0.01115245
16435.21 0.01135752
16443.190000000002 0.01133222
16451.17 0.01105286
16459.2 0.0109128
16467.23 0.0108509
16475.21 0.01083756
16483.2 0.01081517
16491.18 0.01081917
16499.16 0.01089258
16507.24 0.01094958
16515.22 0.01094027
16523.2 0.01081341
16531.18 0.01072043
16539.170000000002 0.01066259
16547.25 0.01069197
16555.23 0.01075993
16563.21 0.01077499
16571.19 0.01082416
16579.170000000002 0.01085076
16587.2 0.01086016
16595.23 0.0108186
16603.21 0.01086182
16611.2 0.01078523
16619.18 0.01062168
16627.16 0.01052519
16635.24 0.01060252
16643.22 0.01074945
16651.2 0.01072609
16659.18 0.01057579
16667.17 0.01060567
16675.25 0.01063849
16683.23 0.0106887
16691.21 0.01073068
16699.19 0.01081069
16707.170000000002 0.01084115
16715.2 0.01079576
16723.23 0.01076375
16731.22 0.01076246
16739.2 0.01085904
16747.18 0.01073767
16755.16 0.01056859
16763.239999999998 0.01058362
16771.22 0.01082768
16779.21 0.01096123
16787.190000000002 0.01103828
16795.17 0.01104435
16803.2 0.01105328
16811.23 0.01098263
16819.21 0.01084371
16827.190000000002 0.01082994
16835.17 0.01080709
16843.21 0.01067555
16851.23 0.01061998
16859.219999999998 0.01065768
16867.2 0.01063754
16875.18 0.01066084
16883.16 0.01066223
16891.24 0.0106031
16899.219999999998 0.01057851
16907.2 0.01057757
16915.19 0.01060268
16923.170000000002 0.01061429
16931.2 0.01066506
16939.23 0.01064178
16947.21 0.01063052
16955.19 0.01066166
16963.18 0.01069485
16971.210000000003 0.01059506
16979.24 0.01064866
16987.22 0.01072058
16995.2 0.01068062
17003.18 0.01056447
17011.16 0.01052283
17019.24 0.01055627
17027.22 0.01062266
17035.21 0.01066425
17043.19 0.01063626
17051.17 0.01059264
17059.2 0.010448
17067.23 0.01031284
17075.21 0.0102524
17083.19 0.01036306
17091.17 0.0104105
17099.21 0.01039642
17107.239999999998 0.01025468
17115.22 0.01018892
17123.2 0.01030544
17131.18 0.01044888
17139.16 0.01051128
17147.239999999998 0.01053052
17155.23 0.01049391
17163.21 0.01042953
17171.190000000002 0.0104287
17179.17 0.01044023
17187.2 0.01035608
17195.23 0.01036359
17203.21 0.01037466
17211.2 0.01036601
17219.18 0.01033412
17227.16 0.01029113
17235.24 0.01028537
17243.219999999998 0.01029024
17251.2 0.01034727
17259.18 0.01042889
17267.16 0.01042079
17275.24 0.01044723
17283.23 0.01045683
17291.21 0.01043552
17299.19 0.01029045
17307.170000000002 0.01022693
17315.2 0.01021895
17323.23 0.01036814
17331.21 0.01034512
17339.2 0.01034515
17347.18 0.01043071
17355.16 0.01052205
17363.24 0.01052784
17371.22 0.01047677
17379.2 0.01045518
17387.18 0.01049929
17395.17 0.01047161
17403.25 0.01033244
17411.23 0.01020595
17419.21 0.01019803
17427.19 0.01022105
17435.17 0.01027486
17443.2 0.01028743
17451.23 0.01027976
17459.21 0.0102617
17467.2 0.01021726
17475.18 0.0102641
17483.16 0.01030737
17491.239999999998 0.01022109
17499.22 0.01014985
17507.2 0.0100924
17515.18 0.01004793
17523.17 0.01004172
17531.25 0.01003202
17539.23 0.009999945
17547.21 0.009965255
17555.190000000002 0.00997493
17563.17 0.01005728
17571.2 0.01008184
17579.24 0.01007379
17587.219999999998 0.01010435
17595.2 0.01018337
17603.18 0.01026379
17611.16 0.01039969
17619.24 0.01058622
17627.219999999998 0.01062848
17635.21 0.01069187
17643.19 0.01070914
17651.170000000002 0.01068547
17659.2 0.01068346
17667.23 0.01066034
17675.21 0.01058013
17683.19 0.01052956
17691.170000000002 0.01058603
17699.21 0.01053297
17707.239999999998 0.01047468
17715.22 0.01038445
17723.2 0.01035031
17731.18 0.0103966
17739.16 0.01035117
17747.239999999998 0.01032914
17755.22 0.01023495
17763.21 0.01016818
17771.19 0.01025311
17779.17 0.01025161
17787.2 0.01015496
17795.23 0.01009076
17803.21 0.01008182
17811.19 0.01001702
17819.18 0.009991119
17827.21 0.01002562
17835.24 0.01000355
17843.22 0.009902595
17851.2 0.009848951
17859.18 0.009833397
17867.16 0.009941229
17875.239999999998 0.01002294
17883.22 0.009930456
17891.21 0.009966231
17899.19 0.009906239
17907.17 0.00982155
17915.2 0.009741924
17923.23 0.009758227
17931.21 0.009744347
17939.19 0.009595657
17947.18 0.009666514
17955.21 0.009549228
17963.24 0.009510432
17971.22 0.009631587
17979.2 0.009599327
17987.18 0.009618238
17995.16 0.009680262
18003.25 0.009425017
18011.23 0.00914328
18019.210000000003 0.009135961
18027.19 0.009328165
18035.170000000002 0.009303455
18043.2 0.009296375
18051.23 0.009261363
18059.210000000003 0.009097452
18067.2 0.009013392
18075.18 0.009266596
18083.16 0.009496358
18089.239999999998 0.009645162
18257.350000000002 0.009513628
18357.12 0.009470357
18456.88 0.009409849
18556.649999999998 0.009367905
18656.420000000002 0.009286244
18803.18 0.0101098
18811.16 0.009797473
18819.239999999998 0.009674057
18827.22 0.009592225
18835.2 0.00949747
18843.18 0.009385947
18851.16 0.009196797
18859.25 0.009104374
18867.23 0.008981721
18875.21 0.009034585
18883.190000000002 0.009137323
18891.17 0.009095448
18899.2 0.009206493
18907.23 0.009273025
18915.21 0.009300762
18923.2 0.00927001
18931.18 0.009141343
18939.16 0.009018153
18947.24 0.008922605
18955.219999999998 0.008908098
18963.2 0.00890137
18971.18 0.008875701
18979.16 0.008857014
18987.25 0.009032755
18995.23 0.008912265
19003.21 0.008816688
19011.19 0.008853217
19019.170000000002 0.008948036
19027.2 0.009086626
19035.23 0.008988949
19043.21 0.008997497
19051.2 0.008971948
19059.18 0.008912587
19067.16 0.008813812
19075.24 0.008801354
19083.22 0.008748695
19091.2 0.008857298
19099.19 0.008931295
19107.17 0.008785857
19115.25 0.008845451
19123.23 0.009051551
19131.21 0.009030032
19139.19 0.009104049
19147.17 0.009122259
19155.199999999997 0.009094971
19163.23 0.009078155
19171.22 0.009074607
19179.2 0.009103112
19187.18 0.00919957
19195.16 0.009397713
19203.239999999998 0.00947825
19211.22 0.009271789
19219.2 0.009205877
19227.190000000002 0.009152403
19235.17 0.008984818
19243.2 0.009027998
19251.23 0.008970562
19259.21 0.008940392
19267.190000000002 0.008975605
19275.17 0.008918079
19283.21 0.008940001
19291.24 0.008985539
19299.219999999998 0.008925466
19307.2 0.008830966
19315.18 0.008834842
19323.16 0.008849922
19331.24 0.008833538
19339.219999999998 0.00883709
19347.21 0.008862032
19355.19 0.008931413
19363.170000000002 0.008971878
19371.2 0.00904571
19379.23 0.009013993
19387.21 0.008885834
19395.19 0.00879191
19403.170000000002 0.008882599
19411.210000000003 0.008959369
19419.24 0.009089457
19427.22 0.009184017
19435.2 0.009226982
19443.18 0.009212917
19451.16 0.009163982
19459.24 0.009084244
19467.22 0.009038822
19475.21 0.009024783
19483.19 0.008972983
19491.17 0.008925904
19499.2 0.008859507
19507.23 0.008725825
19515.21 0.008717208
19523.2 0.008834344
19531.18 0.008852635
19539.21 0.008825739
19547.239999999998 0.008865473
19555.22 0.008879024
19563.2 0.009084232
19571.18 0.009318033
19579.16 0.009409341
19587.239999999998 0.009246784
19595.22 0.008961749
19603.21 0.008890335
19611.190000000002 0.009095898
19619.17 0.009435148
19627.2 0.009611274
19635.23 0.009456356
19643.21 0.009173993
19651.2 0.008929553
19659.18 0.008852066
19667.16 0.008808075
19675.24 0.008796619
19683.219999999998 0.00876685
19691.2 0.008790192
19699.18 0.008816793
19707.16 0.008796875
19715.25 0.00872831
19723.23 0.008648177
19731.21 0.008619112
19739.19 0.008631081
19747.170000000002 0.008612814
19755.2 0.008610727
19763.23 0.008607767
19771.21 0.008579755
19779.2 0.008557196
19787.18 0.008534334
19795.16 0.008573481
19803.239999999998 0.00861309
19811.22 0.008572234
19819.2 0.008563455
19827.18 0.008615254
19835.17 0.008607532
19843.25 0.008591024
19851.23 0.008567665
19859.21 0.008512548
19867.19 0.008496983
19875.17 0.008519345
19883.2 0.00855662
19891.23 0.008568418
19899.21 0.008542307
19907.2 0.00850657
19915.18 0.008524791
19923.16 0.008515275
19931.239999999998 0.008487552
19939.22 0.008504448
19947.21 0.008494206
19955.19 0.008454057
19963.17 0.008553172
19971.25 0.008512353
19979.23 0.008448828
19987.21 0.008503743
19995.19 0.008543649
20003.17 0.008518211
20011.199999999997 0.008518067
20019.23 0.008496075
20027.219999999998 0.008466713
20035.2 0.008482719
20043.18 0.008511043
20051.16 0.008529206
20059.239999999998 0.008565111
20067.219999999998 0.008517244
20075.2 0.008555016
20083.190000000002 0.008458226
20091.17 0.008382205
20099.2 0.008433843
20107.23 0.008446948
20115.210000000003 0.008442563
20123.190000000002 0.008526717
20131.17 0.008524146
20139.21 0.008513317
20147.24 0.008524598
20155.219999999998 0.008502317
20163.199999999997 0.008460833
20171.18 0.008468418
20179.16 0.008457142
20187.24 0.008383416
20195.219999999998 0.008381284
20203.21 0.008399574
20211.190000000002 0.008433242
20219.170000000002 0.008490407
20227.2 0.008461399
20235.23 0.008409634
20243.21 0.008407548
20251.190000000002 0.008403131
20259.170000000002 0.008404103
20267.210000000003 0.008400771
20275.24 0.008406926
20283.22 0.008391021
20291.199999999997 0.008338857
20299.18 0.00834724
20307.16 0.008393757
20315.24 0.008444285
20323.22 0.008521315
20331.21 0.008569339
20339.19 0.008580621
20347.170000000002 0.008539632
20355.2 0.00849369
20363.23 0.00842604
20371.21 0.008403931
20379.2 0.00840563
20387.179999999997 0.008401937
20395.210000000003 0.008421021
20403.24 0.008391411
20411.22 0.008408496
20419.2 0.008454634
20427.179999999997 0.008517123
20435.16 0.008530164
20443.24 0.008462152
20451.23 0.008372688
20459.21 0.008353916
20467.19 0.008331539
20475.170000000002 0.008325258
20483.2 0.008348803
20491.23 0.008349933
20499.21 0.008346132
20507.2 0.008337835
20515.18 0.008339575
20523.16 0.008362634
20531.239999999998 0.008377712
20539.22 0.008372239
20547.2 0.008344443
20555.18 0.008289717
20563.16 0.008274445
20571.25 0.008278864
20579.230000000003 0.008303729
20587.21 0.008303339
20595.19 0.00832431
20603.17 0.008330713
20611.199999999997 0.008312837
20619.230000000003 0.008313556
20627.21 0.008302737
20635.2 0.008265965
20643.18 0.008238296
20651.160000000003 0.008226681
20659.239999999998 0.0082876
20667.22 0.00832067
20675.2 0.008306167
20683.18 0.008281832
20691.17 0.008244149
20699.25 0.008227133
20707.23 0.00820737
20715.210000000003 0.008214502
20723.19 0.008240825
20731.17 0.008267305
20739.2 0.008232703
20747.23 0.008202313
20755.210000000003 0.008219427
20763.2 0.008271107
20771.18 0.008273182
20779.16 0.00826676
20787.239999999998 0.008216777
20795.219999999998 0.008197922
20803.21 0.00819202
20811.190000000002 0.00818002
20819.17 0.008178629
20827.2 0.008203634
20835.23 0.008213396
20843.21 0.008208733
20851.190000000002 0.008212425
20859.17 0.008203974
20867.2 0.008216432
20875.24 0.008220159
20883.219999999998 0.008215761
20891.199999999997 0.008200743
20899.18 0.008194759
20907.16 0.00818348
20915.24 0.008175683
20923.219999999998 0.008182282
20931.21 0.008173419
20939.190000000002 0.008168579
20947.170000000002 0.00813795
20955.2 0.00812563
20963.23 0.008115847
20971.21 0.008088525
20979.190000000002 0.008128196
20987.170000000002 0.008162812
20995.210000000003 0.008142357
21003.24 0.008161232
21011.22 0.008136515
21019.199999999997 0.008110928
21027.18 0.008111461
21035.16 0.008113324
21043.24 0.008137536
21051.22 0.008124192
21059.21 0.008056357
21067.19 0.008022549
21075.170000000002 0.008042023
21083.2 0.008040657
21091.23 0.008058199
21099.21 0.008065473
21107.19 0.008070558
21115.179999999997 0.008091721
21123.210000000003 0.008096831
21131.24 0.008092149
21139.22 0.00807926
21147.2 0.008048801
21155.179999999997 0.008017618
21163.16 0.007981853
21171.24 0.008015845
21179.22 0.008055702
21187.21 0.00805499
21195.19 0.008077524
21203.17 0.00822568
21211.2 0.008417408
21219.23 0.008511611
21227.21 0.008420912
21235.2 0.008231026
21243.18 0.008093162
21251.159999999996 0.008081377
21259.239999999998 0.008069045
21267.22 0.008063824
21275.2 0.008060504
21283.18 0.008032142
21291.159999999996 0.008013501
21299.239999999998 0.008055087
21307.230000000003 0.008046338
21315.210000000003 0.008058448
21323.19 0.008031442
21331.17 0.008002911
21339.199999999997 0.007991378
21347.230000000003 0.007986739
21355.21 0.008005827
21363.2 0.008022905
21371.18 0.007993461
21379.16 0.007981726
21387.239999999998 0.008014105
21395.219999999998 0.008020521
21403.2 0.007988788
21411.18 0.008012821
21419.16 0.008016477
21427.25 0.007991173
21435.23 0.007984851
21443.210000000003 0.007968754
21451.190000000002 0.007918725
21459.17 0.007853687
21467.21 0.00789152
21475.23 0.007897765
21483.210000000003 0.007868089
21491.2 0.007893509
21499.18 0.007925493
21507.16 0.00797122
21515.24 0.007972478
21523.219999999998 0.007937806
21531.2 0.007943495
21539.18 0.007949633
21547.170000000002 0.007942742
21555.25 0.007933671
21563.23 0.00793295
21571.21 0.007916829
21579.190000000002 0.007924715
21587.170000000002 0.007863755
21595.2 0.007841396
21603.23 0.007936309
21611.21 0.008051142
21619.199999999997 0.008096998
21627.18 0.008099501
21635.16 0.008112178
21643.24 0.008223024
21651.22 0.008315403
21659.21 0.008323305
21667.190000000002 0.008212385
21675.170000000002 0.008139398
21683.2 0.008075284
21691.23 0.008024258
21699.21 0.008006907
21707.190000000002 0.007933884
21715.170000000002 0.007881345
21723.2 0.007875854
21731.24 0.007836135
21739.22 0.007838117
21747.2 0.007843952
21755.179999999997 0.007824162
21763.16 0.007765351
21771.24 0.007741426
21779.22 0.007722135
21787.21 0.007717839
21795.19 0.007740311
21803.170000000002 0.007742066
21811.2 0.007774001
21819.23 0.007777105
21827.21 0.007769437
21835.19 0.007775901
21843.170000000002 0.007778334
21851.21 0.007767182
21859.239999999998 0.007768628
21867.22 0.007774786
21875.2 0.00774576
21883.18 0.007729965
21891.16 0.007763624
21899.24 0.007706535
21907.22 0.007694716
21915.21 0.00774772
21923.19 0.007763213
21931.17 0.007744735
21939.199999999997 0.00773971
21947.230000000003 0.007736135
21955.21 0.007752531
21963.19 0.007784444
21971.18 0.007770025
21979.21 0.007724425
21987.239999999998 0.007679601
21995.22 0.007664381
22003.2 0.007686937
22011.18 0.007669697
22019.160000000003 0.007654639
22027.239999999998 0.007660466
22035.22 0.007674864
22043.210000000003 0.007694769
22051.19 0.007630256
22059.17 0.0076093
22067.199999999997 0.007586965
22075.23 0.007533261
22083.210000000003 0.007562479
22091.2 0.007638148
22099.18 0.007652679
22107.16 0.007657197
22115.239999999998 0.007663231
22123.219999999998 0.007672181
22131.2 0.007672838
22139.18 0.007688106
22147.16 0.007664646
22155.25 0.007659445
22163.23 0.007689028
22171.210000000003 0.007690818
22179.190000000002 0.00768906
22187.17 0.007669951
22195.2 0.007655739
22203.23 0.007583564
22211.210000000003 0.007572736
22219.2 0.007660712
22227.18 0.007715357
22235.16 0.007708063
22243.24 0.007662916
22251.219999999998 0.007602839
22259.2 0.007571777
22267.18 0.00753086
22275.16 0.007485207
22283.25 0.007516511
22291.23 0.007532657
22299.21 0.007550935
22307.190000000002 0.007535812
22315.170000000002 0.007529228
22323.210000000003 0.007533053
22331.23 0.007543794
22339.22 0.007524823
22347.199999999997 0.007518096
22355.18 0.007537187
22363.16 0.007534463
22371.24 0.007539127
22379.22 0.007523991
22387.199999999997 0.007527222
22395.19 0.007470616
22403.170000000002 0.007437925
22411.249999999996 0.007467057
22419.23 0.007484952
22427.21 0.007485192
22435.19 0.007459034
22443.170000000002 0.007462276
22451.2 0.007477844
22459.23 0.007510128
22467.21 0.007502718
22475.2 0.007508531
22483.179999999997 0.007515432
22491.16 0.007513734
22499.24 0.007465857
22507.22 0.007463569
22515.21 0.007460341
22523.19 0.007492787
22531.170000000002 0.007467966
22539.2 0.007453056
22547.23 0.007444065
22555.21 0.007429474
22563.19 0.007483825
22571.170000000002 0.007494586
22579.21 0.007437862
22587.239999999998 0.007419017
22595.22 0.007426737
22603.2 0.007410792
22611.18 0.007415915
22619.16 0.007351258
22627.239999999998 0.007293685
22635.22 0.007326416
22643.21 0.007345671
22651.19 0.007353786
22659.17 0.00730971
22667.199999999997 0.007327582
22675.230000000003 0.007370914
22683.21 0.007382007
22691.19 0.007404061
22699.17 0.007401465
22707.21 0.007416559
22715.239999999998 0.007395966
22723.22 0.007405714
22731.2 0.007366983
22739.18 0.007357023
22747.160000000003 0.007338026
22755.239999999998 0.007362296
22763.22 0.007357658
22771.210000000003 0.007391209
22779.19 0.007379024
22787.17 0.007370762
22795.2 0.007318674
22803.23 0.007315255
22811.210000000003 0.007209592
22819.2 0.007194175
22827.18 0.007186072
22835.21 0.007189776
22843.239999999998 0.00722197
22851.219999999998 0.007213156
22859.2 0.00717249
22867.18 0.007191062
22875.16 0.007206163
22883.239999999998 0.00718028
22891.219999999998 0.007175954
22899.210000000003 0.007170868
22907.190000000002 0.007183978
22915.17 0.007165894
22923.2 0.007077687
22931.23 0.006939505
22939.210000000003 0.006791809
22947.199999999997 0.006726057
22955.18 0.006749348
22963.16 0.006813655
22971.24 0.006847452
22979.219999999998 0.006876475
22987.199999999997 0.006905199
22995.18 0.006937383
23003.16 0.006961608
23011.25 0.007005513
23019.23 0.007027927
23027.21 0.007013321
23035.190000000002 0.007009552
23043.170000000002 0.007031078
23051.2 0.006995428
23059.23 0.006996635
23067.21 0.007018958
23075.199999999997 0.007020788
23083.18 0.006988598
23091.16 0.006977923
23099.24 0.006929294
23107.22 0.006951344
23115.199999999997 0.006997058
23123.18 0.006999225
23131.16 0.007001271
23139.249999999996 0.006967001
23147.23 0.006983136
23155.21 0.007008246
23163.19 0.006981096
23171.170000000002 0.007002031
23179.210000000003 0.006976833
23187.23 0.007037976
23195.22 0.007092286
23203.2 0.00701985
23211.179999999997 0.007059826
23219.16 0.00694191
23227.24 0.006722762
23235.22 0.006547764
23243.2 0.006508934
23251.19 0.006565582
23259.170000000002 0.006602183
23267.2 0.006621831
23275.23 0.0066417
23283.21 0.006658107
23291.19 0.006669733
23299.170000000002 0.006700329
23307.2 0.006744433
23315.23 0.0067344
23323.22 0.006739913
23331.2 0.006765933
23339.18 0.006744487
23347.159999999996 0.006737645
23355.239999999998 0.006731343
23363.22 0.006705473
23371.21 0.006683569
23379.19 0.006713705
23387.17 0.006690912
23395.199999999997 0.006680707
23403.230000000003 0.006712306
23411.21 0.006690007
23419.19 0.006668944
23427.17 0.006703269
23435.21 0.006688917
23443.239999999998 0.006659111
23451.219999999998 0.006642587
23459.2 0.006590576
23467.18 0.006532487
23475.16 0.006611036
23483.239999999998 0.006606823
23491.219999999998 0.006546574
23499.210000000003 0.006562762
23507.19 0.006577236
23515.17 0.006480942
23523.2 0.006395409
23531.23 0.006341258
23539.210000000003 0.006357813
23547.19 0.006426245
23555.17 0.006455415
23563.21 0.006463219
23571.24 0.006506448
23579.219999999998 0.006517016
23587.2 0.006502649
23595.18 0.006518125
23603.16 0.006538274
23611.239999999998 0.006562194
23619.23 0.006589107
23627.21 0.006601828
23635.190000000002 0.006538612
23643.17 0.006525509
23651.2 0.006629352
23659.23 0.006683261
23667.21 0.006652694
23675.199999999997 0.006646894
23683.18 0.006645527
23691.16 0.006639229
23699.24 0.006604152
23707.22 0.006591975
23715.199999999997 0.006576183
23723.18 0.006585561
23731.16 0.006565982
23739.24 0.006509877
23747.23 0.006516536
23755.21 0.006547564
23763.190000000002 0.006548746
23771.170000000002 0.006530804
23779.2 0.006517414
23787.23 0.006523228
23795.21 0.006511966
23803.2 0.006474725
23811.179999999997 0.006435287
23819.16 0.006356837
23827.24 0.00630605
23835.22 0.006254504
23843.2 0.006224403
23851.18 0.006280418
23859.170000000002 0.006351312
23867.250000000004 0.006352647
23875.23 0.006335925
23883.21 0.006328771
23891.19 0.006405774
23899.170000000002 0.006389076
23907.2 0.006408012
23915.23 0.006428463
23923.21 0.006421115
23931.2 0.006449664
23939.180000000004 0.006412553
23947.16 0.006404581
23955.24 0.006418321
23963.22 0.006428778
23971.2 0.006451714
23979.180000000004 0.006451265
23987.17 0.006472673
23995.25 0.006464119
24003.230000000003 0.006452807
24011.21 0.006444541
24019.19 0.006470061
24027.17 0.006431156
24035.21 0.006384219
24043.239999999998 0.006417183
25939.41 0.005837879
26937.07 0.005618662
27934.739999999998 0.005403294
28932.410000000003 0.005198325
29930.08 0.005008303
30927.75 0.004835982
31925.42 0.004676957
32923.09 0.004525331
33920.76 0.004380137
34918.43 0.004247192
35916.1 0.004120335
36913.770000000004 0.004002403
37911.44 0.003892937
38909.11 0.003789041
39906.78 0.003690837
40904.45 0.003600283
41902.119999999995 0.00351383
42899.79 0.003428968
43897.46 0.003346245
44895.13 0.003271015
45892.79 0.003201098
46890.46 0.003137365
47888.130000000005 0.0030759
48885.8 0.003015823
49883.47 0.002958847
50881.14 0.002902674
51878.81 0.00284931
52876.479999999996 0.002798218
54162.88 0.002664448
54464.57 0.002682168
54766.27 0.002653854
55068.06 0.002772557
55369.76 0.002669948
55671.45 0.002603364
55973.15 0.002660475
56274.84 0.00266259
56576.630000000005 0.002590632
56878.33 0.002616941
57180.020000000004 0.002604116
57481.72 0.002612639
57783.420000000006 0.002559003
58085.21 0.002537379
58386.909999999996 0.002535254
58688.6 0.002560336
58990.299999999996 0.002566755
59291.99 0.00254302
59593.79 0.00256517
59895.48 0.002625265
60197.18 0.002668847
60498.880000000005 0.002690936
60800.57 0.002738006
61102.35999999999 0.002762456
61404.06 0.002867347
61705.75000000001 0.003055314
62007.450000000004 0.003155799
62309.14 0.003101179
62610.950000000004 0.002942282
62912.64 0.002876363
63214.34 0.002785733
63516.02 0.002722891
63817.72 0.002638248
64119.520000000004 0.002559815
64421.21 0.002502605
64722.91 0.002480268
65024.6 0.002490755
65326.3 0.002490265
65628.09 0.002448016
65929.78 0.002417347
66231.48 0.002444363
66533.18 0.002428075
66834.87999999999 0.002419523
67136.67 0.002458426
67438.36 0.002468466
67740.06 0.002455267
68041.75 0.002467911
68343.45 0.002448498
68645.25 0.002445842
68946.94 0.002591003
69248.63 0.002570268
69550.34000000001 0.002521451
69852.03 0.002631959
70153.81999999999 0.002540736
70455.52 0.002424454
70757.20999999999 0.002456599
71058.91 0.002484133
71360.59999999999 0.002479855
71662.39 0.002496314
71964.09 0.002505022
72265.79 0.002524235
72567.48 0.002529521
72869.18 0.002545647
73170.97 0.0025579
73472.66 0.002579803
73774.37 0.002623752
74076.06 0.002654506
74377.75 0.002657427
74679.55 0.002839381
74981.23999999999 0.002692889
75584.62999999999 0.00283782
76188.01999999999 0.003083273
76791.52 0.003114178
77394.9 0.002835191
77998.3 0.002787636
78601.78 0.00273655
79205.18000000001 0.002643548
79808.67 0.002571357
80412.05 0.002513504
81015.45 0.00241824
81618.93 0.002383823
82222.32999999999 0.002363142
82825.72 0.002320918
83429.2 0.002294614
84032.59999999999 0.002331281
84635.98 0.002319159
85239.48000000001 0.002341892
85842.87 0.002360009
86446.37 0.002318555
87049.74999999999 0.002271533
87653.15 0.00219812
88256.64 0.002146898
88860.01999999999 0.002102735
89463.42 0.002106292
90066.90000000001 0.002146263
90670.3 0.002075337
91273.68000000001 0.002057192
91877.17 0.002044804
92480.56999999999 0.002050777
93084.05 0.002046485
93687.45000000001 0.002068503
94290.84 0.002063841
94894.32 0.002079393
95497.70999999999 0.002082071
96101.11 0.002125475
96704.6 0.002189196
97307.98 0.002128449
97911.37000000001 0.002100318
98514.87000000001 0.00209374
99118.27 0.002088149
99721.75 0.002091456
100325.14000000001 0.002105538
100928.54000000001 0.002102024
101532.02 0.002085517
102135.40999999999 0.002080428
102738.8 0.002082155
103342.29000000001 0.002082278
103945.68 0.002084185
104549.07 0.0021497
105152.56000000001 0.002207489
105755.95 0.002149011
106359.45 0.002115742
106962.82999999999 0.002111079
107566.23 0.002110114
108169.72 0.002108196
108773.11 0.002105361
109376.5 0.002114087
109979.98000000001 0.002134513
110583.37999999999 0.002153567
111186.77 0.00222982
111790.26000000001 0.002479665
112393.65 0.002687292
112997.14 0.002620175
113600.53000000001 0.002439736
114203.92 0.002332632
114807.41 0.002237326
115410.79999999999 0.00217153
116014.2 0.002117504
116617.67 0.002084795
117221.06999999999 0.00205035
117824.46 0.002018234
118427.95000000001 0.002002305
119031.34 0.002038965
119634.84 0.002053165
120238.23 0.002042492
120841.61 0.002023093
121445.11 0.002002096
122048.5 0.001995868
122651.89 0.002018718
123255.38 0.002012337
123858.77 0.001996576
124462.16 0.001993966
125065.63999999998 0.001992835
125669.04 0.002010651
126272.53 0.002023091
126875.90999999999 0.002018119
127479.31 0.002103217
128082.8 0.002221102
128686.19 0.002080166
129289.58 0.00188164
129893.07999999999 0.001847852
130496.45999999999 0.001835897
131099.84 0.001835166
131703.34 0.001824263
132306.72999999998 0.001804033
132910.11 0.001798326
133513.61000000002 0.001781573
134117.0 0.001772306
134720.5 0.001769988
135323.89 0.001771976
135927.27 0.001766102
136530.77 0.001755147
137134.16 0.00173694
137737.55 0.001733764
138341.03 0.001727153
138944.41999999998 0.00172767
139547.81 0.001725652
139678.34 0.001731787
139784.16 0.001722474
139889.94999999998 0.001729454
139995.72 0.001735256
140101.47 0.001726966
140207.2 0.001708086
140312.94 0.001777793
140418.63 0.001720589
140524.3 0.001724941
140629.97 0.00170744
140735.61 0.001721985
140841.25 0.001731204
140946.86 0.001698367
141052.45 0.001689559
141158.03 0.001713049
141263.61 0.001676514
141369.14 0.001695628
141474.67 0.001724961
141580.16999999998 0.001650997
141718.94999999998 0.001731033
141833.44999999998 0.00173323
141947.94 0.001736626
142062.39 0.001732555
142176.84 0.001757841
142291.27 0.001722809
142405.67 0.001753829
142520.2 0.001710626
142634.7 0.001736541
142749.03 0.001722492
142863.36000000002 0.00176165
142977.67 0.00187103
143091.97 0.002216353
143206.22999999998 0.002718346
143320.48 0.002152406
143434.7 0.001763942
143548.91999999998 0.001708045
143663.11 0.001761068
143777.28 0.001738056
143891.44 0.001729006
144005.58000000002 0.001743319
144119.69 0.001744795
144233.77 0.001732412
144347.84 0.001730794
144461.89 0.001723257
144573.53 0.00173889
144687.55 0.001697313
144801.55 0.001742824
144915.53 0.00169519
145029.48 0.001731692
145143.41 0.001722122
145257.31 0.00169283
145371.22 0.001714045
145485.09 0.001713441
145598.94999999998 0.001728539
145710.38 0.001666679
145824.2 0.001712846
145937.98 0.001722636
146051.78 0.001669784
146165.53 0.001680932
146279.28 0.001690365
146393.0 0.001696611
146506.7 0.001689501
146620.39 0.001715162
146734.05000000002 0.001697237
146847.7 0.001689826
146961.33 0.001690587
147074.94 0.001687829
147188.52 0.001683914
147302.08 0.001685266
147415.66 0.001669385
147529.17 0.001699552
147642.69 0.001702289
147756.17 0.001682028
147869.66 0.00170014
147983.11 0.001683614
148096.55 0.001677251
148209.95 0.001693812
148323.36 0.001688767
148436.75 0.001671952
148550.09 0.001705646
148663.45 0.001685611
148776.77 0.001692975
148890.06 0.00169735
149003.36 0.001696449
149116.61000000002 0.0016993
149229.88 0.001672193
149343.11 0.001720944
149456.31 0.001713535
149569.52 0.001701323
149682.67 0.001687429
149795.83 0.001692558
149908.97 0.00169754
150022.08 0.001709727
150135.17 0.001684422
150248.25 0.001711291
150361.31 0.001681979
150474.34 0.001713025
150587.38999999998 0.001690318
150700.38999999998 0.001672919
150813.36000000002 0.001733244
150926.33 0.001668193
151039.27000000002 0.001702472
151152.2 0.001710307
151265.11000000002 0.001640873
151375.42 0.001724731
151488.28 0.001732088
151601.14 0.00165363
151765.31 0.001689232
151885.56 0.001673611
152008.72 0.00165333
152131.88999999998 0.0017101
152255.0 0.001669023
152378.11000000002 0.001654907
152501.63999999998 0.001666976
152624.72 0.001652771
152744.78 0.001664499
152867.8 0.001669249
152990.78 0.001713851
153113.78 0.001648656
153236.72999999998 0.00171872
153359.67 0.001668694
153482.61000000002 0.001664649
153605.48 0.001668415
153728.38 0.001683341
153851.23 0.001697881
153974.06 0.001661464
154096.88 0.00168494
154219.67 0.001707443
154342.44 0.001680347
154465.19 0.001707308
154587.91 0.001670334
154710.64 0.001665101
154833.31 0.00170483
154955.97999999998 0.001642802
155078.63999999998 0.001714317
155201.27000000002 0.001736615
155323.86000000002 0.001896724
155446.44999999998 0.002436795
155569.02 0.002815167
155691.56 0.002097465
155811.03 0.001804696
155933.52 0.001712404
156056.0 0.001700931
156178.47 0.001708185
156300.88999999998 0.001698065
156423.78 0.001696586
156546.19 0.001696305
156668.56 0.001727223
156790.92 0.001666115
156913.27 0.001665153
157035.58 0.001695994
157154.75 0.001658313
157277.0 0.001706868
157399.27 0.001683283
157521.5 0.001682869
157643.72 0.001717152
157765.88999999998 0.001676017
157888.06 0.001711726
158010.22 0.001687049
158132.34 0.001685767
158254.45 0.001697032
158376.55 0.001691244
158498.61000000002 0.001692688
158620.66 0.001727224
158742.66999999998 0.001667385
158864.66999999998 0.001708412
158986.66999999998 0.001704098
159108.64 0.001687713
159230.56 0.001684867
159352.5 0.001683071
159474.41 0.001688798
159596.28 0.001713496
159718.14 0.001692408
159840.0 0.001717037
159961.81 0.001686568
160083.64 0.001647461
160205.4 0.001705839
160327.15 0.001664492
160448.89 0.001682525
160567.42 0.00170784
160688.59 0.001620462
160810.28 0.001716878
160931.93 0.001663955
161053.56 0.001696941
161175.19 0.001685217
161296.77000000002 0.001682426
161418.34 0.001732792
161539.91999999998 0.001694661
161658.19 0.001678812
161779.71 0.001707754
161901.23 0.001696786
162022.66999999998 0.001671037
162144.15 0.001693776
162265.57 0.001702257
162386.95 0.001684154
162508.37 0.001675862
162629.74 0.001698989
162751.08 0.001733989
162872.44999999998 0.001665875
162993.74 0.001663222
163115.02000000002 0.001729452
163236.31 0.001653997
163357.56 0.001675325
163478.78000000003 0.001653194
163599.99 0.001753719
163721.19999999998 0.001645835
163842.35 0.001808536
163963.53 0.00175604
164084.66 0.001756189
164205.76 0.001781089
164326.86000000002 0.001813863
164447.91999999998 0.001754746
164568.73 0.001764415
164618.3 0.001662958
164751.36 0.001771842
164884.43 0.001724724
165013.66 0.001712209
165146.68 0.001699117
165279.64 0.001735704
165412.64 0.001680301
165545.56000000003 0.001688767
165678.46 0.001722856
165811.39 0.001689722
165944.27 0.001715591
166077.1 0.001667349
166209.95 0.001671035
166342.77000000002 0.001722318
166475.89 0.001651848
166608.68 0.001734479
166741.75000000003 0.001662776
166874.49000000002 0.001684618
167007.2 0.001676524
167139.87 0.001672018
167272.50999999998 0.001708523
167405.17 0.001684888
167537.72999999998 0.001664724
167666.44 0.001700193
167798.97999999998 0.001653768
167931.56 0.001693314
168064.06 0.001664922
168196.54 0.001658797
168325.08000000002 0.001689012
168457.52999999997 0.001677991
168589.97 0.001684339
168722.36000000002 0.001683103
168854.75 0.001738307
168987.08 0.001685165
169119.43000000002 0.001713366
169251.73 0.001673685
169384.02 0.001676771
169516.30000000002 0.001736794
169648.55 0.001669918
169780.79 0.00171451
169912.97 0.001699644
170045.17 0.001699871
170177.31000000003 0.001761502
170309.44999999998 0.002259115
170441.53000000003 0.002105262
170573.63999999998 0.001750992
170705.71999999997 0.001692573
170837.76 0.001680306
170969.77 0.001670633
171101.8 0.001701493
171229.74 0.001613644
171361.71000000002 0.001698042
171493.66 0.001662106
171625.56 0.001655401
171757.47 0.001674759
171885.28000000003 0.001633946
172017.12 0.001674304
172148.93 0.001663499
172280.72999999998 0.00167843
172412.53 0.00165278
172544.28999999998 0.001688575
172675.99000000002 0.001661026
172807.73 0.00167686
172939.41 0.001682435
173071.08 0.001688119
173202.72 0.001622943
173334.38999999998 0.00170058
173465.96000000002 0.001651073
173597.53 0.001668725
173729.11 0.001663793
173860.65 0.001690414
173992.16 0.001682193
174123.66999999998 0.001627027
174255.12000000002 0.00168953
174386.58000000002 0.001665223
174518.01 0.001640076
174649.43000000002 0.001602893
174776.67 0.001659405
174908.05000000002 0.00163045
175039.37 0.001646586
175170.69 0.001593181
175297.83 0.001614063
175433.27000000002 0.00164311
175564.53999999998 0.001637194
175691.18 0.001643776
175822.37 0.001661043
175953.13999999998 0.001652981
176084.31 0.001604579
176215.44 0.001573092
176346.55 0.001640582
176477.66 0.001615668
176608.72999999998 0.001600256
176739.81000000003 0.001612072
176870.84 0.001624369
177001.84 0.001599039
177132.84000000003 0.001601669
177263.79 0.00167456
177394.75 0.001579727
177525.69 0.001665362
177656.59 0.001583705
177787.48 0.001655256
177918.34000000003 0.001646129
178049.19999999998 0.001601187
178180.00999999998 0.001612969
178310.81 0.001610718
178441.58000000002 0.001536243
178568.1 0.001596234
178708.31 0.001581732
178853.23 0.001594446
178998.05000000002 0.00159246
179137.99000000002 0.001564595
179282.82 0.001576176
179427.59 0.001609547
179572.32 0.001589204
179712.13999999998 0.001580484
179856.83000000002 0.00157746
180001.53 0.001594312
180146.16 0.00159874
180290.77999999997 0.001593276
180435.38999999998 0.001588409
180579.97 0.001581107
180724.53 0.00162044
180869.03 0.001563313
181013.55000000002 0.001575173
181158.03 0.001555127
181302.47 0.001575913
181446.91 0.001539537
181591.91 0.001561162
181736.3 0.00152482
181875.08000000002 0.001568389
182020.59 0.001587392
182164.91999999998 0.001561135
182309.19 0.001559835
182453.44 0.001551319
182592.7 0.001516219
182736.87 0.001553739
182881.07 0.001604611
183025.23 0.001553595
183169.35 0.001561814
183313.47 0.00157402
183457.55000000002 0.001569965
183601.63 0.001573677
183745.62999999998 0.001569455
183889.68 0.001554336
184033.65999999997 0.001555841
184177.65 0.001577452
184321.58000000002 0.001518805
184465.52000000002 0.001600824
184609.38999999998 0.001568748
184748.19 0.001548396
184892.02 0.001548172
185035.84 0.001563199
185174.56 0.001528047
185318.34 0.001550006
185462.06999999998 0.001563063
185605.79 0.001541677
185749.47000000003 0.001565951
185893.15 0.001539569
186036.83000000002 0.001527168
186180.46 0.001534634
186324.04 0.001562992
186467.65 0.001507481
186611.19 0.001553278
186754.7 0.00157456
186898.23 0.001622167
187041.72 0.001887499
187185.19 0.001958776
187328.63999999998 0.001639767
187472.04 0.001508262
187610.24 0.001526465
187753.6 0.00151708
187896.96 0.001530291
188035.07 0.0015123
188178.37 0.001499775
188321.63 0.001461601
188464.85 0.001502191
188608.09 0.001504019
188751.28 0.001474049
188894.44 0.001514683
189037.61 0.001499067
189180.74000000002 0.001460046
189323.84 0.001496771
189466.91999999998 0.001557494
189609.99000000002 0.001471571
189753.0 0.00147683
189896.03 0.001512698
190039.00999999998 0.001479
190182.0 0.001493724
190324.27 0.001595933
190461.22 0.001460054
190604.1 0.001476549
190746.97 0.001514535
190889.82 0.001484861
191032.62 0.001493455
191170.1 0.001530046
191312.88999999998 0.001505905
191455.63 0.001478562
191598.34 0.001440172
191741.05000000002 0.001507064
191883.74 0.001457395
192026.39 0.001476389
192169.0 0.001497574
192311.61000000002 0.001382081
192454.19999999998 0.001531846
192596.78 0.001452516
192739.31999999998 0.001468335
192881.83 0.001480882
193024.33000000002 0.0014911
193166.81 0.001472005
193309.22999999998 0.001485501
193446.27 0.001347805
193588.68000000002 0.001435837
193731.02 0.001460771
193873.39 0.001514751
194014.34 0.001349616
194577.96 0.001551342
194733.16 0.001548173
194888.13 0.001569751
195042.94999999998 0.00157913
195504.32 0.001560128
195658.49 0.001529239
195812.51 0.001554636
195966.36000000002 0.001523907
196120.03000000003 0.001495583
196273.56 0.001512028
196426.89 0.001509003
196579.86000000002 0.001512764
196732.88 0.001487705
196883.72 0.001495122
197036.41999999998 0.001494999
197188.96999999997 0.001491939
197341.37 0.001468699
197493.57 0.001593051
197645.65000000002 0.001452769
197797.57 0.001456657
197949.30999999997 0.001464698
198100.89 0.001413373
198252.32 0.001440392
198403.61000000002 0.00150927
198554.5 0.001360283
198705.44 0.001413614
198856.28 0.001447636
199006.90000000002 0.001432725
199157.38999999998 0.001539907
199307.75 0.001440675
199457.91 0.001557587
199622.33000000002 0.001463257
199791.18 0.001496671
199959.91 0.001461672
200128.37999999998 0.00148544
200296.68999999997 0.001447136
200464.8 0.001480196
200632.71 0.001455484
200800.44 0.001446649
200967.94 0.001445184
201135.27000000002 0.001429518
201302.41 0.001405622
201469.37999999998 0.001419143
201636.13999999998 0.001450117
201802.71000000002 0.001412936
201969.09000000003 0.001420708
202135.31 0.001434384
202301.29 0.001505983
202467.12 0.001369722
202632.77 0.001367389
202798.19 0.00147194
202963.44999999998 0.001401331
203128.55 0.001509118
203293.44 0.001438624
203458.14 0.001477079
203622.68 0.001398318
203787.02000000002 0.001418897
203951.16999999998 0.001394327
204115.15999999997 0.001409397
204278.96 0.001424771
204442.6 0.001536586
204605.98 0.001390967
204769.21000000002 0.001405651
204932.29 0.001378366
205095.19999999998 0.001530479
205257.93 0.001376042
205420.48 0.001422957
205582.85 0.001384675
205745.03 0.001409314
205907.08 0.001422354
206068.91999999998 0.00140446
206230.59999999998 0.001372557
206392.12 0.001515016
206553.42 0.00142382
206714.61000000002 0.001403552
206875.59 0.001362651
207036.41999999998 0.001414768
207197.06 0.001416794
207357.56 0.001423935
207517.78000000003 0.001340409
207677.92 0.001412029
207837.85 0.001410912
207997.66999999998 0.001416561
208157.31 0.001417232
208316.78 0.001426215
208474.98 0.001340203
208678.46 0.001339243
208858.7 0.001376409
209038.73 0.001441105
209218.55999999997 0.00140692
209398.16 0.00142081
209577.56 0.001456803
209756.76 0.001407672
209935.72 0.001387259
210114.48 0.001390498
210293.03 0.001382689
210471.36 0.001435279
210649.53 0.001405514
210827.43 0.001413355
211005.15000000002 0.001408868
211182.65000000002 0.00141022
211359.98 0.001397022
211537.09 0.001374542
211713.99999999997 0.001389194
211890.68 0.001428482
212067.17 0.001406659
212243.43999999997 0.001403646
212419.55000000002 0.001394887
212595.44000000003 0.001379709
212771.15 0.001364753
212946.62 0.001364465
213121.90999999997 0.001390698
213297.02000000002 0.001410582
213471.90999999997 0.001375336
213646.62 0.001361013
213821.13 0.001369211
213995.42 0.001371201
214169.56 0.001362798
214343.47 0.001330061
214517.19 0.001339428
214690.69999999998 0.001325082
214864.06 0.001343756
215037.19 0.001345627
215210.15 0.001318549
215382.94 0.001382501
215555.5 0.001314191
215727.90000000002 0.001348197
215900.12000000002 0.001277673
216072.09999999998 0.00132944
216243.95 0.001345633
216415.59999999998 0.001300486
216587.03 0.001327623
216758.33000000002 0.001339723
216929.4 0.001320561
217100.32 0.001310965
217271.02 0.00131054
217441.56 0.001301976
217611.89 0.001295154
217782.06 0.001290992
217952.02 0.001330813
218121.83000000002 0.00131156
218291.47 0.001328958
218460.88 0.001295023
218630.15999999997 0.001305031
218799.25 0.00130665
218968.13999999998 0.001326813
219136.89 0.001320578
219305.44 0.001405977
219473.8 0.001267278
219642.03 0.001333364
219810.07 0.00132698
219977.87 0.001291692
220145.57 0.001318675
220313.05 0.001306351
220480.37 0.001311091
220668.09 0.001324672
220858.9 0.001316676
221049.48 0.001338064
221239.85 0.001326469
221429.97999999998 0.001343885
221619.91 0.001311889
221809.59999999998 0.001318813
221999.02000000002 0.001301095
222188.26 0.001293135
222377.25999999998 0.001268797
222566.01 0.001259115
222754.57 0.001285052
222942.91 0.001251303
223131.05 0.001278274
223318.92 0.001302041
223506.6 0.001312611
223694.06000000003 0.001362618
223881.30000000002 0.001305532
224068.34 0.001335799
224255.1 0.001307699
224441.68000000002 0.001280041
224628.07 0.001319075
224814.21999999997 0.001357685
225000.16999999998 0.001298967
225185.88999999998 0.0012976
225371.37999999998 0.001282986
225556.65999999997 0.001371878
225741.77 0.001289185
225926.65 0.001308873
226111.32 0.001311044
226295.78 0.001284257
226480.03 0.001295867
226664.09000000003 0.001298697
226847.9 0.001303793
227031.54 0.001324615
227214.97 0.001307618
227398.16999999998 0.001327449
227581.2 0.001295779
227764.0 0.001322451
227946.64 0.00130341
228129.02000000002 0.001313695
228311.23 0.001303359
228493.22999999998 0.001305417
228675.06 0.001294521
228856.66 0.00130078
229038.07 0.001303744
229219.28 0.001315086
229400.31 0.001313922
229581.13 0.001305026
229761.75 0.001271729
229942.16999999998 0.001283999
230122.41 0.001304034
230302.39 0.001294568
230482.22 0.001224662
230661.87 0.001288916
230841.31 0.001291401
231020.58 0.001265574
231199.65 0.001265204
231557.19999999998 0.001275916
231735.71 0.00126055
231914.00999999998 0.001259211
232092.11 0.001250621
232270.07 0.001279971
232447.8 0.001252856
232625.39 0.001263949
232802.7 0.001243085
232979.89 0.001262443
233156.84999999998 0.00124588
233333.68 0.001247889
233510.30000000002 0.001249624
233863.03000000003 0.001265988
234214.97 0.001266368
234390.75 0.001235514
234566.23 0.001276212
234741.59 0.001248387
234916.72999999998 0.00127685
235091.74000000002 0.00129416
235266.57 0.001276026
235441.22999999998 0.001242581
235528.22 0.001273828
235729.08000000002 0.001276913
235929.7 0.001279271
236130.08000000002 0.001282342
236330.22 0.00124288
236530.13 0.001322708
236729.91 0.001278385
236929.31999999998 0.001202072
237128.6 0.001261936
237327.61 0.001197049
237724.90000000002 0.001238125
237923.18000000002 0.00120519
238319.09 0.001248296
238516.69 0.001257877
238714.08 0.001250986
238911.17 0.001249186
239108.1 0.001228734
239304.71000000002 0.001254713
239498.88 0.001257913
239697.49 0.001232729
239893.55 0.001244683
240089.4 0.001241892
240284.97999999998 0.001242905
240480.37 0.001247077
240673.09999999998 0.001230073
240868.05 0.001230665
241062.79 0.001225843
241257.30999999997 0.001242051
241451.59 0.001245992
241645.68 0.001242221
241839.54 0.001226916
242033.2 0.001231589
242226.64 0.001227738
242419.87000000002 0.001223795
242612.9 0.001242138
242805.69 0.001310534
242998.31 0.001540515
243190.72999999998 0.001579041
243382.88999999998 0.001364371
243574.89 0.001247677
243766.65 0.001253972
243958.23 0.001207528
244149.59 0.00120628
244340.55000000002 0.001188898
244531.47999999998 0.001210634
244722.21000000002 0.001214685
244912.75999999998 0.001200449
245103.09 0.001238036
245293.22 0.001195613
245483.15 0.00120492
245672.88999999998 0.001187124
245862.45 0.001179369
246051.77000000002 0.001190614
246240.9 0.001166545
246427.02 0.001170194
246615.75 0.001197761
246807.13999999998 0.001157964
246995.28 0.001133571
247183.41999999998 0.001140185
247556.23 0.00116292
247743.80000000002 0.001170363
247931.12 0.001176376
248118.31000000003 0.001189389
248305.3 0.00115772
248492.09 0.001163577
248678.7 0.001141915
248864.96999999997 0.00118191
249051.09 0.001163221
249237.14 0.001150215
249422.93 0.001176575
249608.57 0.001165986
249794.03999999998 0.001172546
249979.31000000003 0.001155114
250164.38999999998 0.001123925
250349.33 0.001131232
250589.58000000002 0.001103915
250803.89 0.001125474
251017.97 0.001134935
251231.78 0.001094871
251445.33 0.001137498
251658.65 0.001115953
251871.68 0.001132145
252084.5 0.001145131
252297.1 0.001131696
252509.38 0.001149549
252721.48 0.0011463
253140.6 0.001131511
253351.94 0.001101128
253563.02 0.001146211
253773.88 0.001126187
253984.44999999998 0.0011306
254194.83 0.001147372
254404.94999999998 0.001129487
254614.85 0.001127162
254824.5 0.001114273
255029.49000000002 0.001119902
255238.66999999998 0.001108006
255447.6 0.00113393
255656.26 0.001125902
255864.73 0.001141693
256072.94 0.001139901
256488.72 0.001125526
256696.24 0.001118468
256903.56999999998 0.001117939
257110.65000000002 0.001120071
257317.50000000003 0.001147211
257524.11 0.001050449
257730.19999999998 0.001106399
257936.08 0.00113066
258142.03 0.00114016
258347.72 0.001308895
258553.19999999998 0.001609598
258963.50999999998 0.001951459
259168.34000000003 0.001504717
259372.94 0.001148922
259577.33000000002 0.001145462
259781.49 0.001154864
259985.45 0.001168273
260189.16999999998 0.001117959
260392.66999999998 0.001074869
260595.97 0.001099378
260799.05 0.001059913
261001.94999999998 0.001083852
261204.59 0.001094946
261406.73 0.00108332
261608.56 0.001083768
262012.39 0.001049933
262213.97 0.001073877
262415.33 0.001065096
262616.5 0.001073598
262817.48 0.001064309
263018.23 0.001064678
263218.75 0.001060136
263419.09 0.001064556
263619.20999999996 0.001075131
263818.82 0.001060263
264018.14999999997 0.001058548
264217.66000000003 0.001057749
264416.94 0.001076689
264616.05 0.001059777
264815.01 0.00106834
265013.66000000003 0.001066886
265207.06 0.00107504
265405.33 0.001062775
265603.45 0.001070414
265800.63 0.001073364
265998.29 0.001047503
266195.76 0.001070941
266393.03 0.001060359
266590.14 0.001026905
266786.99 0.00107909
266983.68 0.001024937
267376.54 0.001051539
267571.89 0.00105721
267767.81 0.001045069
267963.5 0.001073061
268159.07 0.001064886
268354.38 0.001048299
268549.5 0.001047945
268744.51 0.001029922
268939.25 0.001035194
269133.05 0.001067192
269327.43 0.001039443
269521.64 0.001037489
269715.63 0.001050996
269909.44 0.001071911
270097.69 0.001071911
270291.14 0.001053464
270489.01 0.001079935
270682.08999999997 0.001008304
271062.18 0.001019225
271254.69 0.001047392
271447.07 0.001031671
271644.69 0.001032839
271830.31 0.001055899
272022.13 0.001039705
272213.69 0.001025684
272477.13 0.001074806
272701.30000000005 0.001045993
272918.22 0.001010659
273141.88 0.00104599
273365.31 0.00104124
273588.5 0.001041591
273811.42 0.001056647
274034.08 0.001034172
274256.53 0.001065931
274471.57 0.001080352
274693.51 0.001060122
274915.2 0.001024066
275136.62 0.001042537
275357.82 0.001013758
275578.77999999997 0.001030655
275799.5 0.001097645
276019.99 0.001040876
276240.22 0.001065851
276460.23 0.001038138
276679.99 0.0009204119
276899.52999999997 0.001159528
277118.13 0.001007681
277337.15 0.001029693
277555.22 0.001059678
277773.77999999997 0.001022587
277992.15 0.001026423
278210.26 0.001031026
278645.8 0.001021912
278863.18 0.00102635
279080.45 0.001017978
279297.41 0.0009957771
279514.16 0.0009899724
279730.66 0.001001825
279946.94 0.001014177
280163.02 0.001014771
280378.88 0.0009749613
280585.37 0.0009906498
280800.72000000003 0.0009994789
281023.45 0.001004605
281230.76999999996 0.0009806944
281445.47 0.0009856393
281659.97000000003 0.0009802153
281874.26 0.0009969084
282088.32 0.001044725
282302.13 0.001075884
282508.07 0.001050826
282729.19 0.0009825537
282940.75 0.001026808
283145.94 0.0009897052
283358.69 0.001009902
283571.17 0.00100042
283783.49 0.0009884885
283995.59 0.0009731723
284207.48 0.000976276
284419.16 0.0009597257
284630.62 0.0009826034
284841.06 0.0009810463
285051.20999999996 0.0009860466
285262.02999999997 0.00096273
285472.66000000003 0.0009491706
285683.1 0.000978631
285893.29 0.0009739185
286103.29 0.0009639782
286313.11 0.0009696759
286522.70999999996 0.0009877047
286730.31 0.0009594925
286939.51 0.0009428091
287148.44 0.0009826352
287357.22 0.000962726
287565.8 0.0009741041
287774.18 0.0009509365
287982.39 0.0009481619
288190.35 0.0009609934
288396.3 0.0009529734
288603.84 0.0009576937
288811.24 0.0009365447
289018.38 0.0009733217
289225.39 0.0008825351
289563.02999999997 0.001040962
289807.82 0.0009878414
290042.13 0.0009490319
290286.33 0.0009472469
290530.28 0.0009463347
290773.94 0.0009853134
291017.3 0.000950511
291250.13 0.0009533186
291492.94 0.0009747203
291735.5 0.0009715593
292219.77 0.0009432238
292461.49 0.0009493065
292702.95999999996 0.0009705603
292944.16 0.0009676194
293185.08 0.0009392613
293425.75 0.0009426356
293666.13 0.0009914688
293906.25 0.0009590054
294146.14 0.0009412271
294385.72000000003 0.0009489255
294625.05 0.0009527773
294864.12 0.0009469543
295102.98 0.0009261541
295341.57 0.0009294246
295569.29 0.0008902758
295807.3 0.0009038324
296045.09 0.0009672157
296282.60000000003 0.0009523885
296519.87 0.0009609959
296746.25 0.0009462494
296993.69 0.0009385043
297230.19 0.0009129556
297454.28 0.0008949837
297690.26 0.000939858
297924.5 0.0009145036
298159.95999999996 0.0009266165
298395.2 0.0009401571
298864.94 0.0009338875
299099.45 0.000925497
299333.72 0.0009280921
299567.76 0.0009186604
299801.46 0.0009327532
300035.04 0.0009385507
300268.31 0.0008925644
300501.39999999997 0.0008738401
300734.21 0.0009112959
300966.82 0.0009034968
301197.57 0.0009315566
301417.06 0.0008769731
301659.91000000003 0.0008754953
301891.54 0.0008942141
302111.91 0.0009216182
302343.03 0.0009270857
302573.95 0.0008963526
302804.62 0.0009055689
303023.97 0.0008885072
303254.18 0.0009130444
303495.31 0.0008969863
303712.31 0.0009046577
303940.12 0.0008936711
304169.41000000003 0.000897797
304398.48000000004 0.0009156466
304627.29 0.0009188905
304855.83999999997 0.0008981048
305084.25 0.0008962449
305312.4 0.000919102
305540.33 0.0008698532
305768.05 0.0009072364
305993.84 0.0008779679
306219.35 0.0009033003
306446.42 0.0009278489
306673.22 0.0008990995
306899.81 0.000869175
307126.22 0.0008590138
307352.37 0.0008688339
307578.33 0.0008661358
307789.15 0.0009056396
308014.62 0.000857502
308251.3 0.0008588062
308464.97 0.0008852575
308689.8 0.0008869187
308914.47 0.0008838301
309127.45 0.000862053
309363.16000000003 0.0008825503
309583.49 0.0008879385
309795.74 0.0008914688
310019.3 0.0008839756
310242.69 0.000849927
310332.81 0.0008664205
310600.34 0.0008789068
310867.56 0.0008944962
311120.05 0.0008756891
311389.01 0.0008764164
311655.27 0.0009130224
311921.27 0.0008959366
312186.97 0.0009053964
312452.37 0.0009025775
312717.44 0.0008655288
312984.64 0.0008802668
313249.11 0.0007727462
313513.34 0.0009473395
313777.26 0.0008490199
314040.87 0.0008828372
314289.55 0.000867303
314552.59 0.0009282784
314815.31 0.0008807078
315077.74 0.0008625429
315339.91 0.0008503748
315601.79000000004 0.0008766062
315846.08 0.0008712957
316107.35 0.0008644618
316629.03 0.000876426
316889.5 0.000869657
317147.03 0.0009022252
317406.85 0.0008557445
317666.44 0.0008723901
317910.88 0.0008438179
318169.84 0.0008582855
318428.55 0.0008592566
318701.93 0.0008541785
318960.13 0.000853332
319218.06 0.0008757188
319460.75 0.0008715388
319718.09 0.000859992
319975.19 0.0008512101
320217.01999999996 0.0008895754
320473.56 0.000890532
320729.83 0.0008772838
320985.87 0.0008957779
321241.64999999997 0.0009036831
321497.07999999996 0.0008516227
321752.36 0.0008688739
322007.33 0.0008464181
322262.04000000004 0.000858394
322516.48000000004 0.0008361951
322767.87 0.0008424733
323021.81 0.000883633
323257.36999999994 0.0008498281
323510.74 0.0008338904
323779.11 0.0008791128
324032.02 0.0008642996
324269.32999999996 0.0008588663
324521.74999999994 0.0008428846
324773.86000000004 0.000835585
325010.44999999995 0.0008847472
325262.03 0.0008499891
325528.79 0.0008781744
325779.91 0.0008492489
326012.46 0.0008611198
326259.99 0.0008770035
326510.38999999996 0.0008738183
326760.48000000004 0.0008771402
327010.37999999995 0.000889148
327259.98 0.0008787223
327509.42000000004 0.000877894
327758.48000000004 0.0008710093
328007.47000000003 0.0008751239
328256.11000000004 0.0008633617
328489.04 0.0008499184
328978.96 0.0008978707
329474.03 0.0008755897
329721.3 0.0008507656
329952.58 0.0008456743
330199.36 0.000852226
330445.9 0.000874543
330707.88999999996 0.0008646584
330935.02 0.0008537867
331177.64 0.0008957661
331423.15 0.0008666853
331668.55 0.0008773618
331913.64 0.0008514621
332158.55 0.0008834925
332403.26 0.0008134615
332647.71 0.0008803845
332891.95999999996 0.0008512297
333132.63 0.0008837697
333373.07 0.0008141419
333616.56000000006 0.0008311891
333843.99 0.0007977538
334087.14 0.0008619249
334314.07999999996 0.0008972522
334572.68 0.001052622
334808.26999999996 0.001217649
335034.52 0.001008191
335276.49 0.0008494638
335518.26 0.0009283697
335759.77 0.0008944827
336001.13 0.0008856227
336258.32 0.0008014648
336476.17 0.0009149243
336716.88 0.0008438971
336957.32 0.0008457548
337197.52999999997 0.0008588621
337437.63 0.0008373486
337677.42 0.0008466155
337913.55000000005 0.0008554078
338133.24 0.0008191004
338388.52 0.0009046049
338627.55 0.0008473025
338850.13999999996 0.0008271959
339088.70999999996 0.0008309193
339211.43 0.0009960343
339500.54000000004 0.0008190771
339769.06 0.0008672192
340057.41000000003 0.0008481534
340345.45999999996 0.0008616115
340633.27999999997 0.0008249278
340920.72000000003 0.0008426724
341207.89 0.0008582931
341494.67000000004 0.0008176825
341781.23 0.0008491447
342067.44999999995 0.0008453225
342353.36 0.0008785744
342639.00999999995 0.0008606419
342924.27 0.0008255459
343188.93000000005 0.000825591
343473.63 0.0008227998
343737.6 0.0008075878
344021.68000000005 0.0008258275
344305.46 0.0009437223
344588.97000000003 0.0007751377
344872.17 0.0008005345
345155.11 0.0007879208
345437.74 0.0008306531
345720.14 0.0008258404
346002.12 0.0008273801
346283.91000000003 0.0008056778
346565.4 0.0008007453
346825.98 0.0008109816
347106.82 0.0007975413
