918.6600000000001 0.009475239
923.65 0.01645311
928.64 0.02084061
933.63 0.02622631
938.61 0.04431236
943.6 0.03805152
948.59 0.0175553
953.5799999999999 0.06730707
958.5699999999999 0.07104763
963.56 0.0624012
968.55 0.04897803
973.53 0.02436056
978.52 0.07701608
983.51 0.06657663
988.4999999999999 0.0378809
993.4900000000001 0.09590385
998.48 0.1123851
1003.46 0.1150334
1008.45 0.1034534
1013.44 0.1066573
1018.4300000000001 0.09849365
1023.4200000000001 0.0813375
1028.41 0.07598722
1033.4 0.1252767
1038.38 0.1429662
1043.37 0.1278857
1048.36 0.1278092
1053.35 0.1366705
1058.34 0.1216629
1063.33 0.1003856
1068.31 0.1110805
1073.3 0.0805097
1078.29 0.07612044
1083.28 0.08213403
1088.27 0.09131478
1093.26 0.08931002
1098.24 0.09142396
1103.23 0.08627385
1108.22 0.08141396
1113.21 0.08118782
1118.2 0.07061227
1123.19 0.0738693
1128.18 0.06356209
1133.16 0.07850362
1141.1200000000001 0.06810023
1146.3700000000001 0.08380918
1151.6200000000001 0.08564334
1156.87 0.08963928
1162.12 0.09453895
1167.37 0.09548182
1172.6200000000001 0.06595217
1177.8700000000001 0.09701778
1183.1200000000001 0.1121226
1188.37 0.09705662
1193.62 0.1078528
1198.87 0.1370202
1204.1200000000001 0.1326321
1209.3700000000001 0.08393189
1214.6200000000001 0.181108
1219.87 0.4905106
1225.12 0.307665
1230.37 0.2165472
1235.6200000000001 0.06941556
1240.8700000000001 0.06137056
1246.11 0.1351617
1251.36 0.1202558
1256.61 0.09040464
1261.86 0.08930951
1267.11 0.0877885
1272.36 0.08423478
1277.6100000000001 0.08575336
1282.8600000000001 0.08747491
1288.1100000000001 0.08769795
1293.3600000000001 0.08567105
1298.6100000000001 0.07379329
1303.8600000000001 0.08989291
1309.11 0.08803173
1314.36 0.08530053
1319.61 0.08220168
1324.86 0.08099781
1330.11 0.06288395
1335.36 0.07384399
1340.6100000000001 0.08121339
1345.8600000000001 0.08444781
1351.1100000000001 0.0844886
1356.3600000000001 0.08408904
1361.6100000000001 0.08410084
1366.8600000000001 0.08283024
1372.11 0.08739984
1377.36 0.09009571
1382.61 0.09513832
1387.86 0.08162528
1393.11 0.07060188
1398.36 0.08169614
1403.6100000000001 0.09735764
1408.8500000000001 0.1003353
1414.1000000000001 0.08941482
1419.3500000000001 0.08212371
1424.6000000000001 0.07800579
1429.85 0.073872
1435.1 0.07296022
1440.35 0.07317818
1445.6 0.07461535
1450.85 0.07204072
1456.1 0.07175666
1461.35 0.07115384
1466.6000000000001 0.07239721
1471.8500000000001 0.07547573
1477.1000000000001 0.07864268
1482.3500000000001 0.08542588
1487.6000000000001 0.09151868
1492.85 0.08963675
1498.1 0.09409336
1503.35 0.1002152
1508.6 0.108063
1513.85 0.118824
1519.1 0.1239876
1524.35 0.1402164
1529.6000000000001 0.1799091
1534.8500000000001 0.2309865
1540.1000000000001 0.2359072
1545.3500000000001 0.07856059
1550.6000000000001 0.2680435
1555.85 0.330405
1561.1 0.2546203
1566.35 0.1899337
1571.59 0.1474614
1576.84 0.1229922
1582.09 0.1114196
1587.34 0.10734
1592.5900000000001 0.1045201
1597.8400000000001 0.1012292
1603.0900000000001 0.0887557
1608.3400000000001 0.08966106
1613.59 0.08651911
1618.84 0.0852039
1624.09 0.08781529
1629.34 0.09114043
1634.59 0.09581798
1639.84 0.1158188
1645.09 0.1000606
1650.34 0.08885482
1655.5900000000001 0.08868569
1660.8400000000001 0.09200208
1666.0900000000001 0.0803693
1671.3400000000001 0.07599295
1676.59 0.07176423
1681.84 0.06735032
1687.09 0.06394305
1692.34 0.06224702
1695.17 0.0704134
1700.6399999999999 0.06863216
1706.1000000000001 0.06733338
1711.57 0.06429439
1717.04 0.06749192
1722.5099999999998 0.06606395
1727.98 0.06783591
1733.45 0.06632409
1738.9199999999998 0.06958708
1744.39 0.06880258
1749.85 0.07128674
1755.32 0.06409707
1760.7900000000002 0.06770988
1766.26 0.0648512
1771.73 0.06588741
1777.1999999999998 0.06578288
1782.68 0.06636888
1788.15 0.06280948
1793.62 0.06620416
1799.0900000000001 0.06544408
1804.56 0.06537524
1810.03 0.06596386
1815.5 0.06454567
1820.98 0.06413439
1826.45 0.0647198
1831.9199999999998 0.063305
1837.39 0.06385485
1842.8700000000001 0.06417703
1848.34 0.05641441
1853.81 0.05967959
1859.2800000000002 0.06094654
1864.76 0.06386749
1870.23 0.06820125
1875.7099999999998 0.07215237
1881.18 0.07600443
1886.65 0.08215921
1892.1299999999999 0.09094848
1897.6000000000001 0.09588574
1903.0800000000002 0.107246
1908.55 0.1267003
1914.03 0.09846421
1919.5 0.08302082
1924.98 0.07269994
1930.45 0.06803801
1935.9299999999998 0.06312484
1941.4 0.06080904
1946.88 0.05889067
1952.35 0.05829682
1957.8300000000002 0.05682036
1963.31 0.05634678
1968.78 0.05570216
1974.26 0.05658076
1979.73 0.0555968
1985.21 0.05522772
1990.69 0.05422541
1996.1699999999998 0.05368511
2001.64 0.05378906
2007.1200000000001 0.05402701
2012.6 0.05428688
2018.07 0.05313589
2023.5500000000002 0.05326385
2029.03 0.05308375
2034.51 0.0523077
2039.98 0.05283071
2045.46 0.05370288
2050.94 0.05283624
2056.42 0.05294877
2061.9 0.05359628
2067.37 0.05473811
2072.85 0.05561915
2078.33 0.05506438
2083.81 0.05613755
2089.29 0.05528185
2094.77 0.0545266
2100.25 0.0543734
2105.7200000000003 0.05451501
2111.2 0.0535792
2116.68 0.05352033
2122.16 0.0533046
2127.64 0.05247515
2133.12 0.05131474
2138.6 0.05221339
2144.08 0.05389261
2149.56 0.05431722
2155.04 0.05317871
2160.52 0.05168103
2166.0 0.05047215
2171.48 0.05077902
2176.96 0.05002578
2182.44 0.04981636
2187.9100000000003 0.04995738
2193.39 0.0505408
2198.87 0.05073523
2204.35 0.05055516
2209.83 0.04953518
2215.31 0.04958735
2220.79 0.04899765
2226.27 0.05060368
2231.75 0.05075837
2237.23 0.0508397
2242.71 0.04923666
2248.2 0.04961479
2253.6800000000003 0.04945717
2259.16 0.05090723
2264.64 0.05054104
2270.12 0.0509323
2275.6 0.05143448
2281.08 0.05287238
2286.56 0.0527846
2292.04 0.05183424
2297.52 0.05372611
2303.0 0.05441045
2308.48 0.05533072
2313.96 0.05502378
2319.44 0.05662707
2324.92 0.05684978
2330.4 0.05524917
2335.88 0.0472929
2341.36 0.05259884
2346.84 0.05331223
2352.32 0.05340652
2357.7999999999997 0.05318206
2363.28 0.0508838
2368.76 0.04871747
2374.24 0.04470887
2379.72 0.05167109
2385.2000000000003 0.05152894
2390.68 0.05176546
2396.16 0.05244798
2401.64 0.05204654
2407.12 0.05209225
2412.6 0.05266047
2418.08 0.05328522
2423.56 0.0566926
2429.04 0.05434257
2434.52 0.05476438
2440.0 0.05552226
2445.48 0.0556484
2450.96 0.05630003
2456.44 0.05611742
2461.92 0.05636122
2467.4 0.05727875
2472.88 0.0576158
2478.36 0.05655693
2483.84 0.05585234
2489.3199999999997 0.05586179
2494.8 0.05567011
2500.2799999999997 0.05751709
2505.75 0.0578354
2511.23 0.05607317
2516.7099999999996 0.05489751
2522.19 0.05397574
2527.67 0.05343254
2533.15 0.05337178
2538.63 0.05318124
2544.11 0.05237184
2549.5800000000004 0.05278354
2555.06 0.05322832
2560.54 0.05168134
2566.02 0.05134651
2571.5 0.05230531
2576.98 0.04553983
2582.45 0.051514
2587.93 0.04705958
2593.41 0.04392155
2598.89 0.04970316
2604.36 0.05007117
2609.84 0.05122205
2615.3199999999997 0.05061918
2620.79 0.05120963
2626.27 0.0514428
2631.75 0.05343438
2637.23 0.05206843
2642.7000000000003 0.0539469
2648.18 0.05402308
2653.66 0.05578432
2659.13 0.05360289
2664.61 0.05049003
2670.0800000000004 0.05059571
2675.56 0.05153733
2681.04 0.05172146
2686.5099999999998 0.05239732
2691.9900000000002 0.05106849
2697.46 0.0508357
2702.9399999999996 0.05193698
2708.41 0.05273099
2713.89 0.05191582
2719.36 0.05172501
2724.84 0.05269291
2730.3100000000004 0.05356906
2735.7799999999997 0.05434617
2741.2599999999998 0.05187829
2746.73 0.05245131
2752.21 0.05457166
2757.6800000000003 0.05435713
2763.1499999999996 0.05745809
2768.63 0.06106444
2774.1 0.06665785
2779.57 0.06914869
2785.05 0.05993338
2790.5200000000004 0.06490075
2795.99 0.06214422
2801.46 0.07599185
2806.9300000000003 0.0761559
2812.4100000000003 0.07453028
2817.8799999999997 0.06783138
2823.35 0.06456103
2828.82 0.06327578
2834.29 0.06217187
2839.76 0.05726321
2845.2300000000005 0.05083205
2850.7 0.05139112
2856.17 0.05044564
2861.64 0.05306042
2867.11 0.05220182
2872.58 0.0532338
2878.0499999999997 0.05282445
2883.52 0.05139276
2888.9900000000002 0.05054348
2894.46 0.05211759
2899.93 0.0515678
2905.4 0.05480514
2910.87 0.05442633
2916.33 0.05370152
2921.7999999999997 0.05268147
2927.27 0.05314037
2932.74 0.053246
2938.2000000000003 0.05206512
2943.67 0.05188332
2949.14 0.05254217
2954.6 0.05230028
2960.07 0.0519885
2965.53 0.05300715
2970.9999999999995 0.05247703
2976.47 0.05223897
2981.93 0.05254982
2987.4 0.05230778
2994.85 0.05024155
3000.32 0.04963529
3005.8 0.04977668
3011.27 0.04999503
3016.74 0.0495794
3022.22 0.05042139
3027.69 0.04934401
3033.16 0.04878381
3038.6400000000003 0.04992842
3044.1099999999997 0.05053419
3049.58 0.05124823
3055.06 0.04981041
3060.53 0.05038573
3066.0 0.05078797
3071.4799999999996 0.05033351
3076.95 0.05082447
3082.43 0.05111035
3087.9 0.05097406
3093.37 0.05121924
3098.8500000000004 0.05145253
3104.3199999999997 0.05344732
3109.7999999999997 0.05314335
3115.27 0.05427556
3120.75 0.0552809
3126.2200000000003 0.05537831
3131.6899999999996 0.0557037
3137.17 0.05589365
3142.64 0.0532101
3148.12 0.05319573
3153.59 0.05345106
3159.0699999999997 0.05219746
3164.5499999999997 0.0537567
3170.02 0.0538271
3175.5 0.05171814
3180.9700000000003 0.04825479
3186.4500000000003 0.04985528
3191.9199999999996 0.05096676
3197.4 0.05108781
3202.87 0.05370366
3208.35 0.05331802
3213.83 0.05137306
3219.2999999999997 0.05193726
3224.7799999999997 0.05025127
3230.25 0.04884544
3235.73 0.048304
3241.21 0.0531238
3246.6800000000003 0.05357082
3252.16 0.05329541
3257.64 0.05336457
3263.11 0.05589152
3268.59 0.0561094
3274.07 0.05541854
3279.5400000000004 0.05583628
3285.02 0.05483063
3290.5 0.05484282
3295.97 0.05510448
3301.4500000000003 0.05391083
3306.9300000000003 0.05405897
3312.3999999999996 0.05412334
3317.88 0.05335359
3323.36 0.05255088
3328.84 0.05199448
3334.31 0.05352763
3339.7900000000004 0.05280878
3345.27 0.05750719
3350.75 0.056275
3356.22 0.05460558
3361.7000000000003 0.0469374
3367.1800000000003 0.04678131
3372.6600000000003 0.04839122
3378.14 0.05353569
3383.61 0.05284302
3389.09 0.05254331
3394.57 0.05217176
3400.05 0.05624697
3405.5299999999997 0.05629206
3411.0 0.05233378
3416.48 0.05275676
3421.96 0.05682783
3427.44 0.05836983
3432.92 0.0586141
3438.3999999999996 0.05187829
3443.87 0.05120823
3449.35 0.05148396
3454.83 0.05328783
3460.31 0.05323301
3465.7900000000004 0.05061836
3471.27 0.05390862
3476.75 0.05424913
3482.23 0.05018691
3487.7000000000003 0.05199651
3493.1800000000003 0.05143223
3498.6600000000003 0.04953697
3504.14 0.05351839
3509.62 0.05380669
3515.1 0.04977772
3520.58 0.05333087
3526.06 0.0533572
3531.5400000000004 0.04895044
3537.02 0.05390949
3542.5 0.05455607
3547.98 0.05430034
3553.46 0.05422032
3558.94 0.05199347
3564.41 0.05228577
3569.89 0.04758115
3575.37 0.04965434
3580.85 0.05107055
3586.33 0.04634316
3591.81 0.05136467
3597.2900000000004 0.05139353
3602.77 0.05455467
3608.25 0.05426414
3613.73 0.04798432
3619.21 0.04994555
3624.69 0.04899154
3630.1699999999996 0.05297803
3635.65 0.05203742
3641.13 0.05257821
3646.61 0.05010684
3652.09 0.05212653
3657.57 0.05634744
3663.0499999999997 0.05760342
3668.5299999999997 0.05630751
3674.0099999999998 0.0547006
3679.4900000000002 0.05555573
3684.9700000000003 0.05122187
3690.46 0.05149522
3695.9399999999996 0.05441328
3701.42 0.05587209
3706.9 0.05264597
3712.38 0.05359107
3717.86 0.05403887
3723.34 0.06046221
3728.8199999999997 0.07205665
3734.2999999999997 0.05819465
3739.7799999999997 0.0487538
3745.26 0.04838558
3750.7400000000002 0.04770024
3756.2200000000003 0.05267232
3761.7 0.0520847
3767.18 0.05008218
3772.66 0.0538349
3778.14 0.05680693
3783.63 0.054784
3789.11 0.05165078
3794.5899999999997 0.04880051
3800.0699999999997 0.05055728
3805.5499999999997 0.05307757
3811.03 0.05078457
3816.51 0.04700027
3821.9900000000002 0.04454114
3827.4700000000003 0.04234919
3832.95 0.04060749
3838.43 0.04267723
3843.92 0.04820633
3849.4 0.04959096
3854.88 0.04891257
3860.36 0.0515915
3865.8399999999997 0.05742371
3871.3199999999997 0.05514732
3876.8 0.04746026
3882.28 0.044539
3887.76 0.04818086
3893.2499999999995 0.0517176
3898.7300000000005 0.05252668
3904.21 0.05268644
3909.69 0.05454052
3915.17 0.05430081
3920.65 0.04900838
3926.13 0.04375372
3931.6099999999997 0.03809115
3937.0899999999997 0.03905915
3942.58 0.0468371
3948.06 0.05206978
3953.54 0.05324411
3959.02 0.04937201
3964.5000000000005 0.04078409
3969.98 0.04084624
3975.46 0.04807742
3980.94 0.05490359
3986.42 0.05855009
3991.9100000000003 0.05991951
3997.3900000000003 0.06109638
4002.87 0.06120651
4008.35 0.06213906
4013.83 0.0640354
4019.31 0.06360069
4024.79 0.06327466
4030.2700000000004 0.06017927
4035.7599999999998 0.06081005
4041.24 0.06117516
4046.72 0.06005156
4052.2000000000003 0.06136801
4057.6800000000003 0.05973358
4063.1600000000003 0.05998469
4068.64 0.06229236
4074.12 0.06160556
4079.61 0.06167843
4085.09 0.0646501
4090.57 0.06558513
4096.05 0.06208895
4101.53 0.0601442
4107.01 0.06164685
4112.49 0.0643872
4117.97 0.06412693
4123.45 0.06336289
4128.93 0.06193704
4134.42 0.06186351
4139.900000000001 0.06257525
4145.38 0.06110758
4150.86 0.05979721
4156.34 0.05976603
4161.82 0.06071771
4167.3 0.05924862
4172.78 0.05649239
4178.259999999999 0.05798722
4183.75 0.0590616
4189.23 0.05881601
4194.71 0.05863153
4200.19 0.05665082
4205.67 0.0599738
4211.150000000001 0.06141312
4216.63 0.06147667
4222.11 0.05907472
4227.59 0.05591842
4233.07 0.05953363
4238.55 0.0612477
4244.03 0.06266539
4249.51 0.06024931
4254.99 0.06107953
4260.48 0.06110005
4265.96 0.06238462
4271.4400000000005 0.05869388
4276.92 0.06058689
4282.400000000001 0.06176355
4287.88 0.05947033
4293.36 0.05929056
4298.84 0.05559351
4304.32 0.05273172
4309.8 0.05593872
4315.280000000001 0.0648536
4320.76 0.06820195
4326.24 0.06487152
4331.72 0.06966403
4337.2 0.06922627
4342.68 0.06913385
4348.16 0.0709232
4353.639999999999 0.07190655
4359.12 0.07632208
4364.6 0.0782145
4370.08 0.07422624
4375.56 0.06951354
4381.04 0.06577044
4386.5199999999995 0.06453392
4392.0 0.06618611
4397.4800000000005 0.06669663
4402.96 0.06552219
4408.4400000000005 0.06548717
4413.92 0.06701765
4419.4 0.06852999
4424.88 0.06871493
4430.36 0.0681494
4435.84 0.06910727
4441.320000000001 0.07066557
4446.8 0.07123955
4452.28 0.07158622
4457.76 0.06642222
4463.24 0.06706744
4468.72 0.07006911
4474.2 0.07370522
4479.67 0.07382103
4485.15 0.07308123
4490.63 0.07304378
4496.11 0.07248677
4501.59 0.07542139
4507.070000000001 0.07831724
4512.55 0.07670923
4518.03 0.07522014
4523.51 0.07239528
4528.99 0.06923073
4534.46 0.06963307
4539.9400000000005 0.07258472
4545.42 0.07304563
4550.9 0.07338882
4556.38 0.07505036
4561.86 0.07696976
4567.34 0.0770537
4572.8099999999995 0.07628566
4578.29 0.07502598
4583.7699999999995 0.07416387
4589.25 0.07550883
4594.7300000000005 0.07459664
4600.21 0.07497163
4605.679999999999 0.07616712
4611.16 0.07822875
4616.64 0.0788048
4622.12 0.07860437
4627.6 0.07924102
4633.070000000001 0.07818109
4638.55 0.07578279
4644.03 0.07444559
4649.51 0.07403336
4654.9800000000005 0.07539386
4660.46 0.07608762
4665.9400000000005 0.07423008
4671.42 0.07311381
4676.89 0.07526978
4682.37 0.07625783
4687.85 0.07656632
4693.320000000001 0.07607113
4698.8 0.07451813
4704.28 0.07315
4709.76 0.0740425
4715.2300000000005 0.07556616
4720.71 0.07786719
4726.1900000000005 0.07681416
4731.66 0.0745101
4737.14 0.07505563
4742.62 0.07760129
4748.09 0.07753733
4753.57 0.07711155
4759.04 0.07537222
4764.5199999999995 0.07373987
4770.0 0.0748288
4775.47 0.07801798
4780.95 0.07851423
4786.42 0.07730371
4791.9 0.0783729
4797.38 0.07962452
4802.85 0.08203819
4808.33 0.08275446
4813.8 0.08506214
4819.280000000001 0.08798828
4824.75 0.08722056
4830.23 0.08729059
4835.7 0.08640046
4841.18 0.08633958
4846.66 0.0864348
4852.13 0.08609729
4857.6 0.08760718
4863.08 0.08744863
4868.55 0.08572562
4874.03 0.08497103
4879.5 0.08653182
4884.98 0.08595632
4890.45 0.08454928
4895.93 0.08599732
4901.400000000001 0.08664303
4906.87 0.08462976
4912.349999999999 0.08313841
4917.82 0.07892255
4923.3 0.07677843
4928.77 0.0796963
4934.24 0.07951711
4939.72 0.07795894
4945.19 0.08095589
4950.67 0.08402752
4956.14 0.0921159
4961.610000000001 0.08979584
4967.09 0.07992641
4972.5599999999995 0.07802134
4978.03 0.07645218
4983.5 0.07337525
4988.9800000000005 0.07573906
4994.45 0.07867508
4999.92 0.08989939
5005.4 0.1199661
5010.87 0.1000593
5016.34 0.07644343
5021.8099999999995 0.07269054
5027.28 0.07312419
5032.759999999999 0.07465902
5038.2300000000005 0.07289938
5043.7 0.07193155
5049.169999999999 0.07433257
5054.64 0.0746755
5060.12 0.0759151
5065.59 0.07482346
5071.0599999999995 0.07300757
5076.530000000001 0.0716106
5082.0 0.06966756
5087.469999999999 0.07199489
5092.9400000000005 0.07333383
5098.41 0.07268543
5103.879999999999 0.07068531
5109.36 0.07073124
5114.83 0.07254677
5120.3 0.07246305
5125.7699999999995 0.06978553
5131.240000000001 0.06986392
5136.71 0.07010858
5142.179999999999 0.06930919
5147.650000000001 0.06891297
5153.12 0.07011356
5158.589999999999 0.07168479
5164.06 0.06741745
5169.53 0.0608432
5175.0 0.06124871
5180.47 0.06382664
5185.929999999999 0.06374141
5191.400000000001 0.06818446
5196.87 0.07133884
5202.34 0.07154147
5207.81 0.06809935
5213.28 0.06953918
5218.75 0.0720886
5224.22 0.07163414
5229.68 0.07128529
5235.15 0.07300377
5240.62 0.07544781
5246.09 0.07490756
5251.5599999999995 0.0732149
5257.02 0.07370456
5262.49 0.07121865
5267.96 0.06672744
5273.43 0.06985232
5278.89 0.07449859
5284.360000000001 0.07723894
5289.83 0.07977291
5295.29 0.07833621
5300.76 0.07764491
5306.23 0.07981386
5311.69 0.08188249
5317.16 0.08015352
5322.63 0.07731069
5328.09 0.07423462
5333.56 0.07631923
5339.0199999999995 0.07737742
5344.49 0.07652407
5349.96 0.07840112
5355.42 0.08175876
5360.89 0.08110066
5366.349999999999 0.07825005
5371.820000000001 0.076157
5377.28 0.07804933
5382.749999999999 0.07896927
5388.21 0.07748774
5393.679999999999 0.07512276
5399.14 0.07362898
5404.61 0.07338247
5410.07 0.0742853
5415.53 0.07685476
5421.0 0.07774634
5426.46 0.07671984
5431.93 0.07598108
5437.389999999999 0.07700571
5442.85 0.07823712
5448.32 0.07686109
5453.780000000001 0.0764012
5459.24 0.07579151
5464.7 0.07668567
5470.17 0.07671544
5475.63 0.07512735
5481.089999999999 0.0754498
5486.55 0.07624241
5492.0199999999995 0.07725073
5497.4800000000005 0.07701968
5502.94 0.07660384
5508.4 0.0757497
5513.860000000001 0.0760524
5519.33 0.07695781
5524.790000000001 0.07647648
5530.25 0.07641691
5535.71 0.0770664
5541.17 0.07919715
5546.63 0.0792766
5552.089999999999 0.07830342
5557.55 0.0781288
5563.01 0.07706918
5568.47 0.07709847
5573.93 0.07615613
5579.389999999999 0.07632747
5584.85 0.07510063
5590.3099999999995 0.07407535
5595.7699999999995 0.07511074
5601.2300000000005 0.07480726
5606.69 0.07746532
5612.150000000001 0.07762374
5617.61 0.07563121
5623.07 0.07578006
5628.530000000001 0.07720531
5633.98 0.07719308
5639.44 0.07624926
5644.900000000001 0.07736006
5650.36 0.07686808
5655.820000000001 0.07636256
5661.27 0.07483462
5666.73 0.07658884
5672.1900000000005 0.07838619
5677.65 0.07870683
5689.52 0.07683995
5699.23 0.07771247
5708.950000000001 0.07536511
5718.67 0.08009061
5728.379999999999 0.08005891
5738.1 0.08016182
5747.82 0.07980058
5757.53 0.07830557
5767.25 0.07909817
5776.97 0.07850685
5786.679999999999 0.07645048
5796.400000000001 0.07926754
5806.12 0.07968202
5815.84 0.08079857
5825.5599999999995 0.08193577
5835.280000000001 0.08227585
5844.99 0.08224271
5854.71 0.07811421
5864.43 0.07634178
5874.150000000001 0.07973858
5883.87 0.07669387
5893.589999999999 0.06939716
5903.31 0.07605651
5913.030000000001 0.07828319
5922.75 0.07800061
5932.469999999999 0.07756115
5942.1900000000005 0.0788902
5951.91 0.07687397
5961.63 0.07839064
5971.349999999999 0.07931436
5981.08 0.07692277
5990.799999999999 0.07714831
6000.52 0.07691805
6010.24 0.07537456
6019.96 0.07524911
6029.679999999999 0.07705497
6039.41 0.07829486
6049.13 0.07865941
6058.85 0.07764684
6068.57 0.0790841
6078.3 0.07941865
6088.0199999999995 0.07746
6097.740000000001 0.07735005
6107.47 0.07689699
6117.1900000000005 0.07649576
6126.91 0.07641891
6136.639999999999 0.07518186
6146.36 0.07578242
6156.089999999999 0.07389842
6165.81 0.07103615
6175.53 0.07372972
6185.26 0.07420797
6194.98 0.07352021
6204.71 0.07568357
6214.429999999999 0.07201615
6224.16 0.07298228
6233.88 0.0716732
6243.610000000001 0.07123672
6253.339999999999 0.07083261
6263.06 0.07274992
6272.79 0.07484056
6282.51 0.07336529
6292.24 0.07700138
6301.97 0.07689342
6311.69 0.07614842
6321.42 0.0749008
6331.15 0.07610491
6340.87 0.07501057
6350.599999999999 0.0762855
6360.33 0.07463956
6370.0599999999995 0.07774869
6379.780000000001 0.07785535
6389.51 0.07768746
6399.240000000001 0.07550559
6408.97 0.07682716
6418.700000000001 0.07540691
6428.42 0.07768683
6438.150000000001 0.07747414
6447.88 0.07777621
6457.610000000001 0.07912037
6467.34 0.08008793
6477.070000000001 0.08239743
6486.8 0.08597184
6496.52 0.08843634
6506.25 0.09882267
6515.9800000000005 0.1041414
6525.71 0.1053605
6535.4400000000005 0.1072716
6545.17 0.1153692
6554.900000000001 0.1171545
6564.63 0.124611
6574.360000000001 0.1154214
6584.09 0.1302792
6593.820000000001 0.1092522
6603.55 0.1032552
6613.280000000001 0.09693161
6623.01 0.09334463
6632.749999999999 0.08718993
6642.48 0.08536783
6652.209999999999 0.08137969
6661.94 0.07966234
6671.669999999999 0.07830193
6681.4 0.07817005
6691.129999999999 0.07747976
6700.86 0.07697312
6710.599999999999 0.07910254
6720.33 0.08115575
6730.0599999999995 0.08097881
6739.79 0.07550777
6749.5199999999995 0.07315664
6759.26 0.07312237
6768.990000000001 0.07255698
6778.72 0.07326312
6788.450000000001 0.07182036
6798.19 0.07322479
6807.919999999999 0.07326822
6817.65 0.07329218
6827.379999999999 0.07306814
6837.12 0.07338239
6846.849999999999 0.07321685
6856.58 0.07308423
6866.320000000001 0.07044845
6876.05 0.07222558
6885.780000000001 0.07196661
6895.52 0.07287222
6905.250000000001 0.07256843
6914.98 0.07255959
6924.719999999999 0.07309137
6934.45 0.07290895
6944.179999999999 0.07422734
6953.92 0.07402584
6963.650000000001 0.0738268
6973.39 0.07509845
6983.120000000001 0.07505729
6992.86 0.07427294
7002.589999999999 0.07428193
7012.32 0.07296366
7022.06 0.07565488
7031.79 0.07540158
7041.530000000001 0.07452714
7051.26 0.07447563
7060.999999999999 0.07400336
7070.73 0.07178152
7080.47 0.07145743
7090.2 0.07062738
7099.9400000000005 0.07039377
7109.67 0.07060783
7119.410000000001 0.07068345
7129.14 0.07090612
7138.88 0.0699554
7148.62 0.0694959
7158.35 0.06979083
7168.09 0.06941598
7177.820000000001 0.06924175
7187.5599999999995 0.06717137
7197.29 0.06696742
7207.03 0.06709273
7216.77 0.07106855
7226.5 0.0709204
7236.240000000001 0.07006426
7245.97 0.06994264
7255.71 0.06985608
7265.45 0.06969065
7275.18 0.07302311
7284.92 0.06998539
7294.650000000001 0.06973023
7304.389999999999 0.07161062
7314.13 0.07163928
7323.86 0.07233858
7333.6 0.07414003
7343.34 0.07366801
7353.070000000001 0.07297287
7362.8099999999995 0.07286607
7372.55 0.0743141
7382.28 0.07405538
7392.02 0.07222172
7401.759999999999 0.07546688
7411.49 0.07532289
7421.23 0.07417929
7430.97 0.07402018
7440.71 0.07594225
7450.4400000000005 0.07562506
7460.179999999999 0.07643795
7469.92 0.07478914
7479.65 0.07460636
7489.39 0.07551166
7499.13 0.0753948
7508.87 0.07484123
7518.599999999999 0.07470907
7528.34 0.07483841
7538.08 0.07456241
7547.81 0.07637832
7557.549999999999 0.07468725
7567.29 0.07454954
7577.03 0.07518015
7586.76 0.07508058
7596.500000000001 0.07317849
7606.24 0.07302301
7615.98 0.07297609
7625.71 0.07261947
7635.450000000001 0.07441636
7645.19 0.07309903
7654.929999999999 0.07319342
7664.66 0.06799488
7674.400000000001 0.06777095
7684.14 0.07074075
7693.879999999999 0.07060562
7703.61 0.07096931
7713.35 0.07101948
7723.09 0.06957387
7732.830000000001 0.07042822
7742.56 0.07025358
7752.3 0.06872715
7762.04 0.06871481
7771.780000000001 0.07053897
7781.5199999999995 0.07013256
7791.25 0.06880098
7800.99 0.06871847
7810.7300000000005 0.0707379
7820.47 0.07074791
7830.21 0.07171374
7839.94 0.07096161
7849.68 0.07067977
7859.42 0.07194435
7869.16 0.07210949
7878.889999999999 0.07099705
7888.63 0.07088421
7898.37 0.06856412
7908.110000000001 0.06821947
7917.84 0.0670838
7927.58 0.06678235
7937.32 0.06735348
7947.06 0.0674062
7956.8 0.06856419
7966.53 0.06826141
7976.2699999999995 0.06987527
7986.01 0.0687169
7995.75 0.06868372
8005.4800000000005 0.0703904
8015.219999999999 0.07022316
8024.96 0.07043901
8034.7 0.07006039
8044.43 0.07151701
8054.17 0.0715193
8063.91 0.07192759
8073.65 0.07166727
8083.38 0.06990757
8093.12 0.06977958
8102.86 0.06825072
8112.599999999999 0.06827523
8122.33 0.06914412
8132.07 0.06901704
8141.81 0.06986331
8151.540000000001 0.06965252
8161.28 0.06921595
8171.0199999999995 0.06916705
8180.76 0.07100979
8190.490000000001 0.07082437
8200.23 0.07071607
8209.97 0.07125948
8219.710000000001 0.07107902
8229.44 0.06238739
8239.18 0.06222267
8248.92 0.07235195
8258.65 0.07222318
8268.39 0.07275722
8278.130000000001 0.07235517
8287.86 0.06919256
8297.6 0.06924745
8307.34 0.06633535
8317.07 0.06615263
8326.81 0.06909267
8336.550000000001 0.06885826
8346.28 0.06919748
8356.02 0.06921306
8365.76 0.06903473
8375.49 0.06907595
8385.23 0.06638341
8394.960000000001 0.06632704
8404.7 0.06938412
8414.44 0.06920686
8424.17 0.06907762
8433.91 0.0687534
8443.64 0.06674769
8453.380000000001 0.06692985
8463.119999999999 0.06791651
8472.85 0.06781945
8482.59 0.06790719
8492.32 0.06753718
8502.06 0.05096841
8511.79 0.05060907
8521.53 0.06478276
8531.26 0.06465012
8541.0 0.05621827
8550.74 0.05613457
8560.47 0.065815
8570.210000000001 0.06541825
8579.94 0.06660237
8589.68 0.06634672
8599.41 0.06436649
8609.15 0.06434805
8618.88 0.0663719
8628.62 0.06627365
8638.35 0.06663449
8648.08 0.06623117
8657.82 0.06251262
8667.550000000001 0.06259835
8677.289999999999 0.063187
8687.02 0.06299986
8696.76 0.06511967
8706.49 0.06475565
8716.22 0.0660223
8725.960000000001 0.06593605
8735.69 0.06593823
8745.43 0.06442525
8755.16 0.0642669
8764.89 0.06493282
8774.63 0.06458542
8784.36 0.06651306
8794.09 0.06648869
8803.83 0.06613
8813.56 0.06594494
8823.29 0.06678209
8833.029999999999 0.06675894
8842.76 0.06375821
8852.49 0.06360618
8862.22 0.0648318
8871.96 0.06461587
8881.69 0.06115641
8891.42 0.06097015
8901.15 0.06281202
8910.89 0.06278991
8920.62 0.06243938
8930.35 0.06230885
8940.08 0.06303918
8949.81 0.06295554
8959.54 0.06250068
8969.279999999999 0.06126208
8977.59 0.06154638
8985.56 0.06237501
8993.529999999999 0.06236712
9001.5 0.06003077
9009.48 0.06003834
9017.45 0.06000376
9025.42 0.05910505
9033.4 0.05907949
9041.369999999999 0.05910831
9049.34 0.06753161
9057.32 0.06853928
9065.28 0.07000757
9073.26 0.07046127
9081.23 0.0672536
9089.199999999999 0.06229459
9097.18 0.06176482
9105.15 0.0615761
9113.12 0.06108971
9121.1 0.06099956
9129.07 0.0643594
9137.039999999999 0.06421802
9145.01 0.06403098
9152.98 0.06282092
9160.960000000001 0.0627617
9168.93 0.05994132
9176.9 0.05988304
9184.88 0.05982739
9192.85 0.06320868
9200.82 0.06315482
9208.800000000001 0.0631227
9216.76 0.06032756
9224.73 0.06037238
9232.71 0.06142459
9240.68 0.06109325
9248.65 0.06084765
9256.630000000001 0.06103025
9264.6 0.06092212
9272.57 0.06080695
9280.55 0.06310462
9288.52 0.06296828
9296.48 0.05649173
9304.46 0.05635787
9312.43 0.05625334
9320.41 0.06380401
9328.38 0.06367777
9336.35 0.06357579
9344.33 0.06360288
9352.3 0.0634121
9360.27 0.06325906
9368.24 0.0624751
9376.210000000001 0.06234157
9384.18 0.06331055
9392.16 0.06318018
9400.13 0.06305333
9408.1 0.06212206
9416.08 0.06197328
9424.050000000001 0.06186245
9432.03 0.0634019
9440.0 0.06329932
9447.96 0.06281522
9455.94 0.06271615
9463.91 0.06263743
9471.880000000001 0.06392926
9479.86 0.06388331
9487.83 0.06391063
9495.8 0.06319358
9503.779999999999 0.06344507
9511.75 0.06411431
9519.720000000001 0.06759169
9527.69 0.07496707
9535.66 0.07499868
9543.63 0.06776787
9551.61 0.06384207
9559.58 0.06358037
9567.550000000001 0.06304905
9575.53 0.06280186
9583.5 0.06373004
9591.48 0.06355733
9599.44 0.06342804
9607.41 0.06287986
9615.39 0.06274512
9623.36 0.06314371
9631.33 0.06304161
9639.31 0.06293673
9647.28 0.06214403
9655.25 0.0620207
9663.23 0.0618621
9671.199999999999 0.06198158
9679.17 0.06182401
9687.14 0.06169082
9695.11 0.06250093
9703.09 0.06238495
9711.06 0.0622969
9719.029999999999 0.06101451
9727.01 0.0609043
9734.98 0.0609045
9742.95 0.06078346
9750.92 0.06071446
9758.89 0.06115207
9766.86 0.06107998
9774.84 0.06098799
9782.81 0.06035108
9790.78 0.06026952
9798.76 0.06022874
9806.73 0.06158481
9814.71 0.06151968
9822.67 0.06150331
9830.640000000001 0.06129519
9838.62 0.06120866
9846.59 0.06129639
9854.56 0.06167017
9862.539999999999 0.06141773
9870.51 0.06112767
9878.48 0.06107951
9886.460000000001 0.06103293
9894.43 0.06058463
9902.4 0.0606413
9910.369999999999 0.06089989
9918.34 0.06138888
9926.310000000001 0.06098625
9934.29 0.06077258
9942.26 0.0610415
9950.24 0.06095571
9958.21 0.0608799
9966.199999999999 0.06101378
9974.199999999999 0.06100513
9982.17 0.06097498
9990.14 0.06090241
9998.12 0.06086327
10006.09 0.06080832
10014.01 0.06099142
10021.94 0.06093431
10029.91 0.06092254
10037.88 0.0609759
10045.86 0.06092073
10053.83 0.06086107
10061.800000000001 0.06046309
10069.779999999999 0.06019827
10077.75 0.0600415
10085.73 0.05990365
10093.7 0.05981145
10101.67 0.06101576
10109.65 0.06100396
10117.62 0.06122373
10125.59 0.06133672
10133.570000000002 0.06089485
10141.54 0.06046155
10149.51 0.06025756
10157.49 0.06009646
10165.46 0.05988665
10173.43 0.05974331
10181.41 0.05961722
10189.38 0.05947018
10197.36 0.05932964
10205.33 0.05969635
10213.300000000001 0.05958209
10221.279999999999 0.05947841
10229.25 0.05936722
10237.22 0.05926608
10245.2 0.05918387
10253.17 0.05973019
10261.14 0.05963707
10269.12 0.05958877
10277.09 0.05968649
10285.06 0.05991097
10293.04 0.059636
10301.01 0.05932305
10308.980000000001 0.05929877
10316.96 0.0595825
10324.93 0.0596318
10332.91 0.05943964
10340.88 0.05917755
10348.85 0.05874405
10356.83 0.0585229
10364.800000000001 0.05851646
10372.77 0.05850029
10380.75 0.05833795
10388.72 0.05825316
10396.689999999999 0.05859915
10404.67 0.05851951
10412.64 0.0583453
10420.609999999999 0.05817555
10428.59 0.0580295
10436.56 0.05792922
10444.539999999999 0.05784089
10452.509999999998 0.05775743
10460.480000000001 0.05767174
10468.46 0.05760688
10476.43 0.05754239
10484.4 0.05748822
10492.38 0.05742534
10500.35 0.05736356
10508.32 0.05730943
10516.300000000001 0.05724884
10524.27 0.05717754
10532.24 0.05709541
10540.22 0.0570318
10548.189999999999 0.05696446
10556.160000000002 0.05690168
10564.14 0.0568291
10572.109999999999 0.05676261
10580.08 0.05669154
10588.06 0.05663752
10596.03 0.05659365
10604.009999999998 0.05663326
10611.980000000001 0.05659212
10619.95 0.05658424
10627.93 0.05657587
10635.9 0.05658419
10643.869999999999 0.05661222
10651.85 0.05658728
10659.82 0.05652806
10667.789999999999 0.05647014
10675.77 0.05644005
10683.74 0.05639684
10691.710000000001 0.0563621
10699.689999999999 0.05634622
10707.660000000002 0.05636305
10715.630000000001 0.05639221
10723.609999999999 0.0563996
10731.58 0.05643123
10739.56 0.05654163
10747.53 0.05664692
10755.5 0.05666195
10763.480000000001 0.05668588
10771.45 0.05672685
10779.369999999999 0.05685059
10787.3 0.0570877
10795.269999999999 0.05729512
10803.24 0.05716372
10811.22 0.05712632
10819.19 0.05957151
10827.16 0.06803679
10835.140000000001 0.07103075
10843.11 0.06479948
10851.08 0.06040819
10859.06 0.05846665
10867.029999999999 0.0575064
10875.01 0.05693438
10882.98 0.05657385
10890.949999999999 0.05627308
10898.93 0.05606262
10906.9 0.05594172
10914.87 0.05581305
10922.85 0.0557221
10930.820000000002 0.05591147
10938.79 0.05620793
10946.769999999999 0.05582331
10954.74 0.05521934
10962.71 0.05480176
10970.69 0.05443959
10978.66 0.05416737
10986.63 0.05391932
10994.61 0.05366884
11002.58 0.05343084
11010.56 0.05319621
11018.529999999999 0.05281562
11026.499999999998 0.05270153
11034.48 0.05258928
11042.449999999999 0.05247845
11050.42 0.05238546
11058.4 0.05227224
11066.37 0.05212375
11074.34 0.05195178
11082.320000000002 0.05182714
11090.29 0.05170113
11098.26 0.05156699
11106.24 0.05145634
11114.21 0.05133794
11122.19 0.05123739
11130.16 0.05115268
11138.13 0.05106385
11146.11 0.05098859
11154.08 0.05093702
11162.05 0.0508748
11170.029999999999 0.05084531
11177.999999999998 0.0507592
11185.970000000001 0.05066992
11193.949999999999 0.05058403
11201.92 0.05056359
11209.89 0.05093252
11217.87 0.05087934
11225.84 0.05079554
11233.81 0.05073553
11241.79 0.05066507
11249.76 0.05058471
11257.74 0.05054731
11265.71 0.05052201
11273.679999999998 0.0504517
11281.66 0.05039362
11289.63 0.05031122
11297.6 0.05020634
11305.58 0.0501604
11313.550000000001 0.05003842
11321.52 0.04994458
11329.499999999998 0.04989035
11337.470000000001 0.04979814
11345.44 0.04971335
11353.42 0.04963883
11361.39 0.04955261
11369.359999999999 0.04946777
11377.34 0.04937608
11385.31 0.0492899
11393.29 0.04922432
11401.26 0.05045659
11409.23 0.05039522
11417.21 0.05029925
11425.179999999998 0.0502229
11433.150000000001 0.05012966
11441.13 0.05001347
11449.1 0.04992331
11457.07 0.04990367
11465.050000000001 0.04991757
11473.02 0.04983414
11480.99 0.04969634
11488.970000000001 0.04957501
11496.94 0.04947566
11504.92 0.04941414
11512.89 0.04934731
11520.859999999999 0.04929387
11528.830000000002 0.04923863
11536.81 0.04916811
11544.68 0.04911371
11552.66 0.04906065
11560.630000000001 0.04898146
11568.6 0.04890793
11576.58 0.04885062
11584.55 0.04878661
11592.519999999999 0.04871906
11600.5 0.04887961
11608.47 0.0488133
11616.45 0.04880475
11624.42 0.048811
11632.39 0.04874168
11640.369999999999 0.0486065
11648.34 0.04850451
11656.310000000001 0.04844731
11664.289999999999 0.04837134
11672.26 0.04831114
11680.23 0.04824445
11688.210000000001 0.04816013
11696.18 0.04808168
11704.15 0.04802689
11712.130000000001 0.04797074
11720.1 0.04791653
11728.07 0.04785764
11736.05 0.04779056
11744.019999999999 0.04773212
11752.0 0.04767491
11759.97 0.04760725
11767.939999999999 0.0475216
11775.92 0.04744583
11783.89 0.04739304
11791.86 0.04734059
11799.839999999998 0.04738306
11807.810000000001 0.0473238
11815.78 0.04727217
11823.76 0.04718724
11831.73 0.0470959
11839.699999999999 0.04705922
11847.68 0.04703748
11855.65 0.0469945
11863.619999999999 0.04695177
11871.6 0.04696438
11879.57 0.047051
11887.54 0.04701384
11895.519999999999 0.04682245
11903.490000000002 0.04669438
11911.47 0.04660431
11919.439999999999 0.04651035
11927.41 0.04642893
11935.39 0.04636689
11943.36 0.04630982
11951.33 0.04623366
11959.310000000001 0.04617744
11967.28 0.04612178
11975.25 0.04604697
11983.23 0.04598171
11991.199999999999 0.04591919
11999.169999999998 0.04586729
12007.15 0.04632054
12015.119999999999 0.0462652
12023.1 0.04621546
12031.07 0.04614562
12039.04 0.04607515
12047.019999999999 0.04602692
12054.990000000002 0.04597012
12062.960000000001 0.04591393
12070.939999999999 0.04585724
12078.91 0.04579544
12086.88 0.04574062
12094.86 0.04568817
12102.83 0.04562524
12110.8 0.04556734
12118.78 0.04551073
12126.75 0.04545461
12134.720000000001 0.04539772
12142.699999999999 0.0453426
12150.669999999998 0.04530403
12158.65 0.04525682
12166.619999999999 0.04518427
12174.59 0.0451159
12182.57 0.04504422
12190.54 0.04499265
12198.51 0.04494984
12206.490000000002 0.0454829
12214.460000000001 0.04542472
12222.43 0.0453693
12230.41 0.04530972
12238.38 0.04525195
12246.349999999999 0.04520145
12254.33 0.04515331
12262.3 0.04508924
12270.28 0.04502456
12278.25 0.04496277
12286.220000000001 0.0449189
12294.199999999999 0.04485375
12302.169999999998 0.04480197
12310.039999999999 0.04475825
12318.02 0.04471041
12325.99 0.04467995
12333.96 0.04463282
12341.94 0.04454144
12349.91 0.04450136
12357.880000000001 0.04445036
12365.859999999999 0.04439929
12373.829999999998 0.04434498
12381.81 0.04429627
12389.779999999999 0.04424219
12397.75 0.04437145
12405.73 0.04433154
12413.7 0.04428246
12421.67 0.04422903
12429.650000000001 0.04418617
12437.62 0.04412895
12445.59 0.04406887
12453.57 0.04403095
12461.539999999999 0.04399613
12469.509999999998 0.04397899
12477.49 0.04394561
12485.46 0.04392257
12493.43 0.04388921
12501.41 0.04386263
12509.380000000001 0.04387982
12517.359999999999 0.04408518
12525.329999999998 0.04422881
12533.300000000001 0.04401197
12541.279999999999 0.04380472
12549.25 0.04383406
12557.22 0.04408763
12565.2 0.04442682
12573.17 0.04434861
12581.14 0.0439056
12589.12 0.04359112
12597.09 0.04342315
12605.06 0.04368804
12613.039999999999 0.04363124
12621.009999999998 0.04356568
12628.980000000001 0.04350711
12636.96 0.04345984
12644.93 0.04342222
12652.91 0.04338449
12660.880000000001 0.04336293
12668.85 0.04336028
12676.829999999998 0.04333786
12684.800000000001 0.04332549
12692.77 0.04333383
12700.75 0.04334961
12708.72 0.043341
12716.689999999999 0.04333701
12724.67 0.04332477
12732.64 0.04331952
12740.61 0.04330549
12748.59 0.04329642
12756.56 0.04330824
12764.539999999999 0.04333223
12772.509999999998 0.04342184
12780.480000000001 0.04356059
12788.46 0.04365056
12796.43 0.04373609
12804.4 0.04430632
12812.380000000001 0.04489544
12820.35 0.04531346
12828.32 0.04472976
12836.300000000001 0.04400759
12844.27 0.04365271
12852.24 0.04348386
12860.22 0.04333798
12868.189999999999 0.04321817
12876.160000000002 0.04311267
12884.14 0.04300088
12892.11 0.0428848
12900.08 0.04273207
12908.06 0.04260574
12916.03 0.04251631
12924.009999999998 0.04246243
12931.980000000001 0.04246826
12939.95 0.04248021
12947.93 0.0424566
12955.9 0.04234114
12963.869999999999 0.04222232
12971.85 0.04205491
12979.82 0.04189405
12987.789999999999 0.04175538
12995.77 0.04162368
13003.74 0.04177401
13011.710000000001 0.04167161
13019.689999999999 0.04158557
13027.660000000002 0.04149513
13035.630000000001 0.04141871
13043.61 0.04136378
13051.58 0.04130005
13059.56 0.0412435
13067.48 0.04120599
13075.4 0.04115736
13083.38 0.04109309
13091.349999999999 0.04103765
13099.320000000002 0.04097933
13107.3 0.04094238
13115.27 0.04090585
13123.24 0.04086487
13131.22 0.04081638
13139.19 0.04078368
13147.16 0.04073424
13155.140000000001 0.04070223
13163.11 0.0406893
13171.08 0.04065786
13179.06 0.04060823
13187.029999999999 0.04058468
13195.01 0.04078301
13202.98 0.04083541
13210.949999999999 0.04079485
13218.93 0.04063491
13226.9 0.04048778
13234.87 0.04041308
13242.849999999999 0.04034301
13250.820000000002 0.04028358
13258.79 0.04025098
13266.77 0.04018266
13274.74 0.04015485
13282.71 0.04010554
13290.69 0.04003072
13298.66 0.03996244
13306.63 0.03992395
13314.61 0.03985847
13322.58 0.03979796
13330.56 0.03977458
13338.529999999999 0.03972387
13346.499999999998 0.03965593
13354.48 0.03962467
13362.449999999999 0.03957833
13370.42 0.03952306
13378.4 0.03946783
13386.37 0.03941198
13394.34 0.0393657
13402.320000000002 0.0392996
13410.29 0.03977532
13418.26 0.03974445
13426.24 0.03969022
13434.21 0.03964621
13442.19 0.03959492
13450.16 0.0395552
13458.13 0.03951102
13466.11 0.03943091
13474.08 0.03939274
13482.050000000001 0.0393497
13490.029999999999 0.03930546
13498.000000000002 0.03926135
13505.970000000001 0.03921732
13513.949999999999 0.03917331
13521.92 0.03912943
13529.89 0.03908563
13537.87 0.03904185
13545.84 0.0389982
13553.81 0.03895462
13561.79 0.03891107
13569.76 0.03886764
13577.74 0.03882423
13585.71 0.03878096
13593.679999999998 0.03873776
13601.66 0.03869458
13609.63 0.03898475
13617.6 0.03894138
13625.58 0.03889803
13633.550000000001 0.03885481
13641.52 0.03881166
13649.500000000002 0.03876853
13657.470000000001 0.03872553
13665.44 0.0386826
13673.42 0.0386397
13681.39 0.03859691
13689.37 0.03855415
13697.34 0.03851152
13705.31 0.03846896
13713.29 0.03842642
13721.26 0.038384
13729.23 0.03834165
13737.21 0.03829933
13745.179999999998 0.03825712
13753.150000000001 0.038215
13761.13 0.03817288
13769.1 0.0381309
13777.07 0.03808898
13785.050000000001 0.03804708
13793.02 0.03800531
13800.99 0.03772157
13808.970000000001 0.03768017
13816.94 0.03763889
13824.92 0.03759762
13832.84 0.03755673
13840.76 0.0375159
13848.74 0.03747484
13856.710000000001 0.0374339
13864.68 0.03739304
13872.660000000002 0.03735218
13880.630000000001 0.03731146
13888.6 0.03727079
13896.58 0.03723015
13904.55 0.03718962
13912.519999999999 0.03714916
13920.5 0.03710872
13928.47 0.0370684
13936.45 0.03702808
13944.42 0.0369879
13952.39 0.03694778
13960.369999999999 0.03690767
13968.339999999998 0.03686768
13976.310000000001 0.03682776
13984.289999999999 0.03678785
13992.26 0.03635868
14000.23 0.0363194
14008.210000000001 0.03628013
14016.18 0.036241
14024.15 0.03620191
14032.130000000001 0.03616283
14040.1 0.03612388
14048.07 0.03608499
14056.05 0.03604619
14064.019999999999 0.03599754
14072.0 0.03595152
14079.97 0.03591342
14087.94 0.03591367
14095.92 0.03589297
14103.89 0.03584051
14111.86 0.03577091
14119.839999999998 0.03572661
14127.810000000001 0.03567017
14135.78 0.03562544
14143.76 0.0356208
14151.73 0.03557858
14159.699999999999 0.03554917
14167.68 0.03553518
14175.65 0.03550292
14183.619999999999 0.03547194
14191.6 0.03542064
14199.57 0.0353625
14207.54 0.03589053
14215.519999999999 0.03583474
14223.490000000002 0.03578208
14231.47 0.03574791
14239.44 0.03574028
14247.41 0.03572937
14255.39 0.03569133
14263.36 0.03569253
14271.33 0.03566562
14279.310000000001 0.03564695
14287.28 0.03570762
14295.25 0.03591376
14303.23 0.03601128
14311.199999999999 0.03580808
14319.170000000002 0.03556327
14327.15 0.03543986
14335.119999999999 0.03537413
14343.1 0.03535234
14351.07 0.03525501
14359.04 0.03520473
14367.019999999999 0.03517845
14374.990000000002 0.03514108
14382.960000000001 0.03510453
14390.94 0.03505253
14398.91 0.03500297
14406.88 0.03497038
14414.86 0.03493435
14422.83 0.03589837
14430.8 0.03585665
14438.78 0.0358121
14446.75 0.03575906
14454.720000000001 0.03572718
14462.699999999999 0.03569693
14470.670000000002 0.03567411
14478.65 0.03565485
14486.619999999999 0.03561038
14494.59 0.03557496
14502.57 0.03552938
14510.54 0.03548792
14518.51 0.03546029
14526.490000000002 0.03542087
14534.460000000001 0.03536779
14542.43 0.03533689
14550.41 0.0352967
14558.38 0.03524139
14566.349999999999 0.03521939
14574.33 0.03519071
14582.3 0.03517936
14590.28 0.03513715
14598.150000000001 0.03508332
14606.12 0.03503186
14614.1 0.0349743
14622.07 0.03478857
14630.039999999999 0.03477808
14638.02 0.03476622
14645.99 0.03473382
14653.96 0.03468252
14661.94 0.0346253
14669.91 0.0345762
14677.880000000001 0.03458668
14685.859999999999 0.03457495
14693.830000000002 0.03451244
14701.800000000001 0.03447192
14709.779999999999 0.03444157
14717.75 0.03439733
14725.72 0.03437609
14733.7 0.03435317
14741.67 0.03432426
14749.650000000001 0.03429669
14757.62 0.03426324
14765.59 0.03423476
14773.57 0.03419123
14781.539999999999 0.03415214
14789.509999999998 0.03412387
14797.49 0.03408104
14805.46 0.03498419
14813.43 0.0349597
14821.41 0.03492264
14829.380000000001 0.0348865
14837.35 0.03485193
14845.330000000002 0.03483027
14853.300000000001 0.03480252
14861.279999999999 0.03476483
14869.25 0.03471164
14877.22 0.03465355
14885.2 0.03462371
14893.17 0.03460778
14901.14 0.03457781
14909.12 0.03455033
14917.09 0.03452617
14925.060000000001 0.03450233
14933.039999999999 0.03446579
14941.009999999998 0.03443305
14948.980000000001 0.03440308
14956.96 0.03437646
14964.93 0.03435602
14972.9 0.03431358
14980.880000000001 0.03426667
14988.85 0.03422887
14996.830000000002 0.03514263
15004.800000000001 0.03510641
15012.77 0.03507921
15020.75 0.03502847
15028.72 0.03496661
15036.689999999999 0.03491413
15044.67 0.0348768
15052.64 0.03484758
15060.61 0.03483409
15068.59 0.03482612
15076.560000000001 0.03480375
15084.53 0.03478237
15092.509999999998 0.03473839
15100.480000000001 0.03469086
15108.46 0.03465701
15116.43 0.03463192
15124.4 0.03459374
15132.380000000001 0.03455623
15140.35 0.0345351
15148.32 0.03450957
15156.300000000001 0.03447154
15164.27 0.03442267
15172.24 0.03438652
15180.22 0.03436481
15188.189999999999 0.03434417
15196.160000000002 0.03431073
15204.14 0.03560485
15212.11 0.03556402
15220.08 0.03552426
15228.060000000001 0.03548052
15236.03 0.03545008
15244.0 0.03541758
15251.980000000001 0.03538311
15259.95 0.0353553
15267.93 0.03533246
15275.9 0.03529908
15283.869999999999 0.03525219
15291.85 0.03521433
15299.82 0.03519495
15307.789999999999 0.03517518
15315.77 0.0351565
15323.74 0.03515609
15331.710000000001 0.03516576
15339.689999999999 0.03513163
15347.66 0.03506725
15355.630000000001 0.03500334
15363.51 0.03494899
15371.48 0.0349027
15379.460000000001 0.03486564
15387.43 0.03481483
15395.4 0.03476663
15403.38 0.03472818
15411.349999999999 0.03529536
15419.320000000002 0.03525554
15427.3 0.03521524
15435.27 0.03519797
15443.24 0.03518277
15451.220000000001 0.03511297
15459.19 0.03510009
15467.16 0.03508374
15475.140000000001 0.03505494
15483.11 0.03504199
15491.08 0.035007
15499.06 0.03494455
15507.029999999999 0.03489692
15515.01 0.03486805
15522.98 0.03484229
15530.949999999999 0.03480174
15538.93 0.03476991
15546.9 0.03473477
15554.87 0.03469514
15562.849999999999 0.0346573
15570.820000000002 0.03460678
15578.79 0.03454138
15586.77 0.03447
15594.74 0.0344656
15602.71 0.03446497
15610.69 0.03466719
15618.66 0.03464781
15626.63 0.0346048
15634.61 0.0345673
15642.58 0.0345405
15650.56 0.03451193
15658.529999999999 0.03446911
15666.500000000002 0.03447269
15674.48 0.03444671
15682.449999999999 0.03438178
15690.42 0.03435666
15698.4 0.03433676
15706.37 0.03431429
15714.34 0.03428063
15722.320000000002 0.03425021
15730.29 0.03421284
15738.26 0.03414568
15746.24 0.03410213
15754.21 0.03406707
15762.19 0.03401859
15770.16 0.03397505
15778.13 0.03394802
15786.11 0.03393235
15794.08 0.0339132
15802.050000000001 0.03390557
15810.029999999999 0.03366396
15818.000000000002 0.03361589
15825.970000000001 0.03356629
15833.95 0.03353646
15841.92 0.03353654
15849.89 0.03353943
15857.87 0.03351007
15865.84 0.03348131
15873.81 0.03344145
15881.79 0.0333805
15889.76 0.0333211
15897.74 0.03326429
15905.71 0.03323309
15913.679999999998 0.03322002
15921.66 0.03320122
15929.63 0.03318506
15937.6 0.03316107
15945.58 0.03312899
15953.550000000001 0.03309218
15961.52 0.03304169
15969.500000000002 0.03298633
15977.470000000001 0.03297328
15985.44 0.03297137
15993.42 0.03296073
16001.39 0.03293031
16009.37 0.03375235
16017.34 0.03372586
16025.31 0.03367887
16033.29 0.03364896
16041.26 0.03360215
16049.230000000001 0.03355749
16057.21 0.03352818
16065.179999999998 0.03351437
16073.15 0.03349718
16081.13 0.03347417
16089.1 0.03344744
16097.07 0.03343304
16105.050000000001 0.03342405
16113.02 0.03339642
16120.939999999999 0.03333921
16128.869999999999 0.03328896
16136.839999999998 0.03325773
16144.82 0.03321666
16152.789999999999 0.03317626
16160.76 0.03314342
16168.74 0.03312724
16176.710000000001 0.03307647
16184.68 0.03301033
16192.660000000002 0.03336985
16200.630000000001 0.03331608
16208.6 0.03329962
16216.58 0.03328617
16224.55 0.03327553
16232.519999999999 0.0332612
16240.5 0.03322467
16248.47 0.03319223
16256.45 0.03318229
16264.42 0.03316449
16272.390000000001 0.03314586
16280.369999999999 0.03312526
16288.339999999998 0.03310721
16296.310000000001 0.03308873
16304.289999999999 0.03304932
16312.26 0.03300385
16320.23 0.0329753
16328.210000000001 0.03294786
16336.18 0.03290634
16344.15 0.03287015
16352.130000000001 0.03284075
16360.1 0.03282915
16368.08 0.03281006
16376.05 0.03277491
16384.02 0.0327561
16392.0 0.03275661
16399.969999999998 0.03309283
16407.940000000002 0.03310207
16415.92 0.03316947
16423.89 0.03331765
16431.86 0.03352117
16439.84 0.03358215
16447.81 0.03338825
16455.78 0.03311917
16463.760000000002 0.03295125
16471.73 0.03284584
16479.71 0.03276577
16487.68 0.03272228
16495.649999999998 0.03269608
16503.63 0.03265749
16511.6 0.03263153
16519.57 0.03258934
16527.54 0.03254017
16535.52 0.03248879
16543.49 0.03244656
16551.469999999998 0.03243453
16559.440000000002 0.03243166
16567.41 0.03241166
16575.39 0.03238517
16583.36 0.03235416
16591.329999999998 0.03232142
16599.31 0.03229322
16607.28 0.03225433
16615.25 0.03248643
16623.23 0.03246591
16631.2 0.03246067
16639.18 0.0324324
16647.149999999998 0.03239209
16655.120000000003 0.03234548
16663.1 0.03230827
16671.07 0.03227949
16679.04 0.03226529
16687.02 0.03223894
16694.99 0.03221684
16702.96 0.03219969
16710.940000000002 0.03217561
16718.91 0.03214643
16726.88 0.03211804
16734.86 0.03209362
16742.829999999998 0.03207973
16750.8 0.03205307
16758.78 0.03204593
16766.75 0.03206373
16774.72 0.03206869
16782.7 0.03203958
16790.670000000002 0.03200554
16798.649999999998 0.03198271
16806.620000000003 0.03201913
16814.59 0.03197819
16822.57 0.03192583
16830.54 0.03187619
16838.51 0.03183269
16846.49 0.03178853
16854.46 0.03174342
16862.43 0.0317204
16870.41 0.03171093
16878.38 0.0316923
16886.31 0.03166466
16894.23 0.03164088
16902.2 0.03160786
16910.18 0.03157036
16918.15 0.03154153
16926.12 0.03152587
16934.100000000002 0.0315061
16942.07 0.03147761
16950.04 0.0314398
16958.02 0.03139822
16965.989999999998 0.03136211
16973.96 0.03134606
16981.94 0.0313122
16989.91 0.03128193
16997.88 0.03119702
17005.86 0.03117766
17013.83 0.0311449
17021.8 0.03111206
17029.780000000002 0.03107118
17037.75 0.03104431
17045.73 0.03102588
17053.7 0.03098816
17061.67 0.03095019
17069.65 0.03089742
17077.62 0.03087263
17085.59 0.03084425
17093.57 0.03082023
17101.54 0.03079128
17109.510000000002 0.03075343
17117.489999999998 0.03074046
17125.46 0.03073191
17133.44 0.03072956
17141.41 0.03072356
17149.38 0.03070265
17157.36 0.03065815
17165.33 0.03064628
17173.3 0.03061964
17181.280000000002 0.0305662
17189.25 0.03054592
17197.22 0.030072
17205.2 0.03004397
17213.17 0.03001206
17221.14 0.02998922
17229.12 0.02997472
17237.09 0.02992738
17245.06 0.02990677
17253.04 0.02989345
17261.010000000002 0.02988729
17268.98 0.02985494
17276.96 0.02983084
17284.93 0.02977417
17292.91 0.02973008
17300.88 0.02972894
17308.85 0.02970123
17316.83 0.02967627
17324.8 0.02966218
17332.77 0.02964202
17340.75 0.02963784
17348.72 0.02965346
17356.69 0.02965708
17364.67 0.02966192
17372.64 0.02963876
17380.62 0.02958744
17388.59 0.02954859
17396.56 0.02926389
17404.54 0.02922973
17412.510000000002 0.02919406
17420.48 0.02915712
17428.46 0.02914653
17436.43 0.02913032
17444.4 0.02910504
17452.38 0.02908865
17460.35 0.02906732
17468.32 0.02905256
17476.3 0.02904357
17484.27 0.02900723
17492.239999999998 0.0289537
17500.22 0.02890254
17508.19 0.0288709
17516.16 0.02883265
17524.14 0.02880161
17532.11 0.02877882
17540.09 0.02875571
17548.06 0.02872354
17556.03 0.02870263
17564.010000000002 0.02867492
17571.98 0.02864762
17579.95 0.02858733
17587.93 0.02849442
17595.9 0.02796876
17603.87 0.02790776
17611.85 0.02790821
17619.82 0.02789073
17627.79 0.0278654
17635.77 0.02784288
17643.74 0.02780656
17651.61 0.02779156
17659.59 0.02778365
17667.56 0.02775514
17675.53 0.02770526
17683.51 0.02767266
17691.48 0.02766419
17699.46 0.02763889
17707.43 0.02760305
17715.399999999998 0.02759987
17723.38 0.02758193
17731.35 0.02754436
17739.32 0.02756105
17747.3 0.02756939
17755.27 0.02752357
17763.24 0.02750117
17771.22 0.02750849
17779.19 0.02749277
17787.16 0.02744391
17795.14 0.0274123
17803.11 0.02713982
17811.079999999998 0.02713583
17819.06 0.02712592
17827.03 0.02711712
17835.0 0.02708868
17842.98 0.02706909
17850.95 0.02704866
17858.93 0.02705395
17866.899999999998 0.02706906
17874.87 0.02704213
17882.85 0.02701828
17890.82 0.02701991
17898.79 0.02698834
17906.77 0.02695267
17914.74 0.02693778
17922.71 0.02692009
17930.69 0.02695663
17938.66 0.02693251
17946.629999999997 0.02680344
17954.61 0.02676083
17962.579999999998 0.02678077
17970.55 0.02681357
17978.53 0.02681559
17986.5 0.0267995
17994.47 0.02679107
18002.45 0.02615022
18010.420000000002 0.02609524
18018.4 0.02609443
18026.37 0.02606791
18034.34 0.02606473
18042.32 0.02604392
18050.29 0.02595442
18058.26 0.02588842
18066.24 0.02592754
18072.22 0.02573939
18139.79 0.02587512
18189.63 0.02574968
18239.46 0.02552008
18289.3 0.02539727
18339.129999999997 0.02527551
18388.97 0.0251547
18438.8 0.02467802
18488.64 0.0245611
18538.47 0.02444516
18588.3 0.02433016
18638.14 0.02382378
18727.940000000002 0.02537615
18735.92 0.02553489
18743.89 0.02624219
18751.86 0.02733313
18759.84 0.02743661
18767.81 0.0270829
18775.78 0.02647593
18783.760000000002 0.02551489
18791.73 0.02499512
18799.7 0.02485272
18807.68 0.02457354
18815.649999999998 0.02443744
18823.620000000003 0.02436008
18831.6 0.02434612
18839.57 0.02429512
18847.54 0.02407531
18855.52 0.02400141
18863.49 0.02392273
18871.46 0.02379305
18879.440000000002 0.02376246
18887.41 0.02370252
18895.39 0.02366362
18903.36 0.02362609
18911.329999999998 0.02361623
18919.31 0.02361726
18927.28 0.02361126
18935.25 0.02368876
18943.23 0.02358532
18951.2 0.02343434
18959.170000000002 0.02337176
18967.149999999998 0.02335316
18975.120000000003 0.02321238
18983.09 0.02318791
18991.07 0.02323565
18999.04 0.02318752
19007.02 0.02306847
19014.99 0.02287473
19022.96 0.02282128
19030.940000000002 0.02278112
19038.91 0.02274554
19046.88 0.02273854
19054.86 0.02263102
19062.829999999998 0.02250758
19070.8 0.02253921
19078.78 0.02260049
19086.75 0.02251871
19094.72 0.0225135
19102.7 0.02255502
19110.670000000002 0.02250474
19118.64 0.02245207
19126.620000000003 0.02246655
19134.59 0.02252856
19142.57 0.02252609
19150.54 0.02248513
19158.51 0.02240709
19166.49 0.02238258
19174.41 0.02243577
19182.33 0.02241637
19190.309999999998 0.02234315
19198.280000000002 0.02237068
19206.25 0.02215434
19214.23 0.02213595
19222.2 0.02210832
19230.18 0.02201107
19238.15 0.02197112
19246.12 0.02198586
19254.100000000002 0.0219703
19262.07 0.02193961
19270.04 0.02193835
19278.02 0.02194192
19285.989999999998 0.02189584
19293.960000000003 0.02187999
19301.94 0.02186678
19309.91 0.02182949
19317.88 0.02182971
19325.86 0.02183551
19333.83 0.02182349
19341.8 0.02180286
19349.780000000002 0.02182371
19357.75 0.02177071
19365.72 0.02174109
19373.7 0.02173035
19381.67 0.02176223
19389.65 0.02175417
19397.62 0.02175983
19405.59 0.02133199
19413.57 0.02131817
19421.54 0.02129213
19429.510000000002 0.0212937
19437.489999999998 0.02132907
19445.460000000003 0.02135486
19453.43 0.02134717
19461.41 0.0212881
19469.38 0.02122839
19477.36 0.02118533
19485.33 0.02115951
19493.3 0.02112474
19501.280000000002 0.02110343
19509.25 0.02107853
19517.22 0.02105106
19525.2 0.02105852
19533.17 0.02106462
19541.14 0.02106574
19549.12 0.02106041
19557.09 0.02107974
19565.06 0.02116126
19573.04 0.02122123
19581.010000000002 0.02117407
19588.98 0.0211216
19596.960000000003 0.0210718
19604.93 0.02090167
19612.9 0.02100193
19620.88 0.02124361
19628.85 0.021443
19636.83 0.02140683
19644.8 0.02118221
19652.77 0.02091356
19660.75 0.02075522
19668.72 0.02068825
19676.69 0.02063055
19684.67 0.02058771
19692.64 0.02056329
19700.61 0.02053461
19708.59 0.02050932
19716.56 0.02047757
19724.54 0.02044015
19732.510000000002 0.02041921
19740.48 0.0203936
19748.460000000003 0.0203736
19756.43 0.02038004
19764.4 0.02038685
19772.38 0.02035922
19780.35 0.02031543
19788.32 0.0202804
19796.3 0.02027031
19804.27 0.02027274
19812.24 0.0200048
19820.22 0.01999076
19828.190000000002 0.0199864
19836.16 0.01997271
19844.14 0.01994405
19852.11 0.01992593
19860.08 0.01990812
19868.06 0.019895
19876.03 0.01988404
19884.010000000002 0.01986811
19891.98 0.01985746
19899.95 0.01985101
19907.93 0.01983128
19915.9 0.01981606
19923.87 0.01979651
19931.85 0.01977934
19939.77 0.01977361
19947.69 0.01976498
19955.670000000002 0.01975149
19963.64 0.01972297
19971.620000000003 0.01970048
19979.59 0.01969691
19987.56 0.01968877
19995.54 0.01966379
20003.510000000002 0.01966039
20011.480000000003 0.01965882
20019.46 0.01963007
20027.43 0.0196182
20035.4 0.01961766
20043.38 0.0196008
20051.350000000002 0.0195962
20059.32 0.01958464
20067.300000000003 0.01956613
20075.27 0.01955646
20083.24 0.0195462
20091.22 0.01953272
20099.19 0.01951564
20107.16 0.01950326
20115.14 0.01949312
20123.11 0.01947846
20131.09 0.01946184
20139.06 0.0194455
20147.03 0.01943647
20155.01 0.01941874
20162.98 0.01939857
20170.949999999997 0.019391
20178.93 0.01939616
20186.899999999998 0.0193633
20194.87 0.01936809
20202.85 0.01911719
20210.82 0.01909361
20218.79 0.01907673
20226.769999999997 0.01906832
20234.74 0.01905526
20242.710000000003 0.01903665
20250.69 0.01902328
20258.66 0.01901954
20266.63 0.01900937
20274.61 0.01899752
20282.58 0.01897846
20290.56 0.0189618
20298.530000000002 0.01895347
20306.5 0.01894408
20314.480000000003 0.01894354
20322.45 0.01897099
20330.420000000002 0.01902058
20338.4 0.0189956
20346.37 0.01895884
20354.34 0.01889687
20362.32 0.01886858
20370.29 0.01885558
20378.27 0.01884178
20386.24 0.01882818
20394.21 0.01881782
20402.19 0.0188102
20410.16 0.01883232
20418.129999999997 0.01882137
20426.11 0.01881689
20434.079999999998 0.01881447
20442.05 0.01880866
20450.03 0.01879154
20458.0 0.01876243
20465.97 0.01874241
20473.949999999997 0.01873196
20481.92 0.01870777
20489.890000000003 0.0186756
20497.87 0.01865182
20505.84 0.01863078
20513.81 0.01864528
20521.79 0.01862222
20529.760000000002 0.01857042
20537.74 0.01853766
20545.710000000003 0.01851242
20553.68 0.01849121
20561.66 0.0184819
20569.63 0.0185143
20577.6 0.01855598
20585.58 0.01857063
20593.55 0.01854961
20601.52 0.01837559
20609.5 0.01835131
20617.47 0.01833494
20625.45 0.01831467
20633.420000000002 0.01830091
20641.39 0.01828836
20649.37 0.01828301
20657.34 0.01828924
20665.309999999998 0.0182788
20673.29 0.01825339
20681.26 0.01823553
20689.23 0.01822696
20697.21 0.01820694
20705.079999999998 0.01818988
20713.050000000003 0.01818653
20721.03 0.01818904
20729.000000000004 0.01818376
20736.97 0.01817163
20744.95 0.01815978
20752.920000000002 0.01814373
20760.89 0.01813326
20768.870000000003 0.01811837
20776.84 0.01810453
20784.820000000003 0.0180901
20792.79 0.01793703
20800.760000000002 0.01792541
20808.74 0.01790832
20816.71 0.01789777
20824.68 0.01788265
20832.66 0.01786778
20840.63 0.01785455
20848.6 0.01783935
20856.58 0.01783097
20864.55 0.01782055
20872.53 0.01781056
20880.5 0.01780056
20888.469999999998 0.01779168
20896.45 0.01777391
20904.42 0.01776057
20912.39 0.01774735
20920.37 0.01773991
20928.34 0.01772825
20936.309999999998 0.01770849
20944.289999999997 0.01769852
20952.26 0.01768677
20960.230000000003 0.01766727
20968.21 0.017651
20976.18 0.01764827
20984.15 0.0176387
20992.13 0.01763027
21000.100000000002 0.01762742
21008.07 0.01761453
21016.050000000003 0.01759637
21024.02 0.01757766
21032.0 0.01757327
21039.97 0.01756334
21047.940000000002 0.01755134
21055.920000000002 0.01753826
21063.89 0.01752533
21071.86 0.01751457
21079.84 0.01750299
21087.81 0.01749856
21095.78 0.01749499
21103.760000000002 0.01748001
21111.73 0.01746984
21119.71 0.01745787
21127.68 0.01743978
21135.649999999998 0.01743256
21143.62 0.0174429
21151.6 0.01742596
21159.57 0.01739685
21167.539999999997 0.01738199
21175.52 0.01737335
21183.489999999998 0.01736344
21191.469999999998 0.01736489
21199.44 0.01737018
21207.410000000003 0.01743695
21215.39 0.01748079
21223.359999999997 0.01745824
21231.33 0.01738397
21239.309999999998 0.01731068
21247.280000000002 0.01726529
21255.25 0.01724786
21263.230000000003 0.01723274
21271.2 0.01721669
21279.18 0.01719829
21287.15 0.01718232
21295.12 0.01719303
21303.100000000002 0.01719862
21311.07 0.01718628
21319.04 0.01717637
21327.02 0.01716409
21334.99 0.01714112
21342.96 0.01713172
21350.94 0.01712458
21358.91 0.01711066
21366.88 0.01710596
21374.86 0.01709789
21382.829999999998 0.01708544
21390.8 0.01706952
21398.78 0.01706189
21406.75 0.01704799
21414.719999999998 0.01704318
21422.7 0.01697736
21430.67 0.01697272
21438.649999999998 0.01696265
21446.62 0.01694542
21454.589999999997 0.0169345
21462.57 0.01692628
21470.440000000002 0.01692061
21478.41 0.01691456
21486.390000000003 0.01690312
21494.36 0.01688516
21502.33 0.0168706
21510.31 0.01687212
21518.280000000002 0.01687318
21526.25 0.01686941
21534.23 0.01685961
21542.2 0.01684896
21550.17 0.01684394
21558.15 0.01683393
21566.12 0.01681637
21574.100000000002 0.01682145
21582.07 0.01682192
21590.04 0.01681044
21598.02 0.01681954
21605.989999999998 0.01681036
21613.96 0.01679975
21621.94 0.01657698
21629.91 0.01658254
21637.879999999997 0.01661427
21645.86 0.0166794
21653.829999999998 0.01672758
21661.800000000003 0.0167224
21669.78 0.01666279
21677.749999999996 0.01658694
21685.72 0.01655281
21693.699999999997 0.01652347
21701.670000000002 0.01647883
21709.64 0.01646693
21717.620000000003 0.01645256
21725.59 0.01642856
21733.570000000003 0.01641079
21741.54 0.01637763
21749.510000000002 0.01633965
21757.49 0.01635305
21765.46 0.01634141
21773.43 0.01633128
21781.41 0.01631921
21789.38 0.01630505
21797.35 0.01629202
21805.33 0.01627865
21813.3 0.01626762
21821.27 0.01622351
21829.25 0.01621222
21837.22 0.01621504
21845.2 0.01620623
21853.17 0.01619421
21861.14 0.01622992
21869.12 0.01620869
21877.09 0.01617605
21885.059999999998 0.01616069
21893.04 0.01614688
21901.01 0.01612469
21908.98 0.01610018
21916.96 0.01609151
21924.929999999997 0.01607258
21932.9 0.01605397
21940.879999999997 0.01604294
21948.850000000002 0.016032
21956.82 0.01601961
21964.800000000003 0.01601046
21972.77 0.01598862
21980.749999999996 0.01597026
21988.72 0.01596115
21996.690000000002 0.01594535
22004.670000000002 0.01592901
22012.64 0.01592134
22020.61 0.01575894
22028.59 0.0157458
22036.56 0.01574307
22044.53 0.01576644
22052.510000000002 0.01572963
22060.48 0.01569656
22068.45 0.01568731
22076.43 0.01567835
22084.399999999998 0.01565948
22092.37 0.01564123
22100.35 0.01564511
22108.32 0.01565246
22116.289999999997 0.01564209
22124.27 0.01563148
22132.239999999998 0.01562301
22140.22 0.01560703
22148.19 0.01560068
22156.16 0.01560259
22164.14 0.01560279
22172.109999999997 0.01558463
22180.08 0.01558099
22188.059999999998 0.01557933
22196.030000000002 0.01556344
22204.0 0.0153643
22211.98 0.0153458
22219.95 0.01536839
22227.87 0.01537918
22235.800000000003 0.01538297
22243.77 0.01536398
22251.75 0.01531959
22259.72 0.015291
22267.69 0.01527484
22275.670000000002 0.01526759
22283.64 0.01525537
22291.61 0.01523623
22299.59 0.0152205
22307.56 0.01522676
22315.54 0.01521249
22323.51 0.01520978
22331.48 0.01520604
22339.46 0.01520356
22347.43 0.0151891
22355.399999999998 0.01517427
22363.38 0.0151635
22371.35 0.01515692
22379.32 0.01506681
22387.3 0.01505639
22395.269999999997 0.01503991
22403.24 0.01502576
22411.219999999998 0.01502347
22419.190000000002 0.01501817
22427.16 0.01501223
22435.14 0.0149997
22443.11 0.01498354
22451.08 0.0149708
22459.06 0.01495907
22467.030000000002 0.01496621
22475.010000000002 0.01496231
22482.98 0.01495506
22490.95 0.01494671
22498.93 0.01493287
22506.9 0.01491605
22514.87 0.01491115
22522.850000000002 0.01490985
22530.82 0.01490002
22538.79 0.01489067
22546.77 0.01487544
22554.74 0.01485985
22562.71 0.01486153
22570.69 0.01484872
22578.66 0.01483652
22586.629999999997 0.01471542
22594.61 0.01469367
22602.579999999998 0.0146821
22610.55 0.01467812
22618.53 0.01466113
22626.5 0.01464625
22634.48 0.0146323
22642.449999999997 0.01463275
22650.420000000002 0.01462433
22658.399999999998 0.01461572
22666.37 0.01462363
22674.34 0.01462348
22682.32 0.01461137
22690.29 0.01459365
22698.260000000002 0.01458682
22706.24 0.0145839
22714.210000000003 0.01457954
22722.190000000002 0.01457746
22730.16 0.01456137
22738.13 0.01454093
22746.11 0.01453701
22754.08 0.01453512
22762.05 0.01452109
22770.030000000002 0.01451155
22778.0 0.01449953
22785.97 0.01449327
22793.95 0.01345502
22801.92 0.01344962
22809.89 0.01344376
22817.87 0.01343063
22825.84 0.01341451
22833.809999999998 0.01340314
22841.79 0.0134095
22849.76 0.01341448
22857.73 0.01340542
22865.71 0.01339749
22873.679999999997 0.01338718
22881.66 0.01337519
22889.629999999997 0.01336546
22897.6 0.01335407
22905.579999999998 0.01335279
22913.55 0.01335193
22921.52 0.01332595
22929.5 0.01329618
22937.47 0.01327141
22945.440000000002 0.01326204
22953.420000000002 0.01324926
22961.390000000003 0.01324827
22969.37 0.01324161
22977.34 0.01323597
22985.31 0.01324143
22993.239999999998 0.01323511
23001.16 0.01323109
23009.13 0.01329931
23017.11 0.01330379
23025.08 0.01329149
23033.05 0.01328084
23041.03 0.01327759
23049.0 0.01326903
23056.969999999998 0.01325373
23064.95 0.01324633
23072.92 0.01325443
23080.89 0.01324657
23088.87 0.01323295
23096.84 0.01321324
23104.809999999998 0.01321165
23112.789999999997 0.01320772
23120.76 0.0131999
23128.739999999998 0.01319001
23136.71 0.01318521
23144.68 0.01316836
23152.66 0.01316528
23160.63 0.01317238
23168.600000000002 0.01317458
23176.58 0.01317114
23184.550000000003 0.01316459
23192.52 0.01316382
23200.5 0.01320932
23208.47 0.01328774
23216.45 0.01333776
23224.420000000002 0.01214967
23232.39 0.01204683
23240.370000000003 0.01195551
23248.34 0.01191075
23256.31 0.01189245
23264.29 0.01188848
23272.26 0.01189963
23280.23 0.01189146
23288.21 0.01188428
23296.18 0.01187764
23304.149999999998 0.01187575
23312.13 0.01186993
23320.1 0.01186176
23328.07 0.01185794
23336.05 0.01186599
23344.02 0.01185967
23351.989999999998 0.01180477
23359.969999999998 0.01180367
23367.94 0.0118259
23375.92 0.01182213
23383.89 0.01181688
23391.86 0.01180149
23399.84 0.01178498
23407.809999999998 0.01138332
23415.780000000002 0.01139533
23423.76 0.01138697
23431.730000000003 0.01138391
23439.7 0.01137367
23447.68 0.01135379
23455.65 0.01135034
23463.63 0.01135488
23471.600000000002 0.01136795
23479.57 0.01136664
23487.54 0.01137421
23495.52 0.01133624
23503.49 0.01131714
23511.46 0.01129174
23519.44 0.01127907
23527.41 0.01127106
23535.39 0.01126578
23543.36 0.01126918
23551.329999999998 0.01126197
23559.31 0.01124068
23567.28 0.01124006
23575.25 0.01124929
23583.23 0.01122179
23591.199999999997 0.01123137
23599.17 0.01152524
23607.149999999998 0.01151326
23615.12 0.01151393
23623.1 0.0115279
23631.07 0.01151044
23639.039999999997 0.01149106
23647.019999999997 0.01149445
23654.989999999998 0.01148865
23662.960000000003 0.01144819
23670.94 0.0114634
23678.910000000003 0.01149504
23686.88 0.01148941
23694.86 0.01146722
23702.83 0.01146014
23710.8 0.01145378
23718.780000000002 0.01145123
23726.75 0.01143456
23734.72 0.01142996
23742.7 0.01140887
23750.670000000002 0.01140498
23758.54 0.01139778
23766.52 0.01139257
23774.489999999998 0.01139303
23782.47 0.01140318
23790.44 0.01139663
23798.41 0.01137642
23806.39 0.01135849
23814.36 0.01079127
23822.329999999998 0.01078727
23830.309999999998 0.01077964
23838.28 0.01076412
23846.250000000004 0.01074703
23854.23 0.01075129
23862.199999999997 0.01076627
23870.18 0.01076556
23878.149999999998 0.01074008
23886.120000000003 0.01072782
23894.1 0.0107416
23902.070000000003 0.01074563
23910.04 0.01073808
23918.02 0.01073731
24219.620000000003 0.01048733
24418.95 0.00996817
24618.289999999997 0.009892057
24817.63 0.008748289
25016.97 0.008680035
25216.31 0.008707454
25467.870000000003 0.008715075
25561.26 0.008598627
25654.85 0.008704781
25748.34 0.008671572
25842.03 0.008592662
25935.62 0.008570631
26029.41 0.008641899
26123.1 0.008579443
26216.99 0.008432126
26310.78 0.008373782
26404.760000000002 0.008301575
26498.750000000004 0.008205823
26592.739999999998 0.008139879
26686.83 0.008076238
26780.910000000003 0.008024581
26875.0 0.007949727
26969.19 0.00788315
27063.47 0.007801016
27157.76 0.007744877
27252.149999999998 0.007643136
27346.44 0.007597525
27440.920000000002 0.007602456
27535.31 0.007576631
27629.899999999998 0.007481151
27724.38 0.007443543
27818.969999999998 0.007423157
27913.66 0.007389604
28008.24 0.007327126
28102.93 0.007251424
28197.71 0.00720966
28292.5 0.007206855
28387.280000000002 0.007201271
28482.17 0.007120973
28577.050000000003 0.007081575
28671.94 0.007005498
28766.92 0.006975058
28861.910000000003 0.006903108
28956.99 0.006867353
29051.98 0.006765342
29147.16 0.006710841
29242.24 0.006628866
29337.430000000004 0.006579484
29432.61 0.006523974
29527.899999999998 0.006539508
29623.08 0.006472136
29718.37 0.006452578
29813.75 0.006395275
29909.03 0.006391115
30004.420000000002 0.006367764
30099.9 0.00633195
30195.280000000002 0.006268255
30290.76 0.006176828
30386.25 0.006129996
30481.829999999998 0.006067552
30577.31 0.006027643
30672.899999999998 0.005999787
30768.58 0.005960377
30864.16 0.005894097
30959.850000000002 0.005876727
31055.53 0.005844542
31151.21 0.005816033
31246.99 0.00577319
31342.77 0.005734979
31438.56 0.005688687
31534.34 0.005676678
31630.120000000003 0.00562736
31726.0 0.005593543
31821.88 0.005581146
31917.76 0.005560798
32013.739999999998 0.005523012
32109.63 0.005469821
32205.61 0.005429684
32301.59 0.005426267
32397.57 0.005410635
32493.65 0.005400401
32589.73 0.005369547
32685.710000000003 0.005372352
32781.799999999996 0.005346758
32877.98 0.005350195
32974.06 0.005312463
33070.240000000005 0.005278645
33166.42 0.005269611
33262.6 0.005158888
33358.78 0.005118916
33454.96 0.005039902
33551.25 0.005021338
33647.43 0.00497224
33743.7 0.004957263
33839.98 0.004892861
33936.36 0.004853984
34032.65 0.004796608
34128.93 0.004778688
34225.310000000005 0.004735391
34321.68 0.004708009
34418.07 0.004681036
34514.450000000004 0.004666145
34610.82 0.004665597
34707.3 0.004618196
34803.69 0.004579361
34900.17 0.004566249
34996.65 0.004504023
35093.130000000005 0.004491347
35189.61 0.004438751
35286.09 0.004392007
35382.57 0.004422605
35479.14 0.004329825
35575.73 0.004305248
35672.21 0.004279046
35768.79 0.004260869
35865.36 0.00422415
35961.94 0.004243423
36058.520000000004 0.004207254
36155.2 0.004202081
36251.78 0.004165886
36348.46 0.004212086
36445.04 0.0041742
36541.72 0.004144831
36638.4 0.004106743
36735.08 0.004061899
36831.75 0.004017123
36928.43 0.004021818
37025.11 0.003995744
37121.79 0.003971791
37218.57 0.003947323
37315.25 0.003917093
37412.03 0.003862277
37508.810000000005 0.003840301
37605.49 0.003836502
37702.270000000004 0.003809993
37799.049999999996 0.003798919
37895.82 0.00377543
37992.6 0.003755966
38089.38 0.003743526
38186.16 0.003712813
38283.04 0.003666834
38379.82 0.003653079
38476.6 0.003645991
38573.48 0.003620506
38670.25 0.003555456
38767.13 0.003540529
38864.01 0.003504743
38960.89 0.003509102
39057.67 0.003503634
39154.55 0.003509863
39251.42 0.003473271
39348.299999999996 0.003456404
39445.18 0.003407944
39542.06 0.003397831
39638.939999999995 0.003361231
39735.92 0.003348058
39832.8 0.003319497
39929.67 0.003326173
40026.549999999996 0.003326415
40123.53 0.00335377
40220.409999999996 0.00337687
40317.39 0.003391929
40414.27 0.003350942
40511.24 0.003301435
40608.12 0.003251099
40705.1 0.003190238
40801.98 0.003162988
40898.96000000001 0.003126889
40995.92999999999 0.003096552
41092.909999999996 0.003067874
41189.79 0.003041773
41286.77 0.003031536
41383.75 0.003024702
41480.72 0.00301382
41577.700000000004 0.002968066
41674.68000000001 0.002972384
41771.659999999996 0.002925346
41868.64 0.002922395
41965.62 0.002899938
42062.590000000004 0.00290104
42159.57000000001 0.002865315
42256.549999999996 0.002854938
42353.53 0.002869975
42450.5 0.002855113
42547.48 0.002850353
42644.469999999994 0.002853924
42741.439999999995 0.002852344
42838.42 0.002811842
42935.5 0.002798816
43032.48 0.002775551
43129.45 0.002734431
43226.43 0.00270121
43323.41 0.002707637
43420.39 0.002709924
43517.46000000001 0.002671972
43614.439999999995 0.002651355
43711.42 0.002628036
43808.4 0.002626187
43905.380000000005 0.00260278
44002.46 0.002585093
44099.43 0.002561426
44196.41 0.002555374
44293.39 0.002533142
44390.37 0.002547568
44487.35 0.002536197
44584.32 0.002569154
44681.41 0.002551033
44778.380000000005 0.002519153
44875.36 0.002508953
44972.34 0.002531787
45069.32 0.00252671
45166.29 0.00248161
45263.270000000004 0.002456529
45360.25000000001 0.002445704
45457.229999999996 0.002406892
45554.2 0.00237952
45651.18 0.002367688
45748.16 0.002362018
45845.14000000001 0.002342274
45942.119999999995 0.002321358
46039.1 0.002308225
46135.979999999996 0.002305905
46232.95 0.002300188
46329.93 0.002300316
46426.91 0.002302025
46523.79 0.002290126
46620.77 0.002310864
46717.75 0.00230113
46814.619999999995 0.002274171
46911.6 0.002248139
47008.479999999996 0.002259694
47105.36 0.002248005
47202.34 0.002243031
47299.21 0.002234731
47396.19 0.002211993
47493.07 0.002181888
47589.95 0.002203772
47686.83 0.002224333
47783.71 0.002198239
47880.59 0.002204206
47977.46 0.002198345
48074.34 0.002165647
48171.22 0.002140459
48268.1 0.002137882
48364.880000000005 0.002156581
48461.75 0.00213923
48558.630000000005 0.002084997
48655.41 0.002072185
48752.29 0.002061202
49834.6 0.002030386
50831.28999999999 0.001964205
51827.98 0.001902302
52824.68 0.001848542
53821.37 0.001796629
55014.11 0.001791683
55315.51 0.00173808
55616.909999999996 0.001692313
55918.31 0.001753347
56219.700000000004 0.001741623
56521.2 0.001674829
56822.60999999999 0.001661826
57124.0 0.001656094
57425.41 0.001636236
57726.810000000005 0.001625861
58028.3 0.001626146
58329.700000000004 0.001616741
58631.1 0.001615254
58932.5 0.001608819
59233.9 0.001605863
59535.4 0.001595494
59836.799999999996 0.00159219
60138.2 0.001586726
60439.61 0.001591148
60740.99999999999 0.001605222
61042.50000000001 0.001630444
61343.9 0.001661226
61645.3 0.001673685
61946.700000000004 0.001724097
62248.1 0.001767788
62549.6 0.001797251
62851.0 0.0018041
63152.4 0.001759877
63453.799999999996 0.001721842
63755.2 0.001674882
64056.7 0.001628181
64358.09 0.001582799
64659.5 0.00154531
64960.88999999999 0.00150575
65262.3 0.001481122
65563.79 0.001470571
65865.19 0.001457968
66166.59 0.001447564
66467.98999999999 0.001440485
66769.39 0.001426092
67070.89 0.00141152
67372.29000000001 0.001400468
67673.7 0.001390893
67975.09 0.001386624
68276.49 0.001382022
68577.99 0.001386298
68879.39 0.001389172
69180.79 0.001384841
69482.2 0.001389692
69783.59 0.001533796
70085.09 0.00142217
70386.49 0.001345151
70687.89 0.001347838
70989.28 0.001339945
71290.68000000001 0.001337296
71592.18000000001 0.001342764
71893.59 0.001343087
72194.98 0.001345698
72496.38 0.00135701
72797.78 0.001362492
73099.28 0.001384176
73400.68 0.00140021
73702.09 0.001416553
74003.48 0.001425177
74304.88 0.001465996
74606.38 0.001486887
74907.78 0.001538242
75510.58 0.001573518
76113.38 0.001740792
76716.27 0.001759863
77319.06999999999 0.001595953
77921.88 0.001539284
78524.77 0.001506473
79127.58 0.001456633
79730.48000000001 0.001411813
80333.27 0.001357445
80936.08 0.001219923
81538.97 0.001235279
82141.76999999999 0.001197293
82744.56999999999 0.00114231
83347.46 0.001143053
83950.27 0.001088669
84553.06 0.0009708646
85155.97 0.001096903
85758.77 0.001092849
86361.67 0.001079999
86964.46999999999 0.001070711
87567.27 0.001066382
88170.16 0.00102195
88772.95999999999 0.001022931
89375.76999999999 0.001021996
89978.66 0.00108198
90581.46 0.001012816
91184.26 0.001003795
91787.16 0.0009880113
92389.96 0.0009954347
92992.86 0.001009215
93595.65999999999 0.001029862
94198.45000000001 0.001014955
94801.34 0.001033404
95404.15 0.001048779
96006.95 0.001076748
96609.85 0.001240314
97212.65000000001 0.001147899
97815.45 0.001052366
98418.34999999999 0.001024074
99021.15999999999 0.001012671
99624.05 0.001031678
100226.84 0.00101635
100829.65 0.001006891
101432.55 0.001007785
102035.34 0.001011845
102638.15 0.001018212
103241.04000000001 0.001016966
103843.84000000001 0.001026416
104446.64 0.001086908
105049.54 0.001188023
105652.34 0.001095112
106255.24 0.001023659
106858.03 0.001026031
107460.84 0.001021984
108063.74 0.001016211
108666.54000000001 0.001009567
109269.34 0.0009912497
109872.23 0.0009861959
110475.04 0.0009835436
111077.84000000001 0.001005888
111680.73 0.001040259
112283.53 0.001120572
112886.43000000001 0.001154308
113489.23 0.001126067
114092.03 0.001057906
114694.93 0.00103358
115297.73000000001 0.0009956091
115900.53 0.0009817742
116503.42 0.0009523677
117106.23 0.0009394998
117709.01999999999 0.0009540872
118311.91 0.0009457197
118914.72 0.000969547
119517.62999999999 0.0009539447
120120.42 0.0009584673
120723.22 0.0009671532
121326.12999999999 0.0009437573
121928.92 0.0009518411
122531.73 0.0009945995
123134.61 0.0009867247
123737.41 0.0009312788
124340.22 0.0009048886
124943.11 0.0009278413
125545.91 0.000921056
126148.81 0.0009181079
126751.60999999999 0.0009130137
127354.41 0.001019229
127957.31 0.001223536
128560.11 0.001080397
129162.90999999999 0.0008878794
129765.81 0.0008498893
130368.6 0.0008509673
130971.4 0.0008514465
131574.31 0.0008452458
132177.09 0.0008392267
132779.88999999998 0.0008323182
133382.8 0.0008278547
133985.59 0.0008303454
134588.5 0.0008277763
135191.30000000002 0.0008286637
135794.09 0.0008299643
136397.0 0.0008365322
136999.8 0.0008184892
137602.59 0.0008205809
138205.5 0.0008158354
138808.3 0.0008149554
139411.09 0.0008241727
140228.08 0.0009017799
141072.08 0.000881078
141916.09 0.0008864926
142759.97999999998 0.0009811979
143603.97 0.0009575069
144447.97 0.0008855551
145291.88 0.0008591761
146135.88 0.000862398
146979.87 0.0008589316
147823.88 0.0008600102
148667.78 0.0008648287
149511.77 0.0008651529
150355.77 0.0008593636
151199.67 0.0008585863
152043.66 0.000860796
152887.66 0.0008598541
153731.56 0.0008546234
154575.56 0.0009701302
155419.56 0.001157843
156263.47 0.00101956
157107.47 0.0008700136
157951.47 0.0008668769
158795.34 0.0008669698
159639.36000000002 0.0008851516
160483.36 0.0008719773
161327.34 0.0008715213
162171.25 0.0008786617
163015.27 0.000892306
163859.25 0.0009201298
164703.16 0.0009238447
165547.14 0.0009059326
166391.13999999998 0.0008859249
167235.07 0.0008921785
168079.03 0.000902884
168923.05000000002 0.0009335496
169766.93999999997 0.0009355597
170610.94 0.001003829
171454.94 0.0009501419
172298.83000000002 0.0008968243
173142.83 0.0008888396
173986.84 0.0008839328
174830.84000000003 0.0008760082
175674.71999999997 0.0008578024
176518.75 0.0008501579
177362.73 0.0008417624
178206.63 0.0008304625
179050.63999999998 0.0008355482
179894.64 0.0008235293
180738.53 0.0008003548
181582.52999999997 0.0008007332
182426.53 0.0007834502
183270.41999999998 0.0007958606
184114.42 0.0007868848
184958.41999999998 0.0007813635
185802.31000000003 0.0007794403
186646.31 0.0008746379
187490.33000000002 0.0008718466
188334.33 0.0007807411
189178.22 0.00075636
190022.22 0.0007466139
190866.2 0.000737739
191710.12999999998 0.000722086
192554.11 0.0007163913
193398.11000000002 0.0007092275
194242.02000000002 0.0007045328
195086.02 0.000720661
195930.0 0.0006987688
196773.91 0.0006849736
197617.90999999997 0.0006772702
198461.91 0.0006787079
199305.8 0.0006717726
200149.80000000002 0.0006641405
200993.8 0.0006575954
201837.81 0.0006509559
202681.69 0.0006460319
203525.7 0.0006351528
204369.72 0.0006314054
205213.58 0.0006166796
206901.59000000003 0.0006144866
208589.5 0.0006125909
210277.39 0.0005966251
211965.39 0.0005947362
213653.28000000003 0.0005860566
215341.28 0.0005747201
217029.19 0.0005682345
218717.08000000002 0.0005706134
220405.08 0.0005667554
222092.97 0.0005459867
223780.86 0.0005436914
225468.86000000002 0.0005422705
227156.77 0.0005306317
228844.78000000003 0.0005242835
230532.67 0.0005178115
232220.55000000002 0.0005036913
233908.56 0.0004953781
235596.46999999997 0.0004897354
237284.36 0.0004838045
238972.31999999998 0.0004763293
240660.25 0.0004713762
242348.22999999998 0.0004824774
244036.14 0.000469735
245724.03 0.0004450804
247412.05000000002 0.0004417008
249099.94 0.0004224915
250787.85 0.0004090519
252475.83 0.0004127381
254163.74000000002 0.0004160068
255851.73 0.0004114682
257539.62000000002 0.0004853164
259227.52 0.0005369519
260915.53 0.0004183528
262603.42000000004 0.0003856241
264291.31 0.0003765962
265979.31 0.0003775162
267667.22000000003 0.00037918
269355.18 0.0003776698
271043.09 0.0003660941
272731.04 0.0003607513
274419.01999999996 0.0003628801
276106.87 0.0003619589
277794.78 0.0003602633
279482.8 0.000349947
281170.69 0.0003519971
282858.7 0.0003499849
284546.58999999997 0.0003454669
286234.49 0.0003378752
287922.48 0.0003327652
289610.37 0.0003280617
291298.26999999996 0.0003207953
292986.28 0.0003209466
294674.17 0.0003187112
296362.15 0.0003175143
298050.1 0.0003172264
299737.97000000003 0.0003121574
301425.97 0.0003072046
303113.88 0.0003049712
304801.79 0.0003064704
306489.75 0.0003050478
308177.66 0.0003019856
309865.67 0.000298374
311553.55 0.0002964355
313241.44 0.0002921715
314929.45 0.0002934305
316617.37 0.0002901851
318305.24 0.0002881317
319993.25 0.0002878636
321681.14 0.0002840154
323369.18 0.0002863568
325057.02999999997 0.0002892983
326744.95999999996 0.0002915917
328432.92 0.0002930061
330120.85 0.0002877406
331808.74000000005 0.0002891011
333496.74 0.0003084456
335184.67 0.0003057566
336872.60000000003 0.0002896038
338560.49 0.0002807282
338914.44999999995 0.0002894517
342303.58 0.0002871726
345726.59 0.0002983527
