918.6600000000001 0.00255114
923.65 0.004814962
928.64 0.005904318
933.63 0.007984842
938.61 0.01249124
943.6 0.01215282
948.59 0.007001066
953.5799999999999 0.02049502
958.5699999999999 0.02139206
963.56 0.01977288
968.55 0.0163742
973.53 0.006890833
978.52 0.02004657
983.51 0.02027154
988.4999999999999 0.01306107
993.4900000000001 0.02775893
998.48 0.03184153
1003.46 0.03414302
1008.45 0.03119487
1013.44 0.03181147
1018.4300000000001 0.02972023
1023.4200000000001 0.02253254
1028.41 0.02117369
1033.4 0.03494681
1038.38 0.03933448
1043.37 0.03879933
1048.36 0.03871535
1053.35 0.04086676
1058.34 0.03705183
1063.33 0.0304522
1068.31 0.03307611
1073.3 0.02646206
1078.29 0.02530625
1083.28 0.0255418
1088.27 0.02779116
1093.26 0.0289301
1098.24 0.02939884
1103.23 0.02790464
1108.22 0.02663274
1113.21 0.02636436
1118.2 0.02366645
1123.19 0.02394064
1128.18 0.02131553
1133.16 0.02650574
1141.1200000000001 0.02329849
1146.3700000000001 0.0271684
1151.6200000000001 0.02805663
1156.87 0.02899543
1162.12 0.03048416
1167.37 0.03065841
1172.6200000000001 0.02127271
1177.8700000000001 0.02899656
1183.1200000000001 0.03460873
1188.37 0.03078425
1193.62 0.03148617
1198.87 0.03873849
1204.1200000000001 0.03641499
1209.3700000000001 0.02421172
1214.6200000000001 0.04736768
1219.87 0.1270082
1225.12 0.08125934
1230.37 0.06079097
1235.6200000000001 0.02395164
1240.8700000000001 0.02264904
1246.11 0.0410355
1251.36 0.03706886
1256.61 0.02954765
1261.86 0.02829974
1267.11 0.0278701
1272.36 0.02878433
1277.6100000000001 0.02910062
1282.8600000000001 0.02993736
1288.1100000000001 0.02992748
1293.3600000000001 0.027811
1298.6100000000001 0.02478997
1303.8600000000001 0.02876386
1309.11 0.02824821
1314.36 0.02915458
1319.61 0.02807145
1324.86 0.027711
1330.11 0.02239497
1335.36 0.02508261
1340.6100000000001 0.0268732
1345.8600000000001 0.02894918
1351.1100000000001 0.02873915
1356.3600000000001 0.02858041
1361.6100000000001 0.02781823
1366.8600000000001 0.0274485
1372.11 0.02896848
1377.36 0.02958828
1382.61 0.03099173
1387.86 0.02755905
1393.11 0.02394824
1398.36 0.0266746
1403.6100000000001 0.03086573
1408.8500000000001 0.03156169
1414.1000000000001 0.02897899
1419.3500000000001 0.02710729
1424.6000000000001 0.02627449
1429.85 0.0251914
1435.1 0.02494496
1440.35 0.02537779
1445.6 0.02586599
1450.85 0.02517023
1456.1 0.02490202
1461.35 0.02423977
1466.6000000000001 0.02450451
1471.8500000000001 0.02528742
1477.1000000000001 0.02603362
1482.3500000000001 0.02787662
1487.6000000000001 0.02935387
1492.85 0.02903336
1498.1 0.03010116
1503.35 0.03132045
1508.6 0.03323885
1513.85 0.03525212
1519.1 0.03691245
1524.35 0.04079514
1529.6000000000001 0.05001227
1534.8500000000001 0.06274723
1540.1000000000001 0.06452381
1545.3500000000001 0.02514952
1550.6000000000001 0.07223691
1555.85 0.08779208
1561.1 0.06894326
1566.35 0.05273623
1571.59 0.0424692
1576.84 0.03631463
1582.09 0.03372575
1587.34 0.03266709
1592.5900000000001 0.03212722
1597.8400000000001 0.03126516
1603.0900000000001 0.02804011
1608.3400000000001 0.02822831
1613.59 0.02747203
1618.84 0.0271054
1624.09 0.02746123
1629.34 0.02825708
1634.59 0.02980704
1639.84 0.03476984
1645.09 0.03092784
1650.34 0.02768399
1655.5900000000001 0.02760707
1660.8400000000001 0.02899168
1666.0900000000001 0.02604579
1671.3400000000001 0.02428306
1676.59 0.02392936
1681.84 0.02278855
1687.09 0.0222072
1692.34 0.0213987
1695.17 0.02342082
1700.6399999999999 0.02278067
1706.1000000000001 0.02242004
1711.57 0.02141156
1717.04 0.02217698
1722.5099999999998 0.02182288
1727.98 0.02223232
1733.45 0.02220888
1738.9199999999998 0.02298927
1744.39 0.02269445
1749.85 0.02369883
1755.32 0.02186483
1760.7900000000002 0.02228236
1766.26 0.02153458
1771.73 0.02197186
1777.1999999999998 0.02191192
1782.68 0.02217717
1788.15 0.02125321
1793.62 0.0225173
1799.0900000000001 0.02229106
1804.56 0.02223796
1810.03 0.02234954
1815.5 0.02158349
1820.98 0.02158686
1826.45 0.0217
1831.9199999999998 0.0211516
1837.39 0.0212574
1842.8700000000001 0.02091021
1848.34 0.0189408
1853.81 0.01984058
1859.2800000000002 0.02012841
1864.76 0.02104741
1870.23 0.02252512
1875.7099999999998 0.02348096
1881.18 0.0240746
1886.65 0.02558392
1892.1299999999999 0.02762657
1897.6000000000001 0.02883274
1903.0800000000002 0.03193122
1908.55 0.0367655
1914.03 0.02956226
1919.5 0.02567326
1924.98 0.02300906
1930.45 0.02181622
1935.9299999999998 0.02063834
1941.4 0.02041348
1946.88 0.01990459
1952.35 0.01947253
1957.8300000000002 0.01907603
1963.31 0.01945929
1968.78 0.01926832
1974.26 0.01959459
1979.73 0.01931853
1985.21 0.0190134
1990.69 0.01863977
1996.1699999999998 0.01847682
2001.64 0.01860415
2007.1200000000001 0.01863552
2012.6 0.01856798
2018.07 0.01825319
2023.5500000000002 0.01846747
2029.03 0.01839466
2034.51 0.01806861
2039.98 0.01817263
2045.46 0.01862075
2050.94 0.01818928
2056.42 0.0181909
2061.9 0.01836083
2067.37 0.01862007
2072.85 0.01922613
2078.33 0.01923283
2083.81 0.0198213
2089.29 0.01928005
2094.77 0.01906271
2100.25 0.01900872
2105.7200000000003 0.01901602
2111.2 0.01896796
2116.68 0.01892443
2122.16 0.0188419
2127.64 0.0186189
2133.12 0.01793534
2138.6 0.01813387
2144.08 0.01892663
2149.56 0.01900501
2155.04 0.0188955
2160.52 0.01849271
2166.0 0.01791279
2171.48 0.01796282
2176.96 0.01777217
2182.44 0.01791506
2187.9100000000003 0.01792304
2193.39 0.0182837
2198.87 0.01830419
2204.35 0.01810387
2209.83 0.0178218
2215.31 0.01737768
2220.79 0.01720571
2226.27 0.01762846
2231.75 0.01829848
2237.23 0.01829137
2242.71 0.01763783
2248.2 0.01727335
2253.6800000000003 0.01721029
2259.16 0.01760504
2264.64 0.01748991
2270.12 0.01782708
2275.6 0.01792812
2281.08 0.0187628
2286.56 0.01871431
2292.04 0.0180267
2297.52 0.01847552
2303.0 0.0189348
2308.48 0.01913958
2313.96 0.01868752
2319.44 0.01906507
2324.92 0.01811254
2330.4 0.01810906
2335.88 0.01609986
2341.36 0.01704253
2346.84 0.01720272
2352.32 0.01806598
2357.7999999999997 0.01798798
2363.28 0.01665269
2368.76 0.01609293
2374.24 0.01543104
2379.72 0.01715202
2385.2000000000003 0.01652122
2390.68 0.01692328
2396.16 0.01707571
2401.64 0.01686042
2407.12 0.01685434
2412.6 0.01720696
2418.08 0.01734484
2423.56 0.01899106
2429.04 0.01838184
2434.52 0.01839165
2440.0 0.01903658
2445.48 0.01904504
2450.96 0.0192826
2456.44 0.01921374
2461.92 0.01902168
2467.4 0.01922918
2472.88 0.01903132
2478.36 0.01874616
2483.84 0.01818682
2489.3199999999997 0.0181706
2494.8 0.01811493
2500.2799999999997 0.01954708
2505.75 0.01960412
2511.23 0.01785196
2516.7099999999996 0.01747261
2522.19 0.01717571
2527.67 0.01702396
2533.15 0.01745914
2538.63 0.01739375
2544.11 0.01724226
2549.5800000000004 0.0173274
2555.06 0.01859723
2560.54 0.01758382
2566.02 0.01748021
2571.5 0.01835139
2576.98 0.01663761
2582.45 0.01788756
2587.93 0.01675277
2593.41 0.01573584
2598.89 0.01716121
2604.36 0.01695144
2609.84 0.01722056
2615.3199999999997 0.01690431
2620.79 0.01767371
2626.27 0.01771169
2631.75 0.01957075
2637.23 0.01920347
2642.7000000000003 0.02105268
2648.18 0.02104044
2653.66 0.02305321
2659.13 0.02247042
2664.61 0.01938388
2670.0800000000004 0.01938263
2675.56 0.02030951
2681.04 0.02032522
2686.5099999999998 0.02110268
2691.9900000000002 0.01943114
2697.46 0.01934594
2702.9399999999996 0.0205235
2708.41 0.02069159
2713.89 0.01918829
2719.36 0.01911563
2724.84 0.0188198
2730.3100000000004 0.01901624
2735.7799999999997 0.02001969
2741.2599999999998 0.01756076
2746.73 0.01768575
2752.21 0.01892228
2757.6800000000003 0.01884772
2763.1499999999996 0.02050735
2768.63 0.02138464
2774.1 0.02316652
2779.57 0.02227116
2785.05 0.01994774
2790.5200000000004 0.02117014
2795.99 0.01881473
2801.46 0.0226466
2806.9300000000003 0.0226734
2812.4100000000003 0.02475587
2817.8799999999997 0.0230574
2823.35 0.02384446
2828.82 0.02349338
2834.29 0.02296656
2839.76 0.02171083
2845.2300000000005 0.01895096
2850.7 0.01767798
2856.17 0.01742312
2861.64 0.02088162
2867.11 0.02063794
2872.58 0.02233866
2878.0499999999997 0.02220203
2883.52 0.02125282
2888.9900000000002 0.0210087
2894.46 0.02250205
2899.93 0.0223289
2905.4 0.02565347
2910.87 0.02551389
2916.33 0.02528814
2921.7999999999997 0.02393323
2927.27 0.02400777
2932.74 0.02399422
2938.2000000000003 0.02365933
2943.67 0.0231761
2949.14 0.02330299
2954.6 0.02320497
2960.07 0.02308962
2965.53 0.02393699
2970.9999999999995 0.02376515
2976.47 0.02366655
2981.93 0.02398608
2987.4 0.02388588
2994.85 0.02331561
3000.32 0.02312487
3005.8 0.02342991
3011.27 0.02344463
3016.74 0.02330106
3022.22 0.02407325
3027.69 0.02376251
3033.16 0.02358128
3038.6400000000003 0.02382641
3044.1099999999997 0.0244226
3049.58 0.02455886
3055.06 0.0241573
3060.53 0.02513354
3066.0 0.0251894
3071.4799999999996 0.02503125
3076.95 0.02510977
3082.43 0.02523403
3087.9 0.02515586
3093.37 0.0251733
3098.8500000000004 0.02518791
3104.3199999999997 0.02709091
3109.7999999999997 0.02696658
3115.27 0.02720162
3120.75 0.02740512
3126.2200000000003 0.02684424
3131.6899999999996 0.02688021
3137.17 0.02688248
3142.64 0.02616669
3148.12 0.02630855
3153.59 0.02632729
3159.0699999999997 0.02596894
3164.5499999999997 0.02737121
3170.02 0.02734077
3175.5 0.02676565
3180.9700000000003 0.02447808
3186.4500000000003 0.02483554
3191.9199999999996 0.02507105
3197.4 0.02505908
3202.87 0.02702056
3208.35 0.02687775
3213.83 0.02634535
3219.2999999999997 0.02644055
3224.7799999999997 0.02433133
3230.25 0.02394005
3235.73 0.023765
3241.21 0.02868781
3246.6800000000003 0.02874769
3252.16 0.02862713
3257.64 0.02859298
3263.11 0.03152289
3268.59 0.03151857
3274.07 0.03128735
3279.5400000000004 0.03118523
3285.02 0.0308764
3290.5 0.0308223
3295.97 0.03083097
3301.4500000000003 0.02999066
3306.9300000000003 0.02997301
3312.3999999999996 0.02993479
3317.88 0.0292528
3323.36 0.02899968
3328.84 0.0288084
3334.31 0.02954932
3339.7900000000004 0.02814232
3345.27 0.03261868
3350.75 0.03225102
3356.22 0.03112451
3361.7000000000003 0.02392687
3367.1800000000003 0.0238482
3372.6600000000003 0.02578793
3378.14 0.03088799
3383.61 0.02995539
3389.09 0.02982636
3394.57 0.02930626
3400.05 0.03360222
3405.5299999999997 0.03355066
3411.0 0.02920112
3416.48 0.02839643
3421.96 0.02936554
3427.44 0.03151295
3432.92 0.0335406
3438.3999999999996 0.02782642
3443.87 0.02761175
3449.35 0.02833455
3454.83 0.03054358
3460.31 0.03047537
3465.7900000000004 0.02808829
3471.27 0.03181057
3476.75 0.03183794
3482.23 0.02878904
3487.7000000000003 0.03075861
3493.1800000000003 0.03056186
3498.6600000000003 0.02841117
3504.14 0.03263952
3509.62 0.03265149
3515.1 0.02900483
3520.58 0.03220722
3526.06 0.03215518
3531.5400000000004 0.02806147
3537.02 0.03266857
3542.5 0.03335865
3547.98 0.03323385
3553.46 0.0330712
3558.94 0.03128736
3564.41 0.03130435
3569.89 0.02708919
3575.37 0.02918178
3580.85 0.02948455
3586.33 0.02455692
3591.81 0.03049348
3597.2900000000004 0.03044696
3602.77 0.03346731
3608.25 0.0333345
3613.73 0.02719513
3619.21 0.02907293
3624.69 0.02808581
3630.1699999999996 0.03239341
3635.65 0.0317744
3641.13 0.03206489
3646.61 0.03007891
3652.09 0.03154774
3657.57 0.03573641
3663.0499999999997 0.03740562
3668.5299999999997 0.03645069
3674.0099999999998 0.03512048
3679.4900000000002 0.03603054
3684.9700000000003 0.03183204
3690.46 0.03192452
3695.9399999999996 0.0352467
3701.42 0.036332
3706.9 0.03320044
3712.38 0.03441377
3717.86 0.03509094
3723.34 0.04129609
3728.8199999999997 0.05220819
3734.2999999999997 0.03942425
3739.7799999999997 0.03035753
3745.26 0.02992051
3750.7400000000002 0.02930097
3756.2200000000003 0.03353966
3761.7 0.03343946
3767.18 0.03199543
3772.66 0.03576047
3778.14 0.03914284
3783.63 0.03761894
3789.11 0.03446045
3794.5899999999997 0.03170077
3800.0699999999997 0.0334671
3805.5499999999997 0.03626773
3811.03 0.03427721
3816.51 0.03068798
3821.9900000000002 0.02842448
3827.4700000000003 0.02632798
3832.95 0.02428605
3838.43 0.02605234
3843.92 0.03150626
3849.4 0.03316824
3854.88 0.03234435
3860.36 0.03378621
3865.8399999999997 0.03659932
3871.3199999999997 0.03502554
3876.8 0.03187779
3882.28 0.03081747
3887.76 0.03233511
3893.2499999999995 0.03540454
3898.7300000000005 0.03690383
3904.21 0.03760339
3909.69 0.03947062
3915.17 0.03955673
3920.65 0.03500607
3926.13 0.02934074
3931.6099999999997 0.02362671
3937.0899999999997 0.02482019
3942.58 0.03250787
3948.06 0.03792613
3953.54 0.03929163
3959.02 0.03504732
3964.5000000000005 0.02520395
3969.98 0.02460061
3975.46 0.03330462
3980.94 0.04078916
3986.42 0.04432447
3991.9100000000003 0.04607041
3997.3900000000003 0.04746645
4002.87 0.04789112
4008.35 0.04887935
4013.83 0.05134187
4019.31 0.05125548
4024.79 0.05109506
4030.2700000000004 0.0480796
4035.7599999999998 0.04878043
4041.24 0.04906659
4046.72 0.04803774
4052.2000000000003 0.04898511
4057.6800000000003 0.04730009
4063.1600000000003 0.046825
4068.64 0.04853179
4074.12 0.047942
4079.61 0.04859142
4085.09 0.0513826
4090.57 0.05229643
4096.05 0.04821018
4101.53 0.04563433
4107.01 0.04758958
4112.49 0.05084572
4117.97 0.05071863
4123.45 0.05027633
4128.93 0.04905955
4134.42 0.04939891
4139.900000000001 0.05011073
4145.38 0.0489772
4150.86 0.04824841
4156.34 0.04860975
4161.82 0.049687
4167.3 0.04833763
4172.78 0.04572769
4178.259999999999 0.04713747
4183.75 0.04831847
4189.23 0.04810136
4194.71 0.0482462
4200.19 0.04614498
4205.67 0.04947351
4211.150000000001 0.05096869
4216.63 0.05097315
4222.11 0.04860363
4227.59 0.04528868
4233.07 0.04899362
4238.55 0.05098093
4244.03 0.05215776
4249.51 0.05000021
4254.99 0.05073614
4260.48 0.05091706
4265.96 0.05190694
4271.4400000000005 0.04801799
4276.92 0.04961358
4282.400000000001 0.05075824
4287.88 0.0481162
4293.36 0.0473441
4298.84 0.0433189
4304.32 0.03999328
4309.8 0.04274163
4315.280000000001 0.05132938
4320.76 0.05471258
4326.24 0.05129808
4331.72 0.05569996
4337.2 0.05386659
4342.68 0.05298519
4348.16 0.05536609
4353.639999999999 0.05615695
4359.12 0.05947525
4364.6 0.0613496
4370.08 0.05911595
4375.56 0.05613895
4381.04 0.05279546
4386.5199999999995 0.0518379
4392.0 0.05436789
4397.4800000000005 0.0554173
4402.96 0.05458392
4408.4400000000005 0.05485602
4413.92 0.05654804
4419.4 0.05808396
4424.88 0.0585328
4430.36 0.05802403
4435.84 0.0590483
4441.320000000001 0.06035774
4446.8 0.06106122
4452.28 0.06138935
4457.76 0.05623319
4463.24 0.05716243
4468.72 0.05987622
4474.2 0.06362896
4479.67 0.06377032
4485.15 0.06298378
4490.63 0.06288636
4496.11 0.06247338
4501.59 0.06537438
4507.070000000001 0.06822447
4512.55 0.0666422
4518.03 0.06523558
4523.51 0.06247405
4528.99 0.05922294
4534.46 0.05983683
4539.9400000000005 0.06264483
4545.42 0.06285165
4550.9 0.06326135
4556.38 0.06491108
4561.86 0.0668203
4567.34 0.06699656
4572.8099999999995 0.06628376
4578.29 0.06500386
4583.7699999999995 0.06406708
4589.25 0.06553461
4594.7300000000005 0.06444089
4600.21 0.06482666
4605.679999999999 0.06613713
4611.16 0.06829919
4616.64 0.06872398
4622.12 0.06851442
4627.6 0.06910985
4633.070000000001 0.06794777
4638.55 0.06548405
4644.03 0.06404993
4649.51 0.06368254
4654.9800000000005 0.06492765
4660.46 0.06542872
4665.9400000000005 0.06371091
4671.42 0.06258681
4676.89 0.06434342
4682.37 0.06488453
4687.85 0.0650851
4693.320000000001 0.06477772
4698.8 0.06363809
4704.28 0.06231074
4709.76 0.06351712
4715.2300000000005 0.06521867
4720.71 0.06749463
4726.1900000000005 0.06642214
4731.66 0.06422578
4737.14 0.0650588
4742.62 0.06746334
4748.09 0.06776018
4753.57 0.06757694
4759.04 0.06606313
4764.5199999999995 0.06442039
4770.0 0.06528249
4775.47 0.0681911
4780.95 0.06850602
4786.42 0.06724056
4791.9 0.06796472
4797.38 0.06880774
4802.85 0.07034775
4808.33 0.07012014
4813.8 0.07130959
4819.280000000001 0.07301871
4824.75 0.07153262
4830.23 0.07128768
4835.7 0.07025968
4841.18 0.07013562
4846.66 0.06944388
4852.13 0.06852594
4857.6 0.06742735
4863.08 0.06590023
4868.55 0.06546405
4874.03 0.06601699
4879.5 0.06815673
4884.98 0.06803889
4890.45 0.06724132
4895.93 0.06991855
4901.400000000001 0.07120949
4906.87 0.07000374
4912.349999999999 0.06923548
4917.82 0.06570727
4923.3 0.06480204
4928.77 0.06826257
4934.24 0.06871603
4939.72 0.06738804
4945.19 0.07022209
4950.67 0.07189641
4956.14 0.07279837
4961.610000000001 0.07183622
4967.09 0.06825998
4972.5599999999995 0.06794291
4978.03 0.06653726
4983.5 0.06359332
4988.9800000000005 0.06571837
4994.45 0.06735524
4999.92 0.07071014
5005.4 0.07867993
5010.87 0.0724222
5016.34 0.06348937
5021.8099999999995 0.0629445
5027.28 0.06383402
5032.759999999999 0.06558493
5038.2300000000005 0.06385461
5043.7 0.06324928
5049.169999999999 0.0657414
5054.64 0.06624297
5060.12 0.06742202
5065.59 0.06652722
5071.0599999999995 0.06474707
5076.530000000001 0.0636261
5082.0 0.06170942
5087.469999999999 0.06409323
5092.9400000000005 0.06543199
5098.41 0.06481283
5103.879999999999 0.06279555
5109.36 0.06292504
5114.83 0.0646302
5120.3 0.06459053
5125.7699999999995 0.06189441
5131.240000000001 0.06184112
5136.71 0.06205027
5142.179999999999 0.06122292
5147.650000000001 0.06075109
5153.12 0.06178945
5158.589999999999 0.06324434
5164.06 0.05912238
5169.53 0.05264605
5175.0 0.05286543
5180.47 0.05548439
5185.929999999999 0.05552691
5191.400000000001 0.06022669
5196.87 0.06316758
5202.34 0.06351251
5207.81 0.06019997
5213.28 0.06164264
5218.75 0.06419812
5224.22 0.06369319
5229.68 0.06362865
5235.15 0.06528145
5240.62 0.06771698
5246.09 0.06726346
5251.5599999999995 0.06550113
5257.02 0.06592907
5262.49 0.06339691
5267.96 0.05887608
5273.43 0.06184727
5278.89 0.06674423
5284.360000000001 0.06941118
5289.83 0.07188795
5295.29 0.07052324
5300.76 0.0697547
5306.23 0.07188734
5311.69 0.07400632
5317.16 0.0724728
5322.63 0.06984575
5328.09 0.06662481
5333.56 0.06872512
5339.0199999999995 0.06991339
5344.49 0.06921131
5349.96 0.07117732
5355.42 0.07431732
5360.89 0.07367136
5366.349999999999 0.0709734
5371.820000000001 0.06877354
5377.28 0.07076417
5382.749999999999 0.07169477
5388.21 0.07040872
5393.679999999999 0.0680041
5399.14 0.06647686
5404.61 0.06622977
5410.07 0.06708698
5415.53 0.06970045
5421.0 0.07048534
5426.46 0.06955825
5431.93 0.06886588
5437.389999999999 0.0699242
5442.85 0.07132628
5448.32 0.06986012
5453.780000000001 0.06952801
5459.24 0.06884578
5464.7 0.06971396
5470.17 0.06973638
5475.63 0.06814055
5481.089999999999 0.06846676
5486.55 0.06929848
5492.0199999999995 0.07035051
5497.4800000000005 0.07026857
5502.94 0.06962899
5508.4 0.06882568
5513.860000000001 0.06904204
5519.33 0.07000652
5524.790000000001 0.0696447
5530.25 0.06953461
5535.71 0.0700831
5541.17 0.07214474
5546.63 0.07237648
5552.089999999999 0.07155446
5557.55 0.07130883
5563.01 0.07022537
5568.47 0.07031905
5573.93 0.06941853
5579.389999999999 0.06957976
5584.85 0.0683458
5590.3099999999995 0.06748823
5595.7699999999995 0.06852104
5601.2300000000005 0.06815697
5606.69 0.07079829
5612.150000000001 0.07092053
5617.61 0.06890118
5623.07 0.06903975
5628.530000000001 0.07047749
5633.98 0.0704879
5639.44 0.0696488
5644.900000000001 0.07070985
5650.36 0.07025744
5655.820000000001 0.0697996
5661.27 0.06825441
5666.73 0.06994662
5672.1900000000005 0.07175847
5677.65 0.07199621
5689.52 0.07026674
5699.23 0.07109177
5708.950000000001 0.06841548
5718.67 0.07294389
5728.379999999999 0.07319663
5738.1 0.07351666
5747.82 0.07310425
5757.53 0.0716313
5767.25 0.07250601
5776.97 0.07188429
5786.679999999999 0.0698258
5796.400000000001 0.07263883
5806.12 0.07278169
5815.84 0.07363828
5825.5599999999995 0.07455202
5835.280000000001 0.07468209
5844.99 0.07481088
5854.71 0.07067435
5864.43 0.06881035
5874.150000000001 0.07205646
5883.87 0.06903582
5893.589999999999 0.0617851
5903.31 0.06852324
5913.030000000001 0.07080743
5922.75 0.07066569
5932.469999999999 0.07044951
5942.1900000000005 0.07191302
5951.91 0.07002919
5961.63 0.07173553
5971.349999999999 0.07274362
5981.08 0.07043384
5990.799999999999 0.0706704
6000.52 0.07050822
6010.24 0.06907592
6019.96 0.06905387
6029.679999999999 0.070761
6039.41 0.07205826
6049.13 0.07241154
6058.85 0.07139859
6068.57 0.07266534
6078.3 0.07239473
6088.0199999999995 0.07056021
6097.740000000001 0.07085944
6107.47 0.07071415
6117.1900000000005 0.07037306
6126.91 0.07036698
6136.639999999999 0.06915229
6146.36 0.06979635
6156.089999999999 0.06786685
6165.81 0.06508176
6175.53 0.06768711
6185.26 0.06821506
6194.98 0.06754935
6204.71 0.06965408
6214.429999999999 0.06603705
6224.16 0.06699848
6233.88 0.06565648
6243.610000000001 0.06512926
6253.339999999999 0.06466431
6263.06 0.06649792
6272.79 0.06854972
6282.51 0.06682337
6292.24 0.06985502
6301.97 0.06993741
6311.69 0.06957148
6321.42 0.06839669
6331.15 0.06964445
6340.87 0.06849263
6350.599999999999 0.06957046
6360.33 0.06760096
6370.0599999999995 0.07067322
6379.780000000001 0.07083854
6389.51 0.07091926
6399.240000000001 0.06890564
6408.97 0.07023464
6418.700000000001 0.06877462
6428.42 0.07079504
6438.150000000001 0.0704447
6447.88 0.0706628
6457.610000000001 0.07158386
6467.34 0.07179016
6477.070000000001 0.0723944
6486.8 0.07270947
6496.52 0.07060451
6506.25 0.07621364
6515.9800000000005 0.07804184
6525.71 0.07799695
6535.4400000000005 0.07877641
6545.17 0.08491203
6554.900000000001 0.08387913
6564.63 0.0897181
6574.360000000001 0.08149334
6584.09 0.09818033
6593.820000000001 0.07966012
6603.55 0.07705228
6613.280000000001 0.07530837
6623.01 0.0749594
6632.749999999999 0.0715623
6642.48 0.07214001
6652.209999999999 0.07003577
6661.94 0.06966238
6671.669999999999 0.06906688
6681.4 0.06935555
6691.129999999999 0.06929316
6700.86 0.0691491
6710.599999999999 0.0714154
6720.33 0.07351358
6730.0599999999995 0.07358573
6739.79 0.06873229
6749.5199999999995 0.0667943
6759.26 0.06691364
6768.990000000001 0.06647301
6778.72 0.06739579
6788.450000000001 0.06601473
6798.19 0.06750125
6807.919999999999 0.06765758
6817.65 0.06774609
6827.379999999999 0.06754931
6837.12 0.0679372
6846.849999999999 0.06786506
6856.58 0.06769135
6866.320000000001 0.06510722
6876.05 0.06685034
6885.780000000001 0.0666478
6895.52 0.06752155
6905.250000000001 0.06730676
6914.98 0.06727449
6924.719999999999 0.06783326
6934.45 0.06764867
6944.179999999999 0.06898417
6953.92 0.06879263
6963.650000000001 0.06859799
6973.39 0.06981729
6983.120000000001 0.06966486
6992.86 0.06874206
7002.589999999999 0.06860498
7012.32 0.06722277
7022.06 0.06993846
7031.79 0.06973402
7041.530000000001 0.0689059
7051.26 0.06875437
7060.999999999999 0.06814835
7070.73 0.06599263
7080.47 0.06577951
7090.2 0.06489068
7099.9400000000005 0.06470277
7109.67 0.06505777
7119.410000000001 0.06515968
7129.14 0.0650858
7138.88 0.06428263
7148.62 0.06404032
7158.35 0.06452249
7168.09 0.06418732
7177.820000000001 0.06401687
7187.5599999999995 0.06199575
7197.29 0.06182264
7207.03 0.06203905
7216.77 0.0659144
7226.5 0.0657478
7236.240000000001 0.06496169
7245.97 0.06480395
7255.71 0.06475881
7265.45 0.06459074
7275.18 0.06785227
7284.92 0.06483922
7294.650000000001 0.06464922
7304.389999999999 0.06641846
7314.13 0.06629649
7323.86 0.06689729
7333.6 0.06892403
7343.34 0.06867245
7353.070000000001 0.06801744
7362.8099999999995 0.06785913
7372.55 0.06935534
7382.28 0.0691569
7392.02 0.06740987
7401.759999999999 0.07064465
7411.49 0.0704728
7421.23 0.06933986
7430.97 0.06916702
7440.71 0.07116562
7450.4400000000005 0.07095012
7460.179999999999 0.07161501
7469.92 0.06998596
7479.65 0.06980692
7489.39 0.07084504
7499.13 0.07068092
7508.87 0.07004672
7518.599999999999 0.06988089
7528.34 0.07013087
7538.08 0.06992908
7547.81 0.07167836
7557.549999999999 0.06992252
7567.29 0.06975624
7577.03 0.07060507
7586.76 0.07044737
7596.500000000001 0.06831494
7606.24 0.06814805
7615.98 0.06811857
7625.71 0.06790222
7635.450000000001 0.06984527
7645.19 0.06856284
7654.929999999999 0.06845854
7664.66 0.06326118
7674.400000000001 0.06308785
7684.14 0.06621165
7693.879999999999 0.06605508
7703.61 0.06624101
7713.35 0.06613114
7723.09 0.06476332
7732.830000000001 0.06584177
7742.56 0.06567695
7752.3 0.06407869
7762.04 0.06395798
7771.780000000001 0.06570884
7781.5199999999995 0.06548697
7791.25 0.06437409
7800.99 0.06423574
7810.7300000000005 0.06604499
7820.47 0.06592711
7830.21 0.06693771
7839.94 0.0663995
7849.68 0.06620836
7859.42 0.06741222
7869.16 0.06733123
7878.889999999999 0.06614148
7888.63 0.06599384
7898.37 0.06387041
7908.110000000001 0.06366921
7917.84 0.06262858
7927.58 0.06244061
7937.32 0.06299484
7947.06 0.06289495
7956.8 0.06392098
7966.53 0.06373108
7976.2699999999995 0.06554114
7986.01 0.06436262
7995.75 0.06423945
8005.4800000000005 0.06586269
8015.219999999999 0.06570365
8024.96 0.06596756
8034.7 0.06575573
8044.43 0.06723271
8054.17 0.06711399
8063.91 0.0674327
8073.65 0.06724838
8083.38 0.06567562
8093.12 0.06552767
8102.86 0.06393352
8112.599999999999 0.06382717
8122.33 0.0646856
8132.07 0.06454035
8141.81 0.0655106
8151.540000000001 0.06534328
8161.28 0.06478589
8171.0199999999995 0.06466053
8180.76 0.06666538
8190.490000000001 0.0664972
8200.23 0.06635429
8209.97 0.06681847
8219.710000000001 0.06665729
8229.44 0.05807144
8239.18 0.0579299
8248.92 0.06797995
8258.65 0.06783027
8268.39 0.06830092
8278.130000000001 0.06808256
8287.86 0.06503498
8297.6 0.06493669
8307.34 0.06195421
8317.07 0.06180243
8326.81 0.064882
8336.550000000001 0.06471221
8346.28 0.06512081
8356.02 0.06501328
8365.76 0.06474343
8375.49 0.06464347
8385.23 0.06172821
8394.960000000001 0.06160956
8404.7 0.06459825
8414.44 0.06444461
8424.17 0.06451496
8433.91 0.06432484
8443.64 0.06221944
8453.380000000001 0.06216012
8463.119999999999 0.06303294
8472.85 0.06290296
8482.59 0.0631323
8492.32 0.06293409
8502.06 0.04671984
8511.79 0.04655237
8521.53 0.06077791
8531.26 0.06064312
8541.0 0.05208458
8550.74 0.05197707
8560.47 0.06164974
8570.210000000001 0.06144788
8579.94 0.06279114
8589.68 0.06262264
8599.41 0.06066323
8609.15 0.06055783
8618.88 0.06241224
8628.62 0.0622843
8638.35 0.06279544
8648.08 0.06259084
8657.82 0.05898482
8667.550000000001 0.05890896
8677.289999999999 0.05925206
8687.02 0.05910799
8696.76 0.06147123
8706.49 0.06127928
8716.22 0.06253853
8725.960000000001 0.06241425
8735.69 0.06231254
8745.43 0.06068315
8755.16 0.06054454
8764.89 0.06132869
8774.63 0.06114178
8784.36 0.0630975
8794.09 0.06298864
8803.83 0.06268379
8813.56 0.06253568
8823.29 0.06327746
8833.029999999999 0.063169
8842.76 0.06032731
8852.49 0.06019178
8862.22 0.06142461
8871.96 0.0612714
8881.69 0.05788361
8891.42 0.05774387
8901.15 0.05949495
8910.89 0.05939375
8920.62 0.05900675
8930.35 0.0588796
8940.08 0.05956348
8949.81 0.05944738
8959.54 0.05923878
8969.279999999999 0.05803479
8977.59 0.05802681
8985.56 0.05884622
8993.529999999999 0.05876762
9001.5 0.05635164
9009.48 0.05628033
9017.45 0.05619876
9025.42 0.05533316
9033.4 0.05525515
9041.369999999999 0.05519101
9049.34 0.06341145
9057.32 0.06358142
9065.28 0.06280655
9073.26 0.06284032
9081.23 0.06195905
9089.199999999999 0.05821103
9097.18 0.05800382
9105.15 0.05788216
9113.12 0.05739098
9121.1 0.05729477
9129.07 0.06064571
9137.039999999999 0.06053268
9145.01 0.06040842
9152.98 0.059213
9160.960000000001 0.05912243
9168.93 0.056291
9176.9 0.05620471
9184.88 0.05611918
9192.85 0.0595239
9200.82 0.05943473
9208.800000000001 0.05935108
9216.76 0.0565201
9224.73 0.05645973
9232.71 0.05751018
9240.68 0.05735466
9248.65 0.05722076
9256.630000000001 0.05747956
9264.6 0.05737991
9272.57 0.05727869
9280.55 0.05965491
9288.52 0.05954555
9296.48 0.05309115
9304.46 0.05299087
9312.43 0.05289818
9320.41 0.06045825
9328.38 0.06035067
9336.35 0.06024935
9344.33 0.06027597
9352.3 0.06015268
9360.27 0.06003901
9368.24 0.05925745
9376.210000000001 0.05914992
9384.18 0.06012135
9392.16 0.06001352
9400.13 0.05990685
9408.1 0.05899041
9416.08 0.05887959
9424.050000000001 0.05877853
9432.03 0.06029664
9440.0 0.06019597
9447.96 0.05969027
9455.94 0.05959129
9463.91 0.05949769
9471.880000000001 0.06075958
9479.86 0.06067274
9487.83 0.0606045
9495.8 0.05973445
9503.779999999999 0.05972357
9511.75 0.0598174
9519.720000000001 0.06101206
9527.69 0.06278214
9535.66 0.06200901
9543.63 0.06012909
9551.61 0.05907551
9559.58 0.05983487
9567.550000000001 0.05962887
9575.53 0.05949399
9583.5 0.06046081
9591.48 0.06034357
9599.44 0.06023755
9607.41 0.05971584
9615.39 0.05960916
9623.36 0.06003563
9631.33 0.05993691
9639.31 0.05983757
9647.28 0.05905853
9655.25 0.05895588
9663.23 0.0588445
9671.199999999999 0.05899717
9679.17 0.05888616
9687.14 0.05878143
9695.11 0.05961136
9703.09 0.05951004
9711.06 0.05941597
9719.029999999999 0.05811937
9727.01 0.05802151
9734.98 0.05804554
9742.95 0.05794525
9750.92 0.05785814
9758.89 0.058286
9766.86 0.05819783
9774.84 0.05810477
9782.81 0.05747842
9790.78 0.05738905
9798.76 0.05730995
9806.73 0.05865659
9814.71 0.05856999
9822.67 0.05849592
9830.640000000001 0.05827081
9838.62 0.05817953
9846.59 0.05813208
9854.56 0.05844737
9862.539999999999 0.05831466
9870.51 0.05806848
9878.48 0.05798743
9886.460000000001 0.05790685
9894.43 0.05742717
9902.4 0.05737331
9910.369999999999 0.05737008
9918.34 0.05790592
9926.310000000001 0.05773695
9934.29 0.05761529
9942.26 0.05790381
9950.24 0.05781399
9958.21 0.05772692
9966.199999999999 0.05788255
9974.199999999999 0.05781203
9982.17 0.05773656
9990.14 0.05764582
9998.12 0.05756835
10006.09 0.05748717
10014.01 0.05765532
10021.94 0.05757395
10029.91 0.05750375
10037.88 0.05744998
10045.86 0.05716494
10053.83 0.05708356
10061.800000000001 0.05691777
10069.779999999999 0.05678533
10077.75 0.05668016
10085.73 0.05657978
10093.7 0.05649106
10101.67 0.05767683
10109.65 0.05760693
10117.62 0.05759517
10125.59 0.05755687
10133.570000000002 0.05737993
10141.54 0.05720538
10149.51 0.0570883
10157.49 0.05698202
10165.46 0.05685314
10173.43 0.0567517
10181.41 0.05665466
10189.38 0.05655262
10197.36 0.05645226
10205.33 0.05685213
10213.300000000001 0.05675815
10221.279999999999 0.05666689
10229.25 0.05657399
10237.22 0.05648374
10245.2 0.0563983
10253.17 0.05694111
10261.14 0.0568526
10269.12 0.05677536
10277.09 0.05673486
10285.06 0.0567262
10293.04 0.05649064
10301.01 0.05634809
10308.980000000001 0.05627785
10316.96 0.05628468
10324.93 0.05623313
10332.91 0.05612129
10340.88 0.05599218
10348.85 0.05582037
10356.83 0.05570172
10364.800000000001 0.05563698
10372.77 0.05556994
10380.75 0.05546643
10388.72 0.05538253
10396.689999999999 0.05564669
10404.67 0.05556392
10412.64 0.05545772
10420.609999999999 0.0553528
10428.59 0.05525386
10436.56 0.05516658
10444.539999999999 0.05508235
10452.509999999998 0.05499955
10460.480000000001 0.05491635
10468.46 0.05483841
10476.43 0.0547608
10484.4 0.05468589
10492.38 0.05460888
10500.35 0.05453234
10508.32 0.05445786
10516.300000000001 0.05438184
10524.27 0.05430334
10532.24 0.05422229
10540.22 0.05414592
10548.189999999999 0.05406883
10556.160000000002 0.05399301
10564.14 0.05391481
10572.109999999999 0.05383834
10580.08 0.05376087
10588.06 0.05368772
10596.03 0.05361731
10604.009999999998 0.05362461
10611.980000000001 0.05355507
10619.95 0.05349397
10627.93 0.05343281
10635.9 0.05337603
10643.869999999999 0.05332431
10651.85 0.05325941
10659.82 0.05318614
10667.789999999999 0.05311332
10675.77 0.05304753
10683.74 0.05297865
10691.710000000001 0.05291203
10699.689999999999 0.05285016
10707.660000000002 0.05279669
10715.630000000001 0.05274643
10723.609999999999 0.05269077
10731.58 0.05264138
10739.56 0.05261174
10747.53 0.05258101
10755.5 0.05252786
10763.480000000001 0.05247698
10771.45 0.05243055
10779.369999999999 0.0524053
10787.3 0.05240845
10795.269999999999 0.05240401
10803.24 0.05231499
10811.22 0.05233727
10819.19 0.05289252
10827.16 0.05495292
10835.140000000001 0.05564554
10843.11 0.05403204
10851.08 0.05287866
10859.06 0.05233778
10867.029999999999 0.05204241
10875.01 0.05184414
10882.98 0.05169895
10890.949999999999 0.05156881
10898.93 0.0514613
10906.9 0.05137636
10914.87 0.05128961
10922.85 0.05121234
10930.820000000002 0.05120534
10938.79 0.05122522
10946.769999999999 0.05107489
10954.74 0.05086991
10962.71 0.05071164
10970.69 0.05056727
10978.66 0.05044557
10986.63 0.05033004
10994.61 0.05021395
11002.58 0.05010116
11010.56 0.04998926
11018.529999999999 0.04967269
11026.499999999998 0.04959146
11034.48 0.04951075
11042.449999999999 0.04943058
11050.42 0.04935497
11058.4 0.04927435
11066.37 0.04918509
11074.34 0.04909008
11082.320000000002 0.04900695
11090.29 0.04892365
11098.26 0.04883843
11106.24 0.04875913
11114.21 0.04867807
11122.19 0.04860151
11130.16 0.0485291
11138.13 0.04845575
11146.11 0.04838586
11154.08 0.04832205
11162.05 0.04825569
11170.029999999999 0.04819756
11177.999999999998 0.04812545
11185.970000000001 0.04805265
11193.949999999999 0.04798075
11201.92 0.04792537
11209.89 0.04829289
11217.87 0.04822902
11225.84 0.04815766
11233.81 0.04809237
11241.79 0.0480245
11249.76 0.04795433
11257.74 0.04789494
11265.71 0.04783874
11273.679999999998 0.04777141
11281.66 0.04770717
11289.63 0.04763701
11297.6 0.04756134
11305.58 0.04750045
11313.550000000001 0.04742072
11321.52 0.04734813
11329.499999999998 0.04728548
11337.470000000001 0.04721349
11345.44 0.04714347
11353.42 0.04707605
11361.39 0.04700588
11369.359999999999 0.04693615
11377.34 0.04686475
11385.31 0.0467949
11393.29 0.04673023
11401.26 0.04795426
11409.23 0.04788956
11417.21 0.04781625
11425.179999999998 0.04774802
11433.150000000001 0.04767566
11441.13 0.04759761
11449.1 0.04752622
11457.07 0.04747257
11465.050000000001 0.04742734
11473.02 0.04735795
11480.99 0.04727506
11488.970000000001 0.04719633
11496.94 0.04712326
11504.92 0.04705969
11512.89 0.04699494
11520.859999999999 0.04693365
11528.830000000002 0.046872
11536.81 0.04680657
11544.68 0.04674593
11552.66 0.04668507
11560.630000000001 0.04661783
11568.6 0.0465521
11576.58 0.04649047
11584.55 0.04642731
11592.519999999999 0.04636337
11600.5 0.04651237
11608.47 0.04644873
11616.45 0.04639955
11624.42 0.04635424
11632.39 0.04629012
11640.369999999999 0.04620958
11648.34 0.04613749
11656.310000000001 0.0460767
11664.289999999999 0.04601125
11672.26 0.0459499
11680.23 0.04588701
11688.210000000001 0.04581976
11696.18 0.04575413
11704.15 0.0456945
11712.130000000001 0.04563457
11720.1 0.04557529
11728.07 0.04551492
11736.05 0.04545254
11744.019999999999 0.04539247
11752.0 0.04533274
11759.97 0.04527054
11767.939999999999 0.04520394
11775.92 0.04513986
11783.89 0.04508166
11791.86 0.04502364
11799.839999999998 0.04506586
11807.810000000001 0.04500621
11815.78 0.04494856
11823.76 0.04488262
11831.73 0.04481524
11839.699999999999 0.0447616
11847.68 0.04471173
11855.65 0.04465669
11863.619999999999 0.04460181
11871.6 0.04456079
11879.57 0.04453842
11887.54 0.0444852
11895.519999999999 0.04439346
11903.490000000002 0.04431768
11911.47 0.04425144
11919.439999999999 0.04418436
11927.41 0.04412051
11935.39 0.04406154
11943.36 0.04400395
11951.33 0.04394168
11959.310000000001 0.04388442
11967.28 0.04382745
11975.25 0.04376577
11983.23 0.04370651
11991.199999999999 0.04364807
11999.169999999998 0.04359238
12007.15 0.04403486
12015.119999999999 0.04397798
12023.1 0.04392253
12031.07 0.0438622
12039.04 0.0438018
12047.019999999999 0.04374699
12054.990000000002 0.04369017
12062.960000000001 0.04363359
12070.939999999999 0.04357692
12078.91 0.04351911
12086.88 0.04346312
12094.86 0.04340776
12102.83 0.04334991
12110.8 0.04329341
12118.78 0.04323726
12126.75 0.04318136
12134.720000000001 0.04312536
12142.699999999999 0.04306982
12150.669999999998 0.04301856
12158.65 0.04296517
12166.619999999999 0.04290558
12174.59 0.04284712
12182.57 0.04278786
12190.54 0.04273375
12198.51 0.04268192
12206.490000000002 0.04321164
12214.460000000001 0.04315556
12222.43 0.04310025
12230.41 0.04304393
12238.38 0.04298819
12246.349999999999 0.04293435
12254.33 0.04288113
12262.3 0.04282405
12270.28 0.04276686
12278.25 0.04271051
12286.220000000001 0.04265873
12294.199999999999 0.04260166
12302.169999999998 0.04254806
12310.039999999999 0.04249706
12318.02 0.04244455
12325.99 0.04239651
12333.96 0.04234438
12341.94 0.04228122
12349.91 0.04223102
12357.880000000001 0.04217816
12365.859999999999 0.04212531
12373.829999999998 0.04207178
12381.81 0.04201967
12389.779999999999 0.04196635
12397.75 0.0421003
12405.73 0.04205044
12413.7 0.04199842
12421.67 0.04194539
12429.650000000001 0.04189503
12437.62 0.0418412
12445.59 0.04178673
12453.57 0.04173783
12461.539999999999 0.04168983
12469.509999999998 0.04164633
12477.49 0.04159879
12485.46 0.04155396
12493.43 0.04150662
12501.41 0.04146101
12509.380000000001 0.04142646
12517.359999999999 0.04143898
12525.329999999998 0.04143619
12533.300000000001 0.04134335
12541.279999999999 0.04125294
12549.25 0.0412218
12557.22 0.04124679
12565.2 0.04129321
12573.17 0.0412354
12581.14 0.04108646
12589.12 0.04096968
12597.09 0.04088965
12605.06 0.04119702
12613.039999999999 0.04114453
12621.009999999998 0.04108996
12628.980000000001 0.04103722
12636.96 0.04098732
12644.93 0.04093996
12652.91 0.04089259
12660.880000000001 0.04084938
12668.85 0.04081097
12676.829999999998 0.04076765
12684.800000000001 0.04072695
12692.77 0.04069151
12700.75 0.04065794
12708.72 0.0406184
12716.689999999999 0.04058008
12724.67 0.04053972
12732.64 0.04050123
12740.61 0.04046062
12748.59 0.04042126
12756.56 0.04038724
12764.539999999999 0.04035629
12772.509999999998 0.04034186
12780.480000000001 0.04033978
12788.46 0.04032553
12796.43 0.04031029
12804.4 0.04068664
12812.380000000001 0.04079705
12820.35 0.04086479
12828.32 0.04068218
12836.300000000001 0.04046497
12844.27 0.04033969
12852.24 0.040261
12860.22 0.04018806
12868.189999999999 0.04012176
12876.160000000002 0.0400591
12884.14 0.0399949
12892.11 0.03992973
12900.08 0.03985547
12908.06 0.03978782
12916.03 0.03972953
12924.009999999998 0.03968013
12931.980000000001 0.03964577
12939.95 0.03961301
12947.93 0.03957138
12955.9 0.0395069
12963.869999999999 0.03944165
12971.85 0.03936427
12979.82 0.03928863
12987.789999999999 0.03921861
12995.77 0.03915035
13003.74 0.0393519
13011.710000000001 0.0392909
13019.689999999999 0.039234
13027.660000000002 0.03917612
13035.630000000001 0.03912181
13043.61 0.03907289
13051.58 0.03902187
13059.56 0.03897267
13067.48 0.03892856
13075.4 0.03888174
13083.38 0.0388308
13091.349999999999 0.03878218
13099.320000000002 0.0387329
13107.3 0.03868899
13115.27 0.03864529
13123.24 0.03860053
13131.22 0.03855392
13139.19 0.03851137
13147.16 0.03846469
13155.140000000001 0.03842238
13163.11 0.03838495
13171.08 0.03834296
13179.06 0.03829644
13187.029999999999 0.03825654
13195.01 0.0384023
13202.98 0.03838136
13210.949999999999 0.03833724
13218.93 0.03826329
13226.9 0.03819265
13234.87 0.03814018
13242.849999999999 0.03808888
13250.820000000002 0.03804035
13258.79 0.03799858
13266.77 0.03794791
13274.74 0.03790746
13282.71 0.0378617
13290.69 0.03780957
13298.66 0.03775919
13306.63 0.03771631
13314.61 0.03766671
13322.58 0.03761845
13330.56 0.03757948
13338.529999999999 0.03753379
13346.499999999998 0.03748385
13354.48 0.03744309
13362.449999999999 0.03739867
13370.42 0.03735207
13378.4 0.0373055
13386.37 0.03725888
13394.34 0.0372147
13402.320000000002 0.03716559
13410.29 0.03763112
13418.26 0.03759053
13426.24 0.03754411
13434.21 0.03750034
13442.19 0.03745477
13450.16 0.03741219
13458.13 0.03736855
13466.11 0.03731596
13474.08 0.03727394
13482.050000000001 0.03723077
13490.029999999999 0.03718731
13498.000000000002 0.03714398
13505.970000000001 0.03710072
13513.949999999999 0.03705749
13521.92 0.03701439
13529.89 0.03697137
13537.87 0.03692837
13545.84 0.0368855
13553.81 0.0368427
13561.79 0.03679992
13569.76 0.03675727
13577.74 0.03671464
13585.71 0.03667214
13593.679999999998 0.03662972
13601.66 0.03658732
13609.63 0.03687827
13617.6 0.03683567
13625.58 0.03679311
13633.550000000001 0.03675066
13641.52 0.03670829
13649.500000000002 0.03666594
13657.470000000001 0.03662372
13665.44 0.03658157
13673.42 0.03653944
13681.39 0.03649744
13689.37 0.03645546
13697.34 0.0364136
13705.31 0.03637181
13713.29 0.03633005
13721.26 0.03628841
13729.23 0.03624684
13737.21 0.03620529
13745.179999999998 0.03616387
13753.150000000001 0.03612252
13761.13 0.03608118
13769.1 0.03603998
13777.07 0.03599883
13785.050000000001 0.03595771
13793.02 0.03591672
13800.99 0.03563376
13808.970000000001 0.03559313
13816.94 0.03555263
13824.92 0.03551214
13832.84 0.03547202
13840.76 0.03543197
13848.74 0.03539169
13856.710000000001 0.03535153
13864.68 0.03531143
13872.660000000002 0.03527136
13880.630000000001 0.03523141
13888.6 0.03519152
13896.58 0.03515166
13904.55 0.0351119
13912.519999999999 0.03507222
13920.5 0.03503255
13928.47 0.03499301
13936.45 0.03495348
13944.42 0.03491407
13952.39 0.03487472
13960.369999999999 0.03483539
13968.339999999998 0.03479618
13976.310000000001 0.03475703
13984.289999999999 0.03471791
13992.26 0.03428951
14000.23 0.034251
14008.210000000001 0.03421252
14016.18 0.03417415
14024.15 0.03413583
14032.130000000001 0.03409754
14040.1 0.03405936
14048.07 0.03402125
14056.05 0.03398318
14064.019999999999 0.03394272
14072.0 0.03390293
14079.97 0.03386521
14087.94 0.03383712
14095.92 0.0338038
14103.89 0.03376264
14111.86 0.03371723
14119.839999999998 0.03367816
14127.810000000001 0.03363613
14135.78 0.03359708
14143.76 0.03356807
14151.73 0.03352974
14159.699999999999 0.03349467
14167.68 0.03346346
14175.65 0.03342776
14183.619999999999 0.03339243
14191.6 0.03335203
14199.57 0.03331
14207.54 0.03381024
14215.519999999999 0.03376842
14223.490000000002 0.03372745
14231.47 0.03369113
14239.44 0.03366152
14247.41 0.03363113
14255.39 0.03359398
14263.36 0.03356671
14271.33 0.03353247
14279.310000000001 0.0335003
14287.28 0.03348804
14295.25 0.0335122
14303.23 0.03350921
14311.199999999999 0.03343112
14319.170000000002 0.03334268
14327.15 0.03328459
14335.119999999999 0.03324101
14343.1 0.03320842
14351.07 0.03315703
14359.04 0.03311744
14367.019999999999 0.03308386
14374.990000000002 0.03304759
14382.960000000001 0.03301158
14390.94 0.03297171
14398.91 0.03293253
14406.88 0.03289763
14414.86 0.03286188
14422.83 0.03381028
14430.8 0.03377243
14438.78 0.03373388
14446.75 0.03369328
14454.720000000001 0.03365802
14462.699999999999 0.03362318
14470.670000000002 0.03359028
14478.65 0.03355827
14486.619999999999 0.03352005
14494.59 0.03348413
14502.57 0.03344568
14510.54 0.03340834
14518.51 0.0333745
14526.490000000002 0.03333772
14534.460000000001 0.03329761
14542.43 0.03326309
14550.41 0.03322625
14558.38 0.03318571
14566.349999999999 0.03315354
14574.33 0.03311972
14582.3 0.0330903
14590.28 0.03305318
14598.150000000001 0.03301356
14606.12 0.03297424
14614.1 0.03293342
14622.07 0.03274823
14630.039999999999 0.03271941
14638.02 0.03269025
14645.99 0.03265604
14653.96 0.03261714
14661.94 0.03257678
14669.91 0.03253853
14677.880000000001 0.0325152
14685.859999999999 0.03248634
14693.830000000002 0.03244485
14701.800000000001 0.03240891
14709.779999999999 0.03237551
14717.75 0.03233872
14725.72 0.03230772
14733.7 0.03227631
14741.67 0.03224348
14749.650000000001 0.03221099
14757.62 0.0321771
14765.59 0.0321445
14773.57 0.03210814
14781.539999999999 0.03207297
14789.509999999998 0.03204054
14797.49 0.03200449
14805.46 0.03291809
14813.43 0.03288596
14821.41 0.0328507
14829.380000000001 0.03281575
14837.35 0.03278123
14845.330000000002 0.03274995
14853.300000000001 0.03271722
14861.279999999999 0.03268201
14869.25 0.032643
14877.22 0.0326028
14885.2 0.03256968
14893.17 0.03254011
14901.14 0.03250708
14909.12 0.03247467
14917.09 0.03244316
14925.060000000001 0.03241178
14933.039999999999 0.03237723
14941.009999999998 0.0323437
14948.980000000001 0.03231091
14956.96 0.03227896
14964.93 0.03224863
14972.9 0.03221284
14980.880000000001 0.03217594
14988.85 0.03214138
14996.830000000002 0.03306173
15004.800000000001 0.03302689
15012.77 0.03299435
15020.75 0.03295594
15028.72 0.03291481
15036.689999999999 0.03287607
15044.67 0.03284113
15052.64 0.03280829
15060.61 0.03277942
15068.59 0.03275194
15076.560000000001 0.03272093
15084.53 0.03269021
15092.509999999998 0.03265385
15100.480000000001 0.03261667
15108.46 0.03258292
15116.43 0.03255143
15124.4 0.03251671
15132.380000000001 0.03248217
15140.35 0.03245179
15148.32 0.03242035
15156.300000000001 0.03238579
15164.27 0.0323486
15172.24 0.03231463
15180.22 0.03228427
15188.189999999999 0.03225425
15196.160000000002 0.03222107
15204.14 0.03351926
15212.11 0.03348326
15220.08 0.03344757
15228.060000000001 0.03341089
15236.03 0.03337762
15244.0 0.03334386
15251.980000000001 0.03330963
15259.95 0.03327713
15267.93 0.03324588
15275.9 0.03321207
15283.869999999999 0.03317492
15291.85 0.03314003
15299.82 0.03310984
15307.789999999999 0.03307958
15315.77 0.03304962
15323.74 0.03302428
15331.710000000001 0.03300151
15339.689999999999 0.0329678
15347.66 0.03292659
15355.630000000001 0.03288554
15363.51 0.0328472
15371.48 0.03281063
15379.460000000001 0.03277638
15387.43 0.03273876
15395.4 0.03270183
15403.38 0.03266735
15411.349999999999 0.03322965
15419.320000000002 0.03319447
15427.3 0.03315918
15435.27 0.03312971
15443.24 0.0331008
15451.220000000001 0.03305826
15459.19 0.03303001
15467.16 0.03300093
15475.140000000001 0.03296875
15483.11 0.0329406
15491.08 0.03290697
15499.06 0.0328665
15507.029999999999 0.03282979
15515.01 0.03279778
15522.98 0.03276662
15530.949999999999 0.0327318
15538.93 0.03269917
15546.9 0.03266577
15554.87 0.0326313
15562.849999999999 0.03259728
15570.820000000002 0.03256015
15578.79 0.03251934
15586.77 0.03247705
15594.74 0.03245157
15602.71 0.03242706
15610.69 0.03261723
15618.66 0.03258795
15626.63 0.0325528
15634.61 0.03251903
15642.58 0.03248801
15650.56 0.03245654
15658.529999999999 0.03242159
15666.500000000002 0.03239827
15674.48 0.03236757
15682.449999999999 0.0323272
15690.42 0.03229681
15698.4 0.03226774
15706.37 0.0322381
15714.34 0.03220568
15722.320000000002 0.03217409
15730.29 0.03214083
15738.26 0.03210016
15746.24 0.03206539
15754.21 0.03203282
15762.19 0.03199689
15770.16 0.03196227
15778.13 0.03193181
15786.11 0.03190419
15794.08 0.03187577
15802.050000000001 0.03185027
15810.029999999999 0.03160613
15818.000000000002 0.03157075
15825.970000000001 0.03153502
15833.95 0.03150424
15841.92 0.03148101
15849.89 0.03145851
15857.87 0.03142795
15865.84 0.03139761
15873.81 0.03136452
15881.79 0.03132618
15889.76 0.03128828
15897.74 0.03125103
15905.71 0.03122025
15913.679999999998 0.03119404
15921.66 0.03116641
15929.63 0.03113949
15937.6 0.03111065
15945.58 0.0310798
15953.550000000001 0.03104782
15961.52 0.03101246
15969.500000000002 0.03097589
15977.470000000001 0.03094996
15985.44 0.03092684
15993.42 0.03090155
16001.39 0.03087138
16009.37 0.03168721
16017.34 0.03165746
16025.31 0.03162262
16033.29 0.03159205
16041.26 0.03155732
16049.230000000001 0.03152316
16057.21 0.03149284
16065.179999999998 0.03146647
16073.15 0.03143928
16081.13 0.03141064
16089.1 0.03138114
16097.07 0.03135475
16105.050000000001 0.03132971
16113.02 0.03130008
16120.939999999999 0.03126324
16128.869999999999 0.03122813
16136.839999999998 0.0311977
16144.82 0.03116482
16152.789999999999 0.03113217
16160.76 0.03110144
16168.74 0.03107488
16176.710000000001 0.03103973
16184.68 0.03100078
16192.660000000002 0.03138539
16200.630000000001 0.03134929
16208.6 0.03132254
16216.58 0.03129655
16224.55 0.03127132
16232.519999999999 0.0312452
16240.5 0.03121354
16248.47 0.03118297
16256.45 0.03115802
16264.42 0.03113117
16272.390000000001 0.03110414
16280.369999999999 0.03107663
16288.339999999998 0.03104981
16296.310000000001 0.03102293
16304.289999999999 0.03099081
16312.26 0.03095724
16320.23 0.03092793
16328.210000000001 0.0308989
16336.18 0.03086641
16344.15 0.03083529
16352.130000000001 0.03080587
16360.1 0.03078096
16368.08 0.03075418
16376.05 0.03072345
16384.02 0.03069683
16392.0 0.03067505
16399.969999999998 0.03099627
16407.940000000002 0.03097651
16415.92 0.03097129
16423.89 0.03098633
16431.86 0.03101524
16439.84 0.03100852
16447.81 0.03093813
16455.78 0.03084898
16463.760000000002 0.03078513
16471.73 0.03073696
16479.71 0.03069514
16487.68 0.03066252
16495.649999999998 0.03063425
16503.63 0.03060288
16511.6 0.03057474
16519.57 0.03054256
16527.54 0.03050868
16535.52 0.03047424
16543.49 0.03044215
16551.469999999998 0.03041762
16559.440000000002 0.03039543
16567.41 0.03036899
16575.39 0.03034093
16583.36 0.0303118
16591.329999999998 0.03028228
16599.31 0.03025389
16607.28 0.03022288
16615.25 0.03046485
16623.23 0.03043827
16631.2 0.03041557
16639.18 0.03038712
16647.149999999998 0.03035571
16655.120000000003 0.03032276
16663.1 0.03029217
16671.07 0.03026374
16679.04 0.03023898
16687.02 0.03021119
16694.99 0.03018452
16702.96 0.03015912
16710.940000000002 0.03013199
16718.91 0.03010364
16726.88 0.03007552
16734.86 0.03004839
16742.829999999998 0.03002395
16750.8 0.02999636
16758.78 0.02997364
16766.75 0.02995722
16774.72 0.02993762
16782.7 0.0299095
16790.670000000002 0.0298802
16798.649999999998 0.02985371
16806.620000000003 0.02989255
16814.59 0.02986157
16822.57 0.02982773
16830.54 0.02979464
16838.51 0.02976311
16846.49 0.02973142
16854.46 0.02969954
16862.43 0.02967322
16870.41 0.02965028
16878.38 0.02962512
16886.31 0.02959783
16894.23 0.02957156
16902.2 0.02954288
16910.18 0.02951309
16918.15 0.02948552
16926.12 0.02946126
16934.100000000002 0.02943599
16942.07 0.02940859
16950.04 0.02937888
16958.02 0.02934824
16965.989999999998 0.02931902
16973.96 0.02929484
16981.94 0.02926621
16989.91 0.02923854
16997.88 0.02914825
17005.86 0.02912338
17013.83 0.02909521
17021.8 0.02906705
17029.780000000002 0.02903688
17037.75 0.02901027
17045.73 0.02898577
17053.7 0.02895651
17061.67 0.0289272
17069.65 0.0288942
17077.62 0.02886825
17085.59 0.02884143
17093.57 0.0288157
17101.54 0.02878879
17109.510000000002 0.02875968
17117.489999999998 0.0287368
17125.46 0.02871507
17133.44 0.02869489
17141.41 0.02867386
17149.38 0.02864912
17157.36 0.02861849
17165.33 0.02859607
17173.3 0.02856999
17181.280000000002 0.0285372
17189.25 0.02851276
17197.22 0.0280408
17205.2 0.02801475
17213.17 0.02798779
17221.14 0.02796313
17229.12 0.02794055
17237.09 0.02790981
17245.06 0.02788578
17253.04 0.02786357
17261.010000000002 0.02784321
17268.98 0.02781632
17276.96 0.0277915
17284.93 0.02775859
17292.91 0.02772882
17300.88 0.02770984
17308.85 0.02768424
17316.83 0.02765933
17324.8 0.02763719
17332.77 0.02761356
17340.75 0.02759393
17348.72 0.02757929
17356.69 0.02756168
17364.67 0.02754438
17372.64 0.02752012
17380.62 0.02748883
17388.59 0.0274607
17396.56 0.02718692
17404.54 0.02716016
17412.510000000002 0.02713307
17420.48 0.02710569
17428.46 0.0270849
17436.43 0.02706275
17444.4 0.02703836
17452.38 0.0270162
17460.35 0.02699284
17468.32 0.02697116
17476.3 0.02695092
17484.27 0.02692388
17492.239999999998 0.02689258
17500.22 0.02686187
17508.19 0.02683609
17516.16 0.02680867
17524.14 0.02678307
17532.11 0.02675957
17540.09 0.02673599
17548.06 0.0267102
17556.03 0.02668725
17564.010000000002 0.02666259
17571.98 0.02663809
17579.95 0.02660536
17587.93 0.02656448
17595.9 0.0261065
17603.87 0.02607395
17611.85 0.02605676
17619.82 0.02603513
17627.79 0.02601157
17635.77 0.02598871
17643.74 0.02596244
17651.61 0.02594174
17659.59 0.0259226
17667.56 0.02589836
17675.53 0.02586879
17683.51 0.02584355
17691.48 0.02582439
17699.46 0.02580101
17707.43 0.02577505
17715.399999999998 0.02575728
17723.38 0.02573581
17731.35 0.02570949
17739.32 0.02569675
17747.3 0.02568193
17755.27 0.02565361
17763.24 0.02563117
17771.22 0.02561616
17779.19 0.02559543
17787.16 0.02556644
17795.14 0.02554177
17803.11 0.02524246
17811.079999999998 0.02522494
17819.06 0.02520595
17827.03 0.02518728
17835.0 0.02516372
17842.98 0.02514238
17850.95 0.02512087
17858.93 0.02510579
17866.899999999998 0.0250932
17874.87 0.02507014
17882.85 0.02504783
17890.82 0.02503195
17898.79 0.02500778
17906.77 0.02498259
17914.74 0.02496264
17922.71 0.02494201
17930.69 0.02493494
17938.66 0.02491274
17946.629999999997 0.02486433
17954.61 0.02483753
17962.579999999998 0.02482642
17970.55 0.02481854
17978.53 0.02480297
17986.5 0.02478291
17994.47 0.02476479
18002.45 0.02417762
18010.420000000002 0.02414827
18018.4 0.02413246
18026.37 0.02411026
18034.34 0.02409392
18042.32 0.02407317
18050.29 0.02403529
18058.26 0.02400331
18066.24 0.0239976
18072.22 0.02393898
18139.79 0.02384275
18189.63 0.02371631
18239.46 0.0234857
18289.3 0.0233619
18339.129999999997 0.02323913
18388.97 0.02311734
18438.8 0.02263966
18488.64 0.02252175
18538.47 0.02240482
18588.3 0.02228883
18638.14 0.02178147
18727.940000000002 0.02201816
18735.92 0.02204449
18743.89 0.022208
18751.86 0.02246744
18759.84 0.02248001
18767.81 0.02237832
18775.78 0.02221333
18783.760000000002 0.02195982
18791.73 0.02181667
18799.7 0.02176787
18807.68 0.02157793
18815.649999999998 0.02153083
18823.620000000003 0.02149843
18831.6 0.02148188
18839.57 0.02145611
18847.54 0.02138815
18855.52 0.02135667
18863.49 0.02132403
18871.46 0.02127865
18879.440000000002 0.02125804
18887.41 0.02123014
18895.39 0.02120749
18903.36 0.02118521
18911.329999999998 0.02116987
18919.31 0.02115725
18927.28 0.02114291
18935.25 0.02114946
18943.23 0.02111077
18951.2 0.02106023
18959.170000000002 0.02103181
18967.149999999998 0.02101438
18975.120000000003 0.02096644
18983.09 0.02094759
18991.07 0.0209468
18999.04 0.02092207
19007.02 0.02084483
19014.99 0.02078376
19022.96 0.02075778
19030.940000000002 0.02073511
19038.91 0.02071363
19046.88 0.02069931
19054.86 0.02065986
19062.829999999998 0.02061645
19070.8 0.02061183
19078.78 0.02061463
19086.75 0.02058169
19094.72 0.02056791
19102.7 0.02056581
19110.670000000002 0.02054079
19118.64 0.02051519
19126.620000000003 0.02050638
19134.59 0.02050948
19142.57 0.02049646
19150.54 0.02047385
19158.51 0.02044198
19166.49 0.0204235
19174.41 0.02042455
19182.33 0.02040747
19190.309999999998 0.02037686
19198.280000000002 0.02037146
19206.25 0.02013607
19214.23 0.02011935
19222.2 0.02010035
19230.18 0.02006394
19238.15 0.02004189
19246.12 0.02003353
19254.100000000002 0.02001759
19262.07 0.0199979
19270.04 0.01998559
19278.02 0.01997448
19285.989999999998 0.01995098
19293.960000000003 0.01993506
19301.94 0.0199198
19309.91 0.01989855
19317.88 0.01988669
19325.86 0.01987623
19333.83 0.01986134
19341.8 0.01984431
19349.780000000002 0.01983766
19357.75 0.01981257
19365.72 0.01979334
19373.7 0.01977883
19381.67 0.019775
19389.65 0.01976119
19397.62 0.01975083
19405.59 0.01930652
19413.57 0.01929158
19421.54 0.01927362
19429.510000000002 0.01926257
19437.489999999998 0.01925997
19445.460000000003 0.019255
19453.43 0.01924168
19461.41 0.01921551
19469.38 0.01918921
19477.36 0.01916707
19485.33 0.01914927
19493.3 0.01912925
19501.280000000002 0.01911259
19509.25 0.01909506
19517.22 0.0190769
19525.2 0.01906748
19533.17 0.01905774
19541.14 0.01904678
19549.12 0.0190342
19557.09 0.01902781
19565.06 0.01903698
19573.04 0.01904077
19581.010000000002 0.0190178
19588.98 0.01899351
19596.960000000003 0.0189699
19604.93 0.01879071
19612.9 0.01880475
19620.88 0.01885415
19628.85 0.018893
19636.83 0.01887296
19644.8 0.01880584
19652.77 0.01872772
19660.75 0.01867718
19668.72 0.01864951
19676.69 0.01862416
19684.67 0.01860254
19692.64 0.01858554
19700.61 0.0185675
19708.59 0.0185503
19716.56 0.01853151
19724.54 0.01851131
19732.510000000002 0.01849525
19740.48 0.01847804
19748.460000000003 0.01846223
19756.43 0.01845305
19764.4 0.01844398
19772.38 0.0184263
19780.35 0.01840461
19788.32 0.01838512
19796.3 0.01837187
19804.27 0.01836177
19812.24 0.01810195
19820.22 0.01808789
19828.190000000002 0.01807628
19836.16 0.01806235
19844.14 0.01804468
19852.11 0.01802966
19860.08 0.01801474
19868.06 0.01800099
19876.03 0.0179878
19884.010000000002 0.01797337
19891.98 0.01796029
19899.95 0.01794827
19907.93 0.01793293
19915.9 0.01791874
19923.87 0.01790348
19931.85 0.01788882
19939.77 0.01787711
19947.69 0.01786468
19955.670000000002 0.01785098
19963.64 0.01783354
19971.620000000003 0.01781761
19979.59 0.01780643
19987.56 0.01779412
19995.54 0.0177775
20003.510000000002 0.0177664
20011.480000000003 0.01775578
20019.46 0.01773835
20027.43 0.01772518
20035.4 0.01771484
20043.38 0.01770043
20051.350000000002 0.0176891
20059.32 0.01767605
20067.300000000003 0.01766126
20075.27 0.01764871
20083.24 0.01763602
20091.22 0.01762253
20099.19 0.01760815
20107.16 0.01759497
20115.14 0.01758234
20123.11 0.01756861
20131.09 0.01755439
20139.06 0.01754027
20147.03 0.01752798
20155.01 0.01751352
20162.98 0.01749847
20170.949999999997 0.01748658
20178.93 0.01747788
20186.899999999998 0.01745969
20194.87 0.01745093
20202.85 0.01720543
20210.82 0.01718974
20218.79 0.01717573
20226.769999999997 0.01716384
20234.74 0.01715081
20242.710000000003 0.01713641
20250.69 0.01712331
20258.66 0.01711265
20266.63 0.01710039
20274.61 0.0170877
20282.58 0.01707325
20290.56 0.01705938
20298.530000000002 0.01704763
20306.5 0.01703562
20314.480000000003 0.01702583
20322.45 0.01702305
20330.420000000002 0.01702582
20338.4 0.01700995
20346.37 0.01699116
20354.34 0.01696607
20362.32 0.01694941
20370.29 0.01693659
20378.27 0.01692357
20386.24 0.01691062
20394.21 0.01689849
20402.19 0.01688705
20410.16 0.01691113
20418.129999999997 0.01689887
20426.11 0.01688823
20434.079999999998 0.01687812
20442.05 0.01686717
20450.03 0.0168534
20458.0 0.01683665
20465.97 0.01682219
20473.949999999997 0.01681012
20481.92 0.01679463
20489.890000000003 0.01677717
20497.87 0.01676179
20505.84 0.01674713
20513.81 0.01674136
20521.79 0.01672621
20529.760000000002 0.01670389
20537.74 0.01668633
20545.710000000003 0.01667067
20553.68 0.01665603
20561.66 0.01664436
20569.63 0.01664315
20577.6 0.01664426
20585.58 0.01663862
20593.55 0.01662408
20601.52 0.01646156
20609.5 0.0164463
20617.47 0.01643304
20625.45 0.01641881
20633.420000000002 0.01640622
20641.39 0.01639395
20649.37 0.01638348
20657.34 0.01637592
20665.309999999998 0.01636421
20673.29 0.01634875
20681.26 0.01633521
20689.23 0.01632399
20697.21 0.01630992
20705.079999999998 0.01629671
20713.050000000003 0.01628683
20721.03 0.01627842
20729.000000000004 0.01626808
20736.97 0.01625604
20744.95 0.01624407
20752.920000000002 0.01623107
20760.89 0.01621948
20768.870000000003 0.01620677
20776.84 0.01619436
20784.820000000003 0.01618179
20792.79 0.01602769
20800.760000000002 0.01601594
20808.74 0.01600282
20816.71 0.01599136
20824.68 0.01597876
20832.66 0.01596623
20840.63 0.01595413
20848.6 0.01594154
20856.58 0.01593067
20864.55 0.0159193
20872.53 0.01590803
20880.5 0.01589679
20888.469999999998 0.01588584
20896.45 0.01587266
20904.42 0.01586061
20912.39 0.0158486
20920.37 0.01583804
20928.34 0.01582644
20936.309999999998 0.01581283
20944.289999999997 0.01580166
20952.26 0.01579007
20960.230000000003 0.01577655
20968.21 0.01576384
20976.18 0.01575453
20984.15 0.01574353
20992.13 0.01573281
21000.100000000002 0.0157235
21008.07 0.01571169
21016.050000000003 0.01569857
21024.02 0.01568532
21032.0 0.01567566
21039.97 0.01566463
21047.940000000002 0.01565309
21055.920000000002 0.01564129
21063.89 0.01562954
21071.86 0.01561834
21079.84 0.01560694
21087.81 0.01559734
21095.78 0.01558797
21103.760000000002 0.01557575
21111.73 0.01556475
21119.71 0.01555329
21127.68 0.01554033
21135.649999999998 0.0155301
21143.62 0.01552426
21151.6 0.0155116
21159.57 0.01549592
21167.539999999997 0.01548381
21175.52 0.01547326
21183.489999999998 0.01546241
21191.469999999998 0.0154544
21199.44 0.0154218
21207.410000000003 0.01543017
21215.39 0.0154328
21223.359999999997 0.01541885
21231.33 0.01539199
21239.309999999998 0.01536537
21247.280000000002 0.01534574
21255.25 0.01533311
21263.230000000003 0.01532106
21271.2 0.0153088
21279.18 0.01529595
21287.15 0.01528372
21295.12 0.01527817
21303.100000000002 0.01527135
21311.07 0.01526006
21319.04 0.01524939
21327.02 0.01523812
21334.99 0.0152242
21342.96 0.01521368
21350.94 0.01520372
21358.91 0.0151921
21366.88 0.01518278
21374.86 0.01517262
21382.829999999998 0.01516138
21390.8 0.01514929
21398.78 0.01513927
21406.75 0.0151277
21414.719999999998 0.01511841
21422.7 0.01504403
21430.67 0.01503484
21438.649999999998 0.01502429
21446.62 0.01501197
21454.589999999997 0.01500124
21462.57 0.01499117
21470.440000000002 0.01498187
21478.41 0.01497238
21486.390000000003 0.01496154
21494.36 0.01494909
21502.33 0.0149375
21510.31 0.01492993
21518.280000000002 0.01492226
21526.25 0.01491339
21534.23 0.01490301
21542.2 0.01489244
21550.17 0.01488329
21558.15 0.01487289
21566.12 0.01486062
21574.100000000002 0.01485401
21582.07 0.01484626
21590.04 0.01483554
21598.02 0.01482996
21605.989999999998 0.01481982
21613.96 0.01480934
21621.94 0.01457631
21629.91 0.01457001
21637.879999999997 0.01457027
21645.86 0.01457887
21653.829999999998 0.01458325
21661.800000000003 0.01457431
21669.78 0.01455175
21677.749999999996 0.01452515
21685.72 0.01450899
21693.699999999997 0.01449403
21701.670000000002 0.01447526
21709.64 0.01446468
21717.620000000003 0.01445349
21725.59 0.0144399
21733.570000000003 0.01442787
21741.54 0.01441201
21749.510000000002 0.01439496
21757.49 0.01439075
21765.46 0.01438029
21773.43 0.01437023
21781.41 0.01435967
21789.38 0.01434861
21797.35 0.01433784
21805.33 0.01432699
21813.3 0.01431674
21821.27 0.01427469
21829.25 0.01426439
21837.22 0.01425764
21845.2 0.01424799
21853.17 0.01423755
21861.14 0.01423905
21869.12 0.01422631
21877.09 0.01421074
21885.059999999998 0.0141995
21893.04 0.01418864
21901.01 0.0141757
21908.98 0.0141622
21916.96 0.01415265
21924.929999999997 0.01414055
21932.9 0.01412855
21940.879999999997 0.01411843
21948.850000000002 0.01410836
21956.82 0.01409793
21964.800000000003 0.01408831
21972.77 0.01407553
21980.749999999996 0.01406363
21988.72 0.01405405
21996.690000000002 0.01404281
22004.670000000002 0.01403143
22012.64 0.01402224
22020.61 0.01385962
22028.59 0.01384914
22036.56 0.01384129
22044.53 0.01383997
22052.510000000002 0.01382361
22060.48 0.0138082
22068.45 0.01379874
22076.43 0.01378937
22084.399999999998 0.01377753
22092.37 0.01376585
22100.35 0.0137597
22108.32 0.01375444
22116.289999999997 0.01374476
22124.27 0.01373501
22132.239999999998 0.01372582
22140.22 0.01371475
22148.19 0.0137061
22156.16 0.01369952
22164.14 0.01369252
22172.109999999997 0.01368094
22180.08 0.013673
22188.059999999998 0.01366555
22196.030000000002 0.01365456
22204.0 0.01346392
22211.98 0.01345238
22219.95 0.01345113
22227.87 0.01344698
22235.800000000003 0.01344108
22243.77 0.01342946
22251.75 0.01341149
22259.72 0.01339748
22267.69 0.01338659
22275.670000000002 0.01337792
22283.64 0.01336803
22291.61 0.01335641
22299.59 0.01334564
22307.56 0.01334039
22315.54 0.01333001
22323.51 0.01332253
22331.48 0.0133148
22339.46 0.01330739
22347.43 0.01329699
22355.399999999998 0.01328651
22363.38 0.01327705
22371.35 0.01326864
22379.32 0.0131741
22387.3 0.01316479
22395.269999999997 0.01315398
22403.24 0.01314376
22411.219999999998 0.0131365
22419.190000000002 0.01312851
22427.16 0.01312037
22435.14 0.01311057
22443.11 0.01309988
22451.08 0.01309006
22459.06 0.01308048
22467.030000000002 0.01307564
22475.010000000002 0.01306804
22482.98 0.01305962
22490.95 0.01305093
22498.93 0.01304086
22506.9 0.01303006
22514.87 0.01302225
22522.850000000002 0.01301534
22530.82 0.01300632
22538.79 0.01299742
22546.77 0.01298704
22554.74 0.0129766
22562.71 0.01297048
22570.69 0.01296073
22578.66 0.01295115
22586.629999999997 0.01282974
22594.61 0.01281784
22602.579999999998 0.0128085
22610.55 0.01280107
22618.53 0.01279038
22626.5 0.01278023
22634.48 0.01277031
22642.449999999997 0.01276401
22650.420000000002 0.0127555
22658.399999999998 0.01274694
22666.37 0.01274252
22674.34 0.0127361
22682.32 0.01272668
22690.29 0.01271588
22698.260000000002 0.01270781
22706.24 0.01270071
22714.210000000003 0.01269326
22722.190000000002 0.01268639
22730.16 0.01267603
22738.13 0.01266458
22746.11 0.01265727
22754.08 0.01265048
22762.05 0.01264066
22770.030000000002 0.01263196
22778.0 0.01262265
22785.97 0.01261479
22793.95 0.01157719
22801.92 0.0115701
22809.89 0.0115629
22817.87 0.01155388
22825.84 0.01154413
22833.809999999998 0.01153557
22841.79 0.01153144
22849.76 0.01152698
22857.73 0.01151902
22865.71 0.01151133
22873.679999999997 0.01150307
22881.66 0.01149438
22889.629999999997 0.01148628
22897.6 0.01147776
22905.579999999998 0.01147177
22913.55 0.0114659
22921.52 0.01145375
22929.5 0.01144066
22937.47 0.01142883
22945.440000000002 0.01142085
22953.420000000002 0.01141202
22961.390000000003 0.01140615
22969.37 0.01139886
22977.34 0.01139184
22985.31 0.0113876
22993.239999999998 0.01138045
23001.16 0.01137389
23009.13 0.01144111
23017.11 0.01143661
23025.08 0.01142791
23033.05 0.01141965
23041.03 0.01141322
23049.0 0.01140549
23056.969999999998 0.01139607
23064.95 0.01138863
23072.92 0.01138508
23080.89 0.01137754
23088.87 0.01136856
23096.84 0.01135807
23104.809999999998 0.01135212
23112.789999999997 0.01134558
23120.76 0.01133808
23128.739999999998 0.01133006
23136.71 0.01132333
23144.68 0.01131359
23152.66 0.01130729
23160.63 0.01130355
23168.600000000002 0.01129859
23176.58 0.01129221
23184.550000000003 0.01128508
23192.52 0.01127939
23200.5 0.01128527
23208.47 0.0112994
23216.45 0.01130642
23224.420000000002 0.01013763
23232.39 0.01010704
23240.370000000003 0.01007934
23248.34 0.01006329
23256.31 0.01005386
23264.29 0.01004801
23272.26 0.01004595
23280.23 0.01003907
23288.21 0.01003243
23296.18 0.01002594
23304.149999999998 0.01002064
23312.13 0.01001436
23320.1 0.0100075
23328.07 0.01000174
23336.05 0.009998939
23344.02 0.009992556
23351.989999999998 0.009974036
23359.969999999998 0.009968963
23367.94 0.009969735
23375.92 0.009964006
23383.89 0.009957916
23391.86 0.009949296
23399.84 0.009940397
23407.809999999998 0.009536076
23415.780000000002 0.009534525
23423.76 0.009527879
23431.730000000003 0.00952257
23439.7 0.009515471
23447.68 0.009505959
23455.65 0.009500567
23463.63 0.009497169
23471.600000000002 0.009495917
23479.57 0.009491073
23487.54 0.009488455
23495.52 0.009474449
23503.49 0.009465171
23511.46 0.009454322
23519.44 0.009446655
23527.41 0.009440165
23535.39 0.009434354
23543.36 0.009430724
23551.329999999998 0.009424446
23559.31 0.009414647
23567.28 0.009410025
23575.25 0.00940787
23583.23 0.009396534
23591.199999999997 0.009394477
23599.17 0.009679027
23607.149999999998 0.009671437
23615.12 0.009667021
23623.1 0.009665927
23631.07 0.009656989
23639.039999999997 0.009647572
23647.019999999997 0.009643847
23654.989999999998 0.009637836
23662.960000000003 0.009623164
23670.94 0.009622408
23678.910000000003 0.009625772
23686.88 0.009619821
23694.86 0.009609728
23702.83 0.009603426
23710.8 0.009597307
23718.780000000002 0.009592138
23726.75 0.009583452
23734.72 0.009577785
23742.7 0.009567996
23750.670000000002 0.009562516
23758.54 0.009556272
23766.52 0.009550467
23774.489999999998 0.009546089
23782.47 0.009544131
23790.44 0.00953801
23798.41 0.009528477
23806.39 0.009519516
23814.36 0.008942171
23822.329999999998 0.008936997
23830.309999999998 0.00893091
23838.28 0.008922861
23846.250000000004 0.008914423
23854.23 0.008911321
23862.199999999997 0.00891091
23870.18 0.008906574
23878.149999999998 0.008896057
23886.120000000003 0.008888848
23894.1 0.008888147
23902.070000000003 0.008885018
23910.04 0.008878999
23918.02 0.008874673
24219.620000000003 0.00858987
24418.95 0.008060106
24618.289999999997 0.007976527
24817.63 0.006828388
25016.97 0.0067588
25216.31 0.006787861
25467.870000000003 0.006741044
25561.26 0.006678655
25654.85 0.006808782
25748.34 0.006766899
25842.03 0.006682402
25935.62 0.006644229
26029.41 0.006702389
26123.1 0.006654255
26216.99 0.006523696
26310.78 0.006477686
26404.760000000002 0.006438581
26498.750000000004 0.006383746
26592.739999999998 0.006336689
26686.83 0.006290479
26780.910000000003 0.006247607
26875.0 0.006189515
26969.19 0.006143571
27063.47 0.006084463
27157.76 0.006041771
27252.149999999998 0.005950646
27346.44 0.005911432
27440.920000000002 0.005903349
27535.31 0.005869497
27629.899999999998 0.005773258
27724.38 0.0057373
27818.969999999998 0.005705883
27913.66 0.005671418
28008.24 0.005630016
28102.93 0.005559708
28197.71 0.00552412
28292.5 0.005489967
28387.280000000002 0.005463983
28482.17 0.00538615
28577.050000000003 0.005352395
28671.94 0.005285287
28766.92 0.005254379
28861.910000000003 0.005205326
28956.99 0.005173574
29051.98 0.005101704
29147.16 0.005065842
29242.24 0.004992528
29337.430000000004 0.004958574
29432.61 0.004908137
29527.899999999998 0.004890903
29623.08 0.004838468
29718.37 0.004812959
29813.75 0.004756253
29909.03 0.004735128
30004.420000000002 0.004709373
30099.9 0.004666379
30195.280000000002 0.004631007
30290.76 0.004574899
30386.25 0.004544173
30481.829999999998 0.00449604
30577.31 0.004460593
30672.899999999998 0.004435247
30768.58 0.004407168
30864.16 0.004359228
30959.850000000002 0.004337076
31055.53 0.00430481
31151.21 0.004280241
31246.99 0.004252356
31342.77 0.004225661
31438.56 0.004184245
31534.34 0.004164489
31630.120000000003 0.004110626
31726.0 0.004085855
31821.88 0.004066475
31917.76 0.004045364
32013.739999999998 0.004013922
32109.63 0.003984921
32205.61 0.003941445
32301.59 0.003925257
32397.57 0.003906246
32493.65 0.003888608
32589.73 0.003865949
32685.710000000003 0.003863291
32781.799999999996 0.00384214
32877.98 0.003851407
32974.06 0.003827345
33070.240000000005 0.003804412
33166.42 0.003787763
33262.6 0.003679
33358.78 0.00365525
33454.96 0.003584045
33551.25 0.003566084
33647.43 0.00351955
33743.7 0.003502834
33839.98 0.003448159
33936.36 0.003425819
34032.65 0.003383676
34128.93 0.003366888
34225.310000000005 0.00332404
34321.68 0.003305193
34418.07 0.003276838
34514.450000000004 0.003261367
34610.82 0.00324958
34707.3 0.003216704
34803.69 0.003195589
34900.17 0.003157714
34996.65 0.003112571
35093.130000000005 0.003098494
35189.61 0.003060951
35286.09 0.00303861
35382.57 0.003035691
35479.14 0.002984574
35575.73 0.002968115
35672.21 0.002942601
35768.79 0.002927956
35865.36 0.002887555
35961.94 0.002882548
36058.520000000004 0.002859599
36155.2 0.00284865
36251.78 0.002809559
36348.46 0.002811716
36445.04 0.002772907
36541.72 0.002756427
36638.4 0.002729987
36735.08 0.002709822
36831.75 0.00266661
36928.43 0.002659091
37025.11 0.002636399
37121.79 0.002621893
37218.57 0.002607315
37315.25 0.002580259
37412.03 0.002532825
37508.810000000005 0.002519254
37605.49 0.002510298
37702.270000000004 0.00249571
37799.049999999996 0.002485049
37895.82 0.002457352
37992.6 0.002444786
38089.38 0.002420305
38186.16 0.002391558
38283.04 0.002372666
38379.82 0.002361894
38476.6 0.002349525
38573.48 0.002335939
38670.25 0.002293003
38767.13 0.002282262
38864.01 0.002256791
38960.89 0.002251023
39057.67 0.002230316
39154.55 0.002225179
39251.42 0.002203228
39348.299999999996 0.002192446
39445.18 0.002158687
39542.06 0.002149764
39638.939999999995 0.002122391
39735.92 0.002112847
39832.8 0.002082091
39929.67 0.002077691
40026.549999999996 0.002066025
40123.53 0.002066903
40220.409999999996 0.002058358
40317.39 0.002056289
40414.27 0.002031982
40511.24 0.002013895
40608.12 0.001995647
40705.1 0.001966686
40801.98 0.001954328
40898.96000000001 0.001929179
40995.92999999999 0.001916173
41092.909999999996 0.001895797
41189.79 0.001883968
41286.77 0.001868444
41383.75 0.001853925
41480.72 0.001846078
41577.700000000004 0.001819576
41674.68000000001 0.001815647
41771.659999999996 0.001791558
41868.64 0.001785914
41965.62 0.001765809
42062.590000000004 0.001761291
42159.57000000001 0.001747599
42256.549999999996 0.001740281
42353.53 0.001739344
42450.5 0.00172164
42547.48 0.001715861
42644.469999999994 0.001707588
42741.439999999995 0.001702687
42838.42 0.001656842
42935.5 0.001649277
43032.48 0.001639185
43129.45 0.001592712
43226.43 0.001580332
43323.41 0.001584147
43420.39 0.00158067
43517.46000000001 0.001538625
43614.439999999995 0.001529603
43711.42 0.001508098
43808.4 0.001503872
43905.380000000005 0.001486536
44002.46 0.00147843
44099.43 0.001450009
44196.41 0.001444947
44293.39 0.001428497
44390.37 0.001428633
44487.35 0.00141692
44584.32 0.001421758
44681.41 0.001397917
44778.380000000005 0.001386668
44875.36 0.00138085
44972.34 0.001378145
45069.32 0.001373672
45166.29 0.001350751
45263.270000000004 0.001341354
45360.25000000001 0.001335542
45457.229999999996 0.001322749
45554.2 0.00131284
45651.18 0.001303562
45748.16 0.001299131
45845.14000000001 0.001278314
45942.119999999995 0.001270163
46039.1 0.001268735
46135.979999999996 0.001265253
46232.95 0.001256227
46329.93 0.00125341
46426.91 0.001251007
46523.79 0.00124213
46620.77 0.001244531
46717.75 0.0012424
46814.619999999995 0.001223787
46911.6 0.001214573
47008.479999999996 0.001210306
47105.36 0.001204732
47202.34 0.001205268
47299.21 0.001200555
47396.19 0.001192247
47493.07 0.001174844
47589.95 0.001177756
47686.83 0.001180349
47783.71 0.001171297
47880.59 0.001168845
47977.46 0.001164888
48074.34 0.00114306
48171.22 0.001134345
48268.1 0.001138207
48364.880000000005 0.001140468
48461.75 0.001126866
48558.630000000005 0.001110947
48655.41 0.001101365
48752.29 0.001096303
49834.6 0.001047228
50831.28999999999 0.001000258
51827.98 0.0009564455
52824.68 0.000919739
53821.37 0.0008839176
55014.11 0.0008564418
55315.51 0.0008404669
55616.909999999996 0.000820033
55918.31 0.0008310288
56219.700000000004 0.000823898
56521.2 0.0008021914
56822.60999999999 0.000794009
57124.0 0.0007894539
57425.41 0.0007805547
57726.810000000005 0.0007741005
58028.3 0.0007711967
58329.700000000004 0.0007659174
58631.1 0.0007634841
58932.5 0.000761506
59233.9 0.0007604112
59535.4 0.0007574801
59836.799999999996 0.0007596485
60138.2 0.0007613276
60439.61 0.0007723505
60740.99999999999 0.0007860795
61042.50000000001 0.0008056171
61343.9 0.0008346971
61645.3 0.0008634214
61946.700000000004 0.0009087008
62248.1 0.000957076
62549.6 0.0009934488
62851.0 0.001005057
63152.4 0.0009688782
63453.799999999996 0.0009284901
63755.2 0.0008833796
64056.7 0.0008405815
64358.09 0.0008077466
64659.5 0.0007788784
64960.88999999999 0.0007512941
65262.3 0.0007307231
65563.79 0.0007174541
65865.19 0.0007079248
66166.59 0.0006998581
66467.98999999999 0.0006934976
66769.39 0.0006861472
67070.89 0.0006787813
67372.29000000001 0.0006723638
67673.7 0.0006663837
67975.09 0.0006617587
68276.49 0.0006571242
68577.99 0.000655456
68879.39 0.0006541782
69180.79 0.0006511269
69482.2 0.0006511108
69783.59 0.0006859001
70085.09 0.000656784
70386.49 0.0006370243
70687.89 0.0006385909
70989.28 0.0006354423
71290.68000000001 0.0006370783
71592.18000000001 0.0006414876
71893.59 0.0006460704
72194.98 0.0006512991
72496.38 0.0006617444
72797.78 0.0006671637
73099.28 0.0006859251
73400.68 0.000705485
73702.09 0.0007267031
74003.48 0.00073793
74304.88 0.0007693397
74606.38 0.0007949815
74907.78 0.0008365342
75510.58 0.0008867247
76113.38 0.0009590926
76716.27 0.0009664471
77319.06999999999 0.00091254
77921.88 0.0008710476
78524.77 0.0008391602
79127.58 0.0007922162
79730.48000000001 0.0007546689
80333.27 0.0007093702
80936.08 0.0005856398
81538.97 0.0006038635
82141.76999999999 0.0005683363
82744.56999999999 0.000518008
83347.46 0.0005227156
83950.27 0.0004718038
84553.06 0.0004127198
85155.97 0.0004759837
85758.77 0.0004721439
86361.67 0.0004605242
86964.46999999999 0.0004539763
87567.27 0.0004535992
88170.16 0.0004179746
88772.95999999999 0.0004240849
89375.76999999999 0.0004027329
89978.66 0.0004299528
90581.46 0.0004065061
91184.26 0.0004063584
91787.16 0.000392302
92389.96 0.0003984407
92992.86 0.0004082894
93595.65999999999 0.0004289089
94198.45000000001 0.0004091674
94801.34 0.0004160485
95404.15 0.0004214366
96006.95 0.000462141
96609.85 0.0006205307
97212.65000000001 0.0005307812
97815.45 0.0004332524
98418.34999999999 0.0004065368
99021.15999999999 0.000394155
99624.05 0.0004116007
100226.84 0.0003942164
100829.65 0.0003858231
101432.55 0.0003870327
102035.34 0.0003924054
102638.15 0.000398719
103241.04000000001 0.0003973635
103843.84000000001 0.0004080592
104446.64 0.0004236462
105049.54 0.0004597715
105652.34 0.0004146226
106255.24 0.0004053113
106858.03 0.0004014995
107460.84 0.0004010048
108063.74 0.0003965526
108666.54000000001 0.0003903978
109269.34 0.000373528
109872.23 0.0003709993
110475.04 0.0003689817
111077.84000000001 0.0003897406
111680.73 0.0004233457
112283.53 0.0004994829
112886.43000000001 0.0005316123
113489.23 0.0005124763
114092.03 0.0004511592
114694.93 0.000427392
115297.73000000001 0.0003930923
115900.53 0.0003824653
116503.42 0.0003566789
117106.23 0.0003467118
117709.01999999999 0.0003683923
118311.91 0.0003679257
118914.72 0.0003882905
119517.62999999999 0.0003712102
120120.42 0.0003785126
120723.22 0.0003881317
121326.12999999999 0.0003676971
121928.92 0.0003762811
122531.73 0.0004189232
123134.61 0.0004119969
123737.41 0.0003582543
124340.22 0.0003376073
124943.11 0.0003657343
125545.91 0.0003586269
126148.81 0.0003563702
126751.60999999999 0.0003554841
127354.41 0.0004045121
127957.31 0.0004936508
128560.11 0.0004073911
129162.90999999999 0.0003286744
129765.81 0.0003044963
130368.6 0.0003047276
130971.4 0.0003039765
131574.31 0.0003023686
132177.09 0.0003007346
132779.88999999998 0.0002980656
133382.8 0.0002936488
133985.59 0.0002974176
134588.5 0.0002937605
135191.30000000002 0.0002932098
135794.09 0.0002936921
136397.0 0.0003004962
136999.8 0.0002814573
137602.59 0.000282338
138205.5 0.0002758131
138808.3 0.000275324
139411.09 0.0002822377
140228.08 0.0003203765
141072.08 0.0003070702
141916.09 0.0003041015
142759.97999999998 0.0003216684
143603.97 0.0003140205
144447.97 0.0003007788
145291.88 0.0002863979
146135.88 0.000285109
146979.87 0.000277971
147823.88 0.0002775206
148667.78 0.000283887
149511.77 0.0002821913
150355.77 0.0002785297
151199.67 0.0002792655
152043.66 0.0002832832
152887.66 0.0002808814
153731.56 0.0002806731
154575.56 0.000319818
155419.56 0.0003776193
156263.47 0.0003319989
157107.47 0.0002924368
157951.47 0.0002892278
158795.34 0.0002884825
159639.36000000002 0.0003022274
160483.36 0.0002906897
161327.34 0.0002882289
162171.25 0.0002926453
163015.27 0.0003081431
163859.25 0.0003287618
164703.16 0.000336916
165547.14 0.0003230779
166391.13999999998 0.0003108962
167235.07 0.0003196586
168079.03 0.0003266919
168923.05000000002 0.0003563798
169766.93999999997 0.0003556626
170610.94 0.0004258804
171454.94 0.0003854183
172298.83000000002 0.000335025
173142.83 0.0003209518
173986.84 0.0003140264
174830.84000000003 0.0003076362
175674.71999999997 0.0002944969
176518.75 0.0002871642
177362.73 0.0002872225
178206.63 0.0002785828
179050.63999999998 0.0002816855
179894.64 0.0002735585
180738.53 0.0002627325
181582.52999999997 0.0002622461
182426.53 0.0002517174
183270.41999999998 0.0002578342
184114.42 0.000253504
184958.41999999998 0.0002536889
185802.31000000003 0.0002568044
186646.31 0.0002916532
187490.33000000002 0.0003031771
188334.33 0.0002580624
189178.22 0.0002510697
190022.22 0.0002499115
190866.2 0.0002422625
191710.12999999998 0.0002307381
192554.11 0.0002288752
193398.11000000002 0.0002313624
194242.02000000002 0.0002298468
195086.02 0.0002394567
195930.0 0.0002257498
196773.91 0.0002223014
197617.90999999997 0.0002183209
198461.91 0.000218641
199305.8 0.0002185967
200149.80000000002 0.0002124328
200993.8 0.0002081554
201837.81 0.0002107059
202681.69 0.000210586
203525.7 0.00020746
204369.72 0.0002049107
205213.58 0.000201493
206901.59000000003 0.0002000565
208589.5 0.0001984817
210277.39 0.0001937653
211965.39 0.0001961901
213653.28000000003 0.0001886042
215341.28 0.0001873004
217029.19 0.000186287
218717.08000000002 0.0001900196
220405.08 0.0001855731
222092.97 0.0001767854
223780.86 0.000178398
225468.86000000002 0.0001802921
227156.77 0.0001732814
228844.78000000003 0.0001727164
230532.67 0.0001710271
232220.55000000002 0.0001670391
233908.56 0.0001656886
235596.46999999997 0.0001660418
237284.36 0.0001629827
238972.31999999998 0.0001597873
240660.25 0.0001578794
242348.22999999998 0.0001603458
244036.14 0.0001558194
245724.03 0.0001494508
247412.05000000002 0.0001480867
249099.94 0.0001428431
250787.85 0.0001391698
252475.83 0.0001412491
254163.74000000002 0.0001402873
255851.73 0.0001388112
257539.62000000002 0.0001609664
259227.52 0.0001787286
260915.53 0.0001467819
262603.42000000004 0.0001333716
264291.31 0.0001286842
265979.31 0.0001290235
267667.22000000003 0.0001299227
269355.18 0.0001309389
271043.09 0.0001272151
272731.04 0.0001250236
274419.01999999996 0.0001252093
276106.87 0.0001245586
277794.78 0.0001250295
279482.8 0.0001220936
281170.69 0.0001254041
282858.7 0.0001269939
284546.58999999997 0.0001223588
286234.49 0.0001177144
287922.48 0.0001171157
289610.37 0.0001169701
291298.26999999996 0.0001137325
292986.28 0.0001134805
294674.17 0.0001118629
296362.15 0.0001114469
298050.1 0.0001125749
299737.97000000003 0.000111873
301425.97 0.0001110068
303113.88 0.0001100686
304801.79 0.0001109874
306489.75 0.0001099949
308177.66 0.0001097909
309865.67 0.0001090744
311553.55 0.0001079792
313241.44 0.0001048423
314929.45 0.000106442
316617.37 0.0001059871
318305.24 0.0001052353
319993.25 0.0001082673
321681.14 0.0001060868
323369.18 0.0001058036
325057.02999999997 0.0001061845
326744.95999999996 0.0001070174
328432.92 0.0001068059
330120.85 0.00010633
331808.74000000005 0.0001061845
333496.74 0.0001171792
335184.67 0.0001234011
336872.60000000003 0.0001118942
338560.49 0.0001047621
338914.44999999995 0.0001068708
342303.58 0.0001057346
345726.59 0.0001181236
